0, 0.9806121428571428, 0.019387857142857137
0, 0.9238, 0.0762
0, 0.8253, 0.1747
0, 0.9523, 0.0477
0, 0.9852446428571427, 0.01475535714285714
0, 0.6934, 0.3066
0, 0.9907100000000001, 0.009290000000000001
0, 0.931903333333333, 0.06809666666666664
0, 0.9973, 0.0027
0, 0.8564373809523811, 0.14356261904761913
0, 0.9836916666666667, 0.01630833333333333
0, 0.9606, 0.0394
0, 0.9602, 0.0398
0, 0.9608, 0.0392
0, 0.9639, 0.0361
0, 0.9676, 0.0324
0, 0.9608, 0.0392
0, 0.9639, 0.0361
0, 0.9631, 0.0369
0, 0.9631, 0.0369
0, 0.9608, 0.0392
0, 0.96, 0.04
0, 0.9603, 0.0397
0, 0.9632, 0.0368
0, 0.9601, 0.0399
0, 0.9601, 0.0399
0, 0.9594, 0.0406
0, 0.9617, 0.0383
0, 0.9613, 0.0387
0, 0.9617, 0.0383
0, 0.9601, 0.0399
0, 0.9689, 0.0311
0, 1.0, 0.0
0, 0.7115, 0.2885
0, 1.0, 0.0
0, 0.9636, 0.0364
0, 0.978, 0.022
0, 0.9622, 0.0378
0, 1.0, 0.0
0, 1.0, 0.0
0, 1.0, 0.0
0, 0.9612, 0.0388
0, 0.9621, 0.0379
0, 1.0, 0.0
0, 0.9642, 0.0358
0, 0.9999, 0.0001
0, 0.9643, 0.0357
0, 1.0, 0.0
0, 1.0, 0.0
0, 1.0, 0.0
0, 0.9952876984126988, 0.004712301587301587
0, 0.9645, 0.0355
0, 1.0, 0.0
0, 1.0, 0.0
0, 1.0, 0.0
0, 1.0, 0.0
0, 1.0, 0.0
0, 1.0, 0.0
0, 0.9632, 0.0368
0, 1.0, 0.0
0, 0.7185, 0.2815
0, 0.711, 0.289
0, 1.0, 0.0
0, 0.7104, 0.2896
0, 1.0, 0.0
0, 1.0, 0.0
0, 1.0, 0.0
0, 1.0, 0.0
0, 0.9587666666666668, 0.04123333333333333
0, 1.0, 0.0
0, 0.9607, 0.0393
0, 0.711075, 0.288925
0, 1.0, 0.0
0, 1.0, 0.0
0, 0.9993, 0.0007
0, 1.0, 0.0
0, 1.0, 0.0
0, 0.9997433333333334, 0.0002566666666666667
0, 0.9601, 0.0399
0, 0.9999600000000001, 4e-05
0, 0.9388, 0.0612
0, 0.6908666666666667, 0.3091333333333333
0, 0.9996, 0.0004
0, 0.9643, 0.0357
0, 0.9991166666666667, 0.0008833333333333334
0, 0.68715, 0.31285
0, 1.0, 0.0
0, 1.0, 0.0
0, 0.9645, 0.0355
0, 1.0, 0.0
0, 1.0, 0.0
0, 0.9632, 0.0368
0, 0.7109, 0.2891
0, 0.9602, 0.0398
0, 0.962, 0.038
0, 1.0, 0.0
1, 0.0898, 0.9102
1, 0.1003, 0.8997
0, 0.9965, 0.0035
0, 0.7656738095238095, 0.23432619047619047
1, 0.0208, 0.9792
0, 0.9970233333333332, 0.0029766666666666665
1, 0.0351, 0.9649
1, 0.0903, 0.9097
0, 0.99975, 0.00025
0, 0.9998, 0.0002
0, 0.9763400000000001, 0.023660000000000004
0, 0.99108, 0.00892
0, 0.9978, 0.0022
1, 0.0757, 0.9243
0, 0.9875416666666664, 0.012458333333333335
0, 0.99046, 0.00954
0, 0.6853, 0.3147
0, 0.9998, 0.0002
0, 0.9982166666666668, 0.0017833333333333332
0, 1.0, 0.0
0, 0.9966266666666667, 0.003373333333333333
0, 0.7732, 0.2268
1, 0.3106, 0.6894
0, 1.0, 0.0
0, 0.9886, 0.0114
0, 0.566744166666667, 0.43325583333333306
0, 0.5571, 0.4429
0, 0.9988633333333333, 0.0011366666666666665
1, 0.0223, 0.9777
0, 0.9999, 0.0001
0, 0.99925, 0.00075
0, 0.99855, 0.00145
0, 0.99905, 0.00095
0, 0.9908244444444446, 0.009175555555555555
0, 0.6583, 0.3417
0, 0.5278333333333334, 0.4721666666666666
1, 0.0255, 0.9745
0, 0.99925, 0.00075
0, 0.9972719047619049, 0.002728095238095239
0, 0.7669116666666667, 0.23308833333333331
0, 0.99925, 0.00075
0, 0.9897108333333333, 0.010289166666666669
0, 0.999325, 0.000675
0, 0.99735, 0.00265
0, 0.7498666666666667, 0.2501333333333334
0, 0.5543600000000001, 0.44564
0, 0.5659485714285707, 0.43405142857142853
0, 0.7096383333333334, 0.2903616666666667
0, 0.999365, 0.0006349999999999999
0, 0.9997666666666666, 0.0002333333333333333
0, 0.9995833333333334, 0.0004166666666666666
0, 0.8008666666666666, 0.19913333333333336
1, 0.0029, 0.9971
0, 0.9940416666666664, 0.005958333333333334
0, 1.0, 0.0
0, 0.6681666666666666, 0.3318333333333333
0, 0.9997, 0.0003
0, 0.9908, 0.0092
0, 1.0, 0.0
0, 0.9993, 0.0007
0, 0.9995, 0.0005
0, 0.9998, 0.0002
0, 1.0, 0.0
0, 0.99895, 0.00105
0, 0.9999, 0.0001
0, 1.0, 0.0
0, 1.0, 0.0
0, 1.0, 0.0
0, 1.0, 0.0
0, 0.9995, 0.0005
0, 0.9848, 0.0152
0, 0.6115, 0.3885
0, 1.0, 0.0
0, 0.98931, 0.01069
0, 0.9985833333333334, 0.0014166666666666666
0, 0.9998, 0.0002
0, 0.9987666666666666, 0.0012333333333333335
0, 0.9966, 0.0034
0, 0.99675, 0.00325
0, 0.9990166666666666, 0.0009833333333333332
0, 0.9981, 0.0019
0, 0.9996, 0.0004
0, 0.994, 0.006
0, 0.9998, 0.0002
0, 0.9989, 0.0011
0, 0.9889, 0.0111
1, 0.0156, 0.9844
1, 0.016, 0.984
1, 0.0977, 0.9023
0, 0.99903, 0.0009699999999999999
0, 0.9996, 0.0004
0, 0.9932, 0.0068
0, 1.0, 0.0
0, 0.9999, 0.0001
0, 0.9708, 0.0292
0, 0.99754, 0.00246
0, 1.0, 0.0
0, 0.9996166666666666, 0.00038333333333333334
0, 0.9830740476190475, 0.016925952380952385
0, 0.992337142857143, 0.007662857142857143
0, 1.0, 0.0
0, 1.0, 0.0
0, 0.999, 0.001
0, 1.0, 0.0
0, 1.0, 0.0
0, 1.0, 0.0
0, 1.0, 0.0
0, 1.0, 0.0
0, 1.0, 0.0
0, 1.0, 0.0
0, 1.0, 0.0
0, 1.0, 0.0
0, 1.0, 0.0
0, 1.0, 0.0
0, 1.0, 0.0
0, 1.0, 0.0
0, 0.9996, 0.0004
0, 1.0, 0.0
0, 0.9991, 0.0009
0, 0.9947466666666667, 0.005253333333333333
0, 1.0, 0.0
0, 0.9953299999999999, 0.0046700000000000005
0, 1.0, 0.0
0, 1.0, 0.0
0, 0.9999, 0.0001
0, 0.9999, 0.0001
0, 1.0, 0.0
0, 1.0, 0.0
0, 0.99934, 0.00066
0, 1.0, 0.0
0, 1.0, 0.0
0, 1.0, 0.0
0, 1.0, 0.0
0, 1.0, 0.0
0, 1.0, 0.0
0, 1.0, 0.0
0, 1.0, 0.0
0, 1.0, 0.0
0, 1.0, 0.0
0, 1.0, 0.0
0, 1.0, 0.0
0, 1.0, 0.0
0, 1.0, 0.0
0, 1.0, 0.0
0, 1.0, 0.0
0, 0.9022, 0.0978
0, 0.9873, 0.0127
0, 0.9915, 0.0085
0, 0.9659333333333334, 0.03406666666666667
1, 0.0005, 0.9995
0, 0.9785, 0.0215
0, 0.8550488888888889, 0.14495111111111111
0, 0.9905, 0.0095
0, 1.0, 0.0
0, 1.0, 0.0
0, 0.9965066666666668, 0.0034933333333333335
0, 1.0, 0.0
0, 1.0, 0.0
0, 1.0, 0.0
0, 0.9996, 0.0004
0, 0.9920816666666668, 0.007918333333333335
0, 0.9996666666666668, 0.0003333333333333333
0, 0.9999, 0.0001
0, 0.9997, 0.0003
0, 0.9995333333333334, 0.0004666666666666666
0, 0.9993, 0.0007
0, 0.9977, 0.0023
0, 0.9905, 0.0095
0, 1.0, 0.0
0, 0.9989, 0.0011
0, 0.9996166666666668, 0.0003833333333333333
0, 0.9992, 0.0008
0, 1.0, 0.0
0, 0.9852, 0.0148
0, 1.0, 0.0
0, 1.0, 0.0
0, 0.728, 0.272
0, 1.0, 0.0
0, 0.9998, 0.0002
0, 1.0, 0.0
0, 1.0, 0.0
1, 0.062, 0.938
1, 0.0388, 0.9612
1, 0.0276, 0.9724
1, 0.0334, 0.9666
0, 1.0, 0.0
0, 1.0, 0.0
0, 1.0, 0.0
0, 0.9991666666666666, 0.0008333333333333332
0, 0.9973166666666667, 0.0026833333333333336
0, 0.9998, 0.0002
0, 0.9986, 0.0014
0, 0.9995, 0.0005
0, 0.9974, 0.0026
0, 0.9992, 0.0008
0, 1.0, 0.0
0, 1.0, 0.0
0, 1.0, 0.0
0, 1.0, 0.0
0, 1.0, 0.0
0, 1.0, 0.0
0, 0.9999, 0.0001
0, 1.0, 0.0
0, 1.0, 0.0
0, 1.0, 0.0
0, 1.0, 0.0
0, 1.0, 0.0
0, 1.0, 0.0
0, 1.0, 0.0
0, 1.0, 0.0
0, 0.9978566666666667, 0.002143333333333333
0, 0.7022, 0.2978
0, 0.9691666666666668, 0.03083333333333333
0, 0.9675666666666668, 0.032433333333333335
0, 0.6888, 0.3112
0, 0.9920833333333332, 0.007916666666666666
0, 0.9766, 0.0234
0, 0.9863, 0.0137
0, 0.7163, 0.2837
0, 0.7676, 0.2324
0, 0.7702, 0.2298
0, 0.7506900000000002, 0.24930999999999995
0, 0.7677, 0.2323
0, 0.8264, 0.1736
0, 0.7318, 0.2682
1, 0.0676, 0.9324
0, 0.7782, 0.2218
0, 0.7384, 0.2616
0, 0.7729, 0.2271
0, 0.9468, 0.0532
0, 0.9468, 0.0532
0, 0.9651, 0.0349
0, 0.965, 0.035
0, 0.992, 0.008
0, 0.9953, 0.0047
0, 0.831275, 0.168725
0, 0.7549, 0.2451
0, 0.7645, 0.2355
0, 0.588, 0.412
0, 0.7422, 0.2578
0, 0.7743, 0.2257
1, 0.0238, 0.9762
0, 0.7849, 0.2151
0, 0.7848, 0.2152
0, 0.7848, 0.2152
0, 0.7773, 0.2227
0, 0.7778866666666667, 0.22211333333333333
0, 0.7848, 0.2152
0, 0.6456, 0.3544
0, 0.7766, 0.2234
0, 0.7939, 0.2061
1, 0.056, 0.944
0, 0.796, 0.204
1, 0.0254, 0.9746
0, 0.7435, 0.2565
0, 0.5915583333333334, 0.40844166666666665
0, 0.6855, 0.3145
0, 0.715, 0.285
1, 0.0871, 0.9129
1, 0.108, 0.892
1, 0.1124, 0.8876
1, 0.1125, 0.8875
1, 0.1238, 0.8762
1, 0.1048, 0.8952
1, 0.0503, 0.9497
1, 0.1064, 0.8936
1, 0.0298, 0.9702
1, 0.0377, 0.9623
1, 0.0362, 0.9638
1, 0.0279, 0.9721
1, 0.0368, 0.9632
1, 0.0327, 0.9673
1, 0.0481, 0.9519
0, 0.9194, 0.0806
1, 0.502, 0.498
0, 0.7779566666666666, 0.22204333333333334
0, 0.9507, 0.0493
0, 0.9181, 0.08190000000000001
0, 0.9907, 0.0093
0, 0.9624, 0.0376
0, 0.5583, 0.4417
0, 0.7427, 0.2573
1, 0.0265, 0.9735
0, 0.9842954761904761, 0.015704523809523807
0, 0.9415666666666666, 0.05843333333333334
0, 0.9227, 0.0773
0, 0.9835, 0.0165
0, 0.9959, 0.0041
0, 0.994, 0.006
0, 0.984, 0.016
0, 0.9819, 0.0181
0, 0.9959, 0.0041
0, 0.9959, 0.0041
0, 0.9821, 0.0179
0, 0.9852, 0.0148
0, 0.9958, 0.0042
0, 0.9809, 0.0191
0, 0.9949, 0.0051
0, 0.9961, 0.0039
0, 0.9974, 0.0026
0, 0.984, 0.016
0, 0.984, 0.016
0, 0.9828, 0.0172
0, 0.9975, 0.0025
0, 0.9882, 0.0118
0, 0.9881, 0.0119
0, 0.9846, 0.0154
0, 0.9978, 0.0022
0, 0.9875483333333334, 0.012451666666666665
0, 0.9978, 0.0022
0, 0.9836, 0.0164
0, 0.9976, 0.0024
0, 0.9871, 0.0129
0, 0.9957, 0.0043
0, 0.9873000000000002, 0.012700000000000001
0, 0.9882, 0.0118
0, 0.9959, 0.0041
0, 0.9945, 0.0055
0, 0.996, 0.004
0, 0.9821, 0.0179
0, 0.9815, 0.0185
0, 0.9947, 0.0053
0, 0.9829, 0.0171
0, 0.9881, 0.0119
0, 0.9978, 0.0022
0, 0.9887483333333333, 0.011251666666666665
0, 0.9831, 0.0169
0, 0.9888, 0.0112
0, 0.9959, 0.0041
0, 0.9947, 0.0053
0, 0.9891, 0.0109
0, 0.9844, 0.0156
0, 0.9849800000000001, 0.015020000000000004
0, 0.9846, 0.0154
0, 0.9977, 0.0023
0, 0.9882, 0.0118
0, 0.9949, 0.0051
0, 0.9888, 0.0112
0, 0.9816, 0.0184
0, 0.9962, 0.0038
0, 0.9889, 0.0111
0, 0.9948, 0.0052
0, 0.9995, 0.0005
0, 0.9956, 0.0044
0, 0.9976, 0.0024
0, 0.997165, 0.0028350000000000003
0, 0.9959, 0.0041
0, 0.9875, 0.0125
0, 0.9957, 0.0043
0, 0.9882, 0.0118
0, 0.9839, 0.0161
0, 0.984, 0.016
0, 0.9867, 0.0133
0, 0.9956, 0.0044
0, 0.9882, 0.0118
0, 0.9981, 0.0019
0, 0.9957, 0.0043
0, 0.9855, 0.0145
0, 0.9851, 0.0149
0, 0.9981, 0.0019
0, 0.9982, 0.0018
0, 0.9981, 0.0019
0, 0.9981, 0.0019
0, 0.9976, 0.0024
0, 0.9983, 0.0017
0, 0.9877, 0.0123
0, 0.9957, 0.0043
0, 0.994275, 0.005725
0, 0.9979, 0.0021
0, 0.9977416666666667, 0.0022583333333333335
0, 0.9981, 0.0019
0, 0.985, 0.015
0, 0.995, 0.005
0, 0.9955, 0.0045
0, 0.9968633333333335, 0.0031366666666666665
0, 0.9861, 0.0139
0, 0.99905, 0.00095
0, 0.99675, 0.00325
0, 0.9865, 0.0135
0, 0.999, 0.001
0, 0.968, 0.032
0, 0.9668, 0.0332
0, 0.993, 0.007
0, 0.9436595634920637, 0.056340436507936485
0, 0.9502762301587305, 0.049723769841269805
0, 0.9541183333333334, 0.04588166666666666
0, 0.9540449999999999, 0.045955
0, 0.9889, 0.0111
0, 0.9985, 0.0015
0, 0.9519471428571432, 0.048052857142857126
0, 0.985744761904762, 0.014255238095238095
0, 0.9826016666666666, 0.017398333333333335
0, 0.9997, 0.0003
0, 0.9460283333333332, 0.05397166666666667
0, 0.99905, 0.00095
1, 0.4765, 0.5235
0, 0.9955, 0.0045
0, 0.9996, 0.0004
1, 0.4213, 0.5787
0, 0.8870333333333333, 0.11296666666666667
0, 0.9698544444444446, 0.03014555555555555
1, 0.0225, 0.9775
0, 0.9999, 0.0001
0, 0.9993, 0.0007
1, 0.5105683333333333, 0.48943166666666665
0, 0.9991, 0.0009
0, 0.9949, 0.0051
0, 0.9974833333333334, 0.0025166666666666666
0, 0.9993, 0.0007
0, 0.948, 0.052
0, 0.8901433333333334, 0.10985666666666669
0, 0.9813936904761902, 0.018606309523809535
0, 0.9808916666666666, 0.01910833333333334
0, 0.999, 0.001
0, 0.9984, 0.0016
0, 0.999, 0.001
0, 0.9879, 0.0121
1, 0.4314, 0.5686
0, 0.999, 0.001
0, 0.9973, 0.0027
0, 0.9997, 0.0003
0, 0.9313666666666666, 0.06863333333333334
0, 0.9983, 0.0017
0, 0.9993, 0.0007
0, 0.9523016666666666, 0.04769833333333333
1, 0.4213, 0.5787
0, 0.9991, 0.0009
0, 0.9999, 0.0001
0, 0.9972999999999999, 0.0026999999999999997
0, 0.9981, 0.0019
0, 0.9985999999999998, 0.0014
1, 0.4212, 0.5788
1, 0.5082, 0.4918
0, 0.9992, 0.0008
0, 0.9641583333333332, 0.03584166666666666
0, 0.9987, 0.0013
0, 0.9985, 0.0015
0, 0.9910166666666667, 0.008983333333333333
0, 0.9991588095238095, 0.0008411904761904762
0, 0.9987933333333334, 0.0012066666666666667
0, 0.999, 0.001
1, 0.1118, 0.8882
0, 0.9497, 0.0503
0, 0.9996, 0.0004
0, 0.9972, 0.0028
0, 0.9452, 0.0548
0, 0.9643, 0.0357
0, 0.9437, 0.0563
0, 0.9526, 0.0474
0, 0.9985, 0.0015
1, 0.4249, 0.5751
0, 0.88245, 0.11755
1, 0.1835, 0.8165
1, 0.4231, 0.5769
1, 0.4756, 0.5244
1, 0.4228, 0.5772
0, 0.9588, 0.0412
1, 0.5628, 0.4372
1, 0.4236, 0.5764
0, 0.998435476190476, 0.0015645238095238095
0, 0.9571, 0.0429
0, 0.9563, 0.0437
0, 0.9993, 0.0007
0, 0.9558, 0.0442
1, 0.0308, 0.9692
0, 0.9534333333333334, 0.046566666666666666
0, 0.9533333333333334, 0.04666666666666666
0, 0.952, 0.048
1, 0.0566, 0.9434
0, 0.9618, 0.0382
0, 0.9528, 0.0472
1, 0.0385, 0.9615
0, 0.9868, 0.0132
0, 0.98325, 0.01675
0, 0.9826, 0.0174
1, 0.0271, 0.9729
0, 0.9474, 0.0526
0, 0.9891, 0.0109
0, 0.9963, 0.0037
0, 0.9966, 0.0034
0, 0.9588, 0.0412
0, 0.9361, 0.0639
0, 0.9423, 0.0577
0, 0.9996, 0.0004
0, 0.9992083333333334, 0.0007916666666666666
0, 0.9511, 0.0489
0, 0.9952659523809523, 0.004734047619047619
0, 0.9411, 0.0589
0, 0.9963016666666669, 0.0036983333333333326
0, 0.9615, 0.0385
0, 0.9997, 0.0003
0, 0.9996, 0.0004
0, 0.994, 0.006
0, 0.995, 0.005
0, 0.9789583333333333, 0.021041666666666667
0, 0.9949, 0.0051
0, 0.9802416666666666, 0.019758333333333333
1, 0.9998, 0.0002
1, 0.9998, 0.0002
1, 0.9999, 0.0001
1, 0.9999, 0.0001
1, 1.0, 0.0
1, 0.9998, 0.0002
1, 0.9967, 0.0033
1, 0.4365, 0.5635
1, 0.0376, 0.9624
1, 0.0643, 0.9357
1, 0.4359, 0.5641
1, 0.4365, 0.5635
1, 0.436, 0.564
1, 0.4347, 0.5653
1, 0.4365, 0.5635
1, 0.4367, 0.5633
1, 0.48826, 0.51174
1, 0.49246, 0.50754
1, 1.0, 0.0
1, 0.9991, 0.0009
1, 1.0, 0.0
1, 0.9991, 0.0009
1, 1.0, 0.0
1, 0.9987, 0.0013
1, 0.9991, 0.0009
1, 0.999, 0.001
1, 0.9950399999999999, 0.00496
1, 0.9992, 0.0008
1, 0.999, 0.001
0, 1.0, 0.0
0, 1.0, 0.0
0, 1.0, 0.0
0, 1.0, 0.0
0, 1.0, 0.0
0, 1.0, 0.0
0, 1.0, 0.0
0, 1.0, 0.0
0, 1.0, 0.0
0, 1.0, 0.0
0, 1.0, 0.0
0, 1.0, 0.0
0, 1.0, 0.0
0, 1.0, 0.0
0, 1.0, 0.0
0, 1.0, 0.0
0, 1.0, 0.0
0, 1.0, 0.0
0, 1.0, 0.0
0, 1.0, 0.0
0, 1.0, 0.0
0, 1.0, 0.0
0, 1.0, 0.0
0, 1.0, 0.0
0, 0.9458666666666667, 0.054133333333333325
0, 0.8283, 0.1717
1, 0.5225, 0.4775
0, 0.9958, 0.0042
1, 0.0082, 0.9918
1, 0.2668, 0.7332
1, 0.4611, 0.5389
0, 0.85, 0.15
0, 0.9969333333333332, 0.0030666666666666668
1, 0.46776, 0.5322399999999999
0, 0.98815, 0.01185
0, 0.9966, 0.0034
0, 0.9967, 0.0033
0, 0.9926583333333334, 0.007341666666666667
0, 0.9979, 0.0021
0, 0.9942, 0.0058
0, 0.8593, 0.1407
0, 0.9887416666666667, 0.011258333333333332
0, 1.0, 0.0
0, 0.9989416666666666, 0.0010583333333333334
0, 0.9998, 0.0002
0, 0.9995, 0.0005
1, 0.0436, 0.9564
1, 0.0254, 0.9746
0, 1.0, 0.0
0, 0.4263, 0.5737
1, 0.5538, 0.4462
0, 1.0, 0.0
0, 1.0, 0.0
0, 0.9506, 0.0494
1, 0.4609, 0.5391
1, 0.4617, 0.5383
1, 0.4581, 0.5419
0, 0.9603, 0.0397
0, 0.965, 0.035
1, 0.039, 0.961
1, 0.0272, 0.9728
0, 0.9487, 0.0513
0, 0.945, 0.055
0, 0.9993, 0.0007
0, 0.9995, 0.0005
0, 0.9993, 0.0007
1, 0.4151, 0.5849
0, 0.9915, 0.0085
0, 0.9956, 0.0044
0, 0.9446, 0.0554
0, 0.9799, 0.0201
0, 0.9671, 0.0329
0, 0.9481, 0.0519
0, 0.9534600000000001, 0.04654
0, 0.9656, 0.0344
0, 0.9537, 0.0463
0, 0.4591, 0.5409
0, 1.0, 0.0
0, 0.9555, 0.0445
0, 0.9555, 0.0445
0, 0.9555, 0.0445
0, 1.0, 0.0
0, 0.9935, 0.0065
0, 1.0, 0.0
0, 1.0, 0.0
0, 0.9555, 0.0445
0, 0.9555, 0.0445
0, 0.9555, 0.0445
0, 0.9999, 0.0001
0, 1.0, 0.0
0, 0.9663, 0.0337
0, 0.9976, 0.0024
0, 0.9986, 0.0014
0, 0.99725, 0.00275
0, 0.9829, 0.0171
0, 0.9806, 0.0194
1, 0.0317, 0.9683
1, 0.0376, 0.9624
1, 0.0315, 0.9685
1, 0.0152, 0.9848
0, 0.997, 0.003
0, 0.9213, 0.0787
0, 0.9957, 0.0043
1, 0.4867, 0.5133
1, 0.0937, 0.9063
0, 0.9923, 0.0077
1, 0.454875, 0.545125
0, 0.9998, 0.0002
0, 0.962, 0.038
1, 0.1162, 0.8838
1, 0.9937, 0.0063
1, 0.9444, 0.0556
1, 0.0688, 0.9312
0, 1.0, 0.0
1, 0.9545, 0.0455
1, 0.0207, 0.9793
0, 0.9906, 0.0094
0, 0.9947, 0.0053
0, 0.9941, 0.0059
1, 0.5341, 0.4659
1, 0.5351, 0.4649
0, 0.9942, 0.0058
0, 0.9939, 0.0061
1, 0.0338, 0.9662
1, 0.041, 0.959
0, 0.994, 0.006
0, 0.9937583333333334, 0.006241666666666667
0, 0.994, 0.006
1, 0.5341, 0.4659
1, 0.5351, 0.4649
0, 0.8990166666666666, 0.10098333333333334
0, 0.9941, 0.0059
0, 0.9941, 0.0059
1, 0.5337, 0.4663
0, 0.9941, 0.0059
1, 0.5342, 0.4658
1, 0.5323, 0.4677
0, 0.9941, 0.0059
1, 0.5351, 0.4649
0, 0.9941, 0.0059
0, 0.9941, 0.0059
1, 0.5531, 0.4469
1, 0.523525, 0.476475
0, 0.9941, 0.0059
1, 0.5343, 0.4657
0, 0.9939, 0.0061
1, 0.5213, 0.4787
1, 0.5321, 0.4679
1, 0.041, 0.959
0, 0.9939, 0.0061
1, 0.531, 0.469
0, 0.9931916666666666, 0.006808333333333335
1, 0.5208, 0.4792
0, 0.9935, 0.0065
1, 0.5305, 0.4695
1, 0.5356, 0.4644
0, 0.9941, 0.0059
1, 0.5327, 0.4673
1, 0.0193, 0.9807
1, 0.5309, 0.4691
1, 0.5328, 0.4672
1, 0.0203, 0.9797
0, 0.9951, 0.0049
1, 0.0258, 0.9742
1, 0.5533, 0.4467
0, 0.9941, 0.0059
1, 0.5473, 0.4527
1, 0.5337, 0.4663
0, 0.9941, 0.0059
1, 0.5334, 0.4666
1, 0.5337, 0.4663
0, 0.9944, 0.0056
0, 0.9955, 0.0045
1, 0.5333, 0.4667
1, 0.5328, 0.4672
0, 0.9355, 0.0645
0, 0.9954, 0.0046
0, 0.9374, 0.0626
1, 0.0523, 0.9477
0, 0.943, 0.057
0, 0.9367, 0.0633
0, 0.7179, 0.2821
1, 0.0225, 0.9775
1, 0.0332, 0.9668
0, 0.9993, 0.0007
1, 0.0341, 0.9659
0, 0.9137, 0.0863
1, 0.5328, 0.4672
0, 0.9431, 0.0569
1, 0.5546, 0.4454
1, 0.5554, 0.4446
1, 0.4697, 0.5303
1, 0.0218, 0.9782
1, 0.0201, 0.9799
0, 0.9987, 0.0013
0, 0.9941, 0.0059
1, 0.0219, 0.9781
0, 0.9935, 0.0065
0, 0.9929, 0.0071
0, 0.994, 0.006
0, 0.9931, 0.0069
0, 0.9941, 0.0059
0, 0.9941, 0.0059
0, 0.9941, 0.0059
0, 0.9936, 0.0064
1, 0.0209, 0.9791
0, 0.994, 0.006
0, 0.9942, 0.0058
0, 0.9947, 0.0053
0, 0.9555, 0.0445
0, 0.9988, 0.0012
0, 0.8418, 0.1582
0, 0.9821, 0.0179
0, 0.9797, 0.0203
0, 0.9686, 0.0314
0, 0.9935, 0.0065
0, 0.9945, 0.0055
0, 0.99555, 0.00445
0, 0.9686, 0.0314
0, 0.9732, 0.0268
0, 0.9551, 0.0449
0, 0.9963, 0.0037
0, 0.9975, 0.0025
0, 0.99715, 0.00285
0, 0.9263, 0.0737
0, 0.9994, 0.0006
0, 0.9968, 0.0032
0, 0.9535, 0.0465
0, 0.9974583333333334, 0.002541666666666667
0, 0.99985, 0.00015
0, 0.9321, 0.0679
0, 0.932, 0.068
0, 1.0, 0.0
0, 0.9339, 0.0661
0, 0.9314, 0.0686
0, 0.9321, 0.0679
0, 0.9321, 0.0679
0, 0.9301, 0.0699
0, 0.9996, 0.0004
1, 0.586, 0.414
0, 1.0, 0.0
0, 0.9996, 0.0004
0, 1.0, 0.0
0, 0.9998583333333332, 0.00014166666666666665
0, 0.9406, 0.0594
1, 0.5977, 0.4023
0, 1.0, 0.0
1, 0.5953, 0.4047
0, 1.0, 0.0
0, 1.0, 0.0
0, 0.9995799999999999, 0.00042
0, 0.9436, 0.0564
1, 0.5973, 0.4027
0, 0.9998, 0.0002
0, 1.0, 0.0
1, 0.0334, 0.9666
0, 0.9985, 0.0015
0, 0.9982099999999998, 0.00179
0, 0.9990666666666667, 0.0009333333333333334
0, 0.98682, 0.01318
0, 0.9303833333333332, 0.06961666666666666
0, 0.999, 0.001
0, 0.9992, 0.0008
0, 0.9989, 0.0011
0, 0.9188, 0.0812
1, 0.0155, 0.9845
0, 0.9921, 0.0079
0, 0.997, 0.003
0, 0.9963, 0.0037
1, 0.4806, 0.5194
1, 0.0617, 0.9383
0, 0.9333, 0.0667
0, 0.9983, 0.0017
0, 0.99945, 0.00055
0, 0.9092, 0.0908
0, 0.9109, 0.0891
0, 0.9997, 0.0003
0, 0.998, 0.002
0, 0.9997, 0.0003
0, 0.9941, 0.0059
1, 0.4822, 0.5178
0, 0.9992, 0.0008
0, 0.9257, 0.0743
0, 0.98775, 0.01225
0, 0.9188, 0.0812
0, 0.9542, 0.0458
1, 0.4691, 0.5309
0, 0.93205, 0.06795
0, 0.98875, 0.01125
0, 0.9921, 0.0079
1, 0.0294, 0.9706
0, 0.9349, 0.0651
0, 0.9236, 0.0764
1, 0.0848, 0.9152
0, 0.9364, 0.0636
0, 0.9989, 0.0011
0, 0.9983, 0.0017
0, 0.938, 0.062
1, 0.0508, 0.9492
0, 0.9977, 0.0023
0, 0.9981, 0.0019
0, 0.9974, 0.0026
0, 0.9968, 0.0032
0, 0.997, 0.003
1, 0.025, 0.975
1, 0.0151, 0.9849
0, 0.8721, 0.1279
0, 0.8688, 0.1312
1, 0.5456, 0.4544
1, 0.5051, 0.4949
1, 0.3843, 0.6157
1, 0.0775, 0.9225
1, 0.0782, 0.9218
1, 0.0768, 0.9232
1, 0.5512, 0.4488
1, 0.5517, 0.4483
0, 0.9996, 0.0004
1, 0.5475, 0.4525
1, 0.5475, 0.4525
1, 0.5503, 0.4497
0, 0.9994, 0.0006
1, 0.5522, 0.4478
1, 0.544, 0.456
1, 0.5505, 0.4495
1, 0.5515, 0.4485
1, 0.5502, 0.4498
1, 0.5513, 0.4487
1, 0.5703, 0.4297
1, 0.5504, 0.4496
1, 0.5497, 0.4503
1, 0.5473, 0.4527
1, 0.5621, 0.4379
1, 0.5514, 0.4486
1, 0.5381, 0.4619
1, 0.5499, 0.4501
1, 0.5522, 0.4478
1, 0.5479, 0.4521
1, 0.552, 0.448
1, 0.5514, 0.4486
1, 0.55, 0.45
1, 0.5686, 0.4314
0, 0.9476666666666667, 0.05233333333333333
1, 0.5675, 0.4325
1, 0.5688, 0.4312
1, 0.5738, 0.4262
1, 0.5475, 0.4525
1, 0.5702, 0.4298
1, 0.536, 0.464
1, 0.5517, 0.4483
1, 0.55, 0.45
1, 0.5504, 0.4496
1, 0.5519, 0.4481
1, 0.5354, 0.4646
1, 0.552, 0.448
1, 0.5734, 0.4266
1, 0.5513, 0.4487
1, 0.5499, 0.4501
1, 0.5511, 0.4489
1, 0.5373, 0.4627
1, 0.5517, 0.4483
0, 0.7514, 0.2486
0, 0.9991, 0.0009
0, 0.9993, 0.0007
0, 0.9993, 0.0007
0, 0.9993, 0.0007
0, 0.9993, 0.0007
0, 0.9989, 0.0011
0, 0.9988, 0.0012
0, 0.9989, 0.0011
0, 0.999, 0.001
0, 0.9993, 0.0007
0, 0.9993, 0.0007
0, 0.9992, 0.0008
0, 0.9992, 0.0008
0, 0.9989, 0.0011
0, 0.9957, 0.0043
0, 0.9987, 0.0013
0, 0.997, 0.003
0, 0.9992, 0.0008
0, 0.9993, 0.0007
0, 0.9993, 0.0007
0, 0.9993, 0.0007
0, 0.9993, 0.0007
0, 0.9993, 0.0007
0, 0.9993, 0.0007
0, 0.9993, 0.0007
0, 0.9993, 0.0007
0, 0.9993, 0.0007
0, 0.9993, 0.0007
0, 0.9993, 0.0007
1, 0.5659, 0.4341
0, 0.9993, 0.0007
0, 0.9993, 0.0007
0, 0.9993, 0.0007
0, 0.9991, 0.0009
0, 0.9991, 0.0009
0, 0.9988, 0.0012
0, 0.9988, 0.0012
0, 0.9985, 0.0015
1, 0.0289, 0.9711
0, 0.9993, 0.0007
0, 0.9993, 0.0007
0, 0.9992, 0.0008
0, 0.9989, 0.0011
0, 0.9996, 0.0004
0, 0.9996, 0.0004
0, 0.999, 0.001
0, 0.9994, 0.0006
0, 0.996, 0.004
0, 0.9002, 0.0998
0, 0.9066, 0.0934
1, 0.3763, 0.6237
0, 0.8434, 0.1566
1, 0.3177, 0.6823
0, 0.9009, 0.0991
0, 0.9221, 0.0779
0, 0.7209, 0.2791
0, 0.7209, 0.2791
0, 0.7158, 0.2842
0, 0.7304, 0.2696
0, 0.725, 0.275
0, 0.7253, 0.2747
0, 0.7303, 0.2697
0, 0.7294, 0.2706
1, 0.0863, 0.9137
1, 0.7646, 0.2354
1, 0.7417, 0.2583
1, 0.0924, 0.9076
1, 0.1085, 0.8915
1, 0.1089, 0.8911
1, 0.0585, 0.9415
1, 0.0587, 0.9413
1, 0.0583, 0.9417
1, 0.0553, 0.9447
0, 0.4725666666666667, 0.5274333333333333
0, 0.9598, 0.0402
0, 0.9556, 0.0444
0, 0.9886, 0.0114
0, 0.9736, 0.0264
0, 0.9663833333333333, 0.03361666666666666
0, 0.7631733333333334, 0.23682666666666669
0, 0.8078, 0.1922
0, 0.97985, 0.02015
0, 0.9936, 0.0064
0, 0.9886, 0.0114
0, 0.9441583333333334, 0.055841666666666664
0, 0.9852, 0.0148
0, 0.9612116666666661, 0.038788333333333334
0, 0.9841, 0.0159
0, 0.8819199999999999, 0.11807999999999999
0, 0.9946, 0.0054
0, 0.9892666666666666, 0.010733333333333333
0, 0.9922, 0.0078
0, 0.9830349999999999, 0.016965
0, 0.9445100000000001, 0.05549
0, 0.9895, 0.0105
0, 0.9895999999999998, 0.0104
0, 0.995, 0.005
0, 0.9902, 0.0098
0, 0.9811333333333332, 0.018866666666666667
0, 0.9751611904761903, 0.024838809523809523
0, 0.9899666666666667, 0.010033333333333333
0, 0.9902, 0.0098
1, 0.0029, 0.9971
0, 0.98865, 0.01135
0, 0.9962, 0.0038
0, 0.9891, 0.0109
0, 0.98816, 0.01184
0, 0.9891, 0.0109
0, 0.9891, 0.0109
0, 0.9861, 0.0139
0, 0.9891, 0.0109
0, 0.983225, 0.016775
0, 0.986, 0.014
0, 0.9976, 0.0024
0, 0.9933, 0.0067
0, 0.9949, 0.0051
0, 0.9977, 0.0023
0, 0.9976, 0.0024
0, 0.9957, 0.0043
0, 0.9966, 0.0034
0, 0.9979, 0.0021
0, 0.9966, 0.0034
0, 0.9887, 0.0113
0, 0.996, 0.004
0, 0.9963799999999999, 0.0036200000000000004
0, 0.9931083333333333, 0.006891666666666666
0, 0.9961, 0.0039
0, 0.9857483333333333, 0.014251666666666666
0, 0.9466, 0.0534
0, 0.9933, 0.0067
0, 0.4219, 0.5781
1, 0.0704, 0.9296
0, 0.979, 0.021
0, 0.9905599999999999, 0.009439999999999999
0, 0.9544583333333332, 0.04554166666666667
1, 0.0306, 0.9694
0, 0.9876, 0.0124
0, 0.9902166666666666, 0.009783333333333333
0, 0.9908, 0.0092
0, 0.9917, 0.0083
1, 0.0332, 0.9668
1, 0.057, 0.943
1, 0.0582, 0.9418
0, 0.9858, 0.0142
0, 0.9949, 0.0051
0, 0.9955, 0.0045
0, 0.9955, 0.0045
1, 0.0698, 0.9302
1, 0.1522, 0.8478
1, 0.0703, 0.9297
0, 0.9955, 0.0045
0, 0.9955, 0.0045
1, 0.1376, 0.8624
1, 0.0711, 0.9289
0, 0.9890388095238093, 0.010961190476190477
1, 0.1254, 0.8746
0, 0.9803, 0.0197
0, 0.9582, 0.0418
0, 0.9937, 0.0063
0, 0.9881233333333334, 0.011876666666666667
0, 0.9939333333333334, 0.006066666666666666
1, 0.0631, 0.9369
0, 0.997, 0.003
0, 0.9799, 0.0201
0, 0.9914, 0.0086
0, 0.9799, 0.0201
0, 0.9939333333333334, 0.006066666666666666
1, 0.0619, 0.9381
0, 0.9971, 0.0029
0, 0.9776, 0.0224
1, 0.1082, 0.8918
1, 0.1206, 0.8794
1, 0.0542, 0.9458
1, 0.1025, 0.8975
1, 0.1207, 0.8793
1, 0.1263, 0.8737
1, 0.184, 0.816
1, 0.0593, 0.9407
1, 0.1602, 0.8398
1, 0.1747, 0.8253
0, 0.9955, 0.0045
0, 0.9812, 0.0188
1, 0.133, 0.867
1, 0.2089, 0.7911
1, 0.2034, 0.7966
1, 0.1545, 0.8455
0, 0.9937, 0.0063
1, 0.2073, 0.7927
1, 0.1442, 0.8558
0, 0.9945, 0.0055
0, 0.9929, 0.0071
0, 0.9961, 0.0039
0, 0.9935, 0.0065
0, 0.9953, 0.0047
0, 0.9906, 0.0094
0, 0.9905, 0.0095
0, 0.9912, 0.008800000000000002
0, 0.995, 0.005
0, 0.995, 0.005
0, 0.9952, 0.0048
0, 0.9947, 0.0053
0, 0.9934149999999999, 0.006585
0, 0.9906599999999999, 0.00934
0, 0.9947, 0.0053
0, 0.9107, 0.0893
0, 0.9905, 0.0095
0, 0.9951, 0.0049
0, 0.9951, 0.0049
0, 0.995, 0.005
0, 0.9953, 0.0047
0, 0.9928, 0.0072
0, 0.9953, 0.0047
0, 0.9929, 0.0071
0, 0.9789, 0.0211
0, 0.9924, 0.0076
0, 0.9925, 0.0075
0, 0.9952, 0.0048
0, 0.9947, 0.0053
0, 0.9953, 0.0047
0, 0.9952, 0.0048
0, 0.9706, 0.0294
0, 0.9947, 0.0053
0, 0.9961, 0.0039
0, 0.9952, 0.0048
0, 0.9814, 0.0186
0, 0.9935, 0.0065
0, 0.9952, 0.0048
0, 0.9953, 0.0047
0, 0.9952666666666667, 0.004733333333333333
0, 0.9737, 0.0263
0, 0.9963, 0.0037
0, 0.9729833333333332, 0.027016666666666665
0, 0.9792833333333334, 0.020716666666666664
0, 0.9883, 0.0117
0, 0.9737, 0.0263
0, 0.9947, 0.0053
0, 0.9729833333333332, 0.027016666666666665
0, 0.9953, 0.0047
0, 0.9976, 0.0024
1, 0.2916, 0.7084
1, 0.0856, 0.9144
0, 0.9977, 0.0023
0, 0.9933, 0.0067
0, 0.9979, 0.0021
0, 0.9942, 0.0058
0, 0.9977, 0.0023
0, 0.9932, 0.0068
0, 0.9928, 0.0072
0, 0.9810866666666667, 0.018913333333333334
0, 0.99785, 0.00215
0, 0.9972, 0.0028
0, 0.9977, 0.0023
0, 0.995, 0.005
0, 0.9942, 0.0058
0, 0.9977, 0.0023
0, 0.994, 0.006
0, 0.9976, 0.0024
0, 0.9977, 0.0023
0, 0.9977, 0.0023
0, 0.9978, 0.0022
0, 0.9953, 0.0047
1, 0.2898, 0.7102
0, 0.997, 0.003
0, 0.9969, 0.0031
0, 0.9977, 0.0023
0, 0.9942, 0.0058
0, 0.9956833333333333, 0.004316666666666667
0, 0.9977, 0.0023
0, 0.9929766666666666, 0.007023333333333334
0, 0.9943, 0.0057
0, 0.9976, 0.0024
0, 0.9937, 0.0063
1, 0.292, 0.708
0, 0.9764, 0.0236
0, 0.9942, 0.0058
0, 0.9971, 0.0029
0, 0.9976, 0.0024
0, 0.997, 0.003
0, 0.9954, 0.0046
0, 0.9832, 0.0168
0, 0.9972, 0.0028
1, 0.297, 0.703
0, 0.9936, 0.0064
0, 0.9891, 0.0109
0, 0.9969, 0.0031
0, 0.99465, 0.005350000000000001
0, 0.9977, 0.0023
1, 0.2888, 0.7112
0, 0.9922350000000001, 0.007765
0, 0.9947, 0.0053
0, 0.9847, 0.0153
0, 0.9977, 0.0023
0, 0.9708, 0.0292
0, 0.9977, 0.0023
0, 0.9951, 0.0049
0, 0.9717, 0.0283
0, 0.9965, 0.0035
0, 0.9936, 0.0064
0, 0.9971, 0.0029
0, 0.9943, 0.0057
1, 0.2775, 0.7225
0, 0.9976, 0.0024
0, 0.9942, 0.0058
0, 0.9746, 0.0254
0, 0.9861, 0.0139
0, 0.9972, 0.0028
0, 0.997, 0.003
0, 0.9974, 0.0026
0, 0.9977, 0.0023
1, 0.2895, 0.7105
0, 0.9943, 0.0057
0, 0.995, 0.005
0, 0.9942, 0.0058
0, 0.9978, 0.0022
0, 0.9978, 0.0022
0, 0.9907633333333333, 0.009236666666666667
0, 0.9943, 0.0057
0, 0.9971, 0.0029
0, 0.9971, 0.0029
0, 0.9965, 0.0035
0, 0.9971, 0.0029
0, 0.9941, 0.0059
0, 0.9948, 0.0052
0, 0.9901, 0.0099
0, 0.997, 0.003
0, 0.9965, 0.0035
0, 0.9944, 0.0056
0, 0.997, 0.003
0, 0.9967, 0.0033
0, 0.995, 0.005
0, 0.9826, 0.0174
0, 0.9965, 0.0035
0, 0.9971, 0.0029
0, 0.9965, 0.0035
0, 0.9965, 0.0035
0, 0.996, 0.004
0, 0.9971, 0.0029
0, 0.9971, 0.0029
0, 0.997, 0.003
0, 0.9962, 0.0038
0, 0.9962, 0.0038
1, 0.0369, 0.9631
0, 0.9936, 0.0064
0, 0.62106, 0.37893999999999994
0, 0.9871, 0.0129
0, 0.9657, 0.0343
0, 0.9814, 0.0186
0, 0.999, 0.001
0, 0.9744, 0.0256
1, 0.1083, 0.8917
0, 0.9630666666666667, 0.03693333333333334
0, 0.9918, 0.0082
0, 0.98645, 0.01355
0, 0.9881, 0.0119
0, 0.9972, 0.0028
0, 0.9924, 0.0076
0, 0.9963, 0.0037
0, 0.9971, 0.0029
0, 0.9833, 0.0167
0, 0.9887, 0.0113
0, 0.9819, 0.0181
0, 0.9929, 0.0071
0, 0.9929, 0.0071
0, 0.9366116666666667, 0.06338833333333334
0, 0.9604566666666665, 0.03954333333333334
0, 0.9390833333333334, 0.06091666666666666
0, 0.9297, 0.0703
1, 0.9931, 0.0069
0, 0.9924, 0.0076
0, 0.9947, 0.0053
0, 0.9964, 0.0036
0, 0.9964, 0.0036
0, 0.9825733333333334, 0.017426666666666667
0, 0.9670666666666666, 0.032933333333333335
0, 0.9959, 0.0041
0, 0.9959, 0.0041
0, 0.9959, 0.0041
0, 0.9959, 0.0041
0, 0.9957, 0.0043
0, 0.9959, 0.0041
0, 0.9959, 0.0041
0, 0.9959, 0.0041
0, 0.9959, 0.0041
0, 0.9959, 0.0041
0, 0.9959, 0.0041
0, 0.9959, 0.0041
0, 0.9957, 0.0043
0, 0.9935, 0.0065
0, 0.9935, 0.0065
0, 0.9935, 0.0065
0, 0.9935, 0.0065
0, 0.9935, 0.0065
0, 0.9935, 0.0065
0, 0.9935, 0.0065
0, 0.9935, 0.0065
0, 0.9935, 0.0065
0, 0.9935, 0.0065
0, 0.9935, 0.0065
0, 0.9911, 0.0089
0, 0.9872, 0.0128
0, 0.9927, 0.0073
0, 0.9691, 0.0309
0, 0.9876, 0.0124
0, 0.9842, 0.0158
0, 0.9789, 0.0211
0, 0.9884, 0.0116
0, 0.9929, 0.0071
0, 0.9883666666666666, 0.011633333333333334
0, 0.9941, 0.0059
0, 0.9888, 0.0112
0, 0.9225, 0.0775
0, 0.9912, 0.0088
0, 0.9542, 0.0458
0, 0.9884, 0.0116
1, 0.0006, 0.9994
0, 0.9906, 0.0094
0, 0.8722516666666666, 0.12774833333333332
0, 0.9772666666666666, 0.022733333333333335
0, 0.989, 0.011
0, 0.9879, 0.0121
0, 0.9749766666666666, 0.025023333333333335
0, 0.9571, 0.0429
0, 0.9787, 0.0213
0, 0.9447, 0.0553
0, 0.99035, 0.00965
1, 0.0503, 0.9497
0, 0.9777, 0.0223
1, 0.0644, 0.9356
1, 0.0383, 0.9617
0, 0.9673, 0.0327
0, 0.9933066666666666, 0.006693333333333334
0, 0.9906, 0.0094
0, 0.9865, 0.0135
0, 0.9835, 0.0165
0, 0.9969, 0.0031
0, 0.998, 0.002
0, 0.9951, 0.0049
0, 0.99465, 0.00535
0, 0.9972, 0.0028
0, 0.9951, 0.0049
0, 0.9987, 0.0013
0, 0.9972, 0.0028
0, 0.9948, 0.0052
0, 0.995, 0.005
0, 0.9972, 0.0028
0, 0.9934, 0.0066
0, 0.9014, 0.0986
0, 0.9933, 0.0067
0, 0.9933, 0.0067
0, 0.9933, 0.0067
0, 0.9933, 0.0067
0, 0.985, 0.015
0, 0.9844, 0.0156
0, 0.9845, 0.0155
0, 0.9845, 0.0155
0, 0.9844, 0.0156
0, 0.9867, 0.0133
0, 0.9913, 0.0087
0, 0.9963, 0.0037
0, 0.9937, 0.0063
0, 0.9948, 0.0052
0, 0.9947, 0.0053
0, 0.9956, 0.0044
0, 0.9927, 0.0073
0, 0.9963, 0.0037
0, 0.9934, 0.0066
0, 0.9958, 0.0042
0, 0.9951, 0.0049
0, 0.9963, 0.0037
0, 0.9954666666666666, 0.004533333333333334
0, 0.9948, 0.0052
0, 0.9956, 0.0044
0, 0.9937, 0.0063
0, 0.9953, 0.0047
0, 0.9956, 0.0044
0, 0.9954, 0.0046
0, 0.9958, 0.0042
0, 0.9927, 0.0073
0, 0.9937, 0.0063
0, 0.9929, 0.0071
0, 0.9946, 0.0054
0, 0.9958, 0.0042
0, 0.9937, 0.0063
0, 0.9953, 0.0047
0, 0.995, 0.005
0, 0.9963, 0.0037
0, 0.9938, 0.0062
0, 0.9937, 0.0063
0, 0.9949, 0.0051
0, 0.9934, 0.0066
0, 0.9958, 0.0042
0, 0.9958, 0.0042
0, 0.9953, 0.0047
0, 0.9955, 0.0045
0, 0.9937, 0.0063
0, 0.9925, 0.0075
0, 0.9947, 0.0053
0, 0.9955, 0.0045
0, 0.9963, 0.0037
0, 0.9953, 0.0047
0, 0.9946, 0.0054
0, 0.9963, 0.0037
0, 0.9944, 0.0056
0, 0.9948, 0.0052
0, 0.9927, 0.0073
0, 0.9929, 0.0071
0, 0.9936083333333334, 0.006391666666666667
0, 0.9954, 0.0046
0, 0.9934, 0.0066
0, 0.9927, 0.0073
0, 0.9956, 0.0044
0, 0.9932, 0.0068
0, 0.9924, 0.0076
0, 0.9904, 0.0096
0, 0.9746, 0.0254
0, 0.979525, 0.020475
0, 0.978625, 0.021375
0, 0.9661, 0.0339
0, 0.9895, 0.0105
0, 0.97825, 0.02175
1, 0.0747, 0.9253
1, 0.0747, 0.9253
1, 0.0498, 0.9502
1, 0.0516, 0.9484
1, 0.0509, 0.9491
1, 0.0904, 0.9096
0, 0.9786183333333333, 0.02138166666666667
0, 0.9958, 0.0042
0, 0.9953, 0.0047
0, 0.9934, 0.0066
0, 0.9934, 0.0066
0, 0.9962, 0.0038
0, 0.9951, 0.0049
0, 0.9934, 0.0066
0, 0.9958, 0.0042
0, 0.9953, 0.0047
0, 0.9958, 0.0042
0, 0.9958, 0.0042
0, 0.9953, 0.0047
0, 0.9951, 0.0049
0, 0.9902, 0.0098
0, 0.9946, 0.0054
0, 0.9947, 0.0053
0, 0.9933, 0.0067
0, 0.9947, 0.0053
0, 0.9951, 0.0049
0, 0.9946, 0.0054
0, 0.9951, 0.0049
0, 0.9951, 0.0049
0, 0.995, 0.005
0, 0.9947, 0.0053
0, 0.9947, 0.0053
0, 0.9906, 0.0094
0, 0.9954, 0.0046
0, 0.9834333333333334, 0.016566666666666667
0, 0.9884, 0.0116
0, 0.9835, 0.0165
0, 0.9866, 0.0134
0, 0.987, 0.013
0, 0.97975, 0.02025
0, 0.9910416666666666, 0.008958333333333332
0, 0.9838, 0.0162
0, 0.9866, 0.0134
0, 0.9759, 0.0241
0, 0.9835, 0.0165
0, 0.9738, 0.0262
0, 0.9802, 0.0198
0, 0.9814, 0.0186
0, 0.9679, 0.0321
0, 0.9682, 0.0318
0, 0.981, 0.019
0, 0.9824, 0.0176
0, 0.9844, 0.0156
0, 0.9812, 0.0188
0, 0.984, 0.016
0, 0.975, 0.025
0, 0.9793, 0.0207
0, 0.9834, 0.0166
0, 0.9816, 0.0184
0, 0.9767749999999998, 0.023225
0, 0.9792, 0.0208
0, 0.9738, 0.0262
0, 0.9829, 0.0171
0, 0.9689, 0.0311
0, 0.9738, 0.0262
0, 0.9679, 0.0321
0, 0.9729, 0.0271
0, 0.9788, 0.0212
0, 0.9844, 0.0156
0, 0.9807, 0.0193
0, 0.9759, 0.0241
0, 0.9738, 0.0262
0, 0.9708, 0.0292
0, 0.9739, 0.0261
0, 0.9816, 0.0184
0, 0.9791, 0.0209
0, 0.9802, 0.0198
0, 0.9768083333333332, 0.023191666666666666
0, 0.9738, 0.0262
0, 0.9689, 0.0311
0, 0.9802, 0.0198
0, 0.975, 0.025
0, 0.9812333333333334, 0.018766666666666664
0, 0.9816, 0.0184
0, 0.9689, 0.0311
0, 0.9829, 0.0171
0, 0.9759, 0.0241
0, 0.9679, 0.0321
0, 0.9793, 0.0207
0, 0.9777, 0.0223
0, 0.9768083333333332, 0.023191666666666666
0, 0.984, 0.016
0, 0.9682, 0.0318
0, 0.9835, 0.0165
0, 0.9679, 0.0321
0, 0.981, 0.019
0, 0.9759, 0.0241
0, 0.9689, 0.0311
0, 0.9807, 0.0193
0, 0.9758, 0.0242
0, 0.9807, 0.0193
0, 0.9689, 0.0311
0, 0.9833, 0.0167
0, 0.9808, 0.0192
0, 0.9759, 0.0241
0, 0.9689, 0.0311
0, 0.9802, 0.0198
0, 0.9783, 0.0217
0, 0.9822, 0.0178
0, 0.986, 0.014
1, 0.2678, 0.7322
0, 0.9838, 0.0162
0, 0.9861, 0.0139
0, 0.9923, 0.0077
0, 0.979, 0.021
0, 0.9954, 0.0046
0, 0.9945, 0.0055
0, 0.9946, 0.0054
0, 0.9919, 0.0081
0, 0.9776, 0.0224
0, 0.9985, 0.0015
1, 0.071, 0.929
1, 0.0697, 0.9303
1, 0.0692, 0.9308
1, 0.0713, 0.9287
1, 0.0722, 0.9278
1, 0.0847, 0.9153
1, 0.0746, 0.9254
1, 0.0838, 0.9162
1, 0.0636, 0.9364
0, 0.691, 0.309
0, 0.6836916666666666, 0.3163083333333333
1, 0.1349, 0.8651
1, 0.1261, 0.8739
1, 0.1205, 0.8795
1, 0.0909, 0.9091
0, 0.6857, 0.3143
1, 0.0774, 0.9226
0, 0.5947, 0.4053
1, 0.0802, 0.9198
1, 0.0824, 0.9176
1, 0.083, 0.917
1, 0.0874, 0.9126
1, 0.0832, 0.9168
0, 0.676, 0.324
0, 0.6833, 0.3167
0, 0.7686, 0.2314
1, 0.0829, 0.9171
1, 0.0754, 0.9246
1, 0.1093, 0.8907
1, 0.0272, 0.9728
0, 0.6857, 0.3143
1, 0.0904, 0.9096
1, 0.0821, 0.9179
1, 0.0822, 0.9178
1, 0.0904, 0.9096
1, 0.0296, 0.9704
0, 0.6857, 0.3143
1, 0.077, 0.923
0, 0.6857, 0.3143
1, 0.0804, 0.9196
1, 0.0811, 0.9189
1, 0.1162, 0.8838
1, 0.0759, 0.9241
1, 0.0803, 0.9197
1, 0.1209, 0.8791
1, 0.0813, 0.9187
1, 0.0811, 0.9189
1, 0.0801, 0.9199
1, 0.0848, 0.9152
1, 0.0754, 0.9246
1, 0.1348, 0.8652
1, 0.0803, 0.9197
1, 0.0767, 0.9233
1, 0.1336, 0.8664
1, 0.093, 0.907
0, 0.6857, 0.3143
1, 0.0774, 0.9226
1, 0.0778, 0.9222
0, 0.6438, 0.3562
1, 0.0845, 0.9155
1, 0.0755, 0.9245
1, 0.1233, 0.8767
1, 0.0738, 0.9262
1, 0.0782, 0.9218
1, 0.0447, 0.9553
1, 0.0847, 0.9153
1, 0.0772, 0.9228
1, 0.1337, 0.8663
1, 0.1331, 0.8669
1, 0.1204, 0.8796
1, 0.0751, 0.9249
1, 0.112, 0.888
1, 0.0598, 0.9402
1, 0.048, 0.952
1, 0.0519, 0.9481
0, 0.8802, 0.1198
0, 0.9141, 0.0859
0, 0.9052, 0.0948
0, 0.9124, 0.0876
0, 0.9152, 0.0848
0, 0.9159, 0.0841
0, 0.9138, 0.0862
0, 0.7928, 0.2072
0, 0.9166, 0.0834
0, 0.8781, 0.1219
0, 0.9053, 0.0947
0, 0.902, 0.098
0, 0.914, 0.086
0, 0.914, 0.086
0, 0.9123, 0.0877
0, 0.9105, 0.0895
0, 0.9128, 0.0872
0, 0.913, 0.087
0, 0.9104, 0.0896
0, 0.9138, 0.0862
0, 0.9122, 0.0878
0, 0.9090833333333332, 0.09091666666666666
0, 0.9128, 0.0872
0, 0.9134, 0.0866
0, 0.9117, 0.0883
0, 0.913, 0.087
0, 0.9121, 0.0879
0, 0.9116, 0.0884
0, 0.8813566666666666, 0.11864333333333332
0, 0.9066, 0.0934
0, 0.9044, 0.0956
0, 0.9032, 0.0968
0, 0.9026, 0.0974
0, 0.8975, 0.1025
0, 0.8924, 0.1076
0, 0.892, 0.108
0, 0.905, 0.095
0, 0.90395, 0.09605
0, 0.9046, 0.0954
0, 0.9018, 0.0982
0, 0.9047, 0.0953
0, 0.915, 0.085
0, 0.9132, 0.0868
0, 0.9126, 0.0874
0, 0.9125, 0.0875
0, 0.9132, 0.0868
0, 0.9125, 0.0875
0, 0.912, 0.088
0, 0.9129, 0.0871
0, 0.9132, 0.0868
0, 0.9136, 0.0864
0, 0.9119, 0.0881
0, 0.9126, 0.0874
0, 0.9124, 0.0876
0, 0.91295, 0.08705
0, 0.9134, 0.0866
0, 0.9125, 0.0875
0, 0.9127, 0.0873
0, 0.9122, 0.0878
0, 0.913, 0.087
0, 0.9122, 0.0878
0, 0.9122, 0.0878
0, 0.9134, 0.0866
0, 0.9134, 0.0866
0, 0.9126, 0.0874
0, 0.9136, 0.0864
0, 0.9128, 0.0872
0, 0.9146, 0.0854
0, 0.9118, 0.0882
0, 0.9107, 0.0893
0, 0.9146, 0.0854
0, 0.9122, 0.0878
0, 0.9139, 0.0861
0, 0.9122, 0.0878
0, 0.8926, 0.1074
0, 0.9128, 0.0872
0, 0.9127, 0.0873
0, 0.9132, 0.0868
0, 0.9206, 0.0794
0, 0.9084, 0.0916
0, 0.9096, 0.0904
0, 0.9106, 0.0894
0, 0.9096, 0.0904
0, 0.9127, 0.0873
0, 0.9089, 0.0911
0, 0.9094, 0.0906
0, 0.9096416666666666, 0.09035833333333333
0, 0.9089, 0.0911
0, 0.9089, 0.0911
0, 0.9111, 0.0889
0, 0.9099, 0.0901
0, 0.9114, 0.0886
0, 0.9106, 0.0894
0, 0.9117, 0.0883
0, 0.9107, 0.0893
0, 0.9111, 0.0889
0, 0.9114, 0.0886
0, 0.9115, 0.0885
0, 0.9099, 0.0901
0, 0.9116, 0.0884
0, 0.9094, 0.0906
0, 0.9114, 0.0886
0, 0.9106, 0.0894
0, 0.9099, 0.0901
0, 0.9107, 0.0893
0, 0.9088, 0.0912
0, 0.9116, 0.0884
0, 0.9109, 0.0891
0, 0.911, 0.089
0, 0.9088, 0.0912
0, 0.9112666666666666, 0.08873333333333333
0, 0.9115, 0.0885
0, 0.9091, 0.0909
0, 0.9111, 0.0889
0, 0.9113, 0.0887
0, 0.9099, 0.0901
0, 0.9106, 0.0894
0, 0.9115, 0.0885
0, 0.9106, 0.0894
0, 0.9116, 0.0884
0, 0.9109, 0.0891
0, 0.9106, 0.0894
0, 0.9106, 0.0894
0, 0.9105, 0.0895
0, 0.91, 0.09
0, 0.9128, 0.0872
0, 0.9099, 0.0901
0, 0.9115, 0.0885
0, 0.9115, 0.0885
0, 0.9074, 0.0926
0, 0.9111, 0.0889
0, 0.9107, 0.0893
0, 0.911, 0.089
0, 0.9106, 0.0894
0, 0.908575, 0.091425
0, 0.9088, 0.0912
0, 0.9109, 0.0891
0, 0.9116, 0.0884
0, 0.9116, 0.0884
0, 0.9115, 0.0885
0, 0.9088, 0.0912
0, 0.9106, 0.0894
0, 0.9113, 0.0887
0, 0.9105, 0.0895
0, 0.9109, 0.0891
0, 0.9115, 0.0885
0, 0.9105, 0.0895
0, 0.9109, 0.0891
0, 0.9118, 0.0882
0, 0.9115, 0.0885
0, 0.9118, 0.0882
0, 0.9091, 0.0909
0, 0.9109, 0.0891
0, 0.9115, 0.0885
0, 0.9107, 0.0893
0, 0.9088, 0.0912
0, 0.9077, 0.0923
0, 0.9101, 0.0899
0, 0.913, 0.087
0, 0.9138, 0.0862
0, 0.9084, 0.0916
0, 0.9059, 0.0941
0, 0.9129, 0.0871
0, 0.9086, 0.0914
0, 0.9085, 0.0915
0, 0.9064, 0.0936
0, 0.9085, 0.0915
0, 0.9084, 0.0916
0, 0.9063, 0.0937
0, 0.9064, 0.0936
0, 0.9063, 0.0937
0, 0.9058, 0.0942
0, 0.9052416666666666, 0.09475833333333333
0, 0.9103, 0.0897
0, 0.90955, 0.09045
0, 0.9087, 0.0913
0, 0.9108, 0.0892
0, 0.9112, 0.0888
0, 0.91105, 0.08895
0, 0.9108, 0.0892
0, 0.9103, 0.0897
0, 0.9087, 0.0913
0, 0.9098, 0.0902
0, 0.912, 0.088
0, 0.9096, 0.0904
0, 0.9095, 0.0905
0, 0.9106, 0.0894
0, 0.9092, 0.0908
0, 0.9096, 0.0904
0, 0.9045, 0.0955
0, 0.9086, 0.0914
0, 0.9115, 0.0885
0, 0.9111, 0.0889
0, 0.9083, 0.0917
0, 0.9114, 0.0886
0, 0.9109, 0.0891
0, 0.8855, 0.1145
0, 0.9133, 0.0867
0, 0.9075, 0.0925
0, 0.9101, 0.0899
0, 0.9102, 0.0898
0, 0.9108, 0.0892
0, 0.9089, 0.0911
0, 0.9087, 0.0913
0, 0.91245, 0.08755
0, 0.9107, 0.0893
0, 0.9094, 0.0906
0, 0.9118, 0.0882
0, 0.9084, 0.0916
0, 0.9077, 0.0923
0, 0.9095, 0.0905
0, 0.9062, 0.0938
0, 0.91025, 0.08975
0, 0.9095, 0.0905
0, 0.9095, 0.0905
0, 0.9092, 0.0908
0, 0.9113, 0.0887
0, 0.9091, 0.0909
0, 0.9103, 0.0897
0, 0.9092, 0.0908
0, 0.9089, 0.0911
0, 0.9087, 0.0913
0, 0.9064, 0.0936
0, 0.9077, 0.0923
0, 0.9079, 0.0921
0, 0.9114, 0.0886
0, 0.9097, 0.0903
0, 0.9069, 0.0931
0, 0.91065, 0.08935
0, 0.9105, 0.0895
0, 0.9106, 0.0894
0, 0.9107, 0.0893
0, 0.91005, 0.08995
0, 0.909, 0.091
0, 0.9099, 0.0901
0, 0.9094, 0.0906
0, 0.9096, 0.0904
0, 0.909, 0.091
0, 0.9094, 0.0906
0, 0.9101, 0.0899
0, 0.9022, 0.0978
0, 0.9016, 0.0984
0, 0.9036, 0.0964
0, 0.9029, 0.0971
0, 0.9066, 0.0934
0, 0.8442, 0.1558
0, 0.9039, 0.0961
0, 0.9059, 0.0941
0, 0.9048, 0.0952
0, 0.9011, 0.0989
0, 0.9042, 0.0958
0, 0.902, 0.098
0, 0.8996, 0.1004
0, 0.9013, 0.0987
0, 0.8821, 0.1179
0, 0.905, 0.095
0, 0.9028, 0.0972
0, 0.9043, 0.0957
0, 0.9041, 0.0959
0, 0.9092166666666668, 0.09078333333333333
0, 0.9048, 0.0952
0, 0.9053, 0.0947
0, 0.9019, 0.0981
0, 0.9063, 0.0937
0, 0.9058, 0.0942
0, 0.9026, 0.0974
0, 0.9022, 0.0978
0, 0.9052, 0.0948
0, 0.9045, 0.0955
0, 0.9024, 0.0976
0, 0.9026, 0.0974
0, 0.9022, 0.0978
0, 0.904525, 0.095475
0, 0.9026, 0.0974
0, 0.8816, 0.1184
0, 0.9038, 0.0962
0, 0.9014, 0.0986
0, 0.9031, 0.0969
0, 0.9031, 0.0969
0, 0.9036, 0.0964
0, 0.9094, 0.0906
0, 0.916, 0.084
0, 0.9136, 0.0864
0, 0.9146, 0.0854
0, 0.9087, 0.0913
0, 0.9173, 0.0827
0, 0.9119, 0.0881
0, 0.913545, 0.08645499999999999
0, 0.912, 0.088
0, 0.9103, 0.0897
0, 0.9093, 0.0907
0, 0.9092, 0.0908
0, 0.9103, 0.0897
0, 0.9133, 0.0867
0, 0.9144, 0.0856
0, 0.9099, 0.0901
0, 0.9109, 0.0891
0, 0.9133, 0.0867
0, 0.9123, 0.0877
0, 0.9138, 0.0862
0, 0.9038, 0.0962
0, 0.8981, 0.1019
0, 0.9079, 0.0921
0, 0.9003, 0.0997
0, 0.9009, 0.0991
0, 0.8973, 0.1027
0, 0.8971, 0.1029
0, 0.8973, 0.1027
0, 0.8971, 0.1029
0, 0.8971, 0.1029
0, 0.8973, 0.1027
0, 0.8973, 0.1027
0, 0.8971, 0.1029
0, 0.8974, 0.1026
0, 0.8971, 0.1029
0, 0.8973, 0.1027
0, 0.8971, 0.1029
0, 0.8982, 0.1018
0, 0.898, 0.102
0, 0.898, 0.102
0, 0.8974, 0.1026
0, 0.898, 0.102
0, 0.8982, 0.1018
0, 0.8982, 0.1018
0, 0.8982, 0.1018
0, 0.8982, 0.1018
0, 0.898, 0.102
0, 0.898, 0.102
0, 0.898, 0.102
0, 0.8998, 0.1002
0, 0.8997, 0.1003
0, 0.8974, 0.1026
0, 0.9009, 0.0991
0, 0.9007, 0.0993
0, 0.8997, 0.1003
0, 0.8997, 0.1003
0, 0.8972, 0.1028
0, 0.8998, 0.1002
0, 0.8997, 0.1003
0, 0.8998, 0.1002
0, 0.8972, 0.1028
0, 0.8983, 0.1017
0, 0.8983, 0.1017
0, 0.8972, 0.1028
0, 0.8951, 0.1049
0, 0.902, 0.098
0, 0.8968, 0.1032
0, 0.8958, 0.1042
0, 0.897, 0.103
0, 0.8966, 0.1034
0, 0.9026, 0.0974
0, 0.8968, 0.1032
0, 0.8961, 0.1039
0, 0.8601, 0.1399
0, 0.8957, 0.1043
0, 0.9033, 0.0967
0, 0.9005, 0.0995
0, 0.9077, 0.0923
0, 0.8926, 0.1074
0, 0.905, 0.095
0, 0.8936, 0.1064
0, 0.8938, 0.1062
0, 0.8959, 0.1041
0, 0.8923, 0.1077
0, 0.9052, 0.0948
0, 0.8981, 0.1019
0, 0.9047333333333334, 0.09526666666666668
0, 0.8392, 0.1608
0, 0.8996, 0.1004
0, 0.8971, 0.1029
0, 0.9002, 0.0998
0, 0.9045, 0.0955
0, 0.8399, 0.1601
0, 0.9056, 0.0944
0, 0.9046333333333334, 0.09536666666666667
0, 0.9048666666666668, 0.09513333333333333
0, 0.8983, 0.1017
0, 0.9004, 0.0996
0, 0.9008, 0.0992
0, 0.8981, 0.1019
0, 0.8985, 0.1015
0, 0.9017, 0.0983
0, 0.9003, 0.0997
0, 0.8853, 0.1147
0, 0.9033, 0.0967
0, 0.8971, 0.1029
0, 0.9054, 0.0946
0, 0.8983, 0.1017
0, 0.9007, 0.0993
0, 0.9007, 0.0993
0, 0.9012, 0.0988
0, 0.8977, 0.1023
0, 0.8964, 0.1036
0, 0.9018, 0.0982
0, 0.8983, 0.1017
0, 0.8987, 0.1013
0, 0.8979, 0.1021
0, 0.8979, 0.1021
0, 0.9064, 0.0936
0, 0.8928, 0.1072
0, 0.9012, 0.0988
0, 0.8966, 0.1034
0, 0.8994, 0.1006
0, 0.9002, 0.0998
0, 0.899, 0.101
0, 0.9061, 0.0939
0, 0.9051, 0.0949
0, 0.9016, 0.0984
0, 0.9026, 0.0974
0, 0.9046, 0.0954
0, 0.8986, 0.1014
0, 0.901, 0.099
0, 0.9025, 0.0975
0, 0.9003, 0.0997
0, 0.8994, 0.1006
0, 0.9034, 0.0966
0, 0.9007, 0.0993
0, 0.9034, 0.0966
0, 0.9001, 0.0999
0, 0.9008, 0.0992
0, 0.9123, 0.0877
0, 0.8965333333333332, 0.10346666666666665
0, 0.9039, 0.0961
0, 0.9118, 0.0882
0, 0.9279, 0.0721
1, 0.7844, 0.2156
0, 0.9052, 0.0948
1, 0.7855649999999998, 0.21443500000000004
0, 0.90575, 0.09425
0, 0.8999, 0.1001
0, 0.898425, 0.101575
0, 0.9011, 0.0989
0, 0.8972, 0.1028
0, 0.8999, 0.1001
0, 0.8981, 0.1019
0, 0.8943, 0.1057
0, 0.89, 0.11
0, 0.8929, 0.1071
0, 0.90045, 0.09955
1, 0.7843649999999999, 0.21563500000000005
1, 0.78335, 0.21665
0, 0.8941, 0.1059
0, 0.8922, 0.1078
1, 0.7706, 0.2294
0, 0.8955, 0.1045
0, 0.9025, 0.0975
0, 0.8219, 0.1781
1, 0.0364, 0.9636
0, 0.4262, 0.5738
0, 0.8062, 0.1938
0, 0.8547, 0.1453
1, 0.054, 0.946
0, 0.7723666666666666, 0.22763333333333335
0, 0.8567, 0.1433
0, 0.8279, 0.1721
0, 0.8030583333333333, 0.19694166666666668
0, 0.8242, 0.1758
1, 0.0249, 0.9751
0, 0.8058, 0.1942
0, 0.8497166666666668, 0.15028333333333335
0, 0.8591, 0.1409
0, 0.8612, 0.1388
0, 0.8667, 0.1333
0, 0.8628666666666666, 0.13713333333333333
0, 0.8671, 0.1329
0, 0.8646, 0.1354
0, 0.8691, 0.1309
0, 0.8678, 0.1322
0, 0.8863, 0.1137
0, 0.8691, 0.1309
0, 0.8144, 0.1856
0, 0.8108, 0.1892
0, 0.3345, 0.6655
0, 0.809775, 0.190225
0, 0.80585, 0.19415
0, 0.806, 0.194
0, 0.8115, 0.1885
0, 0.8091, 0.1909
0, 0.80584, 0.19416
0, 0.8014, 0.1986
0, 0.7846, 0.2154
0, 0.8032, 0.1968
0, 0.7772, 0.2228
0, 0.8201, 0.1799
0, 0.8219, 0.1781
0, 0.8235, 0.1765
0, 0.8236, 0.1764
0, 0.8097, 0.1903
0, 0.8239, 0.1761
0, 0.8218, 0.1782
0, 0.82195, 0.17805
0, 0.8277, 0.1723
0, 0.8235, 0.1765
0, 0.9497, 0.0503
0, 0.8277, 0.1723
0, 0.826525, 0.173475
0, 0.8266, 0.1734
0, 0.8286, 0.1714
0, 0.8279, 0.1721
0, 0.8278, 0.1722
0, 0.8285, 0.1715
0, 0.8278, 0.1722
0, 0.8284, 0.1716
0, 0.8288, 0.1712
0, 0.8278, 0.1722
0, 0.8286166666666668, 0.17138333333333333
0, 0.8217, 0.1783
0, 0.8286, 0.1714
0, 0.8178500000000001, 0.18214999999999998
1, 0.7666, 0.2334
0, 0.8266, 0.1734
0, 0.81355, 0.18645
0, 0.8193, 0.1807
0, 0.8184, 0.1816
0, 0.9491, 0.0509
0, 0.8189, 0.1811
0, 0.8217, 0.1783
0, 0.8914, 0.1086
0, 0.889, 0.111
0, 0.8909, 0.1091
0, 0.8036, 0.1964
0, 0.8147, 0.1853
0, 0.8905, 0.1095
0, 0.8221, 0.1779
0, 0.8267, 0.1733
0, 0.8909, 0.1091
0, 0.8878, 0.1122
0, 0.8899, 0.1101
0, 0.8879, 0.1121
0, 0.8867, 0.1133
0, 0.8879, 0.1121
0, 0.8897, 0.1103
0, 0.88955, 0.11045
0, 0.8893, 0.1107
0, 0.889, 0.111
0, 0.8866916666666667, 0.11330833333333333
0, 0.8899, 0.1101
0, 0.8921, 0.1079
0, 0.8908, 0.1092
0, 0.8924, 0.1076
0, 0.8915833333333334, 0.10841666666666668
0, 0.8927, 0.1073
0, 0.893, 0.107
0, 0.8089, 0.1911
0, 0.8115, 0.1885
0, 0.8127, 0.1873
0, 0.8127, 0.1873
0, 0.8923, 0.1077
0, 0.8077, 0.1923
0, 0.809, 0.191
0, 0.8863, 0.1137
0, 0.8069, 0.1931
0, 0.8108, 0.1892
0, 0.8135, 0.1865
0, 0.8017, 0.1983
0, 0.8099, 0.1901
0, 0.8216, 0.1784
0, 0.8078, 0.1922
0, 0.8901, 0.1099
0, 0.8609333333333334, 0.13906666666666664
0, 0.8937, 0.1063
0, 0.8864, 0.1136
0, 0.8917, 0.1083
0, 0.8913, 0.1087
0, 0.8898, 0.1102
0, 0.8909, 0.1091
0, 0.8178, 0.1822
0, 0.8113833333333333, 0.18861666666666668
0, 0.8127, 0.1873
0, 0.7879, 0.2121
0, 0.891, 0.109
0, 0.8929333333333334, 0.10706666666666667
0, 0.8257, 0.1743
0, 0.8257, 0.1743
0, 0.8918, 0.1082
0, 0.3427, 0.6573
0, 0.8906833333333334, 0.10931666666666667
0, 0.8913, 0.1087
0, 0.8104, 0.1896
0, 0.8923, 0.1077
0, 0.8027, 0.1973
0, 0.886, 0.114
0, 0.8895, 0.1105
0, 0.8896, 0.1104
0, 0.8911, 0.1089
0, 0.8877, 0.1123
0, 0.8886, 0.1114
0, 0.8905, 0.1095
0, 0.8899, 0.1101
0, 0.8878, 0.1122
0, 0.8247149999999998, 0.17528500000000002
0, 0.8906833333333334, 0.10931666666666667
0, 0.8722, 0.1278
0, 0.8867, 0.1133
0, 0.8919, 0.1081
0, 0.8272, 0.1728
0, 0.89085, 0.10915
0, 0.8274, 0.1726
0, 0.8907, 0.1093
0, 0.8909, 0.1091
0, 0.412, 0.588
0, 0.8902, 0.1098
0, 0.8211, 0.1789
0, 0.807, 0.193
0, 0.8034, 0.1966
0, 0.8047, 0.1953
0, 0.8019, 0.1981
0, 0.8818, 0.1182
0, 0.8174, 0.1826
0, 0.8248, 0.1752
0, 0.8193, 0.1807
0, 0.8169, 0.1831
0, 0.8243, 0.1757
0, 0.8246, 0.1754
0, 0.4114, 0.5886
0, 0.8181, 0.1819
1, 0.0009, 0.9991
0, 0.8216, 0.1784
0, 0.8274, 0.1726
0, 0.8274, 0.1726
0, 0.8242, 0.1758
0, 0.8222, 0.1778
0, 0.93005, 0.06995
0, 0.4132, 0.5868
0, 0.7826, 0.2174
0, 0.2732, 0.7268
0, 0.81335, 0.18665
0, 0.8213333333333332, 0.17866666666666667
0, 0.8283, 0.1717
0, 0.8283, 0.1717
0, 0.8283, 0.1717
0, 0.8283, 0.1717
0, 0.8283, 0.1717
0, 0.8283, 0.1717
0, 0.8283, 0.1717
0, 0.8283, 0.1717
0, 0.8283, 0.1717
0, 0.8283, 0.1717
0, 0.8279, 0.1721
0, 0.8283, 0.1717
0, 0.8281, 0.1719
0, 0.8266, 0.1734
0, 0.8266, 0.1734
0, 0.8266, 0.1734
0, 0.8266, 0.1734
0, 0.8266, 0.1734
0, 0.8266, 0.1734
0, 0.8266, 0.1734
0, 0.8266, 0.1734
0, 0.8266, 0.1734
0, 0.8266, 0.1734
0, 0.8266, 0.1734
0, 0.8907, 0.1093
0, 0.89, 0.11
0, 0.8909, 0.1091
0, 0.8908, 0.1092
0, 0.8896, 0.1104
0, 0.8909, 0.1091
0, 0.8907, 0.1093
0, 0.8909, 0.1091
0, 0.89, 0.11
0, 0.8899, 0.1101
0, 0.8909, 0.1091
0, 0.8909, 0.1091
0, 0.9331, 0.0669
0, 0.7895, 0.2105
0, 0.7796, 0.2204
0, 0.8163, 0.1837
0, 0.7992, 0.2008
0, 0.4076, 0.5924
0, 0.8135, 0.1865
0, 0.8121, 0.1879
1, 0.8087, 0.1913
0, 0.8112, 0.1888
0, 0.8176, 0.1824
0, 0.867, 0.133
0, 0.8228, 0.1772
0, 0.8639, 0.1361
0, 0.8056, 0.1944
0, 0.7817, 0.2183
0, 0.868, 0.132
0, 0.8694, 0.1306
0, 0.87, 0.13
0, 0.8008, 0.1992
0, 0.8686, 0.1314
0, 0.87, 0.13
0, 0.869, 0.131
0, 0.8654, 0.1346
0, 0.8203, 0.1797
0, 0.8696, 0.1304
0, 0.8679, 0.1321
0, 0.4249, 0.5751
0, 0.8113, 0.1887
0, 0.8122, 0.1878
0, 0.8917, 0.1083
0, 0.892, 0.108
0, 0.8928, 0.1072
0, 0.8194, 0.1806
0, 0.8164, 0.1836
0, 0.8149, 0.1851
0, 0.8236, 0.1764
0, 0.8246, 0.1754
0, 0.8068, 0.1932
0, 0.798, 0.202
0, 0.953, 0.047
0, 0.7706, 0.2294
1, 0.81825, 0.18175
0, 0.8071, 0.1929
0, 0.7929, 0.2071
0, 0.8209, 0.1791
0, 0.8633, 0.1367
0, 0.8173, 0.1827
0, 0.7832, 0.2168
0, 0.813, 0.187
1, 0.8254, 0.1746
1, 0.8253, 0.1747
1, 0.812, 0.188
1, 0.8245, 0.1755
0, 0.8156333333333333, 0.18436666666666668
0, 0.8286, 0.1714
0, 0.4403, 0.5597
0, 0.8155, 0.1845
0, 0.8253, 0.1747
0, 0.8279, 0.1721
0, 0.8239, 0.1761
0, 0.8224, 0.1776
0, 0.8604, 0.1396
0, 0.8609, 0.1391
0, 0.8222, 0.1778
0, 0.8264, 0.1736
0, 0.8033, 0.1967
0, 0.8109, 0.1891
0, 0.8134, 0.1866
0, 0.8087, 0.1913
0, 0.8087, 0.1913
0, 0.7725, 0.2275
0, 0.7981, 0.2019
0, 0.7967, 0.2033
0, 0.8135, 0.1865
0, 0.8075, 0.1925
0, 0.8118, 0.1882
0, 0.8075, 0.1925
0, 0.8036, 0.1964
0, 0.7682, 0.2318
0, 0.8132, 0.1868
0, 0.8264, 0.1736
0, 0.8216, 0.1784
0, 0.8276, 0.1724
0, 0.8258, 0.1742
0, 0.8243, 0.1757
0, 0.8251, 0.1749
0, 0.8262, 0.1738
0, 0.8087, 0.1913
0, 0.8275, 0.1725
0, 0.8262, 0.1738
1, 0.0019, 0.9981
0, 0.8671, 0.1329
0, 0.8001870238095238, 0.1998129761904762
0, 0.8015, 0.1985
0, 0.8593791666666668, 0.14062083333333333
0, 0.8668, 0.1332
0, 0.8663, 0.1337
0, 0.8261, 0.1739
0, 0.858, 0.142
0, 0.8590791666666668, 0.14092083333333333
0, 0.8692, 0.1308
0, 0.8242, 0.1758
0, 0.8522, 0.1478
0, 0.8625, 0.1375
0, 0.8127, 0.1873
0, 0.8115, 0.1885
0, 0.8134, 0.1866
0, 0.8015, 0.1985
0, 0.8053, 0.1947
0, 0.85355, 0.14645
0, 0.8275416666666668, 0.17245833333333332
0, 0.8246, 0.1754
0, 0.8257, 0.1743
0, 0.82345, 0.17655
0, 0.82085, 0.17915
0, 0.8246, 0.1754
0, 0.824, 0.176
0, 0.8241, 0.1759
0, 0.3467, 0.6533
0, 0.8249, 0.1751
0, 0.8291, 0.1709
0, 0.8129, 0.1871
0, 0.8175, 0.1825
0, 0.817, 0.183
0, 0.8129, 0.1871
0, 0.8129, 0.1871
0, 0.819, 0.181
0, 0.8231, 0.1769
0, 0.8174, 0.1826
0, 0.8129, 0.1871
0, 0.8189, 0.1811
0, 0.8178, 0.1822
0, 0.8193, 0.1807
0, 0.8235, 0.1765
0, 0.8164, 0.1836
0, 0.8232, 0.1768
0, 0.8168, 0.1832
0, 0.8123, 0.1877
0, 0.8167916666666667, 0.18320833333333333
0, 0.8232, 0.1768
0, 0.8123, 0.1877
0, 0.8166, 0.1834
0, 0.8132, 0.1868
0, 0.8205, 0.1795
0, 0.8129, 0.1871
0, 0.819, 0.181
0, 0.8163, 0.1837
0, 0.8164, 0.1836
0, 0.8165, 0.1835
0, 0.8168, 0.1832
0, 0.8172, 0.1828
0, 0.8125, 0.1875
0, 0.8129, 0.1871
0, 0.8166, 0.1834
0, 0.8172, 0.1828
0, 0.8132, 0.1868
0, 0.816825, 0.183175
0, 0.8136, 0.1864
0, 0.8159, 0.1841
0, 0.8193, 0.1807
0, 0.8231, 0.1769
0, 0.8166, 0.1834
0, 0.8168, 0.1832
0, 0.8123, 0.1877
0, 0.822875, 0.177125
0, 0.816825, 0.183175
0, 0.8132, 0.1868
0, 0.8129, 0.1871
0, 0.8232, 0.1768
0, 0.8123, 0.1877
0, 0.8172, 0.1828
0, 0.819, 0.181
0, 0.8207, 0.1793
0, 0.817, 0.183
0, 0.8166, 0.1834
0, 0.8132, 0.1868
0, 0.8165, 0.1835
0, 0.8181, 0.1819
0, 0.8235, 0.1765
0, 0.8165, 0.1835
0, 0.8164, 0.1836
0, 0.8166, 0.1834
0, 0.8132, 0.1868
0, 0.8188, 0.1812
0, 0.8132, 0.1868
0, 0.8166, 0.1834
0, 0.8003, 0.1997
0, 0.7763, 0.2237
0, 0.8066333333333333, 0.1933666666666667
0, 0.8848, 0.1152
0, 0.8683, 0.1317
0, 0.80494, 0.19505999999999998
0, 0.8056, 0.1944
0, 0.8004, 0.1996
0, 0.808465, 0.19153499999999998
1, 0.0146, 0.9854
0, 0.8097, 0.1903
0, 0.8066, 0.1934
0, 0.8115, 0.1885
0, 0.8378, 0.1622
1, 0.8060583333333334, 0.19394166666666665
1, 0.8114, 0.1886
1, 0.8032983333333332, 0.19670166666666666
1, 0.8009, 0.1991
1, 0.8007, 0.1993
1, 0.8049, 0.1951
1, 0.8049, 0.1951
1, 0.8043, 0.1957
1, 0.7820733333333333, 0.21792666666666663
1, 0.8053, 0.1947
1, 0.8109, 0.1891
1, 0.8131, 0.1869
1, 0.8072, 0.1928
1, 0.0195, 0.9805
1, 0.1076, 0.8924
1, 0.8022, 0.1978
1, 0.806, 0.194
1, 0.0452, 0.9548
1, 0.8058, 0.1942
1, 0.0919, 0.9081
1, 0.8054, 0.1946
1, 0.8051, 0.1949
1, 0.8173, 0.1827
1, 0.8063, 0.1937
1, 0.8038983333333333, 0.19610166666666667
1, 0.7706, 0.2294
1, 0.799, 0.201
1, 0.8059, 0.1941
1, 0.8048, 0.1952
1, 0.8053233333333333, 0.19467666666666666
1, 0.805, 0.195
1, 0.7922, 0.2078
1, 0.811, 0.189
1, 0.7993983333333333, 0.20060166666666668
0, 0.8582, 0.1418
1, 0.8117, 0.1883
0, 0.8589, 0.1411
1, 0.805, 0.195
1, 0.811, 0.189
1, 0.809, 0.191
1, 0.8109, 0.1891
1, 0.8019, 0.1981
1, 0.809, 0.191
1, 0.8108, 0.1892
1, 0.0349, 0.9651
1, 0.8044, 0.1956
0, 0.859, 0.141
1, 0.8049, 0.1951
1, 0.8057083333333334, 0.19429166666666664
1, 0.8049, 0.1951
1, 0.809, 0.191
1, 0.7891166666666667, 0.2108833333333333
1, 0.8019, 0.1981
1, 0.8079, 0.1921
1, 0.8048, 0.1952
1, 0.8108, 0.1892
1, 0.0343, 0.9657
0, 0.88635, 0.11365
1, 0.8046, 0.1954
1, 0.8049, 0.1951
1, 0.8049, 0.1951
1, 0.805, 0.195
0, 0.8614733333333333, 0.13852666666666666
0, 0.9219, 0.0781
0, 0.8456, 0.1544
0, 0.9311, 0.0689
0, 0.9732, 0.0268
0, 0.954, 0.046
0, 0.8065833333333333, 0.19341666666666665
0, 0.853925, 0.146075
0, 0.7901, 0.2099
1, 0.84554, 0.15446
1, 0.8495333333333334, 0.15046666666666667
1, 0.8139, 0.1861
1, 0.8116399999999999, 0.18836
0, 0.8670083333333332, 0.13299166666666667
0, 0.9202, 0.0798
0, 0.9315, 0.0685
0, 0.93925, 0.06075
0, 0.9378, 0.0622
0, 0.8043, 0.1957
0, 0.8753333333333332, 0.12466666666666668
0, 0.8734, 0.1266
0, 0.9392, 0.0608
0, 0.9372, 0.0628
0, 0.9372, 0.0628
0, 0.9382, 0.0618
0, 0.9372, 0.0628
0, 0.9377, 0.0623
0, 0.937, 0.063
0, 0.9392, 0.0608
0, 0.9369, 0.0631
0, 0.937, 0.063
0, 0.9381, 0.0619
0, 0.9385, 0.0615
0, 0.9483, 0.0517
0, 0.937, 0.063
0, 0.9393, 0.0607
0, 0.9393, 0.0607
0, 0.9377, 0.0623
0, 0.9376, 0.0624
0, 0.9374, 0.0626
0, 0.9393, 0.0607
0, 0.938, 0.062
0, 0.9393, 0.0607
0, 0.9393, 0.0607
0, 0.9339, 0.0661
0, 0.8675666666666668, 0.13243333333333332
0, 0.8247, 0.1753
0, 0.871125, 0.128875
0, 0.7512, 0.2488
0, 0.8823, 0.1177
0, 0.8677, 0.1323
0, 0.8696, 0.1304
0, 0.8091203571428572, 0.19087964285714284
0, 0.7262, 0.2738
0, 0.8696, 0.1304
0, 0.8091203571428572, 0.19087964285714284
0, 0.8234, 0.1766
0, 0.3018, 0.6982
0, 0.2643, 0.7357
0, 0.9265, 0.0735
0, 0.8696, 0.1304
0, 0.2714, 0.7286
0, 0.8735900000000002, 0.12641
0, 0.8280666666666668, 0.17193333333333333
0, 0.8696, 0.1304
0, 0.872925, 0.12707499999999997
0, 0.7986, 0.2014
0, 0.7215, 0.2785
0, 0.8759966666666668, 0.12400333333333333
0, 0.8655, 0.1345
0, 0.97845, 0.02155
0, 0.97635, 0.02365
0, 0.7433, 0.2567
0, 0.8752, 0.1248
0, 0.9811, 0.0189
0, 0.8754, 0.1246
0, 0.7467, 0.2533
0, 0.4526, 0.5474
0, 0.7173, 0.2827
0, 0.872925, 0.12707499999999997
0, 0.8696, 0.1304
0, 0.7467, 0.2533
0, 0.872925, 0.12707499999999997
0, 0.8292, 0.1708
0, 0.8696, 0.1304
0, 0.8068750000000001, 0.193125
0, 0.8322, 0.1678
0, 0.8753333333333332, 0.12466666666666668
0, 0.8631, 0.1369
0, 0.8059, 0.1941
0, 0.8126, 0.1874
0, 0.8061, 0.1939
0, 0.8059, 0.1941
0, 0.8708, 0.1292
0, 0.8913, 0.1087
0, 0.811, 0.189
0, 0.9217, 0.0783
0, 0.8706, 0.1294
0, 0.8968, 0.1032
0, 0.9783, 0.0217
0, 0.4563, 0.5437
0, 0.8090483333333333, 0.19095166666666666
0, 0.8747, 0.1253
1, 0.7713, 0.2287
1, 0.8065, 0.1935
0, 0.801, 0.199
0, 0.87335, 0.12665
0, 0.8742, 0.1258
0, 0.8711, 0.1289
0, 0.8742, 0.1258
0, 0.8719, 0.1281
0, 0.9648, 0.0352
0, 0.9619, 0.0381
0, 0.9557, 0.0443
0, 0.9543, 0.0457
0, 0.9488, 0.0512
0, 0.9651, 0.0349
0, 0.9594, 0.0406
1, 0.8763, 0.1237
0, 0.8694, 0.1306
0, 0.8744, 0.1256
0, 0.8744, 0.1256
0, 0.8743, 0.1257
0, 0.8908, 0.1092
0, 0.87045, 0.12955
0, 0.8699, 0.1301
1, 0.8679, 0.1321
0, 0.87324, 0.12675999999999998
0, 0.8731, 0.1269
0, 0.2389, 0.7611
0, 0.8745, 0.1255
0, 0.8690899999999999, 0.13091
0, 0.2722, 0.7278
0, 0.8694, 0.1306
0, 0.871875, 0.128125
0, 0.8315666666666668, 0.16843333333333332
0, 0.8716, 0.1284
0, 0.986, 0.014
0, 0.9763, 0.0237
0, 0.8713, 0.1287
0, 0.8736, 0.1264
0, 0.8715, 0.1285
0, 0.8722, 0.1278
0, 0.8722, 0.1278
0, 0.8722, 0.1278
0, 0.8736, 0.1264
0, 0.8759, 0.1241
0, 0.8736, 0.1264
0, 0.8715, 0.1285
0, 0.8729, 0.1271
0, 0.8744, 0.1256
0, 0.8736, 0.1264
0, 0.8721, 0.1279
0, 0.8729, 0.1271
0, 0.8721, 0.1279
0, 0.8734, 0.1266
0, 0.978, 0.022
0, 0.8734, 0.1266
0, 0.8246, 0.1754
0, 0.8708, 0.1292
0, 0.3805, 0.6195
0, 0.3154, 0.6846
0, 0.8692, 0.1308
0, 0.21425, 0.78575
1, 0.8667, 0.1333
0, 0.8744, 0.1256
1, 0.0019, 0.9981
0, 0.8777, 0.1223
0, 0.4292, 0.5708
0, 0.8626, 0.1374
0, 0.8647870238095238, 0.13521297619047618
0, 0.874, 0.126
0, 0.8648870238095239, 0.1351129761904762
0, 0.8681, 0.1319
1, 0.0136, 0.9864
0, 0.3363, 0.6637
0, 0.2096, 0.7904
0, 0.2012, 0.7988
0, 0.2244, 0.7756
0, 0.2104, 0.7896
0, 0.2244, 0.7756
0, 0.1763, 0.8237
0, 0.2105, 0.7895
0, 0.2645, 0.7355
0, 0.2623, 0.7377
0, 0.2665, 0.7335
0, 0.2419, 0.7581
0, 0.3876, 0.6124
0, 0.2456, 0.7544
0, 0.2696, 0.7304
0, 0.2524, 0.7476
0, 0.2623, 0.7377
0, 0.4337, 0.5663
0, 0.2959, 0.7041
0, 0.3171, 0.6829
0, 0.2875, 0.7125
0, 0.2956, 0.7044
1, 0.0601, 0.9399
1, 0.0079, 0.9921
1, 0.0552, 0.9448
1, 0.0558, 0.9442
1, 0.0568, 0.9432
1, 0.0549, 0.9451
1, 0.0629, 0.9371
1, 0.0688, 0.9312
1, 0.058, 0.942
1, 0.0601, 0.9399
1, 0.0571, 0.9429
1, 0.0082, 0.9918
1, 0.0693, 0.9307
1, 0.0551, 0.9449
1, 0.0218, 0.9782
1, 0.0607, 0.9393
1, 0.0575, 0.9425
1, 0.0681, 0.9319
1, 0.054, 0.946
1, 0.0224, 0.9776
1, 0.0635, 0.9365
1, 0.058, 0.942
1, 0.0169, 0.9831
1, 0.009, 0.991
1, 0.0106, 0.9894
