0, 0.2311, 0.7689
1, 0.1696, 0.8304
1, 0.1691, 0.8309
1, 0.1696, 0.8304
1, 0.7553, 0.2447
1, 0.7561, 0.2439
1, 0.7399, 0.2601
1, 0.7517, 0.2483
1, 0.7623, 0.2377
1, 0.7446, 0.2554
1, 0.7581, 0.2419
1, 0.7525, 0.2475
1, 0.7653, 0.2347
1, 0.7598, 0.2402
1, 0.7645, 0.2355
1, 0.7331, 0.2669
1, 0.7624, 0.2376
1, 0.7544, 0.2456
1, 0.7458, 0.2542
1, 0.7482, 0.2518
1, 0.7481, 0.2519
1, 0.7384, 0.2616
1, 0.7347, 0.2653
1, 0.7388, 0.2612
1, 0.758, 0.242
1, 0.7503, 0.2497
1, 0.7376, 0.2624
1, 0.749, 0.251
1, 0.7443, 0.2557
1, 0.7426, 0.2574
1, 0.7592, 0.2408
1, 0.7415, 0.2585
1, 0.7426, 0.2574
1, 0.7426, 0.2574
1, 0.7592, 0.2408
1, 0.7426, 0.2574
1, 0.7514, 0.2486
1, 0.7483, 0.2517
1, 0.7582, 0.2418
1, 0.7523, 0.2477
1, 0.7521, 0.2479
1, 0.7507, 0.2493
1, 0.7346, 0.2654
1, 0.7521, 0.2479
1, 0.7468, 0.2532
1, 0.7541, 0.2459
1, 0.7505, 0.2495
1, 0.7315, 0.2685
1, 0.7542, 0.2458
1, 0.75, 0.25
1, 0.7612, 0.2388
1, 0.7301, 0.2699
1, 0.7513, 0.2487
1, 0.7586, 0.2414
1, 0.7612, 0.2388
1, 0.7501, 0.2499
1, 0.7546, 0.2454
1, 0.758, 0.242
1, 0.7521, 0.2479
1, 0.756, 0.244
1, 0.7589, 0.2411
1, 0.7541, 0.2459
1, 0.7345, 0.2655
1, 0.7571, 0.2429
1, 0.7411, 0.2589
1, 0.7323, 0.2677
1, 0.7429, 0.2571
1, 0.7529, 0.2471
1, 0.75, 0.25
1, 0.7542, 0.2458
1, 0.7547, 0.2453
1, 0.7529, 0.2471
1, 0.7513, 0.2487
1, 0.7487, 0.2513
1, 0.7418, 0.2582
1, 0.7416, 0.2584
1, 0.7547, 0.2453
1, 0.7436, 0.2564
1, 0.7506, 0.2494
1, 0.7521, 0.2479
1, 0.7547, 0.2453
1, 0.7505, 0.2495
1, 0.752, 0.248
1, 0.7521, 0.2479
1, 0.7521, 0.2479
1, 0.7281, 0.2719
1, 0.7428, 0.2572
1, 0.7466, 0.2534
1, 0.751, 0.249
1, 0.7454, 0.2546
1, 0.7353, 0.2647
1, 0.7431, 0.2569
1, 0.7355, 0.2645
1, 0.7401, 0.2599
1, 0.7441, 0.2559
1, 0.7342, 0.2658
1, 0.7466, 0.2534
1, 0.7457, 0.2543
1, 0.7428, 0.2572
1, 0.7504, 0.2496
1, 0.7523, 0.2477
1, 0.7418, 0.2582
1, 0.7404, 0.2596
1, 0.7312, 0.2688
1, 0.7441, 0.2559
1, 0.7437, 0.2563
1, 0.7407, 0.2593
1, 0.7444, 0.2556
1, 0.7342, 0.2658
1, 0.7504, 0.2496
1, 0.7469, 0.2531
1, 0.7399, 0.2601
1, 0.7515, 0.2485
1, 0.7443, 0.2557
1, 0.7431, 0.2569
1, 0.7457, 0.2543
1, 0.7441, 0.2559
1, 0.7428, 0.2572
1, 0.7488, 0.2512
1, 0.7488, 0.2512
1, 0.7476, 0.2524
1, 0.7504, 0.2496
1, 0.7467, 0.2533
1, 0.7392, 0.2608
1, 0.7286, 0.2714
1, 0.7339, 0.2661
1, 0.7273, 0.2727
1, 0.7467, 0.2533
1, 0.7284, 0.2716
1, 0.75, 0.25
1, 0.7504, 0.2496
1, 0.7424, 0.2576
1, 0.7371, 0.2629
1, 0.7394, 0.2606
1, 0.7428, 0.2572
1, 0.751, 0.249
1, 0.7454, 0.2546
1, 0.7454, 0.2546
1, 0.7492, 0.2508
1, 0.74, 0.26
1, 0.7469, 0.2531
1, 0.7531, 0.2469
1, 0.7597, 0.2403
1, 0.7532, 0.2468
1, 0.7596, 0.2404
1, 0.7502, 0.2498
1, 0.7501, 0.2499
1, 0.7567, 0.2433
1, 0.7521, 0.2479
1, 0.7571, 0.2429
1, 0.7547, 0.2453
1, 0.752, 0.248
1, 0.7391, 0.2609
1, 0.7506, 0.2494
1, 0.7577, 0.2423
1, 0.7464, 0.2536
1, 0.7547, 0.2453
1, 0.75, 0.25
1, 0.7588, 0.2412
1, 0.7598, 0.2402
1, 0.7391, 0.2609
1, 0.752, 0.248
1, 0.7595, 0.2405
1, 0.7526, 0.2474
1, 0.7575, 0.2425
1, 0.7542, 0.2458
1, 0.7541, 0.2459
1, 0.7407, 0.2593
1, 0.7515, 0.2485
1, 0.7502, 0.2498
1, 0.7433, 0.2567
1, 0.7521, 0.2479
1, 0.7472, 0.2528
1, 0.7421, 0.2579
1, 0.7571, 0.2429
1, 0.752, 0.248
1, 0.7488, 0.2512
1, 0.738, 0.262
1, 0.7491, 0.2509
1, 0.7553, 0.2447
1, 0.7429, 0.2571
1, 0.7486, 0.2514
1, 0.758, 0.242
1, 0.7356, 0.2644
1, 0.755, 0.245
1, 0.7547, 0.2453
1, 0.753, 0.247
1, 0.7571, 0.2429
1, 0.7547, 0.2453
1, 0.7571, 0.2429
1, 0.7521, 0.2479
1, 0.734, 0.266
1, 0.748, 0.252
1, 0.7532, 0.2468
1, 0.7548, 0.2452
1, 0.7432, 0.2568
1, 0.7502, 0.2498
1, 0.7497, 0.2503
1, 0.7544, 0.2456
1, 0.7554, 0.2446
1, 0.7501, 0.2499
1, 0.7357, 0.2643
1, 0.752, 0.248
1, 0.7348, 0.2652
1, 0.7415, 0.2585
1, 0.7443, 0.2557
1, 0.7531, 0.2469
1, 0.7521, 0.2479
1, 0.7569, 0.2431
1, 0.7353, 0.2647
1, 0.7407, 0.2593
1, 0.7394, 0.2606
1, 0.7446, 0.2554
1, 0.7434, 0.2566
1, 0.7428, 0.2572
1, 0.7398, 0.2602
1, 0.7504, 0.2496
1, 0.7373, 0.2627
1, 0.7359, 0.2641
1, 0.7434, 0.2566
1, 0.7248, 0.2752
1, 0.7451, 0.2549
1, 0.7405, 0.2595
1, 0.743, 0.257
1, 0.7426, 0.2574
1, 0.7454, 0.2546
1, 0.7464, 0.2536
1, 0.7441, 0.2559
1, 0.748, 0.252
1, 0.7504, 0.2496
1, 0.7364, 0.2636
1, 0.7488, 0.2512
1, 0.7428, 0.2572
1, 0.7283, 0.2717
1, 0.75, 0.25
1, 0.7454, 0.2546
1, 0.7448, 0.2552
1, 0.7454, 0.2546
1, 0.7395, 0.2605
1, 0.7481, 0.2519
1, 0.7441, 0.2559
1, 0.7359, 0.2641
1, 0.7443, 0.2557
1, 0.7365, 0.2635
1, 0.7466, 0.2534
1, 0.7428, 0.2572
1, 0.7495, 0.2505
1, 0.748, 0.252
1, 0.7457, 0.2543
1, 0.7428, 0.2572
1, 0.7304, 0.2696
1, 0.7341, 0.2659
1, 0.7463, 0.2537
1, 0.7449, 0.2551
1, 0.7504, 0.2496
1, 0.7275, 0.2725
1, 0.7407, 0.2593
1, 0.7454, 0.2546
1, 0.7415, 0.2585
1, 0.7428, 0.2572
1, 0.7428, 0.2572
1, 0.7359, 0.2641
1, 0.7457, 0.2543
1, 0.744, 0.256
1, 0.7386, 0.2614
1, 0.7484, 0.2516
1, 0.7464, 0.2536
1, 0.7359, 0.2641
1, 0.7355, 0.2645
1, 0.7247, 0.2753
1, 0.7404, 0.2596
1, 0.7435, 0.2565
1, 0.743, 0.257
1, 0.7362, 0.2638
1, 0.7466, 0.2534
1, 0.7452, 0.2548
1, 0.749, 0.251
1, 0.7279, 0.2721
1, 0.7342, 0.2658
1, 0.7407, 0.2593
1, 0.7504, 0.2496
1, 0.7466, 0.2534
1, 0.7434, 0.2566
1, 0.7449, 0.2551
1, 0.7422, 0.2578
1, 0.7352, 0.2648
1, 0.7504, 0.2496
1, 0.728, 0.272
1, 0.7392, 0.2608
1, 0.74, 0.26
1, 0.7454, 0.2546
1, 0.7412, 0.2588
1, 0.7432, 0.2568
1, 0.7504, 0.2496
1, 0.7281, 0.2719
1, 0.7373, 0.2627
1, 0.7484, 0.2516
1, 0.7432, 0.2568
1, 0.729, 0.271
1, 0.7451, 0.2549
1, 0.7392, 0.2608
1, 0.7434, 0.2566
1, 0.7424, 0.2576
1, 0.7428, 0.2572
1, 0.7387, 0.2613
1, 0.7457, 0.2543
1, 0.7504, 0.2496
1, 0.7504, 0.2496
1, 0.7392, 0.2608
1, 0.7504, 0.2496
1, 0.7504, 0.2496
1, 0.7466, 0.2534
1, 0.7442, 0.2558
1, 0.7431, 0.2569
1, 0.7374, 0.2626
1, 0.7444, 0.2556
1, 0.7431, 0.2569
1, 0.7505, 0.2495
1, 0.7438, 0.2562
1, 0.7466, 0.2534
1, 0.748, 0.252
1, 0.7377, 0.2623
1, 0.7292, 0.2708
1, 0.7444, 0.2556
1, 0.7422, 0.2578
1, 0.7449, 0.2551
1, 0.7504, 0.2496
1, 0.7459, 0.2541
1, 0.7409, 0.2591
1, 0.745, 0.255
1, 0.7426, 0.2574
1, 0.1715, 0.8285
1, 0.7366, 0.2634
1, 0.7484, 0.2516
1, 0.7454, 0.2546
1, 0.747, 0.253
1, 0.7408, 0.2592
1, 0.7434, 0.2566
1, 0.7398, 0.2602
1, 0.7395, 0.2605
1, 0.7522, 0.2478
1, 0.7342, 0.2658
1, 0.7454, 0.2546
1, 0.7428, 0.2572
1, 0.743, 0.257
1, 0.7431, 0.2569
1, 0.7456, 0.2544
1, 0.7457, 0.2543
1, 0.7428, 0.2572
1, 0.7431, 0.2569
1, 0.7428, 0.2572
1, 0.7488, 0.2512
1, 0.7428, 0.2572
1, 0.7449, 0.2551
1, 0.7473, 0.2527
1, 0.7439, 0.2561
1, 0.7275, 0.2725
1, 0.75, 0.25
1, 0.747, 0.253
1, 0.7489, 0.2511
1, 0.7441, 0.2559
1, 0.748, 0.252
1, 0.7486, 0.2514
1, 0.7428, 0.2572
1, 0.7454, 0.2546
1, 0.7495, 0.2505
1, 0.7458, 0.2542
1, 0.7428, 0.2572
1, 0.7445, 0.2555
1, 0.7479, 0.2521
1, 0.7434, 0.2566
1, 0.733, 0.267
1, 0.7371, 0.2629
1, 0.7444, 0.2556
1, 0.7502, 0.2498
1, 0.7542, 0.2458
1, 0.7502, 0.2498
1, 0.7438, 0.2562
1, 0.7487, 0.2513
1, 0.7539, 0.2461
1, 0.7521, 0.2479
1, 0.7532, 0.2468
1, 0.7521, 0.2479
1, 0.7542, 0.2458
1, 0.751, 0.249
1, 0.7426, 0.2574
1, 0.7583, 0.2417
1, 0.7521, 0.2479
1, 0.75, 0.25
1, 0.7342, 0.2658
1, 0.7555, 0.2445
1, 0.7465, 0.2535
1, 0.7541, 0.2459
1, 0.7505, 0.2495
1, 0.7521, 0.2479
1, 0.7486, 0.2514
1, 0.7543, 0.2457
1, 0.7433, 0.2567
1, 0.7521, 0.2479
1, 0.7538, 0.2462
1, 0.7447, 0.2553
1, 0.7521, 0.2479
1, 0.7343, 0.2657
1, 0.7528, 0.2472
1, 0.7542, 0.2458
1, 0.7533, 0.2467
1, 0.744, 0.256
1, 0.7549, 0.2451
1, 0.7521, 0.2479
1, 0.7323, 0.2677
1, 0.7555, 0.2445
1, 0.7592, 0.2408
1, 0.7547, 0.2453
1, 0.7551, 0.2449
1, 0.7319, 0.2681
1, 0.7343, 0.2657
1, 0.7547, 0.2453
1, 0.7435, 0.2565
1, 0.7502, 0.2498
1, 0.7364, 0.2636
1, 0.7563, 0.2437
1, 0.7515, 0.2485
1, 0.7588, 0.2412
1, 0.7523, 0.2477
1, 0.7527, 0.2473
1, 0.7521, 0.2479
1, 0.7468, 0.2532
1, 0.755, 0.245
1, 0.7527, 0.2473
1, 0.7501, 0.2499
1, 0.7591, 0.2409
1, 0.7327, 0.2673
1, 0.7439, 0.2561
1, 0.7407, 0.2593
1, 0.7595, 0.2405
1, 0.7505, 0.2495
1, 0.7593, 0.2407
1, 0.7515, 0.2485
1, 0.7412, 0.2588
1, 0.7556, 0.2444
1, 0.7415, 0.2585
1, 0.7327, 0.2673
1, 0.7455, 0.2545
1, 0.751, 0.249
1, 0.7503, 0.2497
1, 0.7318, 0.2682
1, 0.7539, 0.2461
1, 0.7531, 0.2469
1, 0.7391, 0.2609
1, 0.7321, 0.2679
1, 0.7591, 0.2409
1, 0.7501, 0.2499
1, 0.7571, 0.2429
0, 0.9956, 0.0044
1, 0.7468, 0.2532
1, 0.7514, 0.2486
1, 0.7497, 0.2503
1, 0.7459, 0.2541
1, 0.7524, 0.2476
1, 0.7536, 0.2464
1, 0.7591, 0.2409
0, 0.3493, 0.6507
0, 0.2258, 0.7742
1, 0.7579, 0.2421
1, 0.7565, 0.2435
1, 0.7598, 0.2402
1, 0.7537, 0.2463
1, 0.7544, 0.2456
1, 0.7572, 0.2428
1, 0.7542, 0.2458
1, 0.7584, 0.2416
1, 0.7512, 0.2488
1, 0.7565, 0.2435
1, 0.7414, 0.2586
1, 0.6573, 0.3427
1, 0.7464, 0.2536
1, 0.753, 0.247
1, 0.7495, 0.2505
1, 0.7584, 0.2416
1, 0.7427, 0.2573
1, 0.7498, 0.2502
1, 0.7482, 0.2518
1, 0.7378, 0.2622
1, 0.7458, 0.2542
1, 0.7501, 0.2499
1, 0.7536, 0.2464
1, 0.7425, 0.2575
1, 0.7641, 0.2359
0, 0.8795, 0.1205
1, 0.7708, 0.2292
1, 0.7561, 0.2439
1, 0.7588, 0.2412
1, 0.7587, 0.2413
1, 0.7365, 0.2635
1, 0.7523, 0.2477
1, 0.7484, 0.2516
1, 0.7485, 0.2515
1, 0.7377, 0.2623
1, 0.7523, 0.2477
1, 0.7552, 0.2448
1, 0.7565, 0.2435
1, 0.7501, 0.2499
1, 0.7565, 0.2435
1, 0.7438, 0.2562
1, 0.7379, 0.2621
1, 0.7458, 0.2542
1, 0.7565, 0.2435
1, 0.7578, 0.2422
1, 0.7633, 0.2367
1, 0.754, 0.246
1, 0.754, 0.246
1, 0.7486, 0.2514
1, 0.7607, 0.2393
1, 0.7586, 0.2414
1, 0.7541, 0.2459
1, 0.7566, 0.2434
1, 0.7568, 0.2432
1, 0.7622, 0.2378
1, 0.7621, 0.2379
1, 0.7501, 0.2499
1, 0.7524, 0.2476
1, 0.7458, 0.2542
1, 0.7589, 0.2411
1, 0.7518, 0.2482
1, 0.7388, 0.2612
1, 0.7326, 0.2674
1, 0.7549, 0.2451
1, 0.7332, 0.2668
1, 0.7598, 0.2402
1, 0.733, 0.267
1, 0.7621, 0.2379
1, 0.7588, 0.2412
1, 0.7586, 0.2414
1, 0.7332, 0.2668
1, 0.7481, 0.2519
1, 0.7568, 0.2432
1, 0.7525, 0.2475
1, 0.761, 0.239
1, 0.7538, 0.2462
1, 0.7427, 0.2573
1, 0.7462, 0.2538
1, 0.7455, 0.2545
1, 0.7496, 0.2504
1, 0.7446, 0.2554
1, 0.741, 0.259
1, 0.7411, 0.2589
1, 0.7479, 0.2521
1, 0.7375, 0.2625
1, 0.7363, 0.2637
1, 0.7368, 0.2632
1, 0.7384, 0.2616
1, 0.7422, 0.2578
1, 0.7474, 0.2526
1, 0.75, 0.25
1, 0.7409, 0.2591
1, 0.7377, 0.2623
1, 0.7384, 0.2616
1, 0.7419, 0.2581
1, 0.7381, 0.2619
1, 0.7329, 0.2671
1, 0.746, 0.254
1, 0.7374, 0.2626
1, 0.7405, 0.2595
1, 0.7369, 0.2631
1, 0.7389, 0.2611
1, 0.7361, 0.2639
1, 0.7374, 0.2626
1, 0.7363, 0.2637
1, 0.7369, 0.2631
1, 0.7366, 0.2634
1, 0.732, 0.268
1, 0.7384, 0.2616
1, 0.742, 0.258
1, 0.732, 0.268
1, 0.7338, 0.2662
1, 0.7306, 0.2694
1, 0.7322, 0.2678
1, 0.7454, 0.2546
1, 0.7408, 0.2592
1, 0.7261, 0.2739
0, 0.9901, 0.0099
1, 0.737, 0.263
1, 0.7289, 0.2711
1, 0.7387, 0.2613
1, 0.738, 0.262
1, 0.7312, 0.2688
1, 0.7358, 0.2642
1, 0.734, 0.266
1, 0.7235, 0.2765
1, 0.6608, 0.3392
1, 0.6508, 0.3492
1, 0.6649, 0.3351
1, 0.6643, 0.3357
1, 0.3633, 0.6367
1, 0.6632, 0.3368
1, 0.6549, 0.3451
1, 0.6374, 0.3626
1, 0.659, 0.341
1, 0.6645, 0.3355
1, 0.6644, 0.3356
1, 0.3769, 0.6231
1, 0.6478, 0.3522
1, 0.661, 0.339
1, 0.6583, 0.3417
1, 0.6446, 0.3554
1, 0.6612, 0.3388
1, 0.6587, 0.3413
1, 0.6607, 0.3393
1, 0.6574, 0.3426
1, 0.6574, 0.3426
1, 0.661, 0.339
1, 0.6574, 0.3426
1, 0.6653, 0.3347
1, 0.6668, 0.3332
1, 0.6592, 0.3408
1, 0.6509, 0.3491
1, 0.6242, 0.3758
1, 0.6623, 0.3377
1, 0.7014, 0.2986
1, 0.6471, 0.3529
1, 0.6571, 0.3429
1, 0.6528, 0.3472
1, 0.6545, 0.3455
1, 0.647, 0.353
1, 0.6846, 0.3154
1, 0.6255, 0.3745
1, 0.6461, 0.3539
1, 0.6456, 0.3544
1, 0.7052, 0.2948
1, 0.6496, 0.3504
1, 0.6577, 0.3423
1, 0.6623, 0.3377
1, 0.6891, 0.3109
1, 0.6343, 0.3657
1, 0.6568, 0.3432
1, 0.6986, 0.3014
1, 0.6686, 0.3314
1, 0.649, 0.351
1, 0.6226, 0.3774
1, 0.6522, 0.3478
1, 0.6875, 0.3125
1, 0.6511, 0.3489
1, 0.6485, 0.3515
1, 0.6631, 0.3369
1, 0.6905, 0.3095
1, 0.6495, 0.3505
1, 0.6516, 0.3484
1, 0.6891, 0.3109
1, 0.6577, 0.3423
1, 0.6502, 0.3498
1, 0.6486, 0.3514
0, 0.6713, 0.3287
0, 0.6713, 0.3287
1, 0.6486, 0.3514
0, 0.6351, 0.3649
0, 0.6688, 0.3312
1, 0.6554, 0.3446
1, 0.6868, 0.3132
0, 0.6713, 0.3287
1, 0.6449, 0.3551
1, 0.6891, 0.3109
0, 0.6711, 0.3289
1, 0.6957, 0.3043
1, 0.6483, 0.3517
1, 0.6706, 0.3294
1, 0.6942, 0.3058
1, 0.7014, 0.2986
1, 0.6752, 0.3248
1, 0.6549, 0.3451
1, 0.6508, 0.3492
1, 0.6484, 0.3516
1, 0.6268, 0.3732
1, 0.4689, 0.5311
1, 0.6577, 0.3423
1, 0.6553, 0.3447
1, 0.6501, 0.3499
1, 0.6868, 0.3132
0, 0.6293, 0.3707
1, 0.6488, 0.3512
1, 0.642, 0.358
1, 0.2126, 0.7874
0, 0.3395, 0.6605
0, 0.3805, 0.6195
1, 0.6923, 0.3077
1, 0.6442, 0.3558
1, 0.701, 0.299
1, 0.1451, 0.8549
1, 0.6878, 0.3122
1, 0.6933, 0.3067
1, 0.6902, 0.3098
1, 0.6353, 0.3647
1, 0.6879, 0.3121
1, 0.6672, 0.3328
1, 0.6672, 0.3328
1, 0.6997, 0.3003
1, 0.6579, 0.3421
1, 0.6984, 0.3016
1, 0.6668, 0.3332
1, 0.6683, 0.3317
0, 0.7116, 0.2884
1, 0.6605, 0.3395
1, 0.6519, 0.3481
1, 0.6644, 0.3356
1, 0.6909, 0.3091
1, 0.6705, 0.3295
1, 0.6503, 0.3497
1, 0.6503, 0.3497
1, 0.661, 0.339
1, 0.6603, 0.3397
1, 0.6939, 0.3061
1, 0.6921, 0.3079
1, 0.6958, 0.3042
1, 0.6486, 0.3514
1, 0.8746, 0.1254
1, 0.84, 0.16
1, 0.8671, 0.1329
1, 0.877, 0.123
1, 0.8562, 0.1438
1, 0.853, 0.147
0, 0.8393, 0.1607
1, 0.8541, 0.1459
0, 0.8495, 0.1505
1, 0.664, 0.336
1, 0.65, 0.35
0, 0.978, 0.022
0, 0.9733, 0.0267
0, 0.9811, 0.0189
0, 0.9738, 0.0262
0, 0.9811, 0.0189
0, 0.971, 0.029
0, 0.966, 0.034
0, 0.9813, 0.0187
0, 0.9752, 0.0248
0, 0.972, 0.028
0, 0.993, 0.007
0, 0.9814, 0.0186
0, 0.9811, 0.0189
0, 0.9812, 0.0188
0, 0.9703, 0.0297
0, 0.952, 0.048
0, 0.9717, 0.0283
0, 0.9825, 0.0175
0, 0.9603, 0.0397
0, 0.9746, 0.0254
0, 0.9717, 0.0283
0, 0.9834, 0.0166
0, 0.9811, 0.0189
0, 0.9746, 0.0254
0, 0.9822, 0.0178
0, 0.9707, 0.0293
0, 0.9706, 0.0294
0, 0.9729, 0.0271
0, 0.9811, 0.0189
0, 0.9769, 0.0231
0, 0.9811, 0.0189
0, 0.9518, 0.0482
0, 0.9575, 0.0425
0, 0.9746, 0.0254
0, 0.9825, 0.0175
0, 0.9753, 0.0247
0, 0.981, 0.019
0, 0.9708, 0.0292
0, 0.9554, 0.0446
0, 0.967, 0.033
0, 0.9754, 0.0246
0, 0.9813, 0.0187
0, 0.9705, 0.0295
0, 0.981, 0.019
0, 0.9719, 0.0281
0, 0.9753, 0.0247
0, 0.9511, 0.0489
0, 0.9708, 0.0292
0, 0.9811, 0.0189
0, 0.9789, 0.0211
0, 0.9812, 0.0188
0, 0.972, 0.028
0, 0.9793, 0.0207
0, 0.9729, 0.0271
0, 0.9823, 0.0177
0, 0.9783, 0.0217
0, 0.9842, 0.0158
0, 0.9814, 0.0186
0, 0.9823, 0.0177
0, 0.9783, 0.0217
0, 0.9793, 0.0207
0, 0.9741, 0.0259
0, 0.9657, 0.0343
0, 0.9814, 0.0186
0, 0.9863, 0.0137
0, 0.9825, 0.0175
0, 0.9635, 0.0365
0, 0.9823, 0.0177
0, 0.9825, 0.0175
0, 0.9758, 0.0242
0, 0.9823, 0.0177
0, 0.9654, 0.0346
0, 0.9685, 0.0315
0, 0.9829, 0.0171
0, 0.9701, 0.0299
0, 0.9699, 0.0301
0, 0.9772, 0.0228
0, 0.9701, 0.0299
0, 0.9759, 0.0241
0, 0.9865, 0.0135
0, 0.996, 0.004
0, 0.9884, 0.0116
0, 0.9882, 0.0118
0, 0.9965, 0.0035
0, 0.9932, 0.0068
0, 0.9882, 0.0118
0, 0.8594, 0.1406
0, 0.893, 0.107
0, 0.8713, 0.1287
0, 0.8697, 0.1303
0, 0.8559, 0.1441
0, 0.8522, 0.1478
0, 0.8908, 0.1092
0, 0.832, 0.168
0, 0.8262, 0.1738
0, 0.8913, 0.1087
0, 0.8562, 0.1438
1, 0.6554, 0.3446
1, 0.6473, 0.3527
0, 0.9648, 0.0352
0, 0.968, 0.032
1, 0.1921, 0.8079
0, 0.2841, 0.7159
1, 0.7382, 0.2618
1, 0.7429, 0.2571
1, 0.737, 0.263
1, 0.7389, 0.2611
1, 0.743, 0.257
1, 0.7458, 0.2542
1, 0.7436, 0.2564
1, 0.743, 0.257
1, 0.7201, 0.2799
1, 0.7191, 0.2809
1, 0.7111, 0.2889
1, 0.7416, 0.2584
1, 0.7479, 0.2521
1, 0.744, 0.256
1, 0.7365, 0.2635
1, 0.7472, 0.2528
1, 0.7208, 0.2792
1, 0.7483, 0.2517
1, 0.7421, 0.2579
1, 0.7354, 0.2646
0, 0.6638, 0.3362
0, 0.724, 0.276
0, 0.9464, 0.0536
1, 0.5012, 0.4988
1, 0.2338, 0.7662
1, 0.3384, 0.6616
1, 0.3343, 0.6657
1, 0.338, 0.662
1, 0.3519, 0.6481
1, 0.3339, 0.6661
1, 0.3349, 0.6651
1, 0.3472, 0.6528
1, 0.3406, 0.6594
1, 0.3384, 0.6616
1, 0.3339, 0.6661
1, 0.3371, 0.6629
1, 0.7089, 0.2911
1, 0.792, 0.208
0, 0.6351, 0.3649
0, 0.9901, 0.0099
0, 0.9705, 0.0295
0, 0.9708, 0.0292
0, 0.9759, 0.0241
0, 0.952, 0.048
0, 0.9882, 0.0118
0, 0.9759, 0.0241
0, 0.972, 0.028
0, 0.9729, 0.0271
0, 0.9759, 0.0241
0, 0.9901, 0.0099
0, 0.9717, 0.0283
0, 0.9464, 0.0536
0, 0.8594, 0.1406
0, 0.2258, 0.7742
0, 0.9822, 0.0178
0, 0.2311, 0.7689
0, 0.9717, 0.0283
0, 0.9823, 0.0177
0, 0.9464, 0.0536
0, 0.9635, 0.0365
0, 0.9603, 0.0397
0, 0.9901, 0.0099
0, 0.9842, 0.0158
0, 0.9789, 0.0211
0, 0.893, 0.107
0, 0.8713, 0.1287
0, 0.9901, 0.0099
0, 0.9708, 0.0292
0, 0.6713, 0.3287
0, 0.9823, 0.0177
0, 0.9701, 0.0299
0, 0.8594, 0.1406
0, 0.9705, 0.0295
0, 0.9814, 0.0186
0, 0.9814, 0.0186
0, 0.9759, 0.0241
0, 0.9603, 0.0397
0, 0.2258, 0.7742
0, 0.9783, 0.0217
0, 0.9464, 0.0536
0, 0.9814, 0.0186
0, 0.9814, 0.0186
0, 0.2311, 0.7689
0, 0.9901, 0.0099
0, 0.2258, 0.7742
0, 0.3805, 0.6195
0, 0.8795, 0.1205
0, 0.9813, 0.0187
0, 0.724, 0.276
0, 0.9753, 0.0247
0, 0.9823, 0.0177
0, 0.981, 0.019
0, 0.9733, 0.0267
0, 0.3805, 0.6195
0, 0.6713, 0.3287
0, 0.9842, 0.0158
0, 0.9759, 0.0241
0, 0.9783, 0.0217
0, 0.981, 0.019
0, 0.9822, 0.0178
0, 0.7116, 0.2884
0, 0.8795, 0.1205
0, 0.9705, 0.0295
0, 0.9746, 0.0254
0, 0.9705, 0.0295
0, 0.3805, 0.6195
0, 0.9842, 0.0158
0, 0.9685, 0.0315
0, 0.3395, 0.6605
0, 0.9746, 0.0254
0, 0.9705, 0.0295
0, 0.9701, 0.0299
0, 0.9759, 0.0241
0, 0.9814, 0.0186
0, 0.3805, 0.6195
0, 0.9769, 0.0231
0, 0.9699, 0.0301
0, 0.9733, 0.0267
0, 0.9635, 0.0365
0, 0.9823, 0.0177
0, 0.9825, 0.0175
0, 0.9772, 0.0228
0, 0.3805, 0.6195
0, 0.9701, 0.0299
0, 0.8562, 0.1438
0, 0.972, 0.028
0, 0.2258, 0.7742
0, 0.9825, 0.0175
0, 0.9603, 0.0397
0, 0.893, 0.107
0, 0.6638, 0.3362
0, 0.2841, 0.7159
0, 0.9705, 0.0295
0, 0.7116, 0.2884
0, 0.981, 0.019
0, 0.9811, 0.0189
0, 0.9759, 0.0241
0, 0.9814, 0.0186
0, 0.9811, 0.0189
0, 0.3805, 0.6195
0, 0.7116, 0.2884
0, 0.9814, 0.0186
0, 0.9705, 0.0295
0, 0.6351, 0.3649
0, 0.9814, 0.0186
0, 0.972, 0.028
0, 0.9511, 0.0489
0, 0.832, 0.168
0, 0.952, 0.048
0, 0.9793, 0.0207
0, 0.9699, 0.0301
0, 0.9729, 0.0271
0, 0.2258, 0.7742
0, 0.9783, 0.0217
0, 0.8522, 0.1478
0, 0.981, 0.019
0, 0.2258, 0.7742
0, 0.9811, 0.0189
0, 0.9635, 0.0365
0, 0.9884, 0.0116
0, 0.8913, 0.1087
0, 0.952, 0.048
0, 0.6713, 0.3287
0, 0.8795, 0.1205
0, 0.7116, 0.2884
0, 0.3805, 0.6195
0, 0.6638, 0.3362
0, 0.8795, 0.1205
0, 0.9705, 0.0295
0, 0.9464, 0.0536
0, 0.972, 0.028
0, 0.9703, 0.0297
0, 0.9685, 0.0315
0, 0.9882, 0.0118
0, 0.9717, 0.0283
0, 0.6713, 0.3287
0, 0.8713, 0.1287
0, 0.7116, 0.2884
0, 0.9705, 0.0295
0, 0.9518, 0.0482
0, 0.832, 0.168
0, 0.996, 0.004
0, 0.9842, 0.0158
0, 0.832, 0.168
0, 0.9701, 0.0299
0, 0.9705, 0.0295
0, 0.9814, 0.0186
0, 0.9685, 0.0315
0, 0.9811, 0.0189
0, 0.8522, 0.1478
0, 0.832, 0.168
0, 0.6713, 0.3287
0, 0.9932, 0.0068
0, 0.8594, 0.1406
0, 0.6638, 0.3362
0, 0.2311, 0.7689
0, 0.9882, 0.0118
0, 0.8562, 0.1438
0, 0.9759, 0.0241
0, 0.9814, 0.0186
0, 0.9814, 0.0186
0, 0.6351, 0.3649
0, 0.9811, 0.0189
0, 0.9823, 0.0177
0, 0.9842, 0.0158
0, 0.3805, 0.6195
0, 0.9814, 0.0186
0, 0.9884, 0.0116
0, 0.996, 0.004
0, 0.9789, 0.0211
0, 0.9823, 0.0177
0, 0.9708, 0.0292
0, 0.9793, 0.0207
0, 0.981, 0.019
0, 0.9813, 0.0187
0, 0.8594, 0.1406
0, 0.9842, 0.0158
0, 0.9823, 0.0177
0, 0.7116, 0.2884
0, 0.9965, 0.0035
0, 0.9635, 0.0365
0, 0.9811, 0.0189
0, 0.9759, 0.0241
0, 0.9783, 0.0217
0, 0.8522, 0.1478
0, 0.9464, 0.0536
0, 0.9746, 0.0254
0, 0.9708, 0.0292
0, 0.9654, 0.0346
0, 0.9708, 0.0292
0, 0.9793, 0.0207
0, 0.9901, 0.0099
0, 0.9793, 0.0207
0, 0.9811, 0.0189
0, 0.9882, 0.0118
0, 0.8594, 0.1406
0, 0.9707, 0.0293
0, 0.3805, 0.6195
0, 0.9811, 0.0189
0, 0.6351, 0.3649
0, 0.9705, 0.0295
0, 0.9518, 0.0482
0, 0.9464, 0.0536
0, 0.9705, 0.0295
0, 0.9733, 0.0267
0, 0.8795, 0.1205
0, 0.7116, 0.2884
0, 0.9823, 0.0177
0, 0.9705, 0.0295
0, 0.9719, 0.0281
0, 0.9811, 0.0189
0, 0.6351, 0.3649
0, 0.9822, 0.0178
0, 0.981, 0.019
0, 0.9811, 0.0189
0, 0.972, 0.028
0, 0.2258, 0.7742
0, 0.9811, 0.0189
0, 0.9793, 0.0207
0, 0.9813, 0.0187
0, 0.9511, 0.0489
0, 0.832, 0.168
0, 0.966, 0.034
0, 0.9719, 0.0281
0, 0.6351, 0.3649
0, 0.9729, 0.0271
0, 0.7116, 0.2884
0, 0.8795, 0.1205
0, 0.9842, 0.0158
0, 0.9708, 0.0292
0, 0.9901, 0.0099
0, 0.2258, 0.7742
0, 0.9825, 0.0175
0, 0.9823, 0.0177
0, 0.7116, 0.2884
0, 0.9813, 0.0187
0, 0.9705, 0.0295
0, 0.9814, 0.0186
0, 0.9717, 0.0283
0, 0.9603, 0.0397
0, 0.8562, 0.1438
0, 0.981, 0.019
0, 0.9753, 0.0247
0, 0.8913, 0.1087
0, 0.9811, 0.0189
0, 0.9822, 0.0178
0, 0.9811, 0.0189
0, 0.9965, 0.0035
0, 0.9733, 0.0267
0, 0.9719, 0.0281
0, 0.9822, 0.0178
0, 0.9635, 0.0365
0, 0.9823, 0.0177
0, 0.9811, 0.0189
0, 0.9717, 0.0283
0, 0.996, 0.004
0, 0.9811, 0.0189
0, 0.981, 0.019
0, 0.9793, 0.0207
0, 0.9811, 0.0189
0, 0.981, 0.019
0, 0.9823, 0.0177
0, 0.9811, 0.0189
0, 0.9965, 0.0035
0, 0.981, 0.019
0, 0.952, 0.048
0, 0.9793, 0.0207
0, 0.9823, 0.0177
0, 0.971, 0.029
0, 0.9635, 0.0365
0, 0.996, 0.004
0, 0.893, 0.107
0, 0.9814, 0.0186
0, 0.9823, 0.0177
0, 0.9793, 0.0207
0, 0.832, 0.168
0, 0.9769, 0.0231
0, 0.9811, 0.0189
0, 0.9464, 0.0536
0, 0.8913, 0.1087
0, 0.952, 0.048
0, 0.9685, 0.0315
0, 0.9518, 0.0482
0, 0.8795, 0.1205
0, 0.8262, 0.1738
0, 0.9823, 0.0177
0, 0.9511, 0.0489
0, 0.9648, 0.0352
0, 0.9753, 0.0247
0, 0.9518, 0.0482
0, 0.981, 0.019
0, 0.993, 0.007
0, 0.2258, 0.7742
0, 0.9822, 0.0178
0, 0.9814, 0.0186
0, 0.7116, 0.2884
0, 0.972, 0.028
0, 0.981, 0.019
0, 0.9753, 0.0247
0, 0.8795, 0.1205
0, 0.3805, 0.6195
0, 0.9829, 0.0171
0, 0.9753, 0.0247
0, 0.9811, 0.0189
0, 0.9685, 0.0315
0, 0.9753, 0.0247
0, 0.996, 0.004
0, 0.8795, 0.1205
0, 0.9759, 0.0241
0, 0.967, 0.033
0, 0.9811, 0.0189
0, 0.8913, 0.1087
0, 0.8795, 0.1205
0, 0.9464, 0.0536
0, 0.893, 0.107
0, 0.9729, 0.0271
0, 0.9793, 0.0207
0, 0.8913, 0.1087
0, 0.8522, 0.1478
0, 0.9705, 0.0295
0, 0.9814, 0.0186
0, 0.967, 0.033
0, 0.9759, 0.0241
0, 0.9511, 0.0489
0, 0.9814, 0.0186
0, 0.9511, 0.0489
0, 0.9811, 0.0189
0, 0.3395, 0.6605
0, 0.9811, 0.0189
0, 0.9863, 0.0137
0, 0.9733, 0.0267
0, 0.9825, 0.0175
0, 0.9511, 0.0489
0, 0.9705, 0.0295
0, 0.9753, 0.0247
0, 0.2311, 0.7689
0, 0.3805, 0.6195
0, 0.9842, 0.0158
0, 0.9511, 0.0489
0, 0.3805, 0.6195
0, 0.971, 0.029
0, 0.7116, 0.2884
0, 0.9842, 0.0158
0, 0.6713, 0.3287
0, 0.8713, 0.1287
0, 0.9813, 0.0187
0, 0.9511, 0.0489
0, 0.9823, 0.0177
0, 0.9635, 0.0365
0, 0.9956, 0.0044
0, 0.9705, 0.0295
0, 0.9793, 0.0207
0, 0.9783, 0.0217
0, 0.9829, 0.0171
0, 0.3805, 0.6195
0, 0.9823, 0.0177
0, 0.9772, 0.0228
0, 0.9825, 0.0175
0, 0.9814, 0.0186
0, 0.9901, 0.0099
0, 0.8393, 0.1607
0, 0.9811, 0.0189
0, 0.832, 0.168
0, 0.9789, 0.0211
0, 0.996, 0.004
0, 0.9753, 0.0247
0, 0.9464, 0.0536
0, 0.9708, 0.0292
0, 0.724, 0.276
0, 0.9814, 0.0186
0, 0.9464, 0.0536
0, 0.8795, 0.1205
0, 0.9842, 0.0158
0, 0.8795, 0.1205
0, 0.8795, 0.1205
0, 0.9464, 0.0536
0, 0.981, 0.019
0, 0.9842, 0.0158
0, 0.9783, 0.0217
0, 0.972, 0.028
0, 0.9882, 0.0118
0, 0.9753, 0.0247
0, 0.9825, 0.0175
0, 0.9842, 0.0158
0, 0.9823, 0.0177
0, 0.9811, 0.0189
0, 0.832, 0.168
0, 0.9783, 0.0217
0, 0.9825, 0.0175
0, 0.6713, 0.3287
0, 0.972, 0.028
0, 0.8495, 0.1505
0, 0.3805, 0.6195
0, 0.8713, 0.1287
0, 0.8913, 0.1087
0, 0.9685, 0.0315
0, 0.9793, 0.0207
0, 0.9511, 0.0489
0, 0.9511, 0.0489
0, 0.9823, 0.0177
0, 0.9701, 0.0299
0, 0.981, 0.019
0, 0.9842, 0.0158
0, 0.9811, 0.0189
0, 0.832, 0.168
0, 0.9701, 0.0299
0, 0.2258, 0.7742
0, 0.9635, 0.0365
0, 0.3805, 0.6195
0, 0.9822, 0.0178
0, 0.981, 0.019
0, 0.9511, 0.0489
0, 0.9705, 0.0295
0, 0.9823, 0.0177
0, 0.9901, 0.0099
0, 0.952, 0.048
0, 0.9811, 0.0189
0, 0.9811, 0.0189
0, 0.9753, 0.0247
0, 0.7116, 0.2884
0, 0.972, 0.028
0, 0.9814, 0.0186
0, 0.9708, 0.0292
0, 0.9823, 0.0177
0, 0.9783, 0.0217
0, 0.2258, 0.7742
0, 0.3805, 0.6195
0, 0.832, 0.168
0, 0.8594, 0.1406
0, 0.9823, 0.0177
0, 0.9699, 0.0301
0, 0.9811, 0.0189
0, 0.8522, 0.1478
0, 0.9753, 0.0247
0, 0.9823, 0.0177
0, 0.9783, 0.0217
0, 0.893, 0.107
0, 0.9823, 0.0177
0, 0.981, 0.019
0, 0.6713, 0.3287
0, 0.993, 0.007
0, 0.9901, 0.0099
0, 0.981, 0.019
0, 0.981, 0.019
0, 0.6351, 0.3649
0, 0.9793, 0.0207
0, 0.8795, 0.1205
0, 0.8913, 0.1087
0, 0.2841, 0.7159
0, 0.9705, 0.0295
0, 0.9811, 0.0189
0, 0.9759, 0.0241
0, 0.9699, 0.0301
0, 0.6351, 0.3649
0, 0.3805, 0.6195
0, 0.9705, 0.0295
0, 0.893, 0.107
0, 0.3805, 0.6195
0, 0.832, 0.168
0, 0.832, 0.168
0, 0.9811, 0.0189
0, 0.993, 0.007
0, 0.2258, 0.7742
0, 0.971, 0.029
0, 0.6638, 0.3362
0, 0.9729, 0.0271
0, 0.9729, 0.0271
0, 0.9708, 0.0292
0, 0.9822, 0.0178
0, 0.3395, 0.6605
0, 0.981, 0.019
0, 0.9823, 0.0177
0, 0.832, 0.168
0, 0.9464, 0.0536
0, 0.7116, 0.2884
0, 0.9705, 0.0295
0, 0.993, 0.007
0, 0.952, 0.048
0, 0.6351, 0.3649
0, 0.9753, 0.0247
0, 0.6713, 0.3287
0, 0.9965, 0.0035
0, 0.966, 0.034
0, 0.981, 0.019
0, 0.832, 0.168
0, 0.967, 0.033
0, 0.9729, 0.0271
0, 0.9635, 0.0365
0, 0.9464, 0.0536
0, 0.6713, 0.3287
0, 0.981, 0.019
0, 0.9822, 0.0178
0, 0.9701, 0.0299
0, 0.9753, 0.0247
0, 0.9603, 0.0397
0, 0.8795, 0.1205
0, 0.9603, 0.0397
0, 0.9813, 0.0187
0, 0.2841, 0.7159
0, 0.9811, 0.0189
0, 0.9783, 0.0217
0, 0.9719, 0.0281
0, 0.981, 0.019
0, 0.9825, 0.0175
0, 0.9811, 0.0189
0, 0.9733, 0.0267
0, 0.6713, 0.3287
0, 0.9811, 0.0189
0, 0.9699, 0.0301
0, 0.9814, 0.0186
0, 0.981, 0.019
0, 0.9753, 0.0247
0, 0.3805, 0.6195
0, 0.9701, 0.0299
0, 0.9635, 0.0365
0, 0.9511, 0.0489
0, 0.9822, 0.0178
0, 0.7116, 0.2884
0, 0.9811, 0.0189
0, 0.9882, 0.0118
0, 0.9822, 0.0178
0, 0.9703, 0.0297
0, 0.952, 0.048
0, 0.8795, 0.1205
0, 0.9793, 0.0207
0, 0.9699, 0.0301
0, 0.9823, 0.0177
0, 0.9829, 0.0171
0, 0.9822, 0.0178
0, 0.9793, 0.0207
0, 0.6713, 0.3287
0, 0.9814, 0.0186
0, 0.9823, 0.0177
0, 0.966, 0.034
0, 0.9783, 0.0217
0, 0.996, 0.004
0, 0.9464, 0.0536
0, 0.9708, 0.0292
0, 0.9822, 0.0178
0, 0.9811, 0.0189
0, 0.9511, 0.0489
0, 0.9822, 0.0178
0, 0.9811, 0.0189
0, 0.8262, 0.1738
0, 0.971, 0.029
0, 0.9708, 0.0292
0, 0.9814, 0.0186
0, 0.9699, 0.0301
0, 0.6713, 0.3287
0, 0.9813, 0.0187
0, 0.9759, 0.0241
0, 0.9699, 0.0301
0, 0.9823, 0.0177
0, 0.3805, 0.6195
0, 0.9511, 0.0489
0, 0.3805, 0.6195
0, 0.9759, 0.0241
0, 0.8795, 0.1205
0, 0.9759, 0.0241
0, 0.6713, 0.3287
0, 0.6713, 0.3287
0, 0.8913, 0.1087
0, 0.9823, 0.0177
0, 0.9648, 0.0352
0, 0.9705, 0.0295
0, 0.9822, 0.0178
0, 0.9511, 0.0489
0, 0.9705, 0.0295
0, 0.9811, 0.0189
0, 0.981, 0.019
0, 0.981, 0.019
0, 0.9511, 0.0489
0, 0.9705, 0.0295
0, 0.9575, 0.0425
0, 0.6351, 0.3649
0, 0.2311, 0.7689
0, 0.6293, 0.3707
0, 0.3805, 0.6195
0, 0.9699, 0.0301
0, 0.9733, 0.0267
0, 0.9814, 0.0186
0, 0.2841, 0.7159
0, 0.9793, 0.0207
0, 0.9717, 0.0283
0, 0.9811, 0.0189
0, 0.9825, 0.0175
0, 0.9603, 0.0397
0, 0.9965, 0.0035
0, 0.9901, 0.0099
0, 0.9705, 0.0295
0, 0.9705, 0.0295
0, 0.9753, 0.0247
0, 0.9814, 0.0186
0, 0.9719, 0.0281
0, 0.9811, 0.0189
0, 0.832, 0.168
0, 0.9834, 0.0166
0, 0.9603, 0.0397
0, 0.9759, 0.0241
0, 0.8795, 0.1205
0, 0.9729, 0.0271
0, 0.9772, 0.0228
0, 0.7116, 0.2884
0, 0.9759, 0.0241
0, 0.9464, 0.0536
0, 0.9708, 0.0292
0, 0.9822, 0.0178
0, 0.9793, 0.0207
0, 0.8795, 0.1205
0, 0.9705, 0.0295
0, 0.9635, 0.0365
0, 0.966, 0.034
0, 0.9814, 0.0186
0, 0.967, 0.033
0, 0.9811, 0.0189
0, 0.967, 0.033
0, 0.9813, 0.0187
0, 0.972, 0.028
0, 0.9783, 0.0217
0, 0.952, 0.048
0, 0.9793, 0.0207
