1, 0.271775, 0.728225
1, 0.353475, 0.646525
1, 0.352575, 0.647425
1, 0.338775, 0.661225
1, 0.352075, 0.647925
1, 0.391575, 0.608425
1, 0.347575, 0.652425
1, 0.352475, 0.647525
1, 0.273675, 0.726325
1, 0.361575, 0.638425
1, 0.262675, 0.737325
1, 0.352675, 0.647325
1, 0.258175, 0.741825
1, 0.221675, 0.778325
1, 0.220575, 0.779425
1, 0.215375, 0.784625
1, 0.220175, 0.779825
1, 0.220275, 0.779725
1, 0.218475, 0.781525
1, 0.212175, 0.787825
1, 0.2245, 0.7755
1, 0.2168, 0.7832
1, 0.217, 0.783
1, 0.2259, 0.7741
1, 0.2169, 0.7831
1, 0.2113, 0.7887
1, 0.2102, 0.7898
1, 0.215, 0.785
1, 0.2173, 0.7827
1, 0.2167, 0.7833
1, 0.2092, 0.7908
1, 0.2129, 0.7871
1, 0.2147, 0.7853
1, 0.2157, 0.7843
1, 0.2178, 0.7822
1, 0.2079, 0.7921
1, 0.2016, 0.7984
1, 0.2164, 0.7836
1, 0.2133, 0.7867
1, 0.2151, 0.7849
1, 0.2105, 0.7895
1, 0.2177, 0.7823
1, 0.2046, 0.7954
1, 0.207, 0.793
1, 0.2144, 0.7856
1, 0.2135, 0.7865
1, 0.2125, 0.7875
1, 0.2133, 0.7867
1, 0.2138, 0.7862
1, 0.2233, 0.7767
1, 0.2083, 0.7917
1, 0.2084, 0.7916
1, 0.2154, 0.7846
1, 0.2053, 0.7947
1, 0.2044, 0.7956
1, 0.2023, 0.7977
1, 0.2017, 0.7983
1, 0.2044, 0.7956
1, 0.2013, 0.7987
1, 0.2037, 0.7963
1, 0.2037, 0.7963
1, 0.2043, 0.7957
1, 0.2044, 0.7956
1, 0.2041, 0.7959
1, 0.2044, 0.7956
1, 0.2035, 0.7965
1, 0.2174, 0.7826
1, 0.2211, 0.7789
1, 0.2136, 0.7864
1, 0.2061, 0.7939
1, 0.2018, 0.7982
1, 0.2105, 0.7895
1, 0.2092, 0.7908
1, 0.2016, 0.7984
1, 0.2205, 0.7795
1, 0.2027, 0.7973
1, 0.2027, 0.7973
1, 0.2027, 0.7973
1, 0.2106, 0.7894
1, 0.2141, 0.7859
1, 0.2035, 0.7965
1, 0.2058, 0.7942
1, 0.2101, 0.7899
1, 0.2062, 0.7938
1, 0.1954, 0.8046
1, 0.2078, 0.7922
1, 0.2113, 0.7887
1, 0.1979, 0.8021
1, 0.2135, 0.7865
1, 0.2127, 0.7873
1, 0.2099, 0.7901
1, 0.2137, 0.7863
1, 0.2027, 0.7973
1, 0.2117, 0.7883
1, 0.1969, 0.8031
1, 0.2166, 0.7834
1, 0.2114, 0.7886
1, 0.2073, 0.7927
1, 0.2155, 0.7845
1, 0.2021, 0.7979
1, 0.2039, 0.7961
1, 0.2073, 0.7927
1, 0.1969, 0.8031
1, 0.2077, 0.7923
1, 0.2061, 0.7939
1, 0.21, 0.79
1, 0.2041, 0.7959
1, 0.1972, 0.8028
1, 0.2035, 0.7965
1, 0.1992, 0.8008
1, 0.2162, 0.7838
1, 0.1979, 0.8021
1, 0.2094, 0.7906
1, 0.2153, 0.7847
1, 0.2209, 0.7791
1, 0.1963, 0.8037
1, 0.1982, 0.8018
1, 0.2028, 0.7972
1, 0.2114, 0.7886
1, 0.2038, 0.7962
1, 0.2016, 0.7984
1, 0.2057, 0.7943
1, 0.1974, 0.8026
1, 0.2163, 0.7837
1, 0.1976, 0.8024
1, 0.2067, 0.7933
1, 0.1976, 0.8024
1, 0.2212, 0.7788
1, 0.206, 0.794
1, 0.2091, 0.7909
1, 0.2022, 0.7978
1, 0.1969, 0.8031
1, 0.2017, 0.7983
1, 0.1979, 0.8021
1, 0.2041, 0.7959
1, 0.2104, 0.7896
1, 0.1976, 0.8024
1, 0.1997, 0.8003
1, 0.2027, 0.7973
1, 0.2113, 0.7887
1, 0.2079, 0.7921
1, 0.1995, 0.8005
1, 0.2061, 0.7939
1, 0.2094, 0.7906
1, 0.2105, 0.7895
1, 0.2007, 0.7993
1, 0.207, 0.793
1, 0.2109, 0.7891
1, 0.2108, 0.7892
1, 0.215, 0.785
1, 0.2135, 0.7865
1, 0.2107, 0.7893
1, 0.2157, 0.7843
1, 0.2022, 0.7978
1, 0.2027, 0.7973
1, 0.2013, 0.7987
1, 0.2101, 0.7899
1, 0.2035, 0.7965
1, 0.2016, 0.7984
1, 0.2114, 0.7886
1, 0.2027, 0.7973
1, 0.211, 0.789
1, 0.2102, 0.7898
1, 0.2126, 0.7874
1, 0.2113, 0.7887
1, 0.1979, 0.8021
1, 0.2038, 0.7962
1, 0.2102, 0.7898
1, 0.2041, 0.7959
1, 0.2117, 0.7883
1, 0.2013, 0.7987
1, 0.1995, 0.8005
1, 0.215, 0.785
1, 0.2013, 0.7987
1, 0.2195, 0.7805
1, 0.1966, 0.8034
1, 0.2058, 0.7942
1, 0.2068, 0.7932
1, 0.2093, 0.7907
1, 0.21, 0.79
1, 0.2103, 0.7897
1, 0.2068, 0.7932
1, 0.2005, 0.7995
1, 0.1975, 0.8025
1, 0.202, 0.798
1, 0.2013, 0.7987
1, 0.202, 0.798
1, 0.2157, 0.7843
1, 0.2102, 0.7898
1, 0.2136, 0.7864
1, 0.22, 0.78
1, 0.1966, 0.8034
1, 0.1995, 0.8005
1, 0.2061, 0.7939
1, 0.2082, 0.7918
1, 0.2028, 0.7972
1, 0.197, 0.803
1, 0.2032, 0.7968
1, 0.2022, 0.7978
1, 0.2041, 0.7959
1, 0.2068, 0.7932
1, 0.2007, 0.7993
1, 0.1968, 0.8032
1, 0.2013, 0.7987
1, 0.2101, 0.7899
1, 0.2109, 0.7891
1, 0.2059, 0.7941
1, 0.1996, 0.8004
1, 0.2114, 0.7886
1, 0.2026, 0.7974
1, 0.2119, 0.7881
1, 0.2087, 0.7913
1, 0.2028, 0.7972
1, 0.215, 0.785
1, 0.2102, 0.7898
1, 0.2071, 0.7929
1, 0.2105, 0.7895
1, 0.2153, 0.7847
1, 0.2041, 0.7959
1, 0.2098, 0.7902
1, 0.2081, 0.7919
1, 0.202, 0.798
1, 0.2101, 0.7899
1, 0.2013, 0.7987
1, 0.1995, 0.8005
1, 0.1995, 0.8005
1, 0.2101, 0.7899
1, 0.2125, 0.7875
1, 0.2034, 0.7966
1, 0.2124, 0.7876
1, 0.2068, 0.7932
1, 0.2039, 0.7961
1, 0.2103, 0.7897
1, 0.2102, 0.7898
1, 0.2102, 0.7898
1, 0.2041, 0.7959
1, 0.2101, 0.7899
1, 0.2104, 0.7896
1, 0.2013, 0.7987
1, 0.2051, 0.7949
1, 0.2102, 0.7898
1, 0.2168, 0.7832
1, 0.2029, 0.7971
1, 0.2189, 0.7811
1, 0.2096, 0.7904
1, 0.2135, 0.7865
1, 0.207, 0.793
1, 0.2062, 0.7938
1, 0.2035, 0.7965
1, 0.2108, 0.7892
1, 0.213, 0.787
1, 0.21, 0.79
1, 0.1986, 0.8014
1, 0.207, 0.793
1, 0.2028, 0.7972
1, 0.2101, 0.7899
1, 0.1997, 0.8003
1, 0.2017, 0.7983
1, 0.2027, 0.7973
1, 0.1969, 0.8031
1, 0.2164, 0.7836
1, 0.2114, 0.7886
1, 0.2087, 0.7913
1, 0.2097, 0.7903
1, 0.1969, 0.8031
1, 0.215, 0.785
1, 0.1964, 0.8036
1, 0.2146, 0.7854
1, 0.2061, 0.7939
1, 0.2117, 0.7883
1, 0.2031, 0.7969
1, 0.2116, 0.7884
1, 0.2141, 0.7859
1, 0.1999, 0.8001
1, 0.2038, 0.7962
1, 0.204, 0.796
1, 0.2165, 0.7835
1, 0.1969, 0.8031
1, 0.2105, 0.7895
1, 0.2136, 0.7864
1, 0.2058, 0.7942
1, 0.2168, 0.7832
1, 0.2141, 0.7859
1, 0.2078, 0.7922
1, 0.2106, 0.7894
1, 0.2113, 0.7887
1, 0.2208, 0.7792
1, 0.1979, 0.8021
1, 0.2042, 0.7958
1, 0.1961, 0.8039
1, 0.2041, 0.7959
1, 0.2127, 0.7873
1, 0.2136, 0.7864
1, 0.2116, 0.7884
1, 0.2072, 0.7928
1, 0.1983, 0.8017
1, 0.2109, 0.7891
1, 0.2012, 0.7988
1, 0.2114, 0.7886
1, 0.1979, 0.8021
1, 0.2134, 0.7866
1, 0.2027, 0.7973
1, 0.2164, 0.7836
1, 0.1979, 0.8021
1, 0.2013, 0.7987
1, 0.1978, 0.8022
1, 0.2, 0.8
1, 0.2164, 0.7836
1, 0.2028, 0.7972
1, 0.2074, 0.7926
1, 0.2013, 0.7987
1, 0.2003, 0.7997
1, 0.2164, 0.7836
1, 0.2064, 0.7936
1, 0.2021, 0.7979
1, 0.2014, 0.7986
1, 0.1984, 0.8016
1, 0.1979, 0.8021
1, 0.2012, 0.7988
1, 0.2026, 0.7974
1, 0.2163, 0.7837
1, 0.1954, 0.8046
1, 0.2108, 0.7892
1, 0.2109, 0.7891
1, 0.2122, 0.7878
1, 0.1979, 0.8021
1, 0.2007, 0.7993
1, 0.2064, 0.7936
1, 0.2098, 0.7902
1, 0.2205, 0.7795
1, 0.207, 0.793
1, 0.2097, 0.7903
1, 0.1979, 0.8021
1, 0.2008, 0.7992
1, 0.2139, 0.7861
1, 0.2036, 0.7964
1, 0.2063, 0.7937
1, 0.1974, 0.8026
1, 0.2167, 0.7833
1, 0.2122, 0.7878
1, 0.1957, 0.8043
1, 0.2035, 0.7965
1, 0.1979, 0.8021
1, 0.2141, 0.7859
1, 0.1969, 0.8031
1, 0.205, 0.795
1, 0.2027, 0.7973
1, 0.1979, 0.8021
1, 0.2076, 0.7924
1, 0.2077, 0.7923
1, 0.1975, 0.8025
1, 0.1975, 0.8025
1, 0.213, 0.787
1, 0.2113, 0.7887
1, 0.2042, 0.7958
1, 0.2165, 0.7835
1, 0.2018, 0.7982
1, 0.1997, 0.8003
1, 0.1979, 0.8021
1, 0.2045, 0.7955
1, 0.2121, 0.7879
1, 0.1969, 0.8031
1, 0.205, 0.795
1, 0.2113, 0.7887
1, 0.2082, 0.7918
1, 0.2078, 0.7922
1, 0.2106, 0.7894
1, 0.2016, 0.7984
1, 0.2071, 0.7929
1, 0.2103, 0.7897
1, 0.2173, 0.7827
1, 0.2125, 0.7875
1, 0.3074, 0.6926
1, 0.2066, 0.7934
1, 0.1995, 0.8005
1, 0.2032, 0.7968
1, 0.2102, 0.7898
1, 0.1977, 0.8023
1, 0.2113, 0.7887
1, 0.2154, 0.7846
1, 0.3017, 0.6983
1, 0.1854, 0.8146
1, 0.2041, 0.7959
1, 0.2066, 0.7934
1, 0.2051, 0.7949
1, 0.2013, 0.7987
1, 0.202, 0.798
1, 0.2026, 0.7974
1, 0.204, 0.796
1, 0.2118, 0.7882
1, 0.2118, 0.7882
1, 0.2148, 0.7852
1, 0.1985, 0.8015
1, 0.2125, 0.7875
1, 0.2101, 0.7899
1, 0.2007, 0.7993
1, 0.1977, 0.8023
1, 0.2102, 0.7898
1, 0.1968, 0.8032
1, 0.2154, 0.7846
1, 0.2122, 0.7878
1, 0.2128, 0.7872
1, 0.1976, 0.8024
1, 0.296, 0.704
1, 0.2042, 0.7958
1, 0.2007, 0.7993
1, 0.2028, 0.7972
1, 0.1995, 0.8005
1, 0.1977, 0.8023
1, 0.209, 0.791
1, 0.2032, 0.7968
1, 0.1995, 0.8005
1, 0.202, 0.798
1, 0.2122, 0.7878
1, 0.2059, 0.7941
1, 0.2013, 0.7987
1, 0.1995, 0.8005
1, 0.1995, 0.8005
1, 0.212, 0.788
1, 0.22, 0.78
1, 0.2084, 0.7916
1, 0.2007, 0.7993
1, 0.2102, 0.7898
1, 0.2103, 0.7897
1, 0.2102, 0.7898
1, 0.212, 0.788
1, 0.2146, 0.7854
1, 0.2129, 0.7871
1, 0.2101, 0.7899
1, 0.2132, 0.7868
1, 0.2103, 0.7897
1, 0.2118, 0.7882
1, 0.1995, 0.8005
1, 0.2102, 0.7898
1, 0.2106, 0.7894
1, 0.2088, 0.7912
1, 0.2155, 0.7845
1, 0.2129, 0.7871
1, 0.1959, 0.8041
1, 0.2062, 0.7938
1, 0.202, 0.798
1, 0.2066, 0.7934
1, 0.1968, 0.8032
1, 0.2111, 0.7889
1, 0.2013, 0.7987
1, 0.202, 0.798
1, 0.212, 0.788
1, 0.2113, 0.7887
1, 0.2028, 0.7972
1, 0.2015, 0.7985
1, 0.2118, 0.7882
1, 0.212, 0.788
1, 0.2155, 0.7845
1, 0.2087, 0.7913
1, 0.2102, 0.7898
1, 0.2034, 0.7966
1, 0.2092, 0.7908
1, 0.2157, 0.7843
1, 0.1994, 0.8006
1, 0.2122, 0.7878
1, 0.2106, 0.7894
1, 0.202, 0.798
1, 0.2068, 0.7932
1, 0.2123, 0.7877
1, 0.2057, 0.7943
1, 0.2013, 0.7987
1, 0.2102, 0.7898
1, 0.2013, 0.7987
1, 0.2065, 0.7935
1, 0.2106, 0.7894
1, 0.1977, 0.8023
1, 0.1965, 0.8035
1, 0.1994, 0.8006
1, 0.2067, 0.7933
1, 0.1968, 0.8032
1, 0.1959, 0.8041
1, 0.1956, 0.8044
1, 0.2039, 0.7961
1, 0.2157, 0.7843
1, 0.2041, 0.7959
1, 0.2071, 0.7929
1, 0.2157, 0.7843
1, 0.205, 0.795
1, 0.2043, 0.7957
1, 0.2013, 0.7987
1, 0.2068, 0.7932
1, 0.2184, 0.7816
1, 0.2156, 0.7844
1, 0.1958, 0.8042
1, 0.1977, 0.8023
1, 0.1973, 0.8027
1, 0.2115, 0.7885
1, 0.1969, 0.8031
1, 0.2933, 0.7067
1, 0.2118, 0.7882
1, 0.2063, 0.7937
1, 0.2103, 0.7897
1, 0.1974, 0.8026
1, 0.2059, 0.7941
1, 0.1972, 0.8028
1, 0.2142, 0.7858
1, 0.2184, 0.7816
1, 0.1975, 0.8025
1, 0.2165, 0.7835
1, 0.2118, 0.7882
1, 0.203, 0.797
1, 0.2118, 0.7882
1, 0.2047, 0.7953
1, 0.2161, 0.7839
1, 0.2101, 0.7899
1, 0.2076, 0.7924
1, 0.1977, 0.8023
1, 0.2093, 0.7907
1, 0.2052, 0.7948
1, 0.202, 0.798
1, 0.2107, 0.7893
1, 0.198, 0.802
1, 0.2064, 0.7936
1, 0.1977, 0.8023
1, 0.2131, 0.7869
1, 0.2142, 0.7858
1, 0.2063, 0.7937
1, 0.1995, 0.8005
1, 0.216, 0.784
1, 0.202, 0.798
1, 0.2178, 0.7822
1, 0.2028, 0.7972
1, 0.2103, 0.7897
1, 0.215, 0.785
1, 0.1843, 0.8157
1, 0.2048, 0.7952
1, 0.2116, 0.7884
1, 0.2111, 0.7889
1, 0.2068, 0.7932
1, 0.2129, 0.7871
1, 0.2132, 0.7868
1, 0.202, 0.798
1, 0.2068, 0.7932
1, 0.2132, 0.7868
1, 0.1967, 0.8033
1, 0.2094, 0.7906
1, 0.2103, 0.7897
1, 0.2047, 0.7953
1, 0.2103, 0.7897
1, 0.2071, 0.7929
1, 0.2042, 0.7958
1, 0.2114, 0.7886
1, 0.2095, 0.7905
1, 0.1958, 0.8042
1, 0.2037, 0.7963
1, 0.1995, 0.8005
1, 0.1971, 0.8029
1, 0.2162, 0.7838
1, 0.1977, 0.8023
1, 0.2037, 0.7963
1, 0.2039, 0.7961
1, 0.1995, 0.8005
1, 0.2101, 0.7899
1, 0.2068, 0.7932
1, 0.2122, 0.7878
1, 0.1945, 0.8055
1, 0.2122, 0.7878
1, 0.2102, 0.7898
1, 0.1995, 0.8005
1, 0.1968, 0.8032
1, 0.203, 0.797
1, 0.202, 0.798
1, 0.2102, 0.7898
1, 0.2137, 0.7863
1, 0.2068, 0.7932
1, 0.2868, 0.7132
1, 0.2068, 0.7932
1, 0.202, 0.798
1, 0.2164, 0.7836
1, 0.2101, 0.7899
1, 0.2195, 0.7805
1, 0.1995, 0.8005
1, 0.2132, 0.7868
1, 0.1968, 0.8032
1, 0.1987, 0.8013
1, 0.2165, 0.7835
1, 0.2167, 0.7833
1, 0.2051, 0.7949
1, 0.203, 0.797
1, 0.2047, 0.7953
1, 0.2075, 0.7925
1, 0.2159, 0.7841
1, 0.216, 0.784
1, 0.2124, 0.7876
1, 0.2071, 0.7929
1, 0.216, 0.784
1, 0.2195, 0.7805
1, 0.2045, 0.7955
1, 0.2118, 0.7882
1, 0.2137, 0.7863
1, 0.1995, 0.8005
1, 0.2122, 0.7878
1, 0.2105, 0.7895
1, 0.202, 0.798
1, 0.217, 0.783
1, 0.2047, 0.7953
1, 0.2116, 0.7884
1, 0.2088, 0.7912
1, 0.2173, 0.7827
1, 0.2087, 0.7913
1, 0.2066, 0.7934
1, 0.2156, 0.7844
1, 0.21, 0.79
1, 0.2013, 0.7987
1, 0.202, 0.798
1, 0.2114, 0.7886
1, 0.2102, 0.7898
1, 0.2073, 0.7927
1, 0.2101, 0.7899
1, 0.21, 0.79
1, 0.2118, 0.7882
1, 0.2101, 0.7899
1, 0.2074, 0.7926
1, 0.203, 0.797
1, 0.2039, 0.7961
1, 0.2102, 0.7898
1, 0.1995, 0.8005
1, 0.2122, 0.7878
1, 0.2103, 0.7897
1, 0.2195, 0.7805
1, 0.1995, 0.8005
1, 0.2102, 0.7898
1, 0.2157, 0.7843
1, 0.2066, 0.7934
1, 0.2007, 0.7993
1, 0.2105, 0.7895
1, 0.204, 0.796
1, 0.2121, 0.7879
1, 0.2013, 0.7987
1, 0.2103, 0.7897
1, 0.2184, 0.7816
1, 0.2102, 0.7898
1, 0.202, 0.798
1, 0.2103, 0.7897
1, 0.2118, 0.7882
1, 0.2068, 0.7932
1, 0.2131, 0.7869
1, 0.2068, 0.7932
1, 0.2114, 0.7886
1, 0.1964, 0.8036
1, 0.2066, 0.7934
1, 0.1958, 0.8042
1, 0.2059, 0.7941
1, 0.2137, 0.7863
1, 0.202, 0.798
1, 0.1995, 0.8005
1, 0.2028, 0.7972
1, 0.1972, 0.8028
1, 0.2102, 0.7898
1, 0.2195, 0.7805
1, 0.2157, 0.7843
1, 0.2013, 0.7987
1, 0.2037, 0.7963
1, 0.2041, 0.7959
1, 0.2102, 0.7898
1, 0.2102, 0.7898
1, 0.1968, 0.8032
1, 0.2122, 0.7878
1, 0.2195, 0.7805
1, 0.208, 0.792
1, 0.2122, 0.7878
1, 0.2101, 0.7899
1, 0.2007, 0.7993
1, 0.1968, 0.8032
1, 0.1995, 0.8005
1, 0.2007, 0.7993
1, 0.2102, 0.7898
1, 0.2095, 0.7905
1, 0.2091, 0.7909
1, 0.2129, 0.7871
1, 0.2107, 0.7893
1, 0.2129, 0.7871
1, 0.2159, 0.7841
1, 0.1995, 0.8005
1, 0.2113, 0.7887
1, 0.2096, 0.7904
1, 0.1956, 0.8044
1, 0.216, 0.784
1, 0.2154, 0.7846
1, 0.2068, 0.7932
1, 0.2041, 0.7959
1, 0.2084, 0.7916
1, 0.2126, 0.7874
1, 0.2118, 0.7882
1, 0.2159, 0.7841
1, 0.212, 0.788
1, 0.2179, 0.7821
1, 0.2103, 0.7897
1, 0.2126, 0.7874
1, 0.2113, 0.7887
1, 0.2068, 0.7932
1, 0.2066, 0.7934
1, 0.2118, 0.7882
1, 0.2103, 0.7897
1, 0.2068, 0.7932
1, 0.2013, 0.7987
1, 0.2154, 0.7846
1, 0.2007, 0.7993
1, 0.2124, 0.7876
1, 0.2118, 0.7882
1, 0.22, 0.78
1, 0.2026, 0.7974
1, 0.2103, 0.7897
1, 0.2118, 0.7882
1, 0.1945, 0.8055
1, 0.2102, 0.7898
1, 0.2137, 0.7863
1, 0.2101, 0.7899
1, 0.2091, 0.7909
1, 0.1967, 0.8033
1, 0.2039, 0.7961
1, 0.2087, 0.7913
1, 0.2064, 0.7936
1, 0.1977, 0.8023
1, 0.2129, 0.7871
1, 0.2071, 0.7929
1, 0.202, 0.798
1, 0.2159, 0.7841
1, 0.204, 0.796
1, 0.2059, 0.7941
1, 0.2023, 0.7977
1, 0.2127, 0.7873
1, 0.1995, 0.8005
1, 0.2157, 0.7843
1, 0.1973, 0.8027
1, 0.2106, 0.7894
1, 0.2026, 0.7974
1, 0.2122, 0.7878
1, 0.1995, 0.8005
1, 0.2173, 0.7827
1, 0.2103, 0.7897
1, 0.2102, 0.7898
1, 0.209, 0.791
1, 0.2195, 0.7805
1, 0.2103, 0.7897
1, 0.216, 0.784
1, 0.1988, 0.8012
1, 0.2043, 0.7957
1, 0.2013, 0.7987
1, 0.2116, 0.7884
1, 0.1977, 0.8023
1, 0.1958, 0.8042
1, 0.2122, 0.7878
1, 0.2037, 0.7963
1, 0.2102, 0.7898
1, 0.1968, 0.8032
1, 0.2154, 0.7846
1, 0.2122, 0.7878
1, 0.2091, 0.7909
1, 0.2007, 0.7993
1, 0.2127, 0.7873
1, 0.2028, 0.7972
1, 0.2113, 0.7887
1, 0.2068, 0.7932
1, 0.2203, 0.7797
1, 0.2137, 0.7863
1, 0.2027, 0.7973
1, 0.2089, 0.7911
1, 0.2113, 0.7887
1, 0.215, 0.785
1, 0.1972, 0.8028
1, 0.2113, 0.7887
1, 0.2041, 0.7959
1, 0.2051, 0.7949
1, 0.2111, 0.7889
1, 0.2027, 0.7973
1, 0.2016, 0.7984
1, 0.2105, 0.7895
1, 0.2144, 0.7856
1, 0.2112, 0.7888
1, 0.2106, 0.7894
1, 0.2128, 0.7872
1, 0.2113, 0.7887
1, 0.196, 0.804
1, 0.2121, 0.7879
1, 0.1979, 0.8021
1, 0.2027, 0.7973
1, 0.2051, 0.7949
1, 0.212, 0.788
1, 0.1979, 0.8021
1, 0.2177, 0.7823
1, 0.2031, 0.7969
1, 0.1986, 0.8014
1, 0.2106, 0.7894
1, 0.2166, 0.7834
1, 0.2135, 0.7865
1, 0.2019, 0.7981
1, 0.2174, 0.7826
1, 0.1979, 0.8021
1, 0.2149, 0.7851
1, 0.2038, 0.7962
1, 0.2112, 0.7888
1, 0.1969, 0.8031
1, 0.215, 0.785
1, 0.2071, 0.7929
1, 0.2182, 0.7818
1, 0.2057, 0.7943
1, 0.1979, 0.8021
1, 0.2135, 0.7865
1, 0.2106, 0.7894
1, 0.2145, 0.7855
1, 0.212, 0.788
1, 0.2103, 0.7897
1, 0.2149, 0.7851
1, 0.2055, 0.7945
1, 0.2163, 0.7837
1, 0.2087, 0.7913
1, 0.1959, 0.8041
1, 0.2114, 0.7886
1, 0.2113, 0.7887
1, 0.2035, 0.7965
1, 0.1979, 0.8021
1, 0.2114, 0.7886
1, 0.2022, 0.7978
1, 0.2173, 0.7827
1, 0.1957, 0.8043
1, 0.2029, 0.7971
1, 0.1957, 0.8043
1, 0.2029, 0.7971
1, 0.2065, 0.7935
1, 0.2156, 0.7844
1, 0.2168, 0.7832
1, 0.2121, 0.7879
1, 0.2066, 0.7934
1, 0.2034, 0.7966
1, 0.2173, 0.7827
1, 0.2087, 0.7913
1, 0.2114, 0.7886
1, 0.2149, 0.7851
1, 0.2149, 0.7851
1, 0.2016, 0.7984
1, 0.2103, 0.7897
1, 0.2179, 0.7821
1, 0.2131, 0.7869
1, 0.1969, 0.8031
1, 0.2134, 0.7866
1, 0.2061, 0.7939
1, 0.2184, 0.7816
1, 0.2116, 0.7884
1, 0.2103, 0.7897
1, 0.2034, 0.7966
1, 0.2077, 0.7923
1, 0.2146, 0.7854
1, 0.2113, 0.7887
1, 0.2076, 0.7924
1, 0.1943, 0.8057
1, 0.2122, 0.7878
1, 0.2146, 0.7854
1, 0.2138, 0.7862
1, 0.2135, 0.7865
1, 0.206, 0.794
1, 0.2096, 0.7904
1, 0.211, 0.789
1, 0.2025, 0.7975
1, 0.2062, 0.7938
1, 0.2109, 0.7891
1, 0.2181, 0.7819
1, 0.2031, 0.7969
1, 0.2095, 0.7905
1, 0.213, 0.787
1, 0.2041, 0.7959
1, 0.2181, 0.7819
1, 0.2027, 0.7973
1, 0.1979, 0.8021
1, 0.2141, 0.7859
1, 0.1979, 0.8021
1, 0.2132, 0.7868
1, 0.3129, 0.6871
1, 0.2018, 0.7982
1, 0.2108, 0.7892
1, 0.2114, 0.7886
1, 0.1959, 0.8041
1, 0.2784, 0.7216
1, 0.2921, 0.7079
1, 0.2826, 0.7174
1, 0.2043, 0.7957
1, 0.2116, 0.7884
1, 0.2106, 0.7894
1, 0.2016, 0.7984
1, 0.203, 0.797
1, 0.1979, 0.8021
1, 0.2094, 0.7906
1, 0.2078, 0.7922
1, 0.2121, 0.7879
1, 0.203, 0.797
1, 0.211, 0.789
1, 0.2178, 0.7822
1, 0.1995, 0.8005
1, 0.2097, 0.7903
1, 0.218, 0.782
1, 0.2081, 0.7919
1, 0.2179, 0.7821
1, 0.1949, 0.8051
1, 0.2215, 0.7785
1, 0.2113, 0.7887
1, 0.2112, 0.7888
1, 0.2036, 0.7964
1, 0.2124, 0.7876
1, 0.2081, 0.7919
1, 0.2054, 0.7946
1, 0.2091, 0.7909
1, 0.2106, 0.7894
1, 0.2205, 0.7795
1, 0.2064, 0.7936
1, 0.2132, 0.7868
1, 0.2064, 0.7936
1, 0.2102, 0.7898
1, 0.2047, 0.7953
1, 0.1979, 0.8021
1, 0.2094, 0.7906
1, 0.2107, 0.7893
1, 0.2081, 0.7919
1, 0.1978, 0.8022
1, 0.1983, 0.8017
1, 0.2016, 0.7984
1, 0.2027, 0.7973
1, 0.2036, 0.7964
1, 0.2121, 0.7879
1, 0.2044, 0.7956
1, 0.2087, 0.7913
1, 0.2053, 0.7947
1, 0.203, 0.797
1, 0.2185, 0.7815
1, 0.207, 0.793
1, 0.2113, 0.7887
1, 0.2076, 0.7924
1, 0.2058, 0.7942
1, 0.1993, 0.8007
1, 0.2112, 0.7888
1, 0.2117, 0.7883
1, 0.211, 0.789
1, 0.2061, 0.7939
1, 0.1847, 0.8153
1, 0.1268, 0.8732
1, 0.2105, 0.7895
1, 0.2136, 0.7864
1, 0.2156, 0.7844
1, 0.205, 0.795
1, 0.2048, 0.7952
1, 0.203, 0.797
1, 0.2116, 0.7884
1, 0.2009, 0.7991
1, 0.2175, 0.7825
1, 0.2051, 0.7949
1, 0.2094, 0.7906
1, 0.2093, 0.7907
1, 0.1978, 0.8022
1, 0.1996, 0.8004
1, 0.2047, 0.7953
1, 0.2008, 0.7992
1, 0.2068, 0.7932
1, 0.2054, 0.7946
1, 0.2046, 0.7954
1, 0.2029, 0.7971
1, 0.2076, 0.7924
1, 0.2984, 0.7016
1, 0.3038, 0.6962
1, 0.2198, 0.7802
1, 0.2072, 0.7928
1, 0.2145, 0.7855
1, 0.2159, 0.7841
1, 0.214, 0.786
1, 0.2134, 0.7866
1, 0.3403, 0.6597
1, 0.3249, 0.6751
1, 0.2118, 0.7882
1, 0.2136, 0.7864
1, 0.2097, 0.7903
1, 0.2069, 0.7931
1, 0.2125, 0.7875
1, 0.2139, 0.7861
1, 0.1988, 0.8012
1, 0.2035, 0.7965
1, 0.2122, 0.7878
1, 0.2119, 0.7881
1, 0.2054, 0.7946
1, 0.2107, 0.7893
1, 0.2061, 0.7939
1, 0.2107, 0.7893
1, 0.207, 0.793
1, 0.2024, 0.7976
1, 0.221, 0.779
1, 0.2121, 0.7879
1, 0.2172, 0.7828
1, 0.2173, 0.7827
1, 0.206, 0.794
1, 0.2129, 0.7871
1, 0.1957, 0.8043
1, 0.1977, 0.8023
1, 0.2131, 0.7869
1, 0.2088, 0.7912
1, 0.2051, 0.7949
1, 0.2069, 0.7931
1, 0.2039, 0.7961
1, 0.2104, 0.7896
1, 0.214, 0.786
1, 0.2212, 0.7788
1, 0.2081, 0.7919
1, 0.2269, 0.7731
1, 0.1941, 0.8059
1, 0.2087, 0.7913
1, 0.2141, 0.7859
1, 0.2154, 0.7846
1, 0.2108, 0.7892
1, 0.1949, 0.8051
1, 0.2032, 0.7968
1, 0.2087, 0.7913
1, 0.2087, 0.7913
1, 0.2178, 0.7822
1, 0.2087, 0.7913
1, 0.2166, 0.7834
1, 0.2142, 0.7858
1, 0.2128, 0.7872
1, 0.2071, 0.7929
1, 0.2075, 0.7925
1, 0.2059, 0.7941
1, 0.2212, 0.7788
1, 0.1921, 0.8079
1, 0.2308, 0.7692
1, 0.232, 0.768
1, 0.2159, 0.7841
1, 0.1947, 0.8053
1, 0.1949, 0.8051
1, 0.2128, 0.7872
1, 0.196, 0.804
1, 0.1972, 0.8028
1, 0.1958, 0.8042
1, 0.2173, 0.7827
1, 0.2182, 0.7818
1, 0.2085, 0.7915
1, 0.212, 0.788
1, 0.2093, 0.7907
1, 0.2132, 0.7868
1, 0.2124, 0.7876
1, 0.2132, 0.7868
1, 0.2109, 0.7891
1, 0.3277, 0.6723
1, 0.1982, 0.8018
1, 0.2084, 0.7916
1, 0.2065, 0.7935
1, 0.2168, 0.7832
1, 0.2132, 0.7868
1, 0.2087, 0.7913
1, 0.2115, 0.7885
1, 0.2105, 0.7895
1, 0.2141, 0.7859
1, 0.2087, 0.7913
1, 0.2034, 0.7966
1, 0.2038, 0.7962
1, 0.2043, 0.7957
1, 0.2042, 0.7958
1, 0.204, 0.796
1, 0.2039, 0.7961
1, 0.2093, 0.7907
1, 0.2172, 0.7828
1, 0.2137, 0.7863
1, 0.2033, 0.7967
1, 0.1955, 0.8045
1, 0.2092, 0.7908
1, 0.2026, 0.7974
1, 0.1957, 0.8043
1, 0.1993, 0.8007
1, 0.1997, 0.8003
1, 0.1947, 0.8053
1, 0.2089, 0.7911
1, 0.1958, 0.8042
1, 0.1995, 0.8005
1, 0.1996, 0.8004
1, 0.2129, 0.7871
1, 0.1997, 0.8003
1, 0.2038, 0.7962
1, 0.2065, 0.7935
1, 0.2074, 0.7926
1, 0.1999, 0.8001
1, 0.1985, 0.8015
1, 0.2078, 0.7922
1, 0.2097, 0.7903
1, 0.2021, 0.7979
1, 0.205, 0.795
1, 0.2021, 0.7979
1, 0.2176, 0.7824
1, 0.2072, 0.7928
1, 0.2061, 0.7939
1, 0.1942, 0.8058
1, 0.1973, 0.8027
1, 0.2044, 0.7956
1, 0.205, 0.795
1, 0.2029, 0.7971
1, 0.1954, 0.8046
1, 0.2044, 0.7956
1, 0.2029, 0.7971
1, 0.1972, 0.8028
1, 0.222, 0.778
1, 0.1865, 0.8135
1, 0.208, 0.792
1, 0.2015, 0.7985
1, 0.1939, 0.8061
1, 0.191, 0.809
1, 0.1926, 0.8074
1, 0.2043, 0.7957
1, 0.198, 0.802
1, 0.1998, 0.8002
1, 0.204, 0.796
1, 0.2031, 0.7969
1, 0.1888, 0.8112
1, 0.2109, 0.7891
1, 0.2147, 0.7853
1, 0.1949, 0.8051
1, 0.2151, 0.7849
1, 0.1995, 0.8005
1, 0.1943, 0.8057
1, 0.2152, 0.7848
1, 0.1994, 0.8006
1, 0.1889, 0.8111
1, 0.1903, 0.8097
1, 0.1995, 0.8005
1, 0.1936, 0.8064
1, 0.2009, 0.7991
1, 0.196, 0.804
1, 0.1917, 0.8083
1, 0.1917, 0.8083
1, 0.1961, 0.8039
1, 0.1892, 0.8108
1, 0.1903, 0.8097
0, 0.6442, 0.3558
1, 0.204, 0.796
1, 0.1926, 0.8074
1, 0.1894, 0.8106
1, 0.1969, 0.8031
1, 0.1903, 0.8097
1, 0.193, 0.807
1, 0.1915, 0.8085
1, 0.195, 0.805
1, 0.2009, 0.7991
1, 0.203, 0.797
0, 0.6491, 0.3509
1, 0.1939, 0.8061
1, 0.2116, 0.7884
1, 0.1976, 0.8024
1, 0.2125, 0.7875
1, 0.1927, 0.8073
1, 0.2159, 0.7841
1, 0.2112, 0.7888
1, 0.187, 0.813
1, 0.1893, 0.8107
1, 0.1864, 0.8136
1, 0.1879, 0.8121
1, 0.1991, 0.8009
1, 0.1939, 0.8061
1, 0.1958, 0.8042
1, 0.1981, 0.8019
1, 0.2127, 0.7873
1, 0.1994, 0.8006
1, 0.196, 0.804
1, 0.2121, 0.7879
1, 0.1892, 0.8108
1, 0.1997, 0.8003
1, 0.187, 0.813
1, 0.1965, 0.8035
1, 0.1863, 0.8137
1, 0.1957, 0.8043
1, 0.1973, 0.8027
1, 0.1943, 0.8057
1, 0.1883, 0.8117
1, 0.1924, 0.8076
1, 0.2148, 0.7852
1, 0.2209, 0.7791
1, 0.1985, 0.8015
1, 0.1994, 0.8006
1, 0.2124, 0.7876
1, 0.2076, 0.7924
1, 0.2112, 0.7888
1, 0.1997, 0.8003
1, 0.1939, 0.8061
1, 0.1991, 0.8009
1, 0.1944, 0.8056
1, 0.215, 0.785
1, 0.2, 0.8
1, 0.2056, 0.7944
1, 0.2186, 0.7814
1, 0.196, 0.804
1, 0.2169, 0.7831
1, 0.2042, 0.7958
1, 0.2144, 0.7856
1, 0.2067, 0.7933
1, 0.2193, 0.7807
1, 0.1956, 0.8044
1, 0.1938, 0.8062
1, 0.1955, 0.8045
1, 0.201, 0.799
1, 0.2032, 0.7968
1, 0.1919, 0.8081
1, 0.2278, 0.7722
1, 0.1901, 0.8099
1, 0.2126, 0.7874
1, 0.2064, 0.7936
1, 0.196, 0.804
1, 0.1908, 0.8092
1, 0.1969, 0.8031
1, 0.1995, 0.8005
1, 0.2067, 0.7933
1, 0.2141, 0.7859
1, 0.1987, 0.8013
1, 0.1952, 0.8048
1, 0.2014, 0.7986
1, 0.3023, 0.6977
1, 0.2853, 0.7147
1, 0.3049, 0.6951
1, 0.2024, 0.7976
1, 0.2074, 0.7926
1, 0.2106, 0.7894
1, 0.2085, 0.7915
1, 0.1883, 0.8117
1, 0.2391, 0.7609
1, 0.1888, 0.8112
1, 0.1922, 0.8078
1, 0.1879, 0.8121
1, 0.191, 0.809
1, 0.2306, 0.7694
1, 0.1911, 0.8089
1, 0.2315, 0.7685
1, 0.188, 0.812
1, 0.1925, 0.8075
1, 0.2348, 0.7652
1, 0.1939, 0.8061
1, 0.1964, 0.8036
1, 0.2256, 0.7744
1, 0.2065, 0.7935
1, 0.1952, 0.8048
1, 0.1959, 0.8041
1, 0.1995, 0.8005
1, 0.1937, 0.8063
1, 0.2242, 0.7758
1, 0.1935, 0.8065
1, 0.1982, 0.8018
1, 0.1975, 0.8025
1, 0.1981, 0.8019
1, 0.1987, 0.8013
1, 0.1942, 0.8058
1, 0.2027, 0.7973
1, 0.2224, 0.7776
1, 0.1935, 0.8065
1, 0.1943, 0.8057
1, 0.2031, 0.7969
1, 0.2963, 0.7037
1, 0.1926, 0.8074
1, 0.2254, 0.7746
1, 0.2273, 0.7727
1, 0.2335, 0.7665
1, 0.1879, 0.8121
1, 0.194, 0.806
1, 0.1915, 0.8085
1, 0.2827, 0.7173
1, 0.1881, 0.8119
1, 0.191, 0.809
1, 0.1881, 0.8119
1, 0.1884, 0.8116
1, 0.1908, 0.8092
1, 0.1993, 0.8007
1, 0.1937, 0.8063
1, 0.2376, 0.7624
1, 0.2096, 0.7904
1, 0.1837, 0.8163
1, 0.2398, 0.7602
1, 0.2147, 0.7853
1, 0.2039, 0.7961
1, 0.2313, 0.7687
1, 0.2101, 0.7899
1, 0.1851, 0.8149
1, 0.221, 0.779
1, 0.242, 0.758
1, 0.2315, 0.7685
1, 0.2372, 0.7628
1, 0.2192, 0.7808
1, 0.2206, 0.7794
1, 0.2195, 0.7805
1, 0.2556, 0.7444
1, 0.1935, 0.8065
1, 0.2088, 0.7912
1, 0.2248, 0.7752
1, 0.2481, 0.7519
1, 0.2552, 0.7448
1, 0.2088, 0.7912
1, 0.2409, 0.7591
1, 0.2081, 0.7919
1, 0.2179, 0.7821
1, 0.2114, 0.7886
1, 0.2551, 0.7449
1, 0.2071, 0.7929
1, 0.2434, 0.7566
1, 0.2088, 0.7912
1, 0.2333, 0.7667
1, 0.2399, 0.7601
1, 0.244, 0.756
1, 0.2088, 0.7912
1, 0.2409, 0.7591
1, 0.2444, 0.7556
1, 0.2214, 0.7786
1, 0.2088, 0.7912
1, 0.2308, 0.7692
1, 0.2134, 0.7866
1, 0.2319, 0.7681
1, 0.2141, 0.7859
1, 0.2134, 0.7866
1, 0.2464, 0.7536
1, 0.1935, 0.8065
1, 0.192, 0.808
1, 0.2604, 0.7396
1, 0.2579, 0.7421
1, 0.209, 0.791
1, 0.235, 0.765
1, 0.1962, 0.8038
1, 0.2498, 0.7502
1, 0.2538, 0.7462
1, 0.2318, 0.7682
1, 0.2516, 0.7484
1, 0.2599, 0.7401
1, 0.2312, 0.7688
1, 0.2532, 0.7468
1, 0.2112, 0.7888
1, 0.2634, 0.7366
1, 0.206, 0.794
1, 0.2515, 0.7485
1, 0.2569, 0.7431
1, 0.2104, 0.7896
1, 0.2583, 0.7417
1, 0.2581, 0.7419
1, 0.2102, 0.7898
1, 0.3068, 0.6932
1, 0.3347, 0.6653
1, 0.2281, 0.7719
1, 0.2294, 0.7706
1, 0.0529, 0.9471
1, 0.5675, 0.4325
1, 0.223, 0.777
1, 0.2288, 0.7712
1, 0.3488, 0.6512
1, 0.0674, 0.9326
1, 0.223, 0.777
1, 0.3228, 0.6772
1, 0.2281, 0.7719
1, 0.3292, 0.6708
1, 0.367, 0.633
1, 0.2169, 0.7831
1, 0.3398, 0.6602
1, 0.2163, 0.7837
1, 0.2165, 0.7835
1, 0.2251, 0.7749
1, 0.2383, 0.7617
1, 0.2401, 0.7599
1, 0.2495, 0.7505
1, 0.2389, 0.7611
1, 0.2377, 0.7623
1, 0.4596, 0.5404
1, 0.4401, 0.5599
1, 0.2874, 0.7126
1, 0.2836, 0.7164
1, 0.2268, 0.7732
1, 0.2386, 0.7614
1, 0.2315, 0.7685
1, 0.3678, 0.6322
1, 0.2079, 0.7921
1, 0.3598, 0.6402
1, 0.3879, 0.6121
1, 0.3879, 0.6121
1, 0.362, 0.638
1, 0.224, 0.776
1, 0.3727, 0.6273
1, 0.3801, 0.6199
1, 0.3257, 0.6743
1, 0.3863, 0.6137
1, 0.3935, 0.6065
1, 0.3891, 0.6109
1, 0.3542, 0.6458
1, 0.2438, 0.7562
1, 0.2692, 0.7308
1, 0.2438, 0.7562
1, 0.3263, 0.6737
1, 0.3928, 0.6072
1, 0.3291, 0.6709
1, 0.3737, 0.6263
1, 0.3801, 0.6199
1, 0.3999, 0.6001
1, 0.3285, 0.6715
1, 0.3899, 0.6101
1, 0.3791, 0.6209
1, 0.3377, 0.6623
1, 0.3932, 0.6068
1, 0.2134, 0.7866
1, 0.3838, 0.6162
1, 0.3247, 0.6753
1, 0.4266, 0.5734
1, 0.2324, 0.7676
1, 0.3436, 0.6564
1, 0.214, 0.786
1, 0.2319, 0.7681
1, 0.3864, 0.6136
1, 0.218, 0.782
1, 0.393, 0.607
1, 0.4087, 0.5913
1, 0.3494, 0.6506
0, 0.4819, 0.5181
1, 0.3703, 0.6297
1, 0.3317, 0.6683
1, 0.3703, 0.6297
0, 0.4819, 0.5181
1, 0.4094, 0.5906
1, 0.3424, 0.6576
1, 0.3317, 0.6683
1, 0.3331, 0.6669
1, 0.2837, 0.7163
1, 0.2654, 0.7346
1, 0.2185, 0.7815
1, 0.2421, 0.7579
1, 0.2378, 0.7622
1, 0.2286, 0.7714
1, 0.2441, 0.7559
1, 0.3444, 0.6556
1, 0.2103, 0.7897
1, 0.2188, 0.7812
1, 0.2217, 0.7783
1, 0.2089, 0.7911
1, 0.3506, 0.6494
1, 0.2322, 0.7678
1, 0.2124, 0.7876
1, 0.2008, 0.7992
1, 0.3429, 0.6571
1, 0.3361, 0.6639
1, 0.2198, 0.7802
1, 0.3183, 0.6817
1, 0.2128, 0.7872
1, 0.2235, 0.7765
1, 0.3554, 0.6446
1, 0.2386, 0.7614
1, 0.3735, 0.6265
1, 0.3559, 0.6441
1, 0.211, 0.789
1, 0.345, 0.655
1, 0.3692, 0.6308
1, 0.0486, 0.9514
1, 0.2154, 0.7846
1, 0.2381, 0.7619
1, 0.2986, 0.7014
1, 0.2206, 0.7794
1, 0.2159, 0.7841
1, 0.3352, 0.6648
1, 0.2103, 0.7897
1, 0.3175, 0.6825
1, 0.317, 0.683
1, 0.2108, 0.7892
1, 0.2104, 0.7896
1, 0.2098, 0.7902
1, 0.2101, 0.7899
1, 0.334, 0.666
1, 0.3175, 0.6825
1, 0.3369, 0.6631
1, 0.3283, 0.6717
1, 0.218, 0.782
1, 0.2102, 0.7898
1, 0.2137, 0.7863
1, 0.3316, 0.6684
1, 0.2116, 0.7884
1, 0.214, 0.786
1, 0.2133, 0.7867
1, 0.3175, 0.6825
1, 0.2233, 0.7767
1, 0.2101, 0.7899
1, 0.208, 0.792
1, 0.3408, 0.6592
1, 0.7821, 0.2179
1, 0.8554, 0.1446
1, 0.8001, 0.1999
1, 0.7787, 0.2213
1, 0.7833, 0.2167
1, 0.7982, 0.2018
1, 0.8108, 0.1892
1, 0.785, 0.215
1, 0.8158, 0.1842
1, 0.7998, 0.2002
1, 0.8084, 0.1916
1, 0.8046, 0.1954
1, 0.8227, 0.1773
1, 0.8001, 0.1999
1, 0.812, 0.188
1, 0.8131, 0.1869
1, 0.7843, 0.2157
1, 0.8228, 0.1772
1, 0.8046, 0.1954
1, 0.7643, 0.2357
1, 0.8129, 0.1871
1, 0.6961, 0.3039
0, 0.8772, 0.1228
1, 0.7315, 0.2685
1, 0.7077, 0.2923
1, 0.7114, 0.2886
1, 0.7149, 0.2851
1, 0.7081, 0.2919
1, 0.7613, 0.2387
1, 0.7727, 0.2273
1, 0.6606, 0.3394
1, 0.6871, 0.3129
1, 0.7571, 0.2429
1, 0.761, 0.239
1, 0.7727, 0.2273
1, 0.7164, 0.2836
1, 0.7598, 0.2402
1, 0.6814, 0.3186
1, 0.59, 0.41
1, 0.3113, 0.6887
1, 0.288, 0.712
1, 0.3064, 0.6936
1, 0.2857, 0.7143
1, 0.2865, 0.7135
1, 0.2821, 0.7179
1, 0.2821, 0.7179
1, 0.2751, 0.7249
0, 0.7972, 0.2028
0, 0.78, 0.22
0, 0.7857, 0.2143
0, 0.7957, 0.2043
0, 0.7857, 0.2143
0, 0.7759, 0.2241
0, 0.789, 0.211
0, 0.7736, 0.2264
0, 0.7855, 0.2145
0, 0.7941, 0.2059
0, 0.8125, 0.1875
0, 0.7875, 0.2125
0, 0.7802, 0.2198
0, 0.7756, 0.2244
0, 0.779, 0.221
0, 0.7858, 0.2142
0, 0.7564, 0.2436
0, 0.7856, 0.2144
0, 0.7717, 0.2283
0, 0.7867, 0.2133
0, 0.7857, 0.2143
0, 0.7857, 0.2143
0, 0.7911, 0.2089
0, 0.7756, 0.2244
0, 0.7612, 0.2388
0, 0.7957, 0.2043
0, 0.7556, 0.2444
0, 0.7857, 0.2143
0, 0.7756, 0.2244
0, 0.7871, 0.2129
0, 0.7867, 0.2133
0, 0.7857, 0.2143
0, 0.7579, 0.2421
0, 0.7745, 0.2255
0, 0.791, 0.209
0, 0.7747, 0.2253
0, 0.7763, 0.2237
0, 0.7851, 0.2149
0, 0.7747, 0.2253
0, 0.7855, 0.2145
0, 0.7745, 0.2255
0, 0.7863, 0.2137
0, 0.7503, 0.2497
0, 0.775, 0.225
0, 0.7721, 0.2279
0, 0.793, 0.207
0, 0.7993, 0.2007
0, 0.7856, 0.2144
0, 0.7857, 0.2143
0, 0.785, 0.215
0, 0.7786, 0.2214
0, 0.7857, 0.2143
0, 0.7965, 0.2035
0, 0.7755, 0.2245
0, 0.7811, 0.2189
0, 0.7767, 0.2233
0, 0.785, 0.215
0, 0.7832, 0.2168
0, 0.7811, 0.2189
0, 0.7965, 0.2035
0, 0.7755, 0.2245
0, 0.776, 0.224
0, 0.7661, 0.2339
0, 0.7818, 0.2182
0, 0.7722, 0.2278
0, 0.7737, 0.2263
0, 0.7758, 0.2242
0, 0.7799, 0.2201
0, 0.7755, 0.2245
0, 0.785, 0.215
0, 0.7842, 0.2158
0, 0.7704, 0.2296
0, 0.7883, 0.2117
0, 0.7575, 0.2425
0, 0.788, 0.212
0, 0.7942, 0.2058
0, 0.7788, 0.2212
0, 0.7578, 0.2422
0, 0.7943, 0.2057
0, 0.7623, 0.2377
0, 0.7851, 0.2149
0, 0.7673, 0.2327
0, 0.8034, 0.1966
0, 0.7719, 0.2281
0, 0.7988, 0.2012
0, 0.8054, 0.1946
0, 0.8201, 0.1799
0, 0.7759, 0.2241
0, 0.8041, 0.1959
1, 0.3167, 0.6833
1, 0.3148, 0.6852
1, 0.2928, 0.7072
0, 0.7957, 0.2043
0, 0.803, 0.197
0, 0.8046, 0.1954
0, 0.7958, 0.2042
0, 0.8015, 0.1985
0, 0.8301, 0.1699
0, 0.7981, 0.2019
0, 0.8152, 0.1848
0, 0.8321, 0.1679
0, 0.7969, 0.2031
0, 0.7949, 0.2051
1, 0.0732, 0.9268
0, 0.8521, 0.1479
0, 0.8193, 0.1807
0, 0.3336, 0.6664
1, 0.068, 0.932
0, 0.523, 0.477
1, 0.0691, 0.9309
0, 0.5205, 0.4795
1, 0.0708, 0.9292
1, 0.0699, 0.9301
1, 0.0718, 0.9282
1, 0.1731, 0.8269
1, 0.1846, 0.8154
1, 0.1757, 0.8243
1, 0.1728, 0.8272
1, 0.1734, 0.8266
0, 0.6768, 0.3232
0, 0.627, 0.373
0, 0.615, 0.385
0, 0.6755, 0.3245
0, 0.6707, 0.3293
0, 0.6441, 0.3559
0, 0.6719, 0.3281
0, 0.6718, 0.3282
0, 0.6542, 0.3458
0, 0.6174, 0.3826
0, 0.6527, 0.3473
0, 0.615, 0.385
0, 0.5527, 0.4473
0, 0.6175, 0.3825
0, 0.6687, 0.3313
0, 0.6667, 0.3333
0, 0.6542, 0.3458
0, 0.6449, 0.3551
0, 0.676, 0.324
0, 0.6709, 0.3291
0, 0.6658, 0.3342
0, 0.6334, 0.3666
0, 0.6152, 0.3848
0, 0.673, 0.327
0, 0.649, 0.351
0, 0.6261, 0.3739
0, 0.6833, 0.3167
0, 0.6523, 0.3477
0, 0.6762, 0.3238
0, 0.6429, 0.3571
0, 0.6717, 0.3283
0, 0.6183, 0.3817
0, 0.6175, 0.3825
0, 0.6578, 0.3422
0, 0.6725, 0.3275
0, 0.6207, 0.3793
0, 0.6703, 0.3297
0, 0.6697, 0.3303
0, 0.6026, 0.3974
0, 0.6629, 0.3371
0, 0.663, 0.337
0, 0.6737, 0.3263
0, 0.6165, 0.3835
0, 0.6528, 0.3472
0, 0.6388, 0.3612
0, 0.6689, 0.3311
0, 0.6825, 0.3175
0, 0.627, 0.373
0, 0.6131, 0.3869
0, 0.6718, 0.3282
0, 0.6594, 0.3406
1, 0.0667, 0.9333
1, 0.0746, 0.9254
1, 0.0692, 0.9308
1, 0.0819, 0.9181
1, 0.0671, 0.9329
1, 0.0654, 0.9346
1, 0.0663, 0.9337
1, 0.0494, 0.9506
0, 0.6518, 0.3482
1, 0.0501, 0.9499
1, 0.2499, 0.7501
1, 0.2452, 0.7548
0, 0.8296, 0.1704
0, 0.8417, 0.1583
0, 0.835, 0.165
0, 0.8417, 0.1583
0, 0.8382, 0.1618
0, 0.8312, 0.1688
0, 0.828, 0.172
0, 0.8412, 0.1588
0, 0.8239, 0.1761
0, 0.8329, 0.1671
0, 0.8417, 0.1583
0, 0.804, 0.196
0, 0.8221, 0.1779
0, 0.8399, 0.1601
0, 0.8258, 0.1742
0, 0.8409, 0.1591
0, 0.842, 0.158
0, 0.842, 0.158
0, 0.8258, 0.1742
0, 0.8297, 0.1703
0, 0.8281, 0.1719
0, 0.8417, 0.1583
0, 0.8499, 0.1501
0, 0.8289, 0.1711
0, 0.805, 0.195
0, 0.7863, 0.2137
0, 0.7897, 0.2103
0, 0.8363, 0.1637
0, 0.8283, 0.1717
0, 0.8258, 0.1742
0, 0.8261, 0.1739
0, 0.8037, 0.1963
0, 0.8417, 0.1583
0, 0.8365, 0.1635
0, 0.8289, 0.1711
0, 0.8399, 0.1601
0, 0.8417, 0.1583
0, 0.8126, 0.1874
0, 0.8265, 0.1735
0, 0.8412, 0.1588
0, 0.8403, 0.1597
0, 0.8315, 0.1685
0, 0.8257, 0.1743
0, 0.8399, 0.1601
0, 0.8214, 0.1786
0, 0.8243, 0.1757
0, 0.7968, 0.2032
0, 0.826, 0.174
0, 0.8261, 0.1739
0, 0.8417, 0.1583
0, 0.8417, 0.1583
0, 0.8329, 0.1671
0, 0.849, 0.151
0, 0.827, 0.173
0, 0.7447, 0.2553
0, 0.8476, 0.1524
0, 0.8402, 0.1598
0, 0.7348, 0.2652
0, 0.8146, 0.1854
0, 0.7758, 0.2242
0, 0.8426, 0.1574
0, 0.8096, 0.1904
0, 0.7458, 0.2542
0, 0.8344, 0.1656
0, 0.8423, 0.1577
0, 0.835, 0.165
0, 0.8258, 0.1742
0, 0.8411, 0.1589
0, 0.8476, 0.1524
0, 0.8016, 0.1984
0, 0.7808, 0.2192
0, 0.8411, 0.1589
0, 0.8089, 0.1911
0, 0.8426, 0.1574
0, 0.8255, 0.1745
0, 0.8341, 0.1659
0, 0.8378, 0.1622
0, 0.8077, 0.1923
0, 0.7458, 0.2542
0, 0.8107, 0.1893
0, 0.8441, 0.1559
0, 0.8115, 0.1885
0, 0.8426, 0.1574
0, 0.8289, 0.1711
0, 0.811, 0.189
0, 0.7808, 0.2192
0, 0.8269, 0.1731
0, 0.8069, 0.1931
0, 0.7832, 0.2168
0, 0.7775, 0.2225
0, 0.8188, 0.1812
0, 0.8505, 0.1495
0, 0.8308, 0.1692
0, 0.8365, 0.1635
0, 0.7912, 0.2088
0, 0.8325, 0.1675
0, 0.8295, 0.1705
0, 0.7786, 0.2214
0, 0.7792, 0.2208
0, 0.7766, 0.2234
0, 0.8114, 0.1886
0, 0.8297, 0.1703
0, 0.8356, 0.1644
0, 0.8274, 0.1726
0, 0.7791, 0.2209
0, 0.7841, 0.2159
0, 0.7913, 0.2087
0, 0.83, 0.17
0, 0.7939, 0.2061
0, 0.77, 0.23
0, 0.8159, 0.1841
0, 0.7699, 0.2301
0, 0.7929, 0.2071
0, 0.8146, 0.1854
0, 0.7942, 0.2058
0, 0.8105, 0.1895
0, 0.7879, 0.2121
0, 0.7807, 0.2193
0, 0.8341, 0.1659
0, 0.8768, 0.1232
0, 0.8479, 0.1521
0, 0.8323, 0.1677
0, 0.8869, 0.1131
0, 0.8491, 0.1509
0, 0.8211, 0.1789
0, 0.8805, 0.1195
0, 0.8535, 0.1465
0, 0.8257, 0.1743
0, 0.8804, 0.1196
0, 0.8117, 0.1883
0, 0.8251, 0.1749
0, 0.8159, 0.1841
0, 0.8114, 0.1886
0, 0.7832, 0.2168
0, 0.8085, 0.1915
0, 0.8168, 0.1832
0, 0.7906, 0.2094
0, 0.8246, 0.1754
0, 0.8169, 0.1831
0, 0.8154, 0.1846
0, 0.7914, 0.2086
0, 0.7914, 0.2086
0, 0.7906, 0.2094
0, 0.812, 0.188
0, 0.8067, 0.1933
0, 0.8079, 0.1921
0, 0.8085, 0.1915
0, 0.8252, 0.1748
0, 0.8155, 0.1845
0, 0.7906, 0.2094
0, 0.8154, 0.1846
0, 0.8085, 0.1915
0, 0.7914, 0.2086
0, 0.7914, 0.2086
0, 0.7906, 0.2094
0, 0.812, 0.188
0, 0.7887, 0.2113
0, 0.8174, 0.1826
0, 0.8114, 0.1886
0, 0.8168, 0.1832
0, 0.8217, 0.1783
0, 0.8159, 0.1841
0, 0.8313, 0.1687
0, 0.8323, 0.1677
0, 0.7906, 0.2094
0, 0.8127, 0.1873
0, 0.7893, 0.2107
0, 0.8169, 0.1831
0, 0.7878, 0.2122
0, 0.8122, 0.1878
0, 0.8176, 0.1824
0, 0.7914, 0.2086
0, 0.8169, 0.1831
0, 0.8126, 0.1874
0, 0.8085, 0.1915
0, 0.81, 0.19
0, 0.7895, 0.2105
0, 0.8145, 0.1855
0, 0.8131, 0.1869
0, 0.8074, 0.1926
0, 0.8091, 0.1909
0, 0.8091, 0.1909
0, 0.7827, 0.2173
0, 0.8126, 0.1874
0, 0.7924, 0.2076
0, 0.8121, 0.1879
0, 0.8105, 0.1895
0, 0.7861, 0.2139
0, 0.8058, 0.1942
0, 0.8124, 0.1876
0, 0.8096, 0.1904
0, 0.8068, 0.1932
0, 0.8176, 0.1824
0, 0.783, 0.217
0, 0.7889, 0.2111
0, 0.8141, 0.1859
0, 0.7878, 0.2122
0, 0.8142, 0.1858
0, 0.7894, 0.2106
0, 0.8115, 0.1885
0, 0.8152, 0.1848
0, 0.8146, 0.1854
0, 0.7904, 0.2096
0, 0.7829, 0.2171
0, 0.811, 0.189
0, 0.7914, 0.2086
0, 0.8179, 0.1821
0, 0.8141, 0.1859
0, 0.8113, 0.1887
0, 0.776, 0.224
0, 0.786, 0.214
0, 0.8131, 0.1869
0, 0.8177, 0.1823
0, 0.8077, 0.1923
0, 0.8177, 0.1823
0, 0.7919, 0.2081
0, 0.8089, 0.1911
0, 0.7862, 0.2138
0, 0.7901, 0.2099
0, 0.8138, 0.1862
0, 0.8066, 0.1934
0, 0.7906, 0.2094
0, 0.7987, 0.2013
0, 0.7895, 0.2105
0, 0.8073, 0.1927
0, 0.8132, 0.1868
0, 0.8102, 0.1898
0, 0.8178, 0.1822
0, 0.8084, 0.1916
0, 0.7914, 0.2086
0, 0.8141, 0.1859
0, 0.6991, 0.3009
0, 0.584, 0.416
0, 0.612, 0.388
0, 0.7013, 0.2987
0, 0.6054, 0.3946
0, 0.5293, 0.4707
0, 0.5708, 0.4292
0, 0.6973, 0.3027
0, 0.5381, 0.4619
0, 0.7007, 0.2993
0, 0.5391, 0.4609
0, 0.6121, 0.3879
0, 0.6218, 0.3782
0, 0.5954, 0.4046
0, 0.6124, 0.3876
0, 0.7013, 0.2987
0, 0.6982, 0.3018
0, 0.6993, 0.3007
0, 0.6213, 0.3787
0, 0.6919, 0.3081
0, 0.6181, 0.3819
0, 0.5391, 0.4609
0, 0.5862, 0.4138
0, 0.6188, 0.3812
0, 0.5951, 0.4049
0, 0.5857, 0.4143
0, 0.627, 0.373
0, 0.588, 0.412
0, 0.6664, 0.3336
0, 0.6792, 0.3208
0, 0.6799, 0.3201
0, 0.6643, 0.3357
0, 0.6595, 0.3405
0, 0.5875, 0.4125
0, 0.6267, 0.3733
0, 0.5951, 0.4049
0, 0.6006, 0.3994
0, 0.6303, 0.3697
0, 0.6609, 0.3391
0, 0.6635, 0.3365
0, 0.5821, 0.4179
0, 0.5815, 0.4185
0, 0.5887, 0.4113
0, 0.5591, 0.4409
0, 0.587, 0.413
0, 0.6046, 0.3954
0, 0.6128, 0.3872
0, 0.572, 0.428
0, 0.5966, 0.4034
0, 0.6096, 0.3904
0, 0.6048, 0.3952
0, 0.6082, 0.3918
0, 0.5739, 0.4261
0, 0.6095, 0.3905
0, 0.5962, 0.4038
0, 0.5982, 0.4018
0, 0.6105, 0.3895
0, 0.6129, 0.3871
0, 0.6046, 0.3954
0, 0.5737, 0.4263
0, 0.6198, 0.3802
0, 0.6202, 0.3798
0, 0.5756, 0.4244
0, 0.5737, 0.4263
0, 0.6082, 0.3918
0, 0.62, 0.38
0, 0.6104, 0.3896
0, 0.6117, 0.3883
0, 0.5756, 0.4244
0, 0.5862, 0.4138
0, 0.6228, 0.3772
0, 0.6202, 0.3798
0, 0.6229, 0.3771
0, 0.6214, 0.3786
0, 0.6232, 0.3768
0, 0.621, 0.379
0, 0.6046, 0.3954
0, 0.5921, 0.4079
0, 0.632, 0.368
0, 0.6228, 0.3772
0, 0.6104, 0.3896
0, 0.6198, 0.3802
0, 0.6087, 0.3913
0, 0.6202, 0.3798
0, 0.5737, 0.4263
0, 0.5756, 0.4244
0, 0.5756, 0.4244
0, 0.5737, 0.4263
0, 0.62, 0.38
0, 0.6182, 0.3818
0, 0.6126, 0.3874
0, 0.6082, 0.3918
0, 0.5737, 0.4263
0, 0.611, 0.389
0, 0.6065, 0.3935
0, 0.5735, 0.4265
0, 0.5756, 0.4244
0, 0.5846, 0.4154
0, 0.621, 0.379
0, 0.6082, 0.3918
0, 0.6058, 0.3942
0, 0.6173, 0.3827
0, 0.6059, 0.3941
0, 0.6082, 0.3918
0, 0.6147, 0.3853
0, 0.6051, 0.3949
0, 0.6082, 0.3918
0, 0.5716, 0.4284
0, 0.5763, 0.4237
0, 0.612, 0.388
0, 0.6184, 0.3816
0, 0.6097, 0.3903
0, 0.572, 0.428
0, 0.6178, 0.3822
0, 0.6136, 0.3864
0, 0.5765, 0.4235
0, 0.5795, 0.4205
0, 0.5734, 0.4266
0, 0.618, 0.382
0, 0.6051, 0.3949
0, 0.6212, 0.3788
0, 0.6111, 0.3889
0, 0.6147, 0.3853
0, 0.6111, 0.3889
0, 0.5717, 0.4283
0, 0.6112, 0.3888
0, 0.6093, 0.3907
0, 0.6097, 0.3903
0, 0.6141, 0.3859
0, 0.6137, 0.3863
0, 0.5883, 0.4117
0, 0.5674, 0.4326
0, 0.5895, 0.4105
0, 0.6148, 0.3852
0, 0.6196, 0.3804
0, 0.6231, 0.3769
0, 0.5746, 0.4254
0, 0.5708, 0.4292
0, 0.5728, 0.4272
0, 0.6153, 0.3847
0, 0.5765, 0.4235
0, 0.6087, 0.3913
0, 0.6087, 0.3913
0, 0.576, 0.424
0, 0.6261, 0.3739
0, 0.5719, 0.4281
0, 0.6293, 0.3707
0, 0.5965, 0.4035
0, 0.6232, 0.3768
0, 0.5756, 0.4244
0, 0.6083, 0.3917
0, 0.6294, 0.3706
0, 0.6196, 0.3804
0, 0.6173, 0.3827
0, 0.6193, 0.3807
0, 0.6203, 0.3797
0, 0.5737, 0.4263
0, 0.5734, 0.4266
0, 0.6817, 0.3183
0, 0.8186, 0.1814
1, 0.28, 0.72
1, 0.2574, 0.7426
1, 0.2972, 0.7028
0, 0.6198, 0.3802
0, 0.8126, 0.1874
0, 0.7981, 0.2019
0, 0.7007, 0.2993
0, 0.5708, 0.4292
0, 0.8265, 0.1735
0, 0.8426, 0.1574
0, 0.8423, 0.1577
0, 0.7904, 0.2096
0, 0.5391, 0.4609
0, 0.8323, 0.1677
0, 0.7447, 0.2553
0, 0.7747, 0.2253
0, 0.5895, 0.4105
0, 0.8046, 0.1954
0, 0.7878, 0.2122
0, 0.7458, 0.2542
0, 0.632, 0.368
0, 0.6082, 0.3918
0, 0.6136, 0.3864
0, 0.6594, 0.3406
0, 0.6198, 0.3802
0, 0.6198, 0.3802
0, 0.6104, 0.3896
0, 0.8126, 0.1874
0, 0.5735, 0.4265
0, 0.8301, 0.1699
0, 0.7856, 0.2144
0, 0.6183, 0.3817
0, 0.5735, 0.4265
0, 0.7747, 0.2253
0, 0.6441, 0.3559
0, 0.5708, 0.4292
0, 0.5895, 0.4105
0, 0.7895, 0.2105
0, 0.8411, 0.1589
0, 0.8126, 0.1874
0, 0.8308, 0.1692
0, 0.7957, 0.2043
0, 0.5756, 0.4244
0, 0.7458, 0.2542
0, 0.8091, 0.1909
0, 0.6121, 0.3879
0, 0.5846, 0.4154
0, 0.8168, 0.1832
0, 0.793, 0.207
0, 0.5965, 0.4035
0, 0.8168, 0.1832
0, 0.812, 0.188
0, 0.8085, 0.1915
0, 0.8243, 0.1757
0, 0.8142, 0.1858
0, 0.7755, 0.2245
0, 0.8142, 0.1858
0, 0.7969, 0.2031
0, 0.8159, 0.1841
0, 0.6719, 0.3281
0, 0.8505, 0.1495
0, 0.7458, 0.2542
0, 0.8105, 0.1895
0, 0.6293, 0.3707
0, 0.6104, 0.3896
0, 0.5391, 0.4609
0, 0.8258, 0.1742
0, 0.7957, 0.2043
0, 0.793, 0.207
0, 0.6093, 0.3907
0, 0.8221, 0.1779
0, 0.8074, 0.1926
0, 0.5815, 0.4185
0, 0.8411, 0.1589
0, 0.7949, 0.2051
0, 0.835, 0.165
0, 0.8313, 0.1687
0, 0.5862, 0.4138
0, 0.7867, 0.2133
0, 0.6051, 0.3949
0, 0.8211, 0.1789
0, 0.8274, 0.1726
0, 0.8073, 0.1927
0, 0.791, 0.209
0, 0.7906, 0.2094
0, 0.6111, 0.3889
0, 0.7745, 0.2255
0, 0.8114, 0.1886
0, 0.7914, 0.2086
0, 0.5887, 0.4113
0, 0.8251, 0.1749
0, 0.5895, 0.4105
0, 0.5965, 0.4035
0, 0.6719, 0.3281
0, 0.5862, 0.4138
0, 0.7661, 0.2339
0, 0.8521, 0.1479
0, 0.8257, 0.1743
0, 0.8258, 0.1742
0, 0.7957, 0.2043
0, 0.7942, 0.2058
0, 0.6105, 0.3895
0, 0.8239, 0.1761
0, 0.8117, 0.1883
0, 0.8091, 0.1909
0, 0.6104, 0.3896
0, 0.793, 0.207
0, 0.8016, 0.1984
0, 0.7957, 0.2043
0, 0.7942, 0.2058
0, 0.8114, 0.1886
0, 0.7906, 0.2094
0, 0.7993, 0.2007
0, 0.7759, 0.2241
0, 0.8341, 0.1659
0, 0.6213, 0.3787
0, 0.6087, 0.3913
0, 0.588, 0.412
0, 0.7857, 0.2143
0, 0.6719, 0.3281
0, 0.7914, 0.2086
0, 0.5756, 0.4244
0, 0.8378, 0.1622
0, 0.5391, 0.4609
0, 0.6178, 0.3822
0, 0.8258, 0.1742
0, 0.8329, 0.1671
0, 0.6097, 0.3903
0, 0.785, 0.215
0, 0.572, 0.428
0, 0.7458, 0.2542
0, 0.6097, 0.3903
0, 0.7914, 0.2086
0, 0.811, 0.189
0, 0.7929, 0.2071
0, 0.6703, 0.3297
0, 0.8155, 0.1845
0, 0.6051, 0.3949
0, 0.6058, 0.3942
0, 0.6717, 0.3283
0, 0.5728, 0.4272
0, 0.5965, 0.4035
0, 0.7878, 0.2122
0, 0.5293, 0.4707
0, 0.7857, 0.2143
0, 0.7775, 0.2225
0, 0.615, 0.385
0, 0.8159, 0.1841
0, 0.5391, 0.4609
0, 0.6058, 0.3942
0, 0.8329, 0.1671
0, 0.8142, 0.1858
0, 0.8066, 0.1934
0, 0.8321, 0.1679
0, 0.6491, 0.3509
0, 0.5756, 0.4244
0, 0.8255, 0.1745
0, 0.6051, 0.3949
0, 0.7673, 0.2327
0, 0.8066, 0.1934
0, 0.6104, 0.3896
0, 0.7747, 0.2253
0, 0.7758, 0.2242
0, 0.5965, 0.4035
0, 0.5756, 0.4244
0, 0.7911, 0.2089
0, 0.8261, 0.1739
0, 0.842, 0.158
0, 0.8417, 0.1583
0, 0.8402, 0.1598
0, 0.7942, 0.2058
0, 0.7842, 0.2158
0, 0.6097, 0.3903
0, 0.7791, 0.2209
0, 0.7717, 0.2283
0, 0.6128, 0.3872
0, 0.8091, 0.1909
0, 0.8308, 0.1692
0, 0.8426, 0.1574
0, 0.5875, 0.4125
0, 0.7458, 0.2542
0, 0.5716, 0.4284
0, 0.6046, 0.3954
0, 0.6595, 0.3405
0, 0.8105, 0.1895
0, 0.6124, 0.3876
0, 0.8301, 0.1699
0, 0.5716, 0.4284
0, 0.7808, 0.2192
0, 0.6175, 0.3825
0, 0.8274, 0.1726
0, 0.6198, 0.3802
0, 0.5875, 0.4125
0, 0.6104, 0.3896
0, 0.803, 0.197
0, 0.7906, 0.2094
0, 0.7458, 0.2542
0, 0.7745, 0.2255
0, 0.8269, 0.1731
0, 0.7767, 0.2233
0, 0.649, 0.351
0, 0.7503, 0.2497
0, 0.8016, 0.1984
0, 0.6175, 0.3825
0, 0.7901, 0.2099
0, 0.6104, 0.3896
0, 0.7887, 0.2113
0, 0.5795, 0.4205
0, 0.6131, 0.3869
0, 0.7556, 0.2444
0, 0.7958, 0.2042
0, 0.632, 0.368
0, 0.7895, 0.2105
0, 0.5815, 0.4185
0, 0.7745, 0.2255
0, 0.8091, 0.1909
0, 0.8417, 0.1583
0, 0.7895, 0.2105
0, 0.7906, 0.2094
0, 0.6294, 0.3706
0, 0.8274, 0.1726
0, 0.7503, 0.2497
0, 0.6104, 0.3896
0, 0.8417, 0.1583
0, 0.8168, 0.1832
0, 0.7912, 0.2088
0, 0.6441, 0.3559
0, 0.8074, 0.1926
0, 0.7857, 0.2143
0, 0.7871, 0.2129
0, 0.8146, 0.1854
0, 0.612, 0.388
0, 0.6527, 0.3473
0, 0.6183, 0.3817
0, 0.6214, 0.3786
0, 0.8274, 0.1726
0, 0.8125, 0.1875
0, 0.6595, 0.3405
0, 0.7579, 0.2421
0, 0.6082, 0.3918
0, 0.6755, 0.3245
0, 0.5734, 0.4266
0, 0.8412, 0.1588
0, 0.8152, 0.1848
0, 0.5708, 0.4292
0, 0.804, 0.196
0, 0.7792, 0.2208
0, 0.5716, 0.4284
0, 0.6542, 0.3458
0, 0.7856, 0.2144
0, 0.7857, 0.2143
0, 0.5862, 0.4138
0, 0.5391, 0.4609
0, 0.7857, 0.2143
0, 0.6527, 0.3473
0, 0.7857, 0.2143
0, 0.7786, 0.2214
0, 0.6718, 0.3282
0, 0.6121, 0.3879
0, 0.5737, 0.4263
0, 0.7758, 0.2242
0, 0.7788, 0.2212
0, 0.7458, 0.2542
0, 0.6719, 0.3281
0, 0.8193, 0.1807
0, 0.6768, 0.3232
0, 0.62, 0.38
0, 0.7969, 0.2031
0, 0.8125, 0.1875
0, 0.6097, 0.3903
0, 0.6198, 0.3802
0, 0.62, 0.38
0, 0.8102, 0.1898
0, 0.5293, 0.4707
0, 0.8402, 0.1598
0, 0.8521, 0.1479
0, 0.7942, 0.2058
0, 0.8274, 0.1726
0, 0.8269, 0.1731
0, 0.8168, 0.1832
0, 0.8297, 0.1703
0, 0.7758, 0.2242
0, 0.6046, 0.3954
0, 0.6175, 0.3825
0, 0.7957, 0.2043
0, 0.8265, 0.1735
0, 0.7745, 0.2255
0, 0.5737, 0.4263
0, 0.6046, 0.3954
0, 0.8142, 0.1858
0, 0.775, 0.225
0, 0.5674, 0.4326
0, 0.8255, 0.1745
0, 0.6082, 0.3918
0, 0.8313, 0.1687
0, 0.8046, 0.1954
0, 0.7901, 0.2099
0, 0.7943, 0.2057
0, 0.8146, 0.1854
0, 0.8107, 0.1893
0, 0.8412, 0.1588
0, 0.8772, 0.1228
0, 0.8096, 0.1904
0, 0.8476, 0.1524
0, 0.8115, 0.1885
0, 0.6087, 0.3913
0, 0.6097, 0.3903
0, 0.7993, 0.2007
0, 0.811, 0.189
0, 0.7912, 0.2088
0, 0.8096, 0.1904
0, 0.8096, 0.1904
0, 0.612, 0.388
0, 0.6293, 0.3707
0, 0.8074, 0.1926
0, 0.6175, 0.3825
0, 0.8077, 0.1923
0, 0.6104, 0.3896
0, 0.5591, 0.4409
0, 0.8126, 0.1874
0, 0.7912, 0.2088
0, 0.8178, 0.1822
0, 0.8255, 0.1745
0, 0.7841, 0.2159
0, 0.6124, 0.3876
0, 0.7756, 0.2244
0, 0.8321, 0.1679
0, 0.8269, 0.1731
0, 0.6121, 0.3879
0, 0.6523, 0.3477
0, 0.5756, 0.4244
0, 0.5737, 0.4263
0, 0.572, 0.428
0, 0.6083, 0.3917
0, 0.6104, 0.3896
0, 0.8365, 0.1635
0, 0.5708, 0.4292
0, 0.8066, 0.1934
0, 0.8125, 0.1875
0, 0.7901, 0.2099
0, 0.618, 0.382
0, 0.8289, 0.1711
0, 0.5381, 0.4619
0, 0.8126, 0.1874
0, 0.6293, 0.3707
0, 0.6097, 0.3903
0, 0.5737, 0.4263
0, 0.7863, 0.2137
0, 0.7802, 0.2198
0, 0.8412, 0.1588
0, 0.8169, 0.1831
0, 0.8114, 0.1886
0, 0.6717, 0.3283
0, 0.7612, 0.2388
0, 0.7857, 0.2143
0, 0.6294, 0.3706
0, 0.6082, 0.3918
0, 0.793, 0.207
0, 0.8114, 0.1886
0, 0.785, 0.215
0, 0.8412, 0.1588
0, 0.8125, 0.1875
0, 0.6542, 0.3458
0, 0.6719, 0.3281
0, 0.8126, 0.1874
0, 0.5728, 0.4272
0, 0.8159, 0.1841
0, 0.7775, 0.2225
0, 0.6595, 0.3405
0, 0.8274, 0.1726
0, 0.8255, 0.1745
0, 0.8193, 0.1807
0, 0.8521, 0.1479
0, 0.5737, 0.4263
0, 0.6112, 0.3888
0, 0.7912, 0.2088
0, 0.783, 0.217
0, 0.6104, 0.3896
0, 0.8315, 0.1685
0, 0.6152, 0.3848
0, 0.7929, 0.2071
0, 0.8426, 0.1574
0, 0.7786, 0.2214
0, 0.649, 0.351
0, 0.6294, 0.3706
0, 0.8142, 0.1858
0, 0.6124, 0.3876
0, 0.6054, 0.3946
0, 0.8441, 0.1559
0, 0.5716, 0.4284
0, 0.6527, 0.3473
0, 0.4819, 0.5181
0, 0.7755, 0.2245
0, 0.6104, 0.3896
0, 0.7972, 0.2028
0, 0.842, 0.158
0, 0.8125, 0.1875
0, 0.8313, 0.1687
0, 0.8141, 0.1859
0, 0.6207, 0.3793
0, 0.6178, 0.3822
0, 0.6046, 0.3954
0, 0.7857, 0.2143
0, 0.8399, 0.1601
0, 0.5756, 0.4244
0, 0.7857, 0.2143
0, 0.6136, 0.3864
0, 0.6183, 0.3817
0, 0.6261, 0.3739
0, 0.8085, 0.1915
0, 0.6542, 0.3458
0, 0.8126, 0.1874
0, 0.6595, 0.3405
0, 0.7894, 0.2106
0, 0.8085, 0.1915
0, 0.8068, 0.1932
0, 0.8426, 0.1574
0, 0.8073, 0.1927
0, 0.8121, 0.1879
0, 0.7988, 0.2012
0, 0.7912, 0.2088
0, 0.786, 0.214
0, 0.523, 0.477
0, 0.5735, 0.4265
0, 0.5734, 0.4266
0, 0.842, 0.158
0, 0.6006, 0.3994
0, 0.8341, 0.1659
0, 0.663, 0.337
0, 0.62, 0.38
0, 0.5756, 0.4244
0, 0.8058, 0.1942
0, 0.7802, 0.2198
0, 0.826, 0.174
0, 0.8085, 0.1915
0, 0.8535, 0.1465
0, 0.8265, 0.1735
0, 0.6719, 0.3281
0, 0.7957, 0.2043
0, 0.663, 0.337
0, 0.618, 0.382
0, 0.8126, 0.1874
0, 0.6097, 0.3903
0, 0.8132, 0.1868
0, 0.8142, 0.1858
0, 0.6228, 0.3772
0, 0.6183, 0.3817
0, 0.5875, 0.4125
0, 0.8168, 0.1832
0, 0.8066, 0.1934
0, 0.6293, 0.3707
0, 0.8125, 0.1875
0, 0.7832, 0.2168
0, 0.618, 0.382
0, 0.6104, 0.3896
0, 0.8107, 0.1893
0, 0.8077, 0.1923
0, 0.779, 0.221
0, 0.5756, 0.4244
0, 0.62, 0.38
0, 0.7564, 0.2436
0, 0.6104, 0.3896
0, 0.7858, 0.2142
0, 0.8378, 0.1622
0, 0.7862, 0.2138
0, 0.7904, 0.2096
0, 0.776, 0.224
0, 0.8313, 0.1687
0, 0.5895, 0.4105
0, 0.5815, 0.4185
0, 0.8077, 0.1923
0, 0.5756, 0.4244
0, 0.8308, 0.1692
0, 0.7704, 0.2296
0, 0.5293, 0.4707
0, 0.5862, 0.4138
0, 0.6687, 0.3313
0, 0.6105, 0.3895
0, 0.615, 0.385
0, 0.7759, 0.2241
0, 0.5846, 0.4154
0, 0.8085, 0.1915
0, 0.7841, 0.2159
0, 0.8142, 0.1858
0, 0.5765, 0.4235
0, 0.8269, 0.1731
0, 0.8274, 0.1726
0, 0.8142, 0.1858
0, 0.8142, 0.1858
0, 0.4819, 0.5181
0, 0.7842, 0.2158
0, 0.7767, 0.2233
0, 0.6087, 0.3913
0, 0.7906, 0.2094
0, 0.8214, 0.1786
0, 0.7862, 0.2138
0, 0.5756, 0.4244
0, 0.62, 0.38
0, 0.6121, 0.3879
0, 0.5883, 0.4117
0, 0.8132, 0.1868
0, 0.5921, 0.4079
0, 0.649, 0.351
0, 0.7786, 0.2214
0, 0.7857, 0.2143
0, 0.8411, 0.1589
0, 0.5708, 0.4292
0, 0.5756, 0.4244
0, 0.8313, 0.1687
0, 0.6121, 0.3879
0, 0.8168, 0.1832
0, 0.7857, 0.2143
0, 0.7906, 0.2094
0, 0.789, 0.211
0, 0.8159, 0.1841
0, 0.6595, 0.3405
0, 0.6193, 0.3807
0, 0.6178, 0.3822
0, 0.8417, 0.1583
0, 0.6717, 0.3283
0, 0.7857, 0.2143
0, 0.7767, 0.2233
0, 0.8138, 0.1862
0, 0.7758, 0.2242
0, 0.8142, 0.1858
0, 0.8155, 0.1845
0, 0.8068, 0.1932
0, 0.7904, 0.2096
0, 0.8313, 0.1687
0, 0.5954, 0.4046
0, 0.8193, 0.1807
0, 0.615, 0.385
0, 0.7857, 0.2143
0, 0.8365, 0.1635
0, 0.6689, 0.3311
0, 0.618, 0.382
0, 0.6087, 0.3913
0, 0.8417, 0.1583
0, 0.5293, 0.4707
0, 0.6629, 0.3371
0, 0.6198, 0.3802
0, 0.5737, 0.4263
0, 0.6523, 0.3477
0, 0.8869, 0.1131
0, 0.615, 0.385
0, 0.6267, 0.3733
0, 0.7904, 0.2096
0, 0.5391, 0.4609
0, 0.6178, 0.3822
0, 0.8411, 0.1589
0, 0.7747, 0.2253
0, 0.5921, 0.4079
0, 0.7993, 0.2007
0, 0.7912, 0.2088
0, 0.8168, 0.1832
0, 0.8772, 0.1228
0, 0.618, 0.382
0, 0.6527, 0.3473
0, 0.8399, 0.1601
0, 0.7857, 0.2143
0, 0.5765, 0.4235
0, 0.6087, 0.3913
0, 0.6718, 0.3282
0, 0.6755, 0.3245
0, 0.8402, 0.1598
0, 0.588, 0.412
0, 0.5862, 0.4138
0, 0.618, 0.382
0, 0.6629, 0.3371
0, 0.6595, 0.3405
0, 0.6124, 0.3876
0, 0.7556, 0.2444
0, 0.7851, 0.2149
0, 0.6768, 0.3232
0, 0.6719, 0.3281
0, 0.6527, 0.3473
0, 0.8066, 0.1934
0, 0.8126, 0.1874
0, 0.8085, 0.1915
0, 0.5756, 0.4244
0, 0.6097, 0.3903
0, 0.8476, 0.1524
0, 0.7579, 0.2421
0, 0.6136, 0.3864
0, 0.8289, 0.1711
0, 0.5708, 0.4292
0, 0.7832, 0.2168
0, 0.6719, 0.3281
0, 0.6213, 0.3787
0, 0.783, 0.217
0, 0.8077, 0.1923
0, 0.8289, 0.1711
0, 0.6441, 0.3559
0, 0.8146, 0.1854
0, 0.8417, 0.1583
0, 0.6082, 0.3918
0, 0.7857, 0.2143
0, 0.615, 0.385
0, 0.5746, 0.4254
0, 0.8768, 0.1232
0, 0.8211, 0.1789
0, 0.7758, 0.2242
0, 0.6095, 0.3905
0, 0.6178, 0.3822
0, 0.8441, 0.1559
0, 0.8159, 0.1841
0, 0.8127, 0.1873
0, 0.8102, 0.1898
0, 0.7943, 0.2057
0, 0.523, 0.477
0, 0.7912, 0.2088
0, 0.7912, 0.2088
0, 0.8125, 0.1875
0, 0.6104, 0.3896
0, 0.8274, 0.1726
0, 0.785, 0.215
0, 0.7911, 0.2089
0, 0.612, 0.388
0, 0.8174, 0.1826
0, 0.6183, 0.3817
0, 0.8295, 0.1705
0, 0.6183, 0.3817
0, 0.8313, 0.1687
0, 0.612, 0.388
0, 0.7914, 0.2086
0, 0.6087, 0.3913
0, 0.7857, 0.2143
0, 0.6527, 0.3473
0, 0.5795, 0.4205
0, 0.8077, 0.1923
0, 0.8274, 0.1726
0, 0.6267, 0.3733
0, 0.632, 0.368
0, 0.8068, 0.1932
0, 0.7807, 0.2193
0, 0.8274, 0.1726
0, 0.826, 0.174
0, 0.6046, 0.3954
0, 0.5756, 0.4244
0, 0.5746, 0.4254
0, 0.7878, 0.2122
0, 0.6595, 0.3405
0, 0.618, 0.382
0, 0.523, 0.477
0, 0.8067, 0.1933
0, 0.8105, 0.1895
0, 0.7957, 0.2043
0, 0.649, 0.351
0, 0.8046, 0.1954
0, 0.6212, 0.3788
0, 0.6595, 0.3405
0, 0.7808, 0.2192
0, 0.8152, 0.1848
0, 0.5591, 0.4409
0, 0.6542, 0.3458
0, 0.7941, 0.2059
0, 0.8258, 0.1742
0, 0.7756, 0.2244
0, 0.8265, 0.1735
0, 0.6147, 0.3853
0, 0.5846, 0.4154
0, 0.649, 0.351
0, 0.7957, 0.2043
0, 0.7612, 0.2388
0, 0.5883, 0.4117
0, 0.8125, 0.1875
0, 0.7841, 0.2159
0, 0.8252, 0.1748
0, 0.7791, 0.2209
0, 0.7957, 0.2043
0, 0.572, 0.428
0, 0.7857, 0.2143
0, 0.8323, 0.1677
0, 0.7857, 0.2143
0, 0.621, 0.379
0, 0.6203, 0.3797
0, 0.5982, 0.4018
0, 0.8132, 0.1868
0, 0.7857, 0.2143
0, 0.6267, 0.3733
0, 0.8105, 0.1895
0, 0.6982, 0.3018
0, 0.8257, 0.1743
0, 0.842, 0.158
0, 0.6095, 0.3905
0, 0.8069, 0.1931
0, 0.8341, 0.1659
0, 0.6174, 0.3826
0, 0.7968, 0.2032
0, 0.8132, 0.1868
0, 0.5883, 0.4117
0, 0.7911, 0.2089
0, 0.793, 0.207
0, 0.6097, 0.3903
0, 0.8365, 0.1635
0, 0.5815, 0.4185
0, 0.804, 0.196
0, 0.5795, 0.4205
0, 0.8074, 0.1926
0, 0.6709, 0.3291
0, 0.812, 0.188
0, 0.8869, 0.1131
0, 0.785, 0.215
0, 0.8289, 0.1711
0, 0.7904, 0.2096
0, 0.6527, 0.3473
0, 0.6182, 0.3818
0, 0.7914, 0.2086
0, 0.6718, 0.3282
0, 0.5756, 0.4244
0, 0.649, 0.351
0, 0.5883, 0.4117
0, 0.8105, 0.1895
0, 0.8239, 0.1761
0, 0.7904, 0.2096
0, 0.588, 0.412
0, 0.6188, 0.3812
0, 0.8188, 0.1812
0, 0.6082, 0.3918
0, 0.6104, 0.3896
0, 0.6629, 0.3371
0, 0.8142, 0.1858
0, 0.7867, 0.2133
0, 0.6267, 0.3733
0, 0.7857, 0.2143
0, 0.5756, 0.4244
0, 0.6449, 0.3551
0, 0.8105, 0.1895
0, 0.5737, 0.4263
0, 0.8074, 0.1926
0, 0.6542, 0.3458
0, 0.7957, 0.2043
0, 0.5737, 0.4263
0, 0.6097, 0.3903
0, 0.5846, 0.4154
0, 0.5708, 0.4292
0, 0.7957, 0.2043
0, 0.8308, 0.1692
0, 0.6202, 0.3798
0, 0.7904, 0.2096
0, 0.8341, 0.1659
0, 0.7745, 0.2255
0, 0.8255, 0.1745
0, 0.5716, 0.4284
0, 0.6709, 0.3291
0, 0.5708, 0.4292
0, 0.7747, 0.2253
0, 0.7758, 0.2242
0, 0.7759, 0.2241
0, 0.6817, 0.3183
0, 0.8296, 0.1704
0, 0.6087, 0.3913
0, 0.8124, 0.1876
0, 0.7867, 0.2133
0, 0.7906, 0.2094
0, 0.6542, 0.3458
0, 0.8403, 0.1597
0, 0.6207, 0.3793
0, 0.6973, 0.3027
0, 0.7747, 0.2253
0, 0.8132, 0.1868
0, 0.8169, 0.1831
0, 0.8313, 0.1687
0, 0.6104, 0.3896
0, 0.8768, 0.1232
0, 0.8125, 0.1875
0, 0.8114, 0.1886
0, 0.7906, 0.2094
0, 0.6267, 0.3733
0, 0.8417, 0.1583
0, 0.7811, 0.2189
0, 0.587, 0.413
0, 0.8239, 0.1761
0, 0.5756, 0.4244
0, 0.5293, 0.4707
0, 0.7579, 0.2421
0, 0.5756, 0.4244
0, 0.8344, 0.1656
0, 0.6231, 0.3769
0, 0.8107, 0.1893
0, 0.618, 0.382
0, 0.7857, 0.2143
0, 0.7786, 0.2214
0, 0.7811, 0.2189
0, 0.6183, 0.3817
0, 0.5756, 0.4244
0, 0.8016, 0.1984
0, 0.5737, 0.4263
0, 0.6817, 0.3183
0, 0.7919, 0.2081
0, 0.7878, 0.2122
0, 0.6147, 0.3853
0, 0.7756, 0.2244
0, 0.8077, 0.1923
0, 0.8313, 0.1687
0, 0.793, 0.207
0, 0.78, 0.22
0, 0.6178, 0.3822
0, 0.7906, 0.2094
0, 0.6717, 0.3283
0, 0.7458, 0.2542
0, 0.7807, 0.2193
0, 0.6799, 0.3201
0, 0.6087, 0.3913
0, 0.5921, 0.4079
0, 0.8269, 0.1731
0, 0.7775, 0.2225
0, 0.7458, 0.2542
0, 0.7791, 0.2209
0, 0.632, 0.368
0, 0.7942, 0.2058
0, 0.7759, 0.2241
0, 0.776, 0.224
0, 0.7767, 0.2233
0, 0.6006, 0.3994
0, 0.8265, 0.1735
0, 0.615, 0.385
0, 0.791, 0.209
0, 0.8269, 0.1731
0, 0.8126, 0.1874
0, 0.5391, 0.4609
0, 0.8091, 0.1909
0, 0.6104, 0.3896
0, 0.8258, 0.1742
0, 0.5739, 0.4261
0, 0.7878, 0.2122
0, 0.8132, 0.1868
0, 0.6006, 0.3994
0, 0.812, 0.188
0, 0.6136, 0.3864
0, 0.7957, 0.2043
0, 0.7857, 0.2143
0, 0.7942, 0.2058
0, 0.6527, 0.3473
0, 0.789, 0.211
0, 0.8168, 0.1832
0, 0.8378, 0.1622
0, 0.6198, 0.3802
0, 0.8155, 0.1845
0, 0.8239, 0.1761
0, 0.6595, 0.3405
0, 0.7857, 0.2143
0, 0.5716, 0.4284
0, 0.8441, 0.1559
0, 0.8521, 0.1479
0, 0.7968, 0.2032
0, 0.7988, 0.2012
0, 0.523, 0.477
0, 0.8356, 0.1644
0, 0.7871, 0.2129
0, 0.7807, 0.2193
0, 0.8412, 0.1588
0, 0.8217, 0.1783
0, 0.8015, 0.1985
0, 0.5293, 0.4707
0, 0.7867, 0.2133
0, 0.5591, 0.4409
0, 0.7842, 0.2158
0, 0.8126, 0.1874
0, 0.7699, 0.2301
0, 0.8142, 0.1858
0, 0.7827, 0.2173
0, 0.8329, 0.1671
0, 0.7661, 0.2339
0, 0.8155, 0.1845
0, 0.8274, 0.1726
0, 0.7841, 0.2159
0, 0.81, 0.19
0, 0.8069, 0.1931
0, 0.6093, 0.3907
0, 0.8281, 0.1719
0, 0.835, 0.165
0, 0.7943, 0.2057
0, 0.6718, 0.3282
0, 0.804, 0.196
0, 0.6198, 0.3802
0, 0.7857, 0.2143
0, 0.835, 0.165
0, 0.7786, 0.2214
0, 0.5527, 0.4473
0, 0.7857, 0.2143
0, 0.8297, 0.1703
0, 0.6087, 0.3913
0, 0.7969, 0.2031
0, 0.6198, 0.3802
0, 0.8107, 0.1893
0, 0.62, 0.38
0, 0.7887, 0.2113
0, 0.7564, 0.2436
0, 0.8417, 0.1583
0, 0.6065, 0.3935
0, 0.6817, 0.3183
0, 0.7993, 0.2007
0, 0.8411, 0.1589
0, 0.8289, 0.1711
0, 0.6054, 0.3946
0, 0.5737, 0.4263
0, 0.8114, 0.1886
0, 0.6737, 0.3263
0, 0.7857, 0.2143
0, 0.7857, 0.2143
0, 0.5765, 0.4235
0, 0.8251, 0.1749
0, 0.584, 0.416
0, 0.7792, 0.2208
0, 0.7957, 0.2043
0, 0.6267, 0.3733
0, 0.7879, 0.2121
0, 0.7775, 0.2225
0, 0.8125, 0.1875
0, 0.6121, 0.3879
0, 0.8313, 0.1687
0, 0.5756, 0.4244
0, 0.7914, 0.2086
0, 0.6719, 0.3281
0, 0.7906, 0.2094
0, 0.7857, 0.2143
0, 0.8341, 0.1659
0, 0.7564, 0.2436
0, 0.6105, 0.3895
0, 0.4819, 0.5181
0, 0.8138, 0.1862
0, 0.8169, 0.1831
0, 0.5756, 0.4244
0, 0.8105, 0.1895
0, 0.6097, 0.3903
0, 0.6527, 0.3473
0, 0.793, 0.207
0, 0.6097, 0.3903
0, 0.7957, 0.2043
0, 0.7904, 0.2096
0, 0.7878, 0.2122
0, 0.8281, 0.1719
0, 0.8221, 0.1779
0, 0.8174, 0.1826
0, 0.7878, 0.2122
0, 0.7867, 0.2133
0, 0.8125, 0.1875
0, 0.7755, 0.2245
0, 0.6175, 0.3825
0, 0.4819, 0.5181
0, 0.8505, 0.1495
0, 0.6267, 0.3733
0, 0.6175, 0.3825
0, 0.8142, 0.1858
0, 0.8125, 0.1875
0, 0.8168, 0.1832
0, 0.8085, 0.1915
0, 0.6737, 0.3263
0, 0.8255, 0.1745
0, 0.6198, 0.3802
0, 0.5795, 0.4205
0, 0.5293, 0.4707
0, 0.5875, 0.4125
0, 0.7747, 0.2253
0, 0.7901, 0.2099
0, 0.612, 0.388
0, 0.6198, 0.3802
0, 0.8073, 0.1927
0, 0.6267, 0.3733
0, 0.6595, 0.3405
0, 0.7939, 0.2061
0, 0.8122, 0.1878
0, 0.6046, 0.3954
0, 0.6267, 0.3733
0, 0.5728, 0.4272
0, 0.7914, 0.2086
0, 0.5527, 0.4473
0, 0.7503, 0.2497
0, 0.6441, 0.3559
0, 0.7786, 0.2214
0, 0.7755, 0.2245
0, 0.8168, 0.1832
0, 0.6717, 0.3283
0, 0.8188, 0.1812
0, 0.5391, 0.4609
0, 0.7879, 0.2121
0, 0.6973, 0.3027
0, 0.618, 0.382
0, 0.8179, 0.1821
0, 0.8289, 0.1711
0, 0.7775, 0.2225
0, 0.7759, 0.2241
0, 0.8411, 0.1589
0, 0.7968, 0.2032
0, 0.5293, 0.4707
0, 0.7857, 0.2143
0, 0.6664, 0.3336
0, 0.5921, 0.4079
0, 0.7759, 0.2241
0, 0.7759, 0.2241
0, 0.8146, 0.1854
0, 0.8114, 0.1886
0, 0.6181, 0.3819
