0, 0.9972, 0.0028
0, 0.9984, 0.0016
0, 0.9971, 0.0029
0, 0.9864, 0.0136
0, 0.9975, 0.0025
0, 0.8314, 0.1686
0, 0.9972, 0.0028
0, 0.9966, 0.0034
0, 1.0, 0.0
0, 0.9932, 0.0068
0, 0.9966, 0.0034
0, 0.9955, 0.0045
0, 0.9974, 0.0026
0, 0.9997, 0.0003
0, 1.0, 0.0
0, 1.0, 0.0
0, 1.0, 0.0
0, 0.9945, 0.0055
0, 1.0, 0.0
0, 0.9954, 0.0046
0, 0.9991, 0.0009
0, 0.994, 0.006
0, 1.0, 0.0
0, 0.9896, 0.0104
0, 0.9954, 0.0046
0, 0.997, 0.003
0, 0.9975, 0.0025
0, 0.9973, 0.0027
0, 0.9999, 0.0001
0, 0.9999, 0.0001
0, 0.9973, 0.0027
0, 0.9973, 0.0027
0, 0.9974, 0.0026
0, 0.9921, 0.0079
0, 1.0, 0.0
0, 1.0, 0.0
0, 0.9994, 0.0006
0, 0.9999, 0.0001
0, 0.9906, 0.0094
0, 0.9973, 0.0027
0, 0.9973, 0.0027
0, 0.9942, 0.0058
0, 0.9936, 0.0064
0, 0.9982, 0.0018
0, 0.9983, 0.0017
0, 0.9999, 0.0001
0, 0.9977, 0.0023
0, 0.9998, 0.0002
0, 0.9963, 0.0037
0, 0.9984, 0.0016
0, 0.9923, 0.0077
0, 0.9819, 0.0181
0, 0.6661, 0.3339
0, 0.9998, 0.0002
0, 0.9226, 0.0774
0, 0.9924, 0.0076
0, 0.9971, 0.0029
0, 0.9928, 0.0072
0, 0.9876, 0.0124
0, 0.9989, 0.0011
0, 0.9961, 0.0039
0, 0.9925, 0.0075
0, 0.9964, 0.0036
0, 1.0, 0.0
1, 0.6932, 0.3068
0, 0.8957, 0.1043
0, 1.0, 0.0
0, 0.9974, 0.0026
0, 0.9973, 0.0027
0, 0.9996, 0.0004
0, 0.9878, 0.0122
0, 0.9996, 0.0004
0, 0.9862, 0.0138
0, 0.9926, 0.0074
0, 0.9993, 0.0007
0, 1.0, 0.0
0, 1.0, 0.0
0, 1.0, 0.0
0, 1.0, 0.0
0, 0.9998, 0.0002
0, 0.9988, 0.0012
0, 1.0, 0.0
0, 0.9927, 0.0073
0, 0.9959, 0.0041
0, 0.9989, 0.0011
0, 0.9989, 0.0011
0, 0.999, 0.001
0, 0.9881, 0.0119
0, 0.9997, 0.0003
0, 0.9916, 0.0084
0, 0.9937, 0.0063
0, 0.9961, 0.0039
0, 0.9997, 0.0003
0, 0.9978, 0.0022
0, 0.9898, 0.0102
0, 0.9795, 0.0205
0, 0.9988, 0.0012
0, 0.9903, 0.0097
0, 1.0, 0.0
0, 0.9947, 0.0053
0, 0.9959, 0.0041
0, 0.9997, 0.0003
0, 0.9919, 0.0081
0, 0.9821, 0.0179
0, 1.0, 0.0
0, 0.9992, 0.0008
0, 1.0, 0.0
0, 1.0, 0.0
0, 1.0, 0.0
0, 0.9896, 0.0104
0, 0.9695, 0.0305
0, 0.9445, 0.0555
0, 0.9596, 0.0404
0, 0.9807, 0.0193
0, 0.9854, 0.0146
1, 0.3501, 0.6499
0, 0.9914, 0.0086
0, 0.9902, 0.0098
1, 0.5912, 0.4088
0, 0.9727, 0.0273
0, 0.9379, 0.0621
0, 0.9852, 0.0148
0, 0.9616, 0.0384
0, 0.9836, 0.0164
0, 0.9755, 0.0245
1, 0.023, 0.977
0, 0.7249, 0.2751
0, 0.6468, 0.3532
0, 0.9631, 0.0369
0, 0.9862, 0.0138
0, 0.9835, 0.0165
0, 0.9937, 0.0063
0, 0.9887, 0.0113
0, 0.9894, 0.0106
0, 0.9909, 0.0091
0, 0.991, 0.009
0, 0.985, 0.015
0, 0.9859, 0.0141
0, 0.9779, 0.0221
0, 0.9861, 0.0139
0, 0.864, 0.136
0, 0.8379, 0.1621
0, 0.9121, 0.0879
0, 0.9717, 0.0283
0, 0.976, 0.024
0, 0.9612, 0.0388
0, 0.9529, 0.0471
0, 0.9654, 0.0346
0, 0.9409, 0.0591
0, 0.8846, 0.1154
0, 0.9185, 0.0815
0, 0.9514, 0.0486
0, 0.8809, 0.1191
0, 0.9315, 0.0685
0, 0.916, 0.084
0, 0.9903, 0.0097
0, 0.9227, 0.0773
0, 0.9897, 0.0103
0, 0.8037, 0.1963
0, 0.87, 0.13
0, 0.8399, 0.1601
0, 0.8136, 0.1864
0, 0.5784, 0.4216
0, 0.9756, 0.0244
0, 0.9707, 0.0293
0, 0.9984, 0.0016
1, 0.6851, 0.3149
1, 0.995, 0.005
0, 0.9958, 0.0042
0, 0.9904, 0.0096
0, 0.9921, 0.0079
0, 0.9975, 0.0025
0, 0.9997, 0.0003
0, 0.9991, 0.0009
0, 0.9991, 0.0009
0, 0.9997, 0.0003
0, 0.9988, 0.0012
0, 0.9983, 0.0017
0, 0.9985, 0.0015
0, 0.9703, 0.0297
0, 0.9924, 0.0076
0, 1.0, 0.0
0, 0.9997, 0.0003
0, 0.9959, 0.0041
0, 0.9998, 0.0002
0, 0.9989, 0.0011
0, 0.998, 0.002
0, 0.996, 0.004
0, 0.9984, 0.0016
0, 0.9979, 0.0021
0, 0.9996, 0.0004
0, 0.9985, 0.0015
0, 1.0, 0.0
0, 0.9983, 0.0017
0, 0.9585, 0.0415
0, 0.954, 0.046
0, 0.9573, 0.0427
0, 0.9993, 0.0007
0, 0.9983, 0.0017
0, 0.9932, 0.0068
0, 0.9993, 0.0007
0, 0.9973, 0.0027
0, 0.954, 0.046
0, 0.9174, 0.0826
0, 1.0, 0.0
0, 0.9982, 0.0018
0, 0.9976, 0.0024
0, 0.9993, 0.0007
0, 0.9095, 0.0905
0, 1.0, 0.0
0, 0.9988, 0.0012
0, 0.9992, 0.0008
0, 0.9365, 0.0635
0, 0.9244, 0.0756
0, 0.9999, 0.0001
0, 0.9941, 0.0059
0, 0.9993, 0.0007
0, 0.9996, 0.0004
0, 0.9999, 0.0001
1, 0.9457, 0.0543
1, 0.8996, 0.1004
1, 0.9867, 0.0133
0, 0.9564, 0.0436
0, 0.999, 0.001
0, 0.9945, 0.0055
0, 0.9909, 0.0091
0, 0.9337, 0.0663
0, 0.9621, 0.0379
0, 0.9477, 0.0523
0, 0.9923, 0.0077
1, 0.9371, 0.0629
0, 1.0, 0.0
0, 0.9998, 0.0002
0, 0.9919, 0.0081
1, 0.9998, 0.0002
0, 0.8554, 0.1446
0, 0.9469, 0.0531
0, 0.9971, 0.0029
0, 0.9571, 0.0429
0, 0.9296, 0.0704
0, 0.9518, 0.0482
0, 1.0, 0.0
1, 0.9977, 0.0023
0, 0.9928, 0.0072
0, 0.9107, 0.0893
1, 0.9589, 0.0411
0, 0.9473, 0.0527
1, 0.8281, 0.1719
1, 0.9217, 0.0783
0, 0.9961, 0.0039
0, 0.9746, 0.0254
0, 0.9447, 0.0553
0, 0.9605, 0.0395
0, 0.9998, 0.0002
0, 0.9914, 0.0086
1, 0.8767, 0.1233
1, 0.0042, 0.9958
0, 0.9553, 0.0447
0, 0.9588, 0.0412
0, 1.0, 0.0
0, 0.9757, 0.0243
0, 1.0, 0.0
0, 0.1383, 0.8617
0, 0.9625, 0.0375
0, 0.9436, 0.0564
0, 0.9494, 0.0506
0, 0.9192, 0.0808
0, 0.9996, 0.0004
0, 0.9994, 0.0006
0, 0.9637, 0.0363
0, 0.9998, 0.0002
0, 0.9987, 0.0013
0, 0.9938, 0.0062
0, 0.9998, 0.0002
0, 0.9644, 0.0356
0, 0.9299, 0.0701
0, 0.9144, 0.0856
0, 0.5613, 0.4387
0, 0.5929, 0.4071
0, 0.8009, 0.1991
0, 0.6215, 0.3785
0, 0.6725, 0.3275
0, 0.8399, 0.1601
0, 0.9398, 0.0602
0, 0.9505, 0.0495
0, 0.9682, 0.0318
0, 0.9757, 0.0243
0, 0.9694, 0.0306
0, 0.9874, 0.0126
0, 0.9874, 0.0126
0, 0.9888, 0.0112
0, 0.512, 0.488
0, 0.8036, 0.1964
0, 0.8507, 0.1493
0, 0.7184, 0.2816
0, 0.8957, 0.1043
0, 0.8363, 0.1637
0, 0.71, 0.29
0, 1.0, 0.0
0, 1.0, 0.0
0, 0.9988, 0.0012
0, 0.9988, 0.0012
0, 0.9988, 0.0012
0, 0.9981, 0.0019
1, 0.056, 0.944
0, 1.0, 0.0
0, 0.9969, 0.0031
0, 0.9916, 0.0084
0, 0.9905, 0.0095
0, 0.9936, 0.0064
0, 0.99, 0.01
0, 0.9997, 0.0003
0, 0.9974, 0.0026
0, 0.9707, 0.0293
0, 0.9494, 0.0506
0, 0.9922, 0.0078
0, 0.9789, 0.0211
0, 0.9939, 0.0061
0, 0.9669, 0.0331
0, 0.9944, 0.0056
0, 0.9919, 0.0081
0, 0.9935, 0.0065
0, 0.9553, 0.0447
0, 0.9931, 0.0069
0, 0.9392, 0.0608
0, 0.9959, 0.0041
0, 0.9335, 0.0665
0, 0.9965, 0.0035
0, 1.0, 0.0
0, 1.0, 0.0
0, 1.0, 0.0
0, 0.9824, 0.0176
0, 1.0, 0.0
0, 0.9997, 0.0003
0, 0.8826, 0.1174
0, 0.8523, 0.1477
0, 0.8553, 0.1447
0, 0.9781, 0.0219
0, 0.9781, 0.0219
0, 0.9794, 0.0206
0, 0.9781, 0.0219
0, 0.9788, 0.0212
0, 0.9781, 0.0219
0, 0.9861, 0.0139
1, 0.085, 0.915
1, 0.5343, 0.4657
1, 0.8561, 0.1439
1, 0.9215, 0.0785
0, 0.9726, 0.0274
0, 0.9842, 0.0158
0, 0.8092, 0.1908
0, 0.8854, 0.1146
0, 0.982, 0.018
1, 0.9793, 0.0207
0, 0.9669, 0.0331
0, 0.943, 0.057
0, 0.9521, 0.0479
0, 0.9981, 0.0019
0, 0.817, 0.183
0, 0.7674, 0.2326
1, 0.0299, 0.9701
0, 0.6996, 0.3004
0, 0.7179, 0.2821
0, 0.7912, 0.2088
0, 0.8017, 0.1983
0, 0.7035, 0.2965
0, 0.7502, 0.2498
0, 0.7108, 0.2892
0, 0.8303, 0.1697
0, 0.8404, 0.1596
0, 0.7984, 0.2016
0, 0.7549, 0.2451
0, 0.8047, 0.1953
0, 0.8097, 0.1903
0, 0.8416, 0.1584
0, 0.8794, 0.1206
0, 0.9497, 0.0503
0, 0.8075, 0.1925
1, 0.5523, 0.4477
0, 0.803, 0.197
0, 0.9814, 0.0186
0, 0.9931, 0.0069
0, 0.9851, 0.0149
0, 0.9994, 0.0006
0, 0.8641, 0.1359
0, 0.9981, 0.0019
0, 0.9994, 0.0006
0, 0.9142, 0.0858
0, 0.8567, 0.1433
0, 0.8666, 0.1334
0, 0.9996, 0.0004
0, 0.9762, 0.0238
0, 0.9724, 0.0276
0, 0.9846, 0.0154
0, 0.976, 0.024
0, 0.7893, 0.2107
0, 0.9842, 0.0158
0, 0.97, 0.03
0, 0.7884, 0.2116
0, 0.2926, 0.7074
0, 0.8527, 0.1473
0, 0.2788, 0.7212
0, 0.9372, 0.0628
0, 0.8472, 0.1528
0, 0.999, 0.001
0, 0.7857, 0.2143
0, 0.9166, 0.0834
0, 0.9109, 0.0891
0, 0.8178, 0.1822
0, 0.9741, 0.0259
0, 0.2491, 0.7509
0, 0.9922, 0.0078
0, 0.9331, 0.0669
0, 0.8282, 0.1718
0, 0.9355, 0.0645
0, 0.9328, 0.0672
0, 0.8109, 0.1891
0, 0.922, 0.078
0, 0.1626, 0.8374
0, 0.8079, 0.1921
0, 0.9191, 0.0809
0, 0.7863, 0.2137
0, 0.7846, 0.2154
0, 0.9821, 0.0179
0, 0.8107, 0.1893
0, 0.918, 0.082
0, 0.828, 0.172
0, 0.9355, 0.0645
0, 0.9821, 0.0179
0, 0.9957, 0.0043
0, 0.8321, 0.1679
0, 0.8282, 0.1718
0, 0.8328, 0.1672
0, 0.8272, 0.1728
0, 0.8052, 0.1948
0, 0.9958, 0.0042
0, 0.996, 0.004
0, 0.8389, 0.1611
0, 0.1757, 0.8243
0, 0.1754, 0.8246
0, 0.828, 0.172
0, 0.1886, 0.8114
0, 0.9857, 0.0143
0, 0.8484, 0.1516
0, 0.9374, 0.0626
0, 0.8096, 0.1904
0, 0.8287, 0.1713
0, 0.8367, 0.1633
0, 0.8108, 0.1892
0, 0.946, 0.054
0, 0.1776, 0.8224
0, 0.936, 0.064
0, 0.9334, 0.0666
0, 0.8744, 0.1256
0, 0.9188, 0.0812
1, 0.9458, 0.0542
0, 0.1568, 0.8432
0, 0.1729, 0.8271
0, 0.9353, 0.0647
0, 0.9188, 0.0812
0, 0.9188, 0.0812
0, 0.7807, 0.2193
0, 0.9188, 0.0812
0, 0.9351, 0.0649
0, 0.8787, 0.1213
1, 0.8181, 0.1819
0, 0.929, 0.071
0, 0.7602, 0.2398
0, 0.9568, 0.0432
0, 0.9576, 0.0424
0, 0.9806, 0.0194
0, 0.897, 0.103
0, 0.9228, 0.0772
0, 0.8405, 0.1595
0, 0.9122, 0.0878
0, 0.9126, 0.0874
0, 0.9135, 0.0865
0, 0.9031, 0.0969
0, 0.9172, 0.0828
0, 0.9172, 0.0828
0, 0.9126, 0.0874
0, 0.9561, 0.0439
0, 0.9399, 0.0601
0, 0.914, 0.086
0, 0.9264, 0.0736
0, 0.9253, 0.0747
0, 0.9335, 0.0665
0, 0.9345, 0.0655
0, 0.9399, 0.0601
0, 0.9401, 0.0599
0, 0.9405, 0.0595
0, 0.9287, 0.0713
0, 0.8896, 0.1104
0, 0.9303, 0.0697
0, 0.9193, 0.0807
0, 0.7807, 0.2193
0, 0.93, 0.07
1, 0.8063, 0.1937
0, 0.9399, 0.0601
0, 0.9403, 0.0597
0, 0.9403, 0.0597
0, 0.8261, 0.1739
0, 0.8261, 0.1739
0, 0.917, 0.083
0, 0.9231, 0.0769
0, 0.7508, 0.2492
0, 0.6086, 0.3914
0, 0.9691, 0.0309
0, 0.5281, 0.4719
0, 0.732, 0.268
0, 0.7657, 0.2343
0, 0.6318, 0.3682
0, 0.7183, 0.2817
0, 0.7947, 0.2053
0, 0.2347, 0.7653
0, 0.7489, 0.2511
0, 0.9971, 0.0029
0, 0.9971, 0.0029
0, 0.9971, 0.0029
0, 0.9993, 0.0007
0, 0.9999, 0.0001
0, 1.0, 0.0
0, 1.0, 0.0
0, 0.9913, 0.0087
0, 1.0, 0.0
0, 0.9909, 0.0091
0, 1.0, 0.0
0, 0.7069, 0.2931
0, 0.7113, 0.2887
0, 0.7085, 0.2915
0, 0.6913, 0.3087
0, 0.8714, 0.1286
0, 0.9605, 0.0395
1, 0.9733, 0.0267
0, 0.9459, 0.0541
1, 0.0493, 0.9507
1, 0.9891, 0.0109
0, 0.9801, 0.0199
0, 0.7995, 0.2005
0, 0.8465, 0.1535
0, 0.8489, 0.1511
0, 0.964, 0.036
0, 0.8373, 0.1627
0, 0.9321, 0.0679
0, 0.9783, 0.0217
0, 0.8781, 0.1219
0, 0.8517, 0.1483
0, 0.8678, 0.1322
0, 0.9814, 0.0186
0, 0.8641, 0.1359
0, 0.9969, 0.0031
0, 0.8538, 0.1462
0, 0.9818, 0.0182
0, 0.976, 0.024
0, 0.9712, 0.0288
0, 0.8195, 0.1805
0, 0.6588, 0.3412
0, 0.8595, 0.1405
0, 0.993, 0.007
0, 0.9806, 0.0194
0, 0.9713, 0.0287
0, 0.762, 0.238
0, 0.8885, 0.1115
0, 0.9848, 0.0152
0, 0.9684, 0.0316
0, 0.9827, 0.0173
0, 0.845, 0.155
0, 0.9993, 0.0007
0, 0.9979, 0.0021
0, 0.9931, 0.0069
0, 0.9979, 0.0021
0, 0.9993, 0.0007
0, 0.7801, 0.2199
0, 0.7659, 0.2341
0, 0.9376, 0.0624
0, 0.9257, 0.0743
0, 0.6694, 0.3306
0, 0.6506, 0.3494
0, 0.7846, 0.2154
0, 0.7843, 0.2157
0, 0.7905, 0.2095
0, 0.7923, 0.2077
0, 0.7601, 0.2399
0, 0.785, 0.215
0, 0.8598, 0.1402
0, 0.945, 0.055
0, 0.9475, 0.0525
0, 0.9449, 0.0551
0, 0.973, 0.027
0, 0.9853, 0.0147
0, 0.8151, 0.1849
0, 0.973, 0.027
0, 0.9794, 0.0206
0, 0.9821, 0.0179
0, 0.9361, 0.0639
0, 0.9088, 0.0912
0, 0.8239, 0.1761
0, 0.9145, 0.0855
0, 0.9545, 0.0455
0, 0.809, 0.191
0, 0.8094, 0.1906
0, 0.8537, 0.1463
0, 0.8012, 0.1988
0, 0.8017, 0.1983
0, 0.8018, 0.1982
0, 0.8618, 0.1382
0, 0.789, 0.211
0, 0.7884, 0.2116
0, 0.9427, 0.0573
0, 0.9355, 0.0645
0, 0.912, 0.088
0, 0.9463, 0.0537
0, 0.9712, 0.0288
0, 0.973, 0.027
0, 0.5764, 0.4236
0, 0.5434, 0.4566
0, 0.4048, 0.5952
0, 0.4057, 0.5943
0, 0.4642, 0.5358
0, 0.4523, 0.5477
0, 0.4193, 0.5807
0, 0.4274, 0.5726
0, 0.3984, 0.6016
0, 0.4291, 0.5709
0, 0.4129, 0.5871
0, 0.431, 0.569
0, 0.4556, 0.5444
0, 0.4445, 0.5555
0, 0.4559, 0.5441
0, 0.431, 0.569
0, 0.3853, 0.6147
0, 0.4539, 0.5461
0, 0.4555, 0.5445
0, 0.4563, 0.5437
0, 0.4512, 0.5488
0, 0.4431, 0.5569
0, 0.4514, 0.5486
0, 0.3987, 0.6013
0, 0.428, 0.572
0, 0.4193, 0.5807
0, 0.4342, 0.5658
0, 0.4322, 0.5678
0, 0.4514, 0.5486
0, 0.4291, 0.5709
0, 0.4563, 0.5437
0, 0.3957, 0.6043
0, 0.3984, 0.6016
0, 0.3957, 0.6043
0, 0.4036, 0.5964
0, 0.4526, 0.5474
0, 0.4558, 0.5442
0, 0.4562, 0.5438
1, 0.5308, 0.4692
1, 0.5447, 0.4553
1, 0.5082, 0.4918
0, 0.9231, 0.0769
0, 0.9433, 0.0567
0, 0.943, 0.057
0, 0.9466, 0.0534
0, 0.9159, 0.0841
0, 0.953, 0.047
0, 0.9238, 0.0762
0, 0.9432, 0.0568
0, 0.9309, 0.0691
0, 0.9489, 0.0511
0, 0.9286, 0.0714
0, 0.9504, 0.0496
0, 0.8947, 0.1053
0, 0.9647, 0.0353
0, 0.986, 0.014
0, 0.9644, 0.0356
0, 0.8966, 0.1034
0, 0.9175, 0.0825
0, 0.9208, 0.0792
0, 0.9087, 0.0913
0, 0.9235, 0.0765
0, 0.9387, 0.0613
0, 0.9244, 0.0756
0, 0.9238, 0.0762
0, 0.9498, 0.0502
0, 0.9482, 0.0518
0, 0.9305, 0.0695
0, 0.9366, 0.0634
0, 0.9457, 0.0543
0, 0.9229, 0.0771
0, 0.9571, 0.0429
0, 0.8953, 0.1047
0, 0.9226, 0.0774
0, 0.9177, 0.0823
0, 0.9847, 0.0153
0, 0.9093, 0.0907
0, 0.9237, 0.0763
0, 0.8632, 0.1368
0, 0.8891, 0.1109
0, 0.9167, 0.0833
0, 0.9298, 0.0702
0, 0.9412, 0.0588
0, 0.9411, 0.0589
0, 0.9496, 0.0504
0, 0.9604, 0.0396
0, 0.9386, 0.0614
0, 0.9305, 0.0695
0, 0.9226, 0.0774
0, 0.922, 0.078
0, 0.9231, 0.0769
0, 0.9387, 0.0613
0, 0.9114, 0.0886
0, 0.911, 0.089
0, 0.9386, 0.0614
0, 0.9212, 0.0788
0, 0.9322, 0.0678
0, 0.9321, 0.0679
0, 0.9269, 0.0731
0, 0.9244, 0.0756
0, 0.9217, 0.0783
0, 0.9171, 0.0829
0, 0.9124, 0.0876
0, 0.9208, 0.0792
0, 0.9224, 0.0776
0, 0.9128, 0.0872
0, 0.9248, 0.0752
0, 0.9211, 0.0789
0, 0.9386, 0.0614
0, 0.9217, 0.0783
0, 0.9114, 0.0886
0, 0.9186, 0.0814
0, 0.9221, 0.0779
0, 0.9294, 0.0706
0, 0.911, 0.089
0, 0.9416, 0.0584
0, 0.9213, 0.0787
0, 0.9316, 0.0684
0, 0.9399, 0.0601
0, 0.9128, 0.0872
0, 0.9213, 0.0787
0, 0.9313, 0.0687
0, 0.927, 0.073
0, 0.9288, 0.0712
0, 0.9414, 0.0586
0, 0.957, 0.043
0, 0.9661, 0.0339
0, 0.9602, 0.0398
0, 0.947, 0.053
0, 0.9323, 0.0677
0, 0.9208, 0.0792
0, 0.8413, 0.1587
0, 0.9344, 0.0656
0, 0.9888, 0.0112
0, 0.9265, 0.0735
0, 0.9878, 0.0122
0, 0.9795, 0.0205
0, 0.9933, 0.0067
0, 0.9906, 0.0094
0, 0.9796, 0.0204
0, 0.9172, 0.0828
0, 0.8735, 0.1265
0, 0.9434, 0.0566
0, 0.893, 0.107
0, 0.9015, 0.0985
0, 0.8711, 0.1289
0, 0.9926, 0.0074
0, 0.9412, 0.0588
0, 0.9309, 0.0691
0, 0.8684, 0.1316
0, 0.9617, 0.0383
0, 0.8714, 0.1286
0, 0.9378, 0.0622
0, 0.8748, 0.1252
0, 0.9546, 0.0454
0, 0.9267, 0.0733
0, 0.9556, 0.0444
0, 0.8725, 0.1275
0, 0.9269, 0.0731
0, 0.956, 0.044
0, 0.9529, 0.0471
0, 0.923, 0.077
0, 0.956, 0.044
0, 0.956, 0.044
0, 0.9482, 0.0518
0, 0.956, 0.044
0, 0.9458, 0.0542
0, 0.9558, 0.0442
0, 0.956, 0.044
0, 0.956, 0.044
0, 0.956, 0.044
0, 0.9459, 0.0541
0, 0.9351, 0.0649
0, 0.9558, 0.0442
0, 0.9284, 0.0716
0, 0.9528, 0.0472
0, 0.956, 0.044
0, 0.9447, 0.0553
0, 0.9554, 0.0446
0, 0.9559, 0.0441
0, 0.953, 0.047
0, 0.9497, 0.0503
0, 0.9554, 0.0446
0, 0.9351, 0.0649
0, 0.9262, 0.0738
0, 0.9458, 0.0542
0, 0.9342, 0.0658
0, 0.946, 0.054
0, 0.9349, 0.0651
0, 0.9475, 0.0525
0, 0.9596, 0.0404
0, 0.9476, 0.0524
0, 0.9581, 0.0419
0, 0.9596, 0.0404
0, 0.9524, 0.0476
0, 0.9247, 0.0753
0, 0.9526, 0.0474
0, 0.949, 0.051
0, 0.9505, 0.0495
0, 0.9523, 0.0477
0, 0.9322, 0.0678
0, 0.9292, 0.0708
0, 0.9541, 0.0459
0, 0.9578, 0.0422
0, 0.9596, 0.0404
0, 0.9406, 0.0594
0, 0.9137, 0.0863
0, 0.932, 0.068
0, 0.9595, 0.0405
0, 0.9515, 0.0485
0, 0.9593, 0.0407
0, 0.9312, 0.0688
0, 0.9495, 0.0505
0, 0.9322, 0.0678
0, 0.9313, 0.0687
0, 0.9338, 0.0662
0, 0.9523, 0.0477
0, 0.958, 0.042
0, 0.9525, 0.0475
0, 0.9243, 0.0757
0, 0.9596, 0.0404
0, 0.9383, 0.0617
0, 0.9185, 0.0815
0, 0.9524, 0.0476
0, 0.9321, 0.0679
0, 0.955, 0.045
0, 0.9488, 0.0512
0, 0.9323, 0.0677
0, 0.9317, 0.0683
0, 0.9528, 0.0472
0, 0.9297, 0.0703
0, 0.92, 0.08
0, 0.9526, 0.0474
0, 0.9283, 0.0717
0, 0.8882, 0.1118
0, 0.936, 0.064
0, 0.9486, 0.0514
0, 0.9379, 0.0621
0, 0.9254, 0.0746
0, 0.9307, 0.0693
0, 0.9525, 0.0475
0, 0.958, 0.042
0, 0.9518, 0.0482
0, 0.9525, 0.0475
0, 0.9594, 0.0406
0, 0.9596, 0.0404
0, 0.9596, 0.0404
0, 0.9207, 0.0793
0, 0.9377, 0.0623
0, 0.9276, 0.0724
0, 0.8032, 0.1968
0, 0.9471, 0.0529
0, 0.9002, 0.0998
0, 0.9036, 0.0964
0, 0.9014, 0.0986
0, 0.9274, 0.0726
0, 0.9175, 0.0825
0, 0.9409, 0.0591
0, 0.9018, 0.0982
0, 0.8819, 0.1181
0, 0.8941, 0.1059
0, 0.9017, 0.0983
0, 0.9454, 0.0546
0, 0.7824, 0.2176
0, 0.9485, 0.0515
0, 0.98, 0.02
0, 0.9113, 0.0887
0, 0.9306, 0.0694
0, 0.9284, 0.0716
0, 0.9237, 0.0763
0, 0.9679, 0.0321
0, 0.9666, 0.0334
0, 0.9664, 0.0336
0, 0.9664, 0.0336
0, 0.9678, 0.0322
0, 0.9677, 0.0323
0, 0.9677, 0.0323
0, 0.9679, 0.0321
0, 0.9512, 0.0488
0, 0.9507, 0.0493
0, 0.9508, 0.0492
0, 0.9508, 0.0492
0, 0.9506, 0.0494
0, 0.9256, 0.0744
0, 0.9218, 0.0782
0, 0.936, 0.064
0, 0.9293, 0.0707
0, 0.9426, 0.0574
0, 0.9464, 0.0536
0, 0.9439, 0.0561
0, 0.8806, 0.1194
0, 0.7953, 0.2047
0, 0.8596, 0.1404
0, 0.9413, 0.0587
0, 0.9575, 0.0425
0, 0.9925, 0.0075
0, 0.9878, 0.0122
0, 0.8963, 0.1037
0, 0.936, 0.064
0, 0.9309, 0.0691
0, 0.9001, 0.0999
0, 0.8889, 0.1111
0, 0.9285, 0.0715
0, 0.9919, 0.0081
0, 0.8685, 0.1315
0, 0.9911, 0.0089
0, 0.9923, 0.0077
0, 0.9238, 0.0762
0, 0.9282, 0.0718
0, 0.9282, 0.0718
0, 0.9534, 0.0466
0, 0.9838, 0.0162
0, 0.9465, 0.0535
0, 0.9479, 0.0521
0, 0.9635, 0.0365
0, 0.9637, 0.0363
0, 0.9656, 0.0344
0, 0.9648, 0.0352
0, 0.9633, 0.0367
0, 0.9454, 0.0546
0, 0.9633, 0.0367
0, 0.9635, 0.0365
0, 0.9887, 0.0113
0, 0.9728, 0.0272
0, 0.9862, 0.0138
0, 0.9887, 0.0113
0, 0.9819, 0.0181
0, 0.9051, 0.0949
0, 0.9032, 0.0968
0, 0.9251, 0.0749
0, 0.9224, 0.0776
0, 0.9251, 0.0749
0, 0.9422, 0.0578
0, 0.9054, 0.0946
0, 0.9203, 0.0797
0, 0.847, 0.153
0, 0.977, 0.023
0, 0.9825, 0.0175
0, 0.9622, 0.0378
0, 0.977, 0.023
0, 0.9537, 0.0463
0, 0.9522, 0.0478
0, 0.9499, 0.0501
0, 0.9498, 0.0502
0, 0.9724, 0.0276
0, 0.9489, 0.0511
0, 0.9283, 0.0717
0, 0.9532, 0.0468
0, 0.8484, 0.1516
0, 0.9222, 0.0778
0, 0.9697, 0.0303
0, 0.9695, 0.0305
0, 0.9438, 0.0562
0, 0.9718, 0.0282
0, 0.9577, 0.0423
0, 0.9511, 0.0489
0, 0.9472, 0.0528
0, 0.9501, 0.0499
0, 0.9448, 0.0552
0, 0.9376, 0.0624
0, 0.8893, 0.1107
0, 0.9619, 0.0381
0, 0.8882, 0.1118
0, 0.9508, 0.0492
0, 0.9821, 0.0179
0, 0.8313, 0.1687
0, 0.9814, 0.0186
0, 0.8529, 0.1471
0, 0.9468, 0.0532
0, 0.9483, 0.0517
0, 0.9018, 0.0982
0, 0.8833, 0.1167
0, 0.9387, 0.0613
0, 0.9518, 0.0482
0, 0.9451, 0.0549
0, 0.9445, 0.0555
0, 0.9216, 0.0784
0, 0.906, 0.094
0, 0.9427, 0.0573
0, 0.8283, 0.1717
0, 0.8988, 0.1012
0, 0.8924, 0.1076
0, 0.9092, 0.0908
0, 0.8988, 0.1012
0, 0.9847, 0.0153
1, 0.9775, 0.0225
1, 0.9703, 0.0297
1, 0.9661, 0.0339
1, 0.9115, 0.0885
1, 0.9037, 0.0963
1, 0.9598, 0.0402
1, 0.9231, 0.0769
1, 0.9713, 0.0287
1, 0.9446, 0.0554
1, 0.9731, 0.0269
1, 0.9371, 0.0629
1, 0.7568, 0.2432
1, 0.9762, 0.0238
1, 0.8978, 0.1022
1, 0.9746, 0.0254
1, 0.9454, 0.0546
1, 0.9797, 0.0203
1, 0.98, 0.02
1, 0.9796, 0.0204
1, 0.862, 0.138
1, 0.9823, 0.0177
1, 0.946, 0.054
1, 0.9794, 0.0206
1, 0.9463, 0.0537
1, 0.9807, 0.0193
1, 0.9823, 0.0177
1, 0.929, 0.071
1, 0.9736, 0.0264
1, 0.0165, 0.9835
1, 0.9782, 0.0218
1, 0.9808, 0.0192
1, 0.9614, 0.0386
1, 0.9718, 0.0282
1, 0.9574, 0.0426
1, 0.9625, 0.0375
1, 0.9632, 0.0368
1, 0.9646, 0.0354
1, 0.9635, 0.0365
1, 0.9534, 0.0466
1, 0.9783, 0.0217
1, 0.9781, 0.0219
1, 0.9732, 0.0268
1, 0.9741, 0.0259
1, 0.969, 0.031
1, 0.9804, 0.0196
1, 0.9811, 0.0189
1, 0.9812, 0.0188
1, 0.9765, 0.0235
1, 0.9694, 0.0306
1, 0.9809, 0.0191
1, 0.9813, 0.0187
1, 0.973, 0.027
1, 0.9762, 0.0238
1, 0.9762, 0.0238
1, 0.9425, 0.0575
1, 0.9211, 0.0789
1, 0.7234, 0.2766
1, 0.9753, 0.0247
1, 0.8522, 0.1478
1, 0.9684, 0.0316
1, 0.8984, 0.1016
1, 0.9399, 0.0601
1, 0.8774, 0.1226
1, 0.968, 0.032
1, 0.7413, 0.2587
1, 0.9218, 0.0782
1, 0.9425, 0.0575
1, 0.9741, 0.0259
1, 0.921, 0.079
1, 0.9811, 0.0189
1, 0.9805, 0.0195
1, 0.9806, 0.0194
1, 0.973, 0.027
1, 0.9561, 0.0439
1, 0.9805, 0.0195
1, 0.9722, 0.0278
1, 0.973, 0.027
1, 0.9829, 0.0171
1, 0.9793, 0.0207
1, 0.9752, 0.0248
1, 0.9796, 0.0204
1, 0.9776, 0.0224
1, 0.9729, 0.0271
1, 0.9754, 0.0246
1, 0.9776, 0.0224
1, 0.9791, 0.0209
1, 0.9806, 0.0194
1, 0.9747, 0.0253
1, 0.9786, 0.0214
1, 0.9714, 0.0286
1, 0.9728, 0.0272
1, 0.9733, 0.0267
1, 0.9764, 0.0236
1, 0.9728, 0.0272
1, 0.9776, 0.0224
1, 0.9722, 0.0278
1, 0.9791, 0.0209
1, 0.9786, 0.0214
1, 0.9789, 0.0211
1, 0.9705, 0.0295
1, 0.972, 0.028
1, 0.9763, 0.0237
1, 0.9792, 0.0208
1, 0.9731, 0.0269
1, 0.955, 0.045
1, 0.9783, 0.0217
1, 0.9792, 0.0208
1, 0.9764, 0.0236
1, 0.9786, 0.0214
1, 0.9733, 0.0267
1, 0.9747, 0.0253
1, 0.9768, 0.0232
1, 0.9775, 0.0225
1, 0.9778, 0.0222
1, 0.9791, 0.0209
1, 0.9768, 0.0232
1, 0.9786, 0.0214
1, 0.9729, 0.0271
1, 0.9792, 0.0208
1, 0.9764, 0.0236
1, 0.9722, 0.0278
1, 0.9786, 0.0214
1, 0.9791, 0.0209
1, 0.9747, 0.0253
1, 0.9812, 0.0188
1, 0.972, 0.028
1, 0.9707, 0.0293
1, 0.9818, 0.0182
1, 0.9752, 0.0248
1, 0.9728, 0.0272
1, 0.9732, 0.0268
1, 0.9792, 0.0208
1, 0.9738, 0.0262
1, 0.9762, 0.0238
1, 0.9806, 0.0194
1, 0.9762, 0.0238
1, 0.9782, 0.0218
1, 0.9762, 0.0238
1, 0.978, 0.022
1, 0.9738, 0.0262
1, 0.9792, 0.0208
1, 0.9785, 0.0215
1, 0.9732, 0.0268
1, 0.9325, 0.0675
1, 0.9456, 0.0544
1, 0.9776, 0.0224
1, 0.928, 0.072
1, 0.9653, 0.0347
1, 0.6112, 0.3888
1, 0.9624, 0.0376
1, 0.5947, 0.4053
1, 0.9577, 0.0423
1, 0.9555, 0.0445
1, 0.9555, 0.0445
1, 0.9824, 0.0176
1, 0.9555, 0.0445
1, 0.9796, 0.0204
1, 0.6294, 0.3706
1, 0.954, 0.046
1, 0.9811, 0.0189
1, 0.9823, 0.0177
1, 0.9814, 0.0186
1, 0.9825, 0.0175
1, 0.9163, 0.0837
1, 0.9691, 0.0309
1, 0.9428, 0.0572
1, 0.9457, 0.0543
1, 0.6089, 0.3911
1, 0.9118, 0.0882
1, 0.9729, 0.0271
1, 0.9534, 0.0466
1, 0.5372, 0.4628
1, 0.52, 0.48
1, 0.9116, 0.0884
1, 0.9266, 0.0734
1, 0.9046, 0.0954
1, 0.8712, 0.1288
1, 0.5309, 0.4691
1, 0.9239, 0.0761
1, 0.9097, 0.0903
1, 0.8079, 0.1921
1, 0.9373, 0.0627
1, 0.8665, 0.1335
1, 0.9476, 0.0524
1, 0.9057, 0.0943
1, 0.8754, 0.1246
1, 0.9411, 0.0589
1, 0.9337, 0.0663
1, 0.9545, 0.0455
1, 0.9633, 0.0367
1, 0.9645, 0.0355
1, 0.9281, 0.0719
1, 0.614, 0.386
1, 0.8537, 0.1463
1, 0.9655, 0.0345
1, 0.9428, 0.0572
1, 0.5808, 0.4192
1, 0.884, 0.116
1, 0.9588, 0.0412
1, 0.9094, 0.0906
1, 0.9635, 0.0365
1, 0.9386, 0.0614
1, 0.9386, 0.0614
1, 0.6358, 0.3642
1, 0.883, 0.117
1, 0.9063, 0.0937
1, 0.9322, 0.0678
1, 0.6283, 0.3717
1, 0.942, 0.058
1, 0.9544, 0.0456
1, 0.9313, 0.0687
1, 0.9723, 0.0277
1, 0.9378, 0.0622
1, 0.5915, 0.4085
1, 0.6278, 0.3722
1, 0.9754, 0.0246
1, 0.957, 0.043
1, 0.9097, 0.0903
1, 0.5983, 0.4017
1, 0.9322, 0.0678
1, 0.958, 0.042
1, 0.9413, 0.0587
1, 0.9469, 0.0531
1, 0.9374, 0.0626
1, 0.6204, 0.3796
1, 0.9344, 0.0656
1, 0.9456, 0.0544
1, 0.6179, 0.3821
1, 0.8528, 0.1472
1, 0.9553, 0.0447
1, 0.9706, 0.0294
1, 0.9765, 0.0235
1, 0.9794, 0.0206
1, 0.9769, 0.0231
1, 0.8845, 0.1155
1, 0.9628, 0.0372
1, 0.978, 0.022
1, 0.9749, 0.0251
1, 0.9735, 0.0265
1, 0.9192, 0.0808
1, 0.8646, 0.1354
1, 0.9681, 0.0319
1, 0.9269, 0.0731
1, 0.978, 0.022
1, 0.9668, 0.0332
1, 0.8672, 0.1328
1, 0.8279, 0.1721
1, 0.9281, 0.0719
1, 0.9413, 0.0587
1, 0.9726, 0.0274
1, 0.9302, 0.0698
1, 0.9727, 0.0273
1, 0.881, 0.119
1, 0.8761, 0.1239
1, 0.8911, 0.1089
1, 0.8717, 0.1283
1, 0.9026, 0.0974
1, 0.89, 0.11
1, 0.9561, 0.0439
1, 0.9677, 0.0323
1, 0.515, 0.485
1, 0.9357, 0.0643
1, 0.5975, 0.4025
1, 0.9442, 0.0558
1, 0.9536, 0.0464
1, 0.9641, 0.0359
1, 0.9641, 0.0359
0, 0.9608, 0.0392
0, 0.9065, 0.0935
0, 0.8408, 0.1592
0, 0.9371, 0.0629
1, 0.8124, 0.1876
1, 0.498, 0.502
1, 0.797, 0.203
1, 0.9067, 0.0933
1, 0.8979, 0.1021
1, 0.9734, 0.0266
1, 0.9734, 0.0266
1, 0.9737, 0.0263
1, 0.9735, 0.0265
1, 0.9735, 0.0265
1, 0.9734, 0.0266
1, 0.9734, 0.0266
1, 0.9735, 0.0265
1, 0.9735, 0.0265
1, 0.9734, 0.0266
1, 0.9734, 0.0266
1, 0.9735, 0.0265
1, 0.9581, 0.0419
1, 0.9581, 0.0419
1, 0.9727, 0.0273
1, 0.9582, 0.0418
1, 0.9567, 0.0433
1, 0.9567, 0.0433
1, 0.9567, 0.0433
1, 0.9581, 0.0419
1, 0.9581, 0.0419
1, 0.9567, 0.0433
1, 0.9567, 0.0433
1, 0.9581, 0.0419
1, 0.9483, 0.0517
1, 0.9735, 0.0265
1, 0.9436, 0.0564
1, 0.917, 0.083
1, 0.9424, 0.0576
1, 0.6113, 0.3887
1, 0.9738, 0.0262
1, 0.9483, 0.0517
1, 0.9436, 0.0564
1, 0.9728, 0.0272
1, 0.9436, 0.0564
1, 0.9481, 0.0519
1, 0.9641, 0.0359
1, 0.9458, 0.0542
1, 0.9613, 0.0387
1, 0.9587, 0.0413
1, 0.9494, 0.0506
1, 0.9674, 0.0326
1, 0.9278, 0.0722
1, 0.9651, 0.0349
1, 0.9627, 0.0373
1, 0.8705, 0.1295
1, 0.9668, 0.0332
1, 0.9673, 0.0327
1, 0.6432, 0.3568
1, 0.4859, 0.5141
1, 0.9414, 0.0586
1, 0.9608, 0.0392
1, 0.0232, 0.9768
1, 0.0309, 0.9691
1, 0.9447, 0.0553
1, 0.9231, 0.0769
1, 0.8391, 0.1609
1, 0.933, 0.067
1, 0.9476, 0.0524
1, 0.9665, 0.0335
1, 0.9732, 0.0268
0, 0.9327, 0.0673
1, 0.9608, 0.0392
1, 0.9041, 0.0959
1, 0.9379, 0.0621
1, 0.879, 0.121
1, 0.9165, 0.0835
1, 0.9179, 0.0821
1, 0.8263, 0.1737
1, 0.9336, 0.0664
1, 0.9508, 0.0492
1, 0.8447, 0.1553
1, 0.9521, 0.0479
1, 0.9058, 0.0942
1, 0.8129, 0.1871
1, 0.9186, 0.0814
1, 0.95, 0.05
1, 0.9593, 0.0407
1, 0.894, 0.106
1, 0.9137, 0.0863
1, 0.9433, 0.0567
1, 0.9603, 0.0397
1, 0.9616, 0.0384
1, 0.9619, 0.0381
1, 0.9673, 0.0327
1, 0.9493, 0.0507
1, 0.9577, 0.0423
1, 0.9195, 0.0805
1, 0.9341, 0.0659
1, 0.6084, 0.3916
1, 0.6027, 0.3973
1, 0.604, 0.396
1, 0.9322, 0.0678
1, 0.9594, 0.0406
1, 0.9505, 0.0495
1, 0.5738, 0.4262
1, 0.613, 0.387
1, 0.9066, 0.0934
1, 0.8511, 0.1489
1, 0.9437, 0.0563
1, 0.8664, 0.1336
1, 0.7428, 0.2572
0, 0.9111, 0.0889
1, 0.6182, 0.3818
1, 0.8472, 0.1528
1, 0.6179, 0.3821
1, 0.8084, 0.1916
1, 0.8394, 0.1606
1, 0.7648, 0.2352
1, 0.7711, 0.2289
1, 0.8303, 0.1697
1, 0.9676, 0.0324
1, 0.764, 0.236
1, 0.9342, 0.0658
1, 0.795, 0.205
1, 0.7759, 0.2241
1, 0.7611, 0.2389
1, 0.5466, 0.4534
1, 0.7878, 0.2122
1, 0.7805, 0.2195
1, 0.5363, 0.4637
1, 0.7707, 0.2293
1, 0.9229, 0.0771
1, 0.5974, 0.4026
1, 0.9121, 0.0879
1, 0.7022, 0.2978
1, 0.938, 0.062
1, 0.5503, 0.4497
1, 0.9152, 0.0848
1, 0.5756, 0.4244
1, 0.8906, 0.1094
1, 0.6694, 0.3306
1, 0.6075, 0.3925
1, 0.0124, 0.9876
1, 0.9233, 0.0767
1, 0.8275, 0.1725
1, 0.7083, 0.2917
1, 0.8457, 0.1543
1, 0.8759, 0.1241
1, 0.8515, 0.1485
1, 0.8999, 0.1001
1, 0.9143, 0.0857
1, 0.8467, 0.1533
1, 0.9285, 0.0715
1, 0.9318, 0.0682
1, 0.8809, 0.1191
1, 0.9318, 0.0682
1, 0.8682, 0.1318
1, 0.9418, 0.0582
1, 0.9089, 0.0911
1, 0.6098, 0.3902
1, 0.9072, 0.0928
1, 0.9007, 0.0993
1, 0.0499, 0.9501
1, 0.859, 0.141
1, 0.5838, 0.4162
1, 0.8923, 0.1077
1, 0.8768, 0.1232
1, 0.8838, 0.1162
1, 0.8365, 0.1635
1, 0.8721, 0.1279
0, 0.6965, 0.3035
1, 0.6056, 0.3944
1, 0.7949, 0.2051
1, 0.7177, 0.2823
1, 0.7239, 0.2761
1, 0.4694, 0.5306
1, 0.4911, 0.5089
1, 0.5036, 0.4964
1, 0.5206, 0.4794
1, 0.569, 0.431
1, 0.5421, 0.4579
1, 0.3992, 0.6008
1, 0.527, 0.473
1, 0.424, 0.576
1, 0.4859, 0.5141
1, 0.4827, 0.5173
1, 0.9476, 0.0524
1, 0.9281, 0.0719
1, 0.498, 0.502
1, 0.9728, 0.0272
1, 0.9752, 0.0248
1, 0.5947, 0.4053
1, 0.795, 0.205
1, 0.884, 0.116
1, 0.5915, 0.4085
1, 0.972, 0.028
1, 0.569, 0.431
1, 0.8996, 0.1004
1, 0.9231, 0.0769
1, 0.9428, 0.0572
1, 0.9229, 0.0771
1, 0.9806, 0.0194
1, 0.9734, 0.0266
1, 0.9302, 0.0698
1, 0.9581, 0.0419
1, 0.9706, 0.0294
1, 0.9791, 0.0209
1, 0.9806, 0.0194
1, 0.9707, 0.0293
1, 0.8467, 0.1533
1, 0.9735, 0.0265
1, 0.884, 0.116
1, 0.7949, 0.2051
1, 0.5308, 0.4692
1, 0.9735, 0.0265
1, 0.9442, 0.0558
1, 0.9754, 0.0246
1, 0.3992, 0.6008
1, 0.7239, 0.2761
1, 0.9736, 0.0264
1, 0.9785, 0.0215
1, 0.9735, 0.0265
1, 0.9731, 0.0269
1, 0.9825, 0.0175
1, 0.8978, 0.1022
1, 0.9399, 0.0601
1, 0.9734, 0.0266
1, 0.9752, 0.0248
1, 0.9676, 0.0324
1, 0.9733, 0.0267
1, 0.8079, 0.1921
1, 0.9322, 0.0678
1, 0.7949, 0.2051
1, 0.6098, 0.3902
1, 0.0309, 0.9691
1, 0.8978, 0.1022
1, 0.8472, 0.1528
1, 0.9806, 0.0194
1, 0.9425, 0.0575
1, 0.7949, 0.2051
1, 0.9722, 0.0278
1, 0.9734, 0.0266
1, 0.6098, 0.3902
1, 0.9581, 0.0419
1, 0.9735, 0.0265
1, 0.9731, 0.0269
1, 0.8979, 0.1021
1, 0.9736, 0.0264
1, 0.9735, 0.0265
1, 0.0299, 0.9701
1, 0.9734, 0.0266
1, 0.9653, 0.0347
1, 0.894, 0.106
1, 0.9811, 0.0189
1, 0.9567, 0.0433
1, 0.9026, 0.0974
1, 0.9653, 0.0347
1, 0.8303, 0.1697
1, 0.085, 0.915
1, 0.9735, 0.0265
1, 0.9192, 0.0808
1, 0.9728, 0.0272
1, 0.9336, 0.0664
1, 0.9635, 0.0365
1, 0.5912, 0.4088
1, 0.8303, 0.1697
1, 0.8984, 0.1016
1, 0.9266, 0.0734
1, 0.9313, 0.0687
1, 0.9037, 0.0963
1, 0.0165, 0.9835
1, 0.933, 0.067
1, 0.9302, 0.0698
1, 0.9676, 0.0324
1, 0.8303, 0.1697
1, 0.9231, 0.0769
1, 0.9735, 0.0265
1, 0.5756, 0.4244
1, 0.9734, 0.0266
1, 0.9782, 0.0218
1, 0.9778, 0.0222
1, 0.9097, 0.0903
1, 0.9891, 0.0109
1, 0.9625, 0.0375
1, 0.5421, 0.4579
1, 0.5756, 0.4244
1, 0.8984, 0.1016
1, 0.9769, 0.0231
1, 0.9072, 0.0928
1, 0.8984, 0.1016
1, 0.8906, 0.1094
1, 0.9561, 0.0439
1, 0.9738, 0.0262
1, 0.498, 0.502
1, 0.8457, 0.1543
1, 0.0499, 0.9501
1, 0.8447, 0.1553
1, 0.9673, 0.0327
1, 0.9733, 0.0267
1, 0.9732, 0.0268
1, 0.9143, 0.0857
1, 0.4859, 0.5141
1, 0.9776, 0.0224
1, 0.0309, 0.9691
1, 0.9508, 0.0492
1, 0.9791, 0.0209
1, 0.6182, 0.3818
1, 0.9806, 0.0194
1, 0.9763, 0.0237
1, 0.6089, 0.3911
1, 0.498, 0.502
1, 0.9694, 0.0306
1, 0.9735, 0.0265
1, 0.9733, 0.0267
1, 0.8978, 0.1022
1, 0.9097, 0.0903
1, 0.9322, 0.0678
1, 0.9728, 0.0272
1, 0.9867, 0.0133
1, 0.9754, 0.0246
1, 0.9567, 0.0433
1, 0.9707, 0.0293
1, 0.9302, 0.0698
1, 0.954, 0.046
1, 0.9425, 0.0575
1, 0.9186, 0.0814
1, 0.5343, 0.4657
1, 0.9463, 0.0537
1, 0.973, 0.027
1, 0.9567, 0.0433
1, 0.9735, 0.0265
1, 0.6084, 0.3916
1, 0.9808, 0.0192
1, 0.9735, 0.0265
1, 0.9792, 0.0208
1, 0.9781, 0.0219
1, 0.6358, 0.3642
1, 0.894, 0.106
1, 0.9536, 0.0464
1, 0.9735, 0.0265
1, 0.795, 0.205
1, 0.9703, 0.0297
1, 0.9344, 0.0656
1, 0.9211, 0.0789
1, 0.9097, 0.0903
1, 0.9446, 0.0554
1, 0.9344, 0.0656
1, 0.9094, 0.0906
1, 0.8515, 0.1485
1, 0.9115, 0.0885
1, 0.9763, 0.0237
1, 0.9794, 0.0206
1, 0.9738, 0.0262
1, 0.9555, 0.0445
1, 0.6084, 0.3916
1, 0.9046, 0.0954
1, 0.9192, 0.0808
1, 0.9786, 0.0214
1, 0.9729, 0.0271
1, 0.9651, 0.0349
1, 0.9707, 0.0293
1, 0.9732, 0.0268
1, 0.9026, 0.0974
1, 0.7177, 0.2823
1, 0.9186, 0.0814
1, 0.9749, 0.0251
1, 0.8717, 0.1283
1, 0.9806, 0.0194
1, 0.9608, 0.0392
1, 0.9072, 0.0928
1, 0.9619, 0.0381
1, 0.9341, 0.0659
1, 0.9067, 0.0933
1, 0.9733, 0.0267
1, 0.7083, 0.2917
1, 0.9567, 0.0433
1, 0.9322, 0.0678
1, 0.9735, 0.0265
1, 0.0299, 0.9701
1, 0.862, 0.138
1, 0.9797, 0.0203
1, 0.8996, 0.1004
1, 0.9804, 0.0196
1, 0.884, 0.116
1, 0.0499, 0.9501
1, 0.9581, 0.0419
1, 0.9521, 0.0479
1, 0.6112, 0.3888
1, 0.8457, 0.1543
1, 0.8682, 0.1318
1, 0.9414, 0.0586
1, 0.9796, 0.0204
1, 0.8759, 0.1241
1, 0.9791, 0.0209
1, 0.9768, 0.0232
1, 0.9769, 0.0231
1, 0.9764, 0.0236
1, 0.9769, 0.0231
1, 0.4859, 0.5141
1, 0.9775, 0.0225
1, 0.4911, 0.5089
1, 0.9555, 0.0445
1, 0.9791, 0.0209
1, 0.4859, 0.5141
1, 0.9728, 0.0272
1, 0.9192, 0.0808
1, 0.9337, 0.0663
1, 0.9762, 0.0238
1, 0.0042, 0.9958
1, 0.9811, 0.0189
1, 0.9337, 0.0663
1, 0.7949, 0.2051
1, 0.9728, 0.0272
1, 0.9703, 0.0297
1, 0.9735, 0.0265
1, 0.8768, 0.1232
1, 0.9734, 0.0266
1, 0.0165, 0.9835
1, 0.8079, 0.1921
1, 0.9635, 0.0365
1, 0.8761, 0.1239
1, 0.9806, 0.0194
1, 0.0493, 0.9507
1, 0.9814, 0.0186
1, 0.4911, 0.5089
1, 0.8537, 0.1463
1, 0.9734, 0.0266
1, 0.0124, 0.9876
1, 0.9318, 0.0682
1, 0.9735, 0.0265
1, 0.8979, 0.1021
1, 0.8996, 0.1004
1, 0.9735, 0.0265
1, 0.9436, 0.0564
1, 0.4859, 0.5141
1, 0.9804, 0.0196
1, 0.9735, 0.0265
1, 0.9593, 0.0407
1, 0.9446, 0.0554
1, 0.5421, 0.4579
1, 0.8984, 0.1016
1, 0.9796, 0.0204
1, 0.9577, 0.0423
1, 0.9399, 0.0601
1, 0.9641, 0.0359
1, 0.569, 0.431
1, 0.9493, 0.0507
1, 0.9734, 0.0266
1, 0.9792, 0.0208
1, 0.9641, 0.0359
1, 0.9218, 0.0782
1, 0.9823, 0.0177
1, 0.0493, 0.9507
1, 0.881, 0.119
1, 0.795, 0.205
1, 0.9057, 0.0943
1, 0.9645, 0.0355
1, 0.9463, 0.0537
1, 0.8767, 0.1233
1, 0.023, 0.977
1, 0.6358, 0.3642
1, 0.9447, 0.0553
1, 0.9797, 0.0203
1, 0.8911, 0.1089
1, 0.9735, 0.0265
1, 0.9807, 0.0193
1, 0.9313, 0.0687
1, 0.9728, 0.0272
1, 0.8084, 0.1916
1, 0.9723, 0.0277
1, 0.9582, 0.0418
1, 0.9057, 0.0943
1, 0.9582, 0.0418
1, 0.9608, 0.0392
1, 0.8511, 0.1489
1, 0.8537, 0.1463
1, 0.9734, 0.0266
1, 0.9567, 0.0433
1, 0.9318, 0.0682
1, 0.5947, 0.4053
1, 0.9413, 0.0587
1, 0.9628, 0.0372
1, 0.7949, 0.2051
1, 0.9796, 0.0204
1, 0.9425, 0.0575
1, 0.9786, 0.0214
1, 0.5947, 0.4053
1, 0.8511, 0.1489
1, 0.9561, 0.0439
1, 0.6098, 0.3902
1, 0.9641, 0.0359
1, 0.5808, 0.4192
1, 0.9428, 0.0572
1, 0.9733, 0.0267
1, 0.9763, 0.0237
1, 0.8394, 0.1606
1, 0.7568, 0.2432
1, 0.5915, 0.4085
1, 0.9891, 0.0109
1, 0.0309, 0.9691
1, 0.98, 0.02
1, 0.613, 0.387
1, 0.9581, 0.0419
1, 0.795, 0.205
1, 0.9703, 0.0297
1, 0.9582, 0.0418
1, 0.6182, 0.3818
1, 0.8984, 0.1016
1, 0.9379, 0.0621
1, 0.0309, 0.9691
1, 0.8079, 0.1921
1, 0.5421, 0.4579
1, 0.9776, 0.0224
1, 0.9764, 0.0236
1, 0.5912, 0.4088
1, 0.9786, 0.0214
1, 0.9094, 0.0906
1, 0.9735, 0.0265
1, 0.7949, 0.2051
1, 0.3992, 0.6008
1, 0.9806, 0.0194
1, 0.9818, 0.0182
1, 0.8767, 0.1233
1, 0.9713, 0.0287
1, 0.958, 0.042
1, 0.9505, 0.0495
1, 0.9746, 0.0254
1, 0.9776, 0.0224
1, 0.764, 0.236
1, 0.9764, 0.0236
1, 0.9447, 0.0553
1, 0.9624, 0.0376
1, 0.6112, 0.3888
1, 0.498, 0.502
1, 0.9217, 0.0783
1, 0.9823, 0.0177
1, 0.9731, 0.0269
1, 0.9137, 0.0863
1, 0.8528, 0.1472
1, 0.9567, 0.0433
1, 0.8809, 0.1191
1, 0.9521, 0.0479
1, 0.9341, 0.0659
1, 0.9806, 0.0194
1, 0.5912, 0.4088
1, 0.9456, 0.0544
1, 0.795, 0.205
1, 0.9762, 0.0238
1, 0.884, 0.116
1, 0.8911, 0.1089
1, 0.8511, 0.1489
1, 0.9574, 0.0426
1, 0.7707, 0.2293
1, 0.0309, 0.9691
1, 0.9732, 0.0268
1, 0.9776, 0.0224
1, 0.9211, 0.0789
1, 0.928, 0.072
1, 0.5808, 0.4192
1, 0.9058, 0.0942
1, 0.9765, 0.0235
1, 0.9094, 0.0906
1, 0.8759, 0.1241
1, 0.9735, 0.0265
1, 0.0124, 0.9876
1, 0.4911, 0.5089
1, 0.9732, 0.0268
1, 0.95, 0.05
1, 0.9806, 0.0194
1, 0.8528, 0.1472
1, 0.9589, 0.0411
1, 0.9442, 0.0558
1, 0.7428, 0.2572
1, 0.8394, 0.1606
1, 0.8447, 0.1553
1, 0.9782, 0.0218
1, 0.9567, 0.0433
1, 0.424, 0.576
1, 0.9436, 0.0564
1, 0.9567, 0.0433
1, 0.9608, 0.0392
1, 0.0309, 0.9691
1, 0.0309, 0.9691
1, 0.9804, 0.0196
1, 0.6851, 0.3149
1, 0.9399, 0.0601
1, 0.9057, 0.0943
1, 0.6358, 0.3642
1, 0.9763, 0.0237
1, 0.9752, 0.0248
1, 0.7949, 0.2051
1, 0.424, 0.576
1, 0.9786, 0.0214
1, 0.9217, 0.0783
1, 0.9775, 0.0225
1, 0.8911, 0.1089
1, 0.9734, 0.0266
1, 0.5523, 0.4477
1, 0.5947, 0.4053
1, 0.9734, 0.0266
1, 0.8978, 0.1022
1, 0.9646, 0.0354
1, 0.9786, 0.0214
1, 0.527, 0.473
1, 0.9582, 0.0418
1, 0.6432, 0.3568
1, 0.9676, 0.0324
1, 0.9762, 0.0238
1, 0.95, 0.05
1, 0.569, 0.431
1, 0.9735, 0.0265
1, 0.884, 0.116
1, 0.9729, 0.0271
1, 0.9442, 0.0558
1, 0.9782, 0.0218
1, 0.9143, 0.0857
1, 0.9231, 0.0769
1, 0.9336, 0.0664
1, 0.9625, 0.0375
1, 0.9425, 0.0575
1, 0.6075, 0.3925
1, 0.8528, 0.1472
1, 0.5915, 0.4085
1, 0.9442, 0.0558
1, 0.9814, 0.0186
1, 0.6113, 0.3887
1, 0.498, 0.502
1, 0.0165, 0.9835
1, 0.9218, 0.0782
1, 0.9829, 0.0171
1, 0.9729, 0.0271
1, 0.9791, 0.0209
1, 0.9778, 0.0222
1, 0.9735, 0.0265
1, 0.8528, 0.1472
1, 0.9425, 0.0575
1, 0.8391, 0.1609
1, 0.8911, 0.1089
1, 0.9741, 0.0259
1, 0.9818, 0.0182
1, 0.6294, 0.3706
1, 0.9729, 0.0271
1, 0.946, 0.054
1, 0.8682, 0.1318
1, 0.8672, 0.1328
1, 0.9768, 0.0232
1, 0.4911, 0.5089
1, 0.9217, 0.0783
1, 0.6182, 0.3818
1, 0.9337, 0.0663
1, 0.7177, 0.2823
1, 0.4911, 0.5089
1, 0.9694, 0.0306
1, 0.8911, 0.1089
1, 0.9436, 0.0564
1, 0.8079, 0.1921
1, 0.9469, 0.0531
1, 0.5523, 0.4477
1, 0.8906, 0.1094
1, 0.9521, 0.0479
1, 0.9736, 0.0264
1, 0.9791, 0.0209
1, 0.958, 0.042
1, 0.9447, 0.0553
1, 0.9625, 0.0375
1, 0.9786, 0.0214
1, 0.9792, 0.0208
1, 0.0309, 0.9691
1, 0.9493, 0.0507
1, 0.9806, 0.0194
1, 0.0165, 0.9835
1, 0.8079, 0.1921
1, 0.9714, 0.0286
1, 0.938, 0.062
1, 0.98, 0.02
1, 0.9581, 0.0419
1, 0.9738, 0.0262
1, 0.9703, 0.0297
