0, 0.9983, 0.0017
0, 0.999, 0.001
0, 0.9992, 0.0008
0, 1.0, 0.0
0, 1.0, 0.0
0, 0.9978, 0.0022
0, 0.9999, 0.0001
0, 0.9979, 0.0021
0, 0.998, 0.002
0, 0.9878, 0.0122
0, 0.998, 0.002
0, 0.998, 0.002
0, 1.0, 0.0
0, 1.0, 0.0
0, 1.0, 0.0
0, 1.0, 0.0
0, 0.998, 0.002
0, 1.0, 0.0
0, 0.998, 0.002
0, 0.998, 0.002
0, 1.0, 0.0
0, 0.998, 0.002
0, 0.998, 0.002
0, 1.0, 0.0
0, 1.0, 0.0
0, 0.998, 0.002
0, 1.0, 0.0
0, 1.0, 0.0
0, 0.998, 0.002
0, 0.998, 0.002
0, 1.0, 0.0
0, 0.998, 0.002
0, 1.0, 0.0
0, 0.998, 0.002
0, 0.998, 0.002
0, 0.998, 0.002
0, 1.0, 0.0
0, 0.998, 0.002
0, 1.0, 0.0
0, 1.0, 0.0
0, 1.0, 0.0
0, 1.0, 0.0
0, 0.9967, 0.0033
0, 0.998, 0.002
0, 0.998, 0.002
0, 0.998, 0.002
0, 1.0, 0.0
0, 1.0, 0.0
0, 0.9978, 0.0022
0, 1.0, 0.0
0, 0.9978, 0.0022
0, 1.0, 0.0
0, 1.0, 0.0
0, 1.0, 0.0
0, 0.9978, 0.0022
0, 0.9978, 0.0022
0, 1.0, 0.0
0, 0.9978, 0.0022
0, 0.9993, 0.0007
0, 0.9978, 0.0022
0, 1.0, 0.0
0, 1.0, 0.0
0, 0.9978, 0.0022
0, 0.9978, 0.0022
0, 0.9994, 0.0006
0, 0.9998, 0.0002
0, 1.0, 0.0
0, 1.0, 0.0
0, 1.0, 0.0
0, 0.9978, 0.0022
0, 1.0, 0.0
0, 1.0, 0.0
0, 0.9954, 0.0046
0, 0.9978, 0.0022
0, 0.9978, 0.0022
0, 0.9992, 0.0008
0, 1.0, 0.0
0, 0.9978, 0.0022
0, 1.0, 0.0
0, 1.0, 0.0
0, 0.9978, 0.0022
0, 0.9979, 0.0021
0, 0.9962, 0.0038
0, 0.9977, 0.0023
1, 0.3602, 0.6398
0, 0.9968, 0.0032
0, 1.0, 0.0
0, 1.0, 0.0
0, 0.9996, 0.0004
0, 0.9999, 0.0001
0, 0.9997, 0.0003
0, 1.0, 0.0
0, 0.999, 0.001
0, 0.9998, 0.0002
0, 0.9998, 0.0002
0, 1.0, 0.0
0, 0.9989, 0.0011
0, 1.0, 0.0
0, 1.0, 0.0
0, 1.0, 0.0
0, 1.0, 0.0
0, 0.9744, 0.0256
0, 1.0, 0.0
0, 0.9983, 0.0017
1, 0.3663, 0.6337
0, 1.0, 0.0
0, 1.0, 0.0
0, 0.9629, 0.0371
0, 1.0, 0.0
0, 1.0, 0.0
0, 0.9926, 0.0074
0, 1.0, 0.0
0, 1.0, 0.0
0, 1.0, 0.0
0, 0.9555, 0.0445
0, 0.9994, 0.0006
0, 0.9986, 0.0014
0, 0.9979, 0.0021
0, 1.0, 0.0
0, 0.9996, 0.0004
1, 0.0126, 0.9874
0, 1.0, 0.0
0, 1.0, 0.0
0, 1.0, 0.0
0, 0.9873, 0.0127
0, 0.9998, 0.0002
0, 0.9997, 0.0003
0, 0.9999, 0.0001
0, 1.0, 0.0
0, 0.9994, 0.0006
0, 0.9979, 0.0021
0, 1.0, 0.0
0, 1.0, 0.0
0, 1.0, 0.0
0, 1.0, 0.0
0, 1.0, 0.0
0, 1.0, 0.0
1, 0.5665, 0.4335
0, 1.0, 0.0
0, 0.7704, 0.2296
0, 1.0, 0.0
0, 1.0, 0.0
0, 1.0, 0.0
0, 1.0, 0.0
0, 0.9993, 0.0007
0, 0.9937, 0.0063
0, 1.0, 0.0
0, 1.0, 0.0
0, 0.9999, 0.0001
0, 0.9996, 0.0004
0, 1.0, 0.0
0, 0.9998, 0.0002
0, 1.0, 0.0
0, 1.0, 0.0
0, 0.9992, 0.0008
0, 0.9996, 0.0004
0, 0.9992, 0.0008
0, 1.0, 0.0
0, 1.0, 0.0
0, 1.0, 0.0
0, 1.0, 0.0
0, 1.0, 0.0
0, 1.0, 0.0
0, 1.0, 0.0
0, 1.0, 0.0
0, 1.0, 0.0
0, 1.0, 0.0
0, 1.0, 0.0
0, 1.0, 0.0
0, 0.999, 0.001
0, 0.9994, 0.0006
0, 0.9997, 0.0003
0, 0.9985, 0.0015
0, 1.0, 0.0
0, 1.0, 0.0
0, 1.0, 0.0
0, 1.0, 0.0
0, 1.0, 0.0
0, 0.9983, 0.0017
0, 1.0, 0.0
0, 1.0, 0.0
0, 0.9997, 0.0003
0, 0.9995, 0.0005
0, 1.0, 0.0
0, 1.0, 0.0
0, 1.0, 0.0
0, 1.0, 0.0
0, 0.9988, 0.0012
0, 1.0, 0.0
0, 0.9972, 0.0028
0, 1.0, 0.0
0, 0.9997, 0.0003
0, 1.0, 0.0
0, 1.0, 0.0
0, 1.0, 0.0
0, 1.0, 0.0
0, 0.9998, 0.0002
0, 0.9951, 0.0049
0, 1.0, 0.0
0, 0.9956, 0.0044
0, 0.996, 0.004
0, 0.9999, 0.0001
0, 0.9999, 0.0001
0, 1.0, 0.0
0, 1.0, 0.0
0, 0.9999, 0.0001
0, 1.0, 0.0
0, 0.9999, 0.0001
0, 1.0, 0.0
0, 0.999, 0.001
0, 0.9981, 0.0019
0, 1.0, 0.0
0, 0.9997, 0.0003
0, 1.0, 0.0
0, 0.999, 0.001
0, 1.0, 0.0
0, 1.0, 0.0
0, 1.0, 0.0
0, 1.0, 0.0
0, 1.0, 0.0
0, 1.0, 0.0
0, 1.0, 0.0
0, 1.0, 0.0
0, 1.0, 0.0
0, 1.0, 0.0
0, 1.0, 0.0
0, 1.0, 0.0
0, 1.0, 0.0
0, 1.0, 0.0
0, 0.9975, 0.0025
0, 0.9968, 0.0032
0, 0.996, 0.004
0, 0.9973, 0.0027
0, 0.9904, 0.0096
0, 0.9797, 0.0203
0, 0.9987, 0.0013
0, 0.9938, 0.0062
0, 0.9968, 0.0032
0, 0.9964, 0.0036
1, 0.3223, 0.6777
0, 0.998, 0.002
0, 0.9978, 0.0022
0, 1.0, 0.0
0, 0.9997, 0.0003
1, 0.3259, 0.6741
0, 0.8065, 0.1935
0, 0.9989, 0.0011
0, 0.9987, 0.0013
0, 0.9989, 0.0011
0, 0.9961, 0.0039
0, 0.9994, 0.0006
0, 1.0, 0.0
0, 0.9994, 0.0006
0, 1.0, 0.0
1, 0.0076, 0.9924
0, 0.9991, 0.0009
0, 0.3502, 0.6498
1, 0.0313, 0.9687
0, 1.0, 0.0
0, 1.0, 0.0
0, 0.9995, 0.0005
0, 1.0, 0.0
0, 1.0, 0.0
0, 1.0, 0.0
0, 0.9995, 0.0005
0, 1.0, 0.0
0, 1.0, 0.0
0, 1.0, 0.0
0, 1.0, 0.0
0, 1.0, 0.0
0, 1.0, 0.0
0, 0.9995, 0.0005
0, 0.9994, 0.0006
0, 0.9985, 0.0015
0, 0.999, 0.001
0, 0.9992, 0.0008
0, 0.999, 0.001
0, 0.9991, 0.0009
0, 0.9988, 0.0012
0, 0.9976, 0.0024
0, 0.999, 0.001
0, 0.9685, 0.0315
0, 0.9611, 0.0389
0, 0.9609, 0.0391
0, 0.961, 0.039
0, 0.955, 0.045
0, 0.9642, 0.0358
0, 0.9548, 0.0452
0, 0.9978, 0.0022
0, 0.9973, 0.0027
0, 0.9976, 0.0024
0, 0.9974, 0.0026
0, 0.9971, 0.0029
0, 0.9978, 0.0022
0, 0.9967, 0.0033
0, 0.9903, 0.0097
0, 0.9944, 0.0056
0, 0.9974, 0.0026
0, 0.9944, 0.0056
0, 0.997, 0.003
0, 0.9923, 0.0077
0, 0.9816, 0.0184
0, 0.9738, 0.0262
0, 0.9829, 0.0171
0, 0.9831, 0.0169
0, 0.9573, 0.0427
0, 0.97, 0.03
0, 0.9813, 0.0187
0, 0.9814, 0.0186
0, 0.9803, 0.0197
0, 0.9737, 0.0263
0, 0.9822, 0.0178
0, 0.9849, 0.0151
0, 0.9975, 0.0025
1, 0.3395, 0.6605
0, 0.9993, 0.0007
0, 0.9899, 0.0101
0, 0.9995, 0.0005
0, 0.9988, 0.0012
0, 0.476, 0.524
0, 0.4585, 0.5415
0, 0.4745, 0.5255
0, 0.613, 0.387
0, 0.5656, 0.4344
0, 0.5541, 0.4459
1, 0.1884, 0.8116
0, 0.9995, 0.0005
0, 0.9997, 0.0003
0, 0.9863, 0.0137
0, 1.0, 0.0
0, 1.0, 0.0
0, 0.9999, 0.0001
0, 1.0, 0.0
1, 0.2873, 0.7127
1, 0.9993, 0.0007
0, 0.9979, 0.0021
0, 0.999, 0.001
0, 0.9979, 0.0021
0, 0.9978, 0.0022
0, 0.9997, 0.0003
0, 1.0, 0.0
0, 0.9997, 0.0003
0, 0.9997, 0.0003
0, 0.9999, 0.0001
0, 1.0, 0.0
0, 0.9999, 0.0001
0, 1.0, 0.0
0, 1.0, 0.0
0, 1.0, 0.0
0, 1.0, 0.0
0, 1.0, 0.0
0, 0.9973, 0.0027
0, 1.0, 0.0
0, 0.9962, 0.0038
0, 0.9997, 0.0003
0, 0.9995, 0.0005
0, 1.0, 0.0
0, 0.9997, 0.0003
0, 1.0, 0.0
0, 0.9997, 0.0003
0, 1.0, 0.0
0, 1.0, 0.0
0, 1.0, 0.0
0, 1.0, 0.0
0, 0.9998, 0.0002
0, 1.0, 0.0
0, 1.0, 0.0
0, 1.0, 0.0
0, 1.0, 0.0
0, 0.9996, 0.0004
0, 0.9999, 0.0001
0, 1.0, 0.0
0, 1.0, 0.0
0, 1.0, 0.0
0, 0.9932, 0.0068
0, 0.9998, 0.0002
0, 1.0, 0.0
0, 1.0, 0.0
0, 1.0, 0.0
0, 1.0, 0.0
0, 1.0, 0.0
0, 0.9997, 0.0003
0, 1.0, 0.0
0, 1.0, 0.0
0, 0.9999, 0.0001
0, 0.9997, 0.0003
0, 0.9944, 0.0056
0, 0.9964, 0.0036
0, 0.9998, 0.0002
0, 0.9967, 0.0033
0, 1.0, 0.0
0, 0.9997, 0.0003
0, 0.9999, 0.0001
0, 1.0, 0.0
0, 1.0, 0.0
0, 0.9997, 0.0003
0, 1.0, 0.0
0, 0.9997, 0.0003
0, 0.9997, 0.0003
0, 1.0, 0.0
0, 1.0, 0.0
0, 0.9964, 0.0036
0, 1.0, 0.0
0, 1.0, 0.0
0, 0.9974, 0.0026
0, 1.0, 0.0
0, 1.0, 0.0
0, 1.0, 0.0
0, 0.9997, 0.0003
0, 1.0, 0.0
0, 1.0, 0.0
0, 1.0, 0.0
0, 0.998, 0.002
0, 0.9984, 0.0016
0, 0.9983, 0.0017
0, 0.9798, 0.0202
0, 1.0, 0.0
0, 1.0, 0.0
0, 0.9999, 0.0001
0, 1.0, 0.0
0, 1.0, 0.0
0, 0.9997, 0.0003
0, 0.9936, 0.0064
0, 0.9823, 0.0177
0, 1.0, 0.0
0, 1.0, 0.0
0, 1.0, 0.0
0, 0.9997, 0.0003
0, 1.0, 0.0
0, 0.9936, 0.0064
0, 0.9997, 0.0003
0, 1.0, 0.0
0, 1.0, 0.0
0, 1.0, 0.0
1, 0.9933, 0.0067
0, 0.9975, 0.0025
0, 0.983, 0.017
0, 0.9934, 0.0066
1, 0.9589, 0.0411
1, 0.9942, 0.0058
0, 0.9993, 0.0007
0, 0.9765, 0.0235
0, 1.0, 0.0
0, 1.0, 0.0
0, 0.9992, 0.0008
0, 1.0, 0.0
0, 0.9998, 0.0002
0, 0.9995, 0.0005
0, 0.9618, 0.0382
0, 0.9551, 0.0449
0, 0.9926, 0.0074
0, 0.9888, 0.0112
0, 0.9976, 0.0024
0, 0.9776, 0.0224
0, 1.0, 0.0
0, 0.9854, 0.0146
1, 0.9701, 0.0299
0, 1.0, 0.0
0, 0.9825, 0.0175
0, 1.0, 0.0
0, 0.9855, 0.0145
0, 0.9902, 0.0098
0, 1.0, 0.0
0, 0.9999, 0.0001
1, 1.0, 0.0
0, 0.9697, 0.0303
0, 1.0, 0.0
0, 0.9972, 0.0028
0, 0.9912, 0.0088
0, 0.9771, 0.0229
0, 1.0, 0.0
0, 0.972, 0.028
0, 0.9942, 0.0058
0, 0.9882, 0.0118
0, 0.9802, 0.0198
0, 1.0, 0.0
1, 1.0, 0.0
0, 1.0, 0.0
0, 0.9876, 0.0124
1, 0.998, 0.002
0, 0.9831, 0.0169
0, 1.0, 0.0
0, 0.9797, 0.0203
0, 0.9813, 0.0187
1, 0.9892, 0.0108
0, 0.9854, 0.0146
0, 1.0, 0.0
0, 0.9813, 0.0187
1, 0.9982, 0.0018
0, 0.9996, 0.0004
0, 0.982, 0.018
0, 0.977, 0.023
0, 0.9941, 0.0059
0, 0.9767, 0.0233
1, 0.3093, 0.6907
0, 1.0, 0.0
0, 0.9979, 0.0021
0, 1.0, 0.0
0, 0.9995, 0.0005
1, 0.9984, 0.0016
1, 0.0116, 0.9884
0, 0.9995, 0.0005
0, 0.9999, 0.0001
0, 0.9983, 0.0017
0, 0.9975, 0.0025
0, 0.9981, 0.0019
0, 0.9864, 0.0136
0, 1.0, 0.0
0, 0.9994, 0.0006
0, 0.995, 0.005
0, 1.0, 0.0
0, 0.9998, 0.0002
0, 1.0, 0.0
0, 1.0, 0.0
0, 1.0, 0.0
0, 0.9974, 0.0026
0, 0.9932, 0.0068
0, 1.0, 0.0
0, 1.0, 0.0
1, 0.022, 0.978
0, 0.9988, 0.0012
0, 1.0, 0.0
0, 0.9798, 0.0202
0, 0.9821, 0.0179
0, 0.995, 0.005
0, 1.0, 0.0
0, 0.9999, 0.0001
0, 0.9998, 0.0002
0, 1.0, 0.0
0, 1.0, 0.0
0, 1.0, 0.0
0, 1.0, 0.0
0, 0.9998, 0.0002
0, 0.9995, 0.0005
0, 1.0, 0.0
0, 0.9993, 0.0007
0, 0.9993, 0.0007
0, 0.9998, 0.0002
0, 0.998, 0.002
0, 0.9967, 0.0033
0, 0.9999, 0.0001
0, 1.0, 0.0
0, 0.9994, 0.0006
0, 0.9971, 0.0029
0, 1.0, 0.0
0, 1.0, 0.0
0, 0.9998, 0.0002
0, 0.9996, 0.0004
0, 0.9993, 0.0007
0, 1.0, 0.0
0, 0.9945, 0.0055
0, 0.9997, 0.0003
0, 0.9992, 0.0008
0, 0.927, 0.073
0, 0.9323, 0.0677
0, 0.9217, 0.0783
0, 0.9329, 0.0671
0, 0.9422, 0.0578
0, 0.934, 0.066
0, 0.9148, 0.0852
0, 0.8577, 0.1423
0, 0.9975, 0.0025
0, 0.998, 0.002
0, 0.9977, 0.0023
0, 0.9965, 0.0035
0, 0.994, 0.006
0, 0.9957, 0.0043
0, 0.9982, 0.0018
0, 0.8739, 0.1261
0, 0.8113, 0.1887
0, 0.998, 0.002
0, 0.999, 0.001
0, 0.8081, 0.1919
0, 0.9988, 0.0012
0, 0.999, 0.001
0, 0.9461, 0.0539
0, 0.8406, 0.1594
0, 0.9569, 0.0431
0, 0.9464, 0.0536
0, 0.9458, 0.0542
0, 0.9373, 0.0627
0, 0.9426, 0.0574
0, 0.8338, 0.1662
0, 0.9176, 0.0824
0, 0.9342, 0.0658
0, 0.9051, 0.0949
0, 1.0, 0.0
0, 1.0, 0.0
0, 1.0, 0.0
0, 1.0, 0.0
0, 1.0, 0.0
0, 1.0, 0.0
0, 1.0, 0.0
0, 1.0, 0.0
0, 1.0, 0.0
0, 1.0, 0.0
0, 1.0, 0.0
0, 1.0, 0.0
0, 1.0, 0.0
0, 0.9874, 0.0126
1, 0.0141, 0.9859
0, 1.0, 0.0
0, 0.9956, 0.0044
0, 0.997, 0.003
0, 0.9995, 0.0005
0, 0.9983, 0.0017
0, 1.0, 0.0
0, 1.0, 0.0
0, 0.9997, 0.0003
0, 1.0, 0.0
0, 1.0, 0.0
0, 0.9974, 0.0026
0, 0.9991, 0.0009
0, 1.0, 0.0
0, 1.0, 0.0
0, 1.0, 0.0
0, 1.0, 0.0
0, 1.0, 0.0
0, 0.9957, 0.0043
0, 1.0, 0.0
0, 1.0, 0.0
0, 0.9999, 0.0001
0, 0.9998, 0.0002
0, 0.997, 0.003
0, 1.0, 0.0
0, 0.9981, 0.0019
0, 1.0, 0.0
0, 0.9996, 0.0004
0, 1.0, 0.0
0, 0.9982, 0.0018
0, 0.9997, 0.0003
0, 0.9999, 0.0001
0, 0.9999, 0.0001
0, 0.9993, 0.0007
0, 0.9989, 0.0011
0, 0.977, 0.023
0, 0.9805, 0.0195
0, 1.0, 0.0
0, 1.0, 0.0
0, 0.9999, 0.0001
0, 0.9995, 0.0005
0, 0.9999, 0.0001
0, 0.9905, 0.0095
0, 0.9981, 0.0019
0, 0.999, 0.001
0, 0.9996, 0.0004
0, 0.9976, 0.0024
0, 0.9954, 0.0046
0, 1.0, 0.0
0, 0.999, 0.001
0, 0.9981, 0.0019
0, 1.0, 0.0
0, 0.9946, 0.0054
0, 1.0, 0.0
0, 0.9925, 0.0075
0, 1.0, 0.0
0, 0.9999, 0.0001
0, 0.9985, 0.0015
0, 1.0, 0.0
0, 1.0, 0.0
0, 1.0, 0.0
0, 1.0, 0.0
0, 1.0, 0.0
0, 1.0, 0.0
0, 0.9999, 0.0001
0, 1.0, 0.0
0, 1.0, 0.0
0, 1.0, 0.0
0, 1.0, 0.0
0, 1.0, 0.0
0, 1.0, 0.0
0, 0.9996, 0.0004
0, 0.9994, 0.0006
0, 0.9012, 0.0988
0, 0.9402, 0.0598
0, 0.9744, 0.0256
0, 0.9859, 0.0141
0, 0.9775, 0.0225
0, 0.9997, 0.0003
0, 0.9997, 0.0003
0, 0.9997, 0.0003
0, 0.9997, 0.0003
0, 0.9997, 0.0003
0, 0.9997, 0.0003
0, 0.9997, 0.0003
0, 0.9997, 0.0003
0, 0.9997, 0.0003
0, 0.9997, 0.0003
0, 0.9997, 0.0003
0, 1.0, 0.0
1, 0.0009, 0.9991
0, 0.9977, 0.0023
1, 0.2423, 0.7577
