1, 0.1872, 0.8128
1, 0.1867, 0.8133
1, 0.1838, 0.8162
0, 0.2588, 0.7412
1, 0.1857, 0.8143
1, 0.1865, 0.8135
1, 0.1872, 0.8128
1, 0.1849, 0.8151
1, 0.186, 0.814
1, 0.187, 0.813
1, 0.1857, 0.8143
1, 0.1883, 0.8117
1, 0.8082, 0.1918
1, 0.2034, 0.7966
1, 0.8064, 0.1936
1, 0.7997, 0.2003
1, 0.7998, 0.2002
1, 0.8017, 0.1983
1, 0.796, 0.204
1, 0.7995, 0.2005
1, 0.7971, 0.2029
1, 0.8002, 0.1998
1, 0.8014, 0.1986
1, 0.7964, 0.2036
1, 0.7971, 0.2029
1, 0.7994, 0.2006
1, 0.7995, 0.2005
1, 0.7996, 0.2004
1, 0.7997, 0.2003
1, 0.7997, 0.2003
1, 0.8002, 0.1998
1, 0.7994, 0.2006
1, 0.8022, 0.1978
1, 0.7978, 0.2022
1, 0.8022, 0.1978
1, 0.7977, 0.2023
1, 0.7966, 0.2034
1, 0.8014, 0.1986
1, 0.7975, 0.2025
1, 0.8011, 0.1989
1, 0.8011, 0.1989
1, 0.8017, 0.1983
1, 0.7999, 0.2001
1, 0.8026, 0.1974
1, 0.8, 0.2
1, 0.8008, 0.1992
1, 0.7983, 0.2017
1, 0.8016, 0.1984
1, 0.8009, 0.1991
1, 0.8012, 0.1988
1, 0.7992, 0.2008
1, 0.8018, 0.1982
1, 0.8007, 0.1993
1, 0.8011, 0.1989
1, 0.8015, 0.1985
1, 0.793, 0.207
1, 0.7993, 0.2007
1, 0.7994, 0.2006
1, 0.7991, 0.2009
1, 0.7914, 0.2086
1, 0.7893, 0.2107
1, 0.8016, 0.1984
1, 0.7911, 0.2089
1, 0.791, 0.209
1, 0.7902, 0.2098
1, 0.7911, 0.2089
1, 0.7873, 0.2127
1, 0.7903, 0.2097
1, 0.7994, 0.2006
1, 0.7893, 0.2107
1, 0.7892, 0.2108
1, 0.7893, 0.2107
1, 0.791, 0.209
1, 0.7917, 0.2083
1, 0.7993, 0.2007
1, 0.7916, 0.2084
1, 0.7885, 0.2115
1, 0.7953, 0.2047
1, 0.8016, 0.1984
1, 0.7893, 0.2107
1, 0.7989, 0.2011
1, 0.7891, 0.2109
1, 0.7998, 0.2002
1, 0.7988, 0.2012
1, 0.7939, 0.2061
1, 0.8031, 0.1969
1, 0.7973, 0.2027
1, 0.7948, 0.2052
1, 0.7963, 0.2037
1, 0.7974, 0.2026
1, 0.7952, 0.2048
1, 0.7952, 0.2048
1, 0.7942, 0.2058
1, 0.7955, 0.2045
1, 0.7954, 0.2046
1, 0.7886, 0.2114
1, 0.7998, 0.2002
1, 0.7957, 0.2043
1, 0.7891, 0.2109
1, 0.797, 0.203
1, 0.7948, 0.2052
1, 0.8004, 0.1996
1, 0.7938, 0.2062
1, 0.8004, 0.1996
1, 0.7974, 0.2026
1, 0.7975, 0.2025
1, 0.8023, 0.1977
1, 0.8, 0.2
1, 0.7945, 0.2055
1, 0.7975, 0.2025
1, 0.7966, 0.2034
1, 0.8016, 0.1984
1, 0.7971, 0.2029
1, 0.7422, 0.2578
1, 0.8016, 0.1984
1, 0.8016, 0.1984
1, 0.8015, 0.1985
1, 0.8013, 0.1987
1, 0.796, 0.204
1, 0.7961, 0.2039
1, 0.8014, 0.1986
1, 0.8004, 0.1996
1, 0.7996, 0.2004
1, 0.8019, 0.1981
1, 0.8002, 0.1998
1, 0.7908, 0.2092
1, 0.7949, 0.2051
1, 0.7994, 0.2006
1, 0.7955, 0.2045
1, 0.7972, 0.2028
1, 0.7956, 0.2044
1, 0.7966, 0.2034
1, 0.7979, 0.2021
1, 0.7965, 0.2035
1, 0.7886, 0.2114
1, 0.8002, 0.1998
1, 0.7908, 0.2092
1, 0.7908, 0.2092
1, 0.7908, 0.2092
1, 0.7908, 0.2092
1, 0.791, 0.209
1, 0.7908, 0.2092
1, 0.7908, 0.2092
1, 0.7909, 0.2091
1, 0.7909, 0.2091
1, 0.7908, 0.2092
1, 0.7908, 0.2092
1, 0.7955, 0.2045
1, 0.7908, 0.2092
1, 0.7908, 0.2092
1, 0.7966, 0.2034
1, 0.7908, 0.2092
1, 0.7908, 0.2092
1, 0.7981, 0.2019
1, 0.7994, 0.2006
1, 0.8035, 0.1965
1, 0.8006, 0.1994
1, 0.8014, 0.1986
1, 0.8002, 0.1998
1, 0.7969, 0.2031
1, 0.7913, 0.2087
1, 0.7974, 0.2026
1, 0.7953, 0.2047
1, 0.7899, 0.2101
1, 0.7973, 0.2027
1, 0.7967, 0.2033
1, 0.7886, 0.2114
1, 0.7873, 0.2127
1, 0.7991, 0.2009
1, 0.7971, 0.2029
1, 0.7948, 0.2052
1, 0.8022, 0.1978
1, 0.8022, 0.1978
1, 0.8014, 0.1986
1, 0.7955, 0.2045
1, 0.7958, 0.2042
1, 0.7989, 0.2011
1, 0.7946, 0.2054
1, 0.7973, 0.2027
1, 0.7989, 0.2011
1, 0.7877, 0.2123
1, 0.7958, 0.2042
1, 0.7945, 0.2055
1, 0.7985, 0.2015
1, 0.7968, 0.2032
1, 0.7945, 0.2055
1, 0.7965, 0.2035
1, 0.7885, 0.2115
1, 0.7984, 0.2016
1, 0.7958, 0.2042
1, 0.7967, 0.2033
1, 0.7852, 0.2148
1, 0.7998, 0.2002
1, 0.7971, 0.2029
1, 0.7861, 0.2139
1, 0.8023, 0.1977
1, 0.7936, 0.2064
1, 0.7973, 0.2027
1, 0.7985, 0.2015
1, 0.7879, 0.2121
1, 0.8015, 0.1985
1, 0.7945, 0.2055
1, 0.7962, 0.2038
1, 0.7971, 0.2029
1, 0.7945, 0.2055
1, 0.799, 0.201
1, 0.7967, 0.2033
1, 0.7955, 0.2045
1, 0.7967, 0.2033
1, 0.792, 0.208
1, 0.7979, 0.2021
1, 0.8024, 0.1976
1, 0.7911, 0.2089
1, 0.8015, 0.1985
1, 0.7869, 0.2131
1, 0.7964, 0.2036
1, 0.7952, 0.2048
1, 0.7985, 0.2015
1, 0.79, 0.21
1, 0.7973, 0.2027
1, 0.7979, 0.2021
1, 0.7917, 0.2083
1, 0.7955, 0.2045
1, 0.7973, 0.2027
1, 0.7945, 0.2055
1, 0.7999, 0.2001
1, 0.7954, 0.2046
1, 0.8008, 0.1992
1, 0.7989, 0.2011
1, 0.7993, 0.2007
1, 0.8018, 0.1982
1, 0.7961, 0.2039
1, 0.7957, 0.2043
1, 0.7871, 0.2129
1, 0.7945, 0.2055
1, 0.7962, 0.2038
1, 0.7862, 0.2138
1, 0.7851, 0.2149
1, 0.7864, 0.2136
1, 0.8005, 0.1995
1, 0.8018, 0.1982
1, 0.799, 0.201
1, 0.7996, 0.2004
1, 0.7941, 0.2059
1, 0.793, 0.207
1, 0.7888, 0.2112
1, 0.7987, 0.2013
1, 0.7971, 0.2029
1, 0.7958, 0.2042
1, 0.7915, 0.2085
1, 0.7903, 0.2097
1, 0.8015, 0.1985
1, 0.7973, 0.2027
1, 0.7967, 0.2033
1, 0.7956, 0.2044
1, 0.7989, 0.2011
1, 0.8006, 0.1994
1, 0.7978, 0.2022
1, 0.8011, 0.1989
1, 0.795, 0.205
1, 0.7985, 0.2015
1, 0.7957, 0.2043
1, 0.8016, 0.1984
1, 0.7951, 0.2049
1, 0.7924, 0.2076
1, 0.7945, 0.2055
1, 0.7973, 0.2027
1, 0.7973, 0.2027
1, 0.8, 0.2
1, 0.7871, 0.2129
1, 0.7955, 0.2045
1, 0.7923, 0.2077
1, 0.7979, 0.2021
1, 0.7957, 0.2043
1, 0.7852, 0.2148
1, 0.7964, 0.2036
1, 0.7945, 0.2055
1, 0.7977, 0.2023
1, 0.7984, 0.2016
1, 0.8003, 0.1997
1, 0.7895, 0.2105
1, 0.7949, 0.2051
1, 0.7964, 0.2036
1, 0.7893, 0.2107
1, 0.8013, 0.1987
1, 0.7994, 0.2006
1, 0.7862, 0.2138
1, 0.7963, 0.2037
1, 0.7984, 0.2016
1, 0.7967, 0.2033
1, 0.7989, 0.2011
1, 0.7935, 0.2065
1, 0.8001, 0.1999
1, 0.7991, 0.2009
1, 0.8015, 0.1985
1, 0.801, 0.199
1, 0.7951, 0.2049
1, 0.7867, 0.2133
1, 0.7988, 0.2012
1, 0.7997, 0.2003
1, 0.7957, 0.2043
1, 0.7935, 0.2065
1, 0.799, 0.201
1, 0.7958, 0.2042
1, 0.7989, 0.2011
1, 0.7996, 0.2004
1, 0.8017, 0.1983
1, 0.796, 0.204
1, 0.7962, 0.2038
1, 0.7973, 0.2027
1, 0.8015, 0.1985
1, 0.793, 0.207
1, 0.7979, 0.2021
1, 0.7955, 0.2045
1, 0.7986, 0.2014
1, 0.7994, 0.2006
1, 0.7871, 0.2129
1, 0.795, 0.205
1, 0.799, 0.201
1, 0.7949, 0.2051
1, 0.7897, 0.2103
1, 0.7863, 0.2137
1, 0.7994, 0.2006
1, 0.7994, 0.2006
1, 0.7899, 0.2101
1, 0.7985, 0.2015
1, 0.802, 0.198
1, 0.7961, 0.2039
1, 0.7945, 0.2055
1, 0.7828, 0.2172
1, 0.7984, 0.2016
1, 0.7945, 0.2055
1, 0.791, 0.209
1, 0.7998, 0.2002
1, 0.7853, 0.2147
1, 0.7967, 0.2033
1, 0.8014, 0.1986
1, 0.8025, 0.1975
1, 0.7918, 0.2082
1, 0.7963, 0.2037
1, 0.7956, 0.2044
1, 0.7993, 0.2007
1, 0.8015, 0.1985
1, 0.7962, 0.2038
1, 0.799, 0.201
1, 0.7932, 0.2068
1, 0.7979, 0.2021
1, 0.7895, 0.2105
1, 0.8008, 0.1992
1, 0.799, 0.201
1, 0.7915, 0.2085
1, 0.798, 0.202
1, 0.7998, 0.2002
1, 0.7973, 0.2027
1, 0.7976, 0.2024
1, 0.7959, 0.2041
1, 0.7998, 0.2002
1, 0.7873, 0.2127
1, 0.7971, 0.2029
1, 0.7976, 0.2024
1, 0.7998, 0.2002
1, 0.7979, 0.2021
1, 0.7991, 0.2009
1, 0.7963, 0.2037
1, 0.7862, 0.2138
1, 0.796, 0.204
1, 0.7959, 0.2041
1, 0.7892, 0.2108
1, 0.7951, 0.2049
1, 0.7985, 0.2015
1, 0.7955, 0.2045
1, 0.7993, 0.2007
1, 0.7945, 0.2055
1, 0.7889, 0.2111
1, 0.7955, 0.2045
1, 0.7945, 0.2055
1, 0.7962, 0.2038
1, 0.7967, 0.2033
1, 0.7962, 0.2038
1, 0.7976, 0.2024
1, 0.7974, 0.2026
1, 0.7954, 0.2046
1, 0.7973, 0.2027
1, 0.7973, 0.2027
1, 0.7873, 0.2127
1, 0.7958, 0.2042
1, 0.7992, 0.2008
1, 0.8022, 0.1978
1, 0.7948, 0.2052
1, 0.7877, 0.2123
1, 0.7913, 0.2087
1, 0.7985, 0.2015
1, 0.7945, 0.2055
1, 0.7898, 0.2102
1, 0.7945, 0.2055
1, 0.7886, 0.2114
1, 0.7971, 0.2029
1, 0.7967, 0.2033
1, 0.8022, 0.1978
1, 0.7958, 0.2042
1, 0.7955, 0.2045
1, 0.7991, 0.2009
1, 0.7989, 0.2011
1, 0.7946, 0.2054
1, 0.7968, 0.2032
1, 0.8014, 0.1986
1, 0.7955, 0.2045
1, 0.7967, 0.2033
1, 0.8023, 0.1977
1, 0.7958, 0.2042
1, 0.7984, 0.2016
1, 0.7938, 0.2062
1, 0.7985, 0.2015
1, 0.7945, 0.2055
1, 0.7861, 0.2139
1, 0.7911, 0.2089
1, 0.7958, 0.2042
1, 0.7869, 0.2131
1, 0.7984, 0.2016
1, 0.7952, 0.2048
1, 0.7891, 0.2109
1, 0.7996, 0.2004
1, 0.7954, 0.2046
1, 0.7852, 0.2148
1, 0.8013, 0.1987
1, 0.7981, 0.2019
1, 0.7963, 0.2037
1, 0.7878, 0.2122
1, 0.7964, 0.2036
1, 0.7973, 0.2027
1, 0.7936, 0.2064
1, 0.7945, 0.2055
1, 0.8014, 0.1986
1, 0.802, 0.198
1, 0.7971, 0.2029
1, 0.7993, 0.2007
1, 0.7967, 0.2033
1, 0.7906, 0.2094
1, 0.7943, 0.2057
1, 0.7936, 0.2064
1, 0.7891, 0.2109
1, 0.7837, 0.2163
1, 0.7939, 0.2061
1, 0.7955, 0.2045
1, 0.7838, 0.2162
1, 0.7947, 0.2053
1, 0.7962, 0.2038
1, 0.7985, 0.2015
1, 0.7922, 0.2078
1, 0.7935, 0.2065
1, 0.7953, 0.2047
1, 0.7933, 0.2067
1, 0.7857, 0.2143
1, 0.7988, 0.2012
1, 0.7956, 0.2044
1, 0.7962, 0.2038
1, 0.7943, 0.2057
1, 0.7924, 0.2076
1, 0.7981, 0.2019
1, 0.7943, 0.2057
1, 0.7986, 0.2014
1, 0.7963, 0.2037
1, 0.7916, 0.2084
1, 0.7958, 0.2042
1, 0.7986, 0.2014
1, 0.7954, 0.2046
1, 0.7964, 0.2036
1, 0.7837, 0.2163
1, 0.7943, 0.2057
1, 0.799, 0.201
1, 0.7948, 0.2052
1, 0.7958, 0.2042
1, 0.7974, 0.2026
1, 0.7936, 0.2064
1, 0.795, 0.205
1, 0.7954, 0.2046
1, 0.7967, 0.2033
1, 0.7891, 0.2109
1, 0.7922, 0.2078
1, 0.7908, 0.2092
1, 0.7943, 0.2057
1, 0.7943, 0.2057
1, 0.795, 0.205
1, 0.7855, 0.2145
1, 0.7924, 0.2076
1, 0.7954, 0.2046
1, 0.7848, 0.2152
1, 0.7936, 0.2064
1, 0.7923, 0.2077
1, 0.7924, 0.2076
1, 0.7958, 0.2042
1, 0.7873, 0.2127
1, 0.794, 0.206
1, 0.7955, 0.2045
1, 0.7955, 0.2045
1, 0.7987, 0.2013
1, 0.7928, 0.2072
1, 0.7959, 0.2041
1, 0.7838, 0.2162
1, 0.7982, 0.2018
1, 0.7949, 0.2051
1, 0.7934, 0.2066
1, 0.793, 0.207
1, 0.7955, 0.2045
1, 0.7936, 0.2064
1, 0.7961, 0.2039
1, 0.7905, 0.2095
1, 0.7926, 0.2074
1, 0.7869, 0.2131
1, 0.794, 0.206
1, 0.7848, 0.2152
1, 0.7943, 0.2057
1, 0.7943, 0.2057
1, 0.7891, 0.2109
1, 0.7943, 0.2057
1, 0.7943, 0.2057
1, 0.797, 0.203
1, 0.7986, 0.2014
1, 0.7877, 0.2123
1, 0.7866, 0.2134
1, 0.7955, 0.2045
1, 0.798, 0.202
1, 0.7842, 0.2158
1, 0.7912, 0.2088
1, 0.7854, 0.2146
1, 0.7958, 0.2042
1, 0.7958, 0.2042
1, 0.7914, 0.2086
1, 0.7924, 0.2076
1, 0.7924, 0.2076
1, 0.7922, 0.2078
1, 0.7922, 0.2078
1, 0.7943, 0.2057
1, 0.7943, 0.2057
1, 0.7936, 0.2064
1, 0.7965, 0.2035
1, 0.7964, 0.2036
1, 0.7916, 0.2084
1, 0.7934, 0.2066
1, 0.7985, 0.2015
1, 0.7955, 0.2045
1, 0.7924, 0.2076
1, 0.7935, 0.2065
1, 0.7986, 0.2014
1, 0.7948, 0.2052
1, 0.7949, 0.2051
1, 0.7962, 0.2038
1, 0.7872, 0.2128
1, 0.7928, 0.2072
1, 0.7953, 0.2047
1, 0.7943, 0.2057
1, 0.7922, 0.2078
1, 0.7875, 0.2125
1, 0.7956, 0.2044
1, 0.7936, 0.2064
1, 0.7867, 0.2133
1, 0.7937, 0.2063
1, 0.7943, 0.2057
1, 0.7848, 0.2152
1, 0.799, 0.201
1, 0.7945, 0.2055
1, 0.7945, 0.2055
1, 0.7938, 0.2062
1, 0.7952, 0.2048
1, 0.7979, 0.2021
1, 0.7854, 0.2146
1, 0.7903, 0.2097
1, 0.7891, 0.2109
1, 0.7958, 0.2042
1, 0.795, 0.205
1, 0.7936, 0.2064
1, 0.7924, 0.2076
1, 0.7922, 0.2078
1, 0.7884, 0.2116
1, 0.7922, 0.2078
1, 0.7868, 0.2132
1, 0.7946, 0.2054
1, 0.7843, 0.2157
1, 0.7943, 0.2057
1, 0.7956, 0.2044
1, 0.7905, 0.2095
1, 0.7947, 0.2053
1, 0.796, 0.204
1, 0.7962, 0.2038
1, 0.7961, 0.2039
1, 0.7953, 0.2047
1, 0.7954, 0.2046
1, 0.7965, 0.2035
1, 0.797, 0.203
1, 0.795, 0.205
1, 0.7912, 0.2088
1, 0.7937, 0.2063
1, 0.7986, 0.2014
1, 0.7983, 0.2017
1, 0.7961, 0.2039
1, 0.7936, 0.2064
1, 0.7958, 0.2042
1, 0.7958, 0.2042
1, 0.799, 0.201
1, 0.7915, 0.2085
1, 0.7924, 0.2076
1, 0.7934, 0.2066
1, 0.7938, 0.2062
1, 0.7938, 0.2062
1, 0.7954, 0.2046
1, 0.7922, 0.2078
1, 0.7982, 0.2018
1, 0.7961, 0.2039
1, 0.7943, 0.2057
1, 0.7956, 0.2044
1, 0.7928, 0.2072
1, 0.7937, 0.2063
1, 0.798, 0.202
1, 0.7965, 0.2035
1, 0.7943, 0.2057
1, 0.7962, 0.2038
1, 0.7937, 0.2063
1, 0.7952, 0.2048
1, 0.7955, 0.2045
1, 0.793, 0.207
1, 0.7936, 0.2064
1, 0.7943, 0.2057
1, 0.7952, 0.2048
1, 0.7937, 0.2063
1, 0.7891, 0.2109
1, 0.7949, 0.2051
1, 0.7891, 0.2109
1, 0.7935, 0.2065
1, 0.7953, 0.2047
1, 0.7943, 0.2057
1, 0.7848, 0.2152
1, 0.7982, 0.2018
1, 0.788, 0.212
1, 0.7872, 0.2128
1, 0.794, 0.206
1, 0.7865, 0.2135
1, 0.7965, 0.2035
1, 0.7852, 0.2148
1, 0.7838, 0.2162
1, 0.7854, 0.2146
1, 0.7869, 0.2131
1, 0.7958, 0.2042
1, 0.7884, 0.2116
1, 0.7958, 0.2042
1, 0.7919, 0.2081
1, 0.7847, 0.2153
1, 0.7883, 0.2117
1, 0.7963, 0.2037
1, 0.7924, 0.2076
1, 0.7955, 0.2045
1, 0.7848, 0.2152
1, 0.7965, 0.2035
1, 0.7855, 0.2145
1, 0.7945, 0.2055
1, 0.7922, 0.2078
1, 0.7913, 0.2087
1, 0.7939, 0.2061
1, 0.7943, 0.2057
1, 0.7936, 0.2064
1, 0.7924, 0.2076
1, 0.7936, 0.2064
1, 0.7915, 0.2085
1, 0.7922, 0.2078
1, 0.7924, 0.2076
1, 0.7922, 0.2078
1, 0.7988, 0.2012
1, 0.7943, 0.2057
1, 0.7936, 0.2064
1, 0.7962, 0.2038
1, 0.7908, 0.2092
1, 0.7928, 0.2072
1, 0.7965, 0.2035
1, 0.7982, 0.2018
1, 0.7939, 0.2061
1, 0.7947, 0.2053
1, 0.7962, 0.2038
1, 0.7962, 0.2038
1, 0.7938, 0.2062
1, 0.7956, 0.2044
1, 0.7957, 0.2043
1, 0.7943, 0.2057
1, 0.7943, 0.2057
1, 0.7983, 0.2017
1, 0.7924, 0.2076
1, 0.799, 0.201
1, 0.7937, 0.2063
1, 0.7943, 0.2057
1, 0.7943, 0.2057
1, 0.7932, 0.2068
1, 0.7965, 0.2035
1, 0.7988, 0.2012
1, 0.8017, 0.1983
1, 0.7927, 0.2073
1, 0.7961, 0.2039
1, 0.7869, 0.2131
1, 0.8018, 0.1982
1, 0.7949, 0.2051
1, 0.7888, 0.2112
1, 0.7989, 0.2011
1, 0.7958, 0.2042
1, 0.7973, 0.2027
1, 0.7965, 0.2035
1, 0.7854, 0.2146
1, 0.7994, 0.2006
1, 0.7993, 0.2007
1, 0.7879, 0.2121
1, 0.796, 0.204
1, 0.7861, 0.2139
1, 0.7973, 0.2027
1, 0.7949, 0.2051
1, 0.7985, 0.2015
1, 0.7945, 0.2055
1, 0.7994, 0.2006
1, 0.7949, 0.2051
1, 0.795, 0.205
1, 0.7945, 0.2055
1, 0.7994, 0.2006
1, 0.7967, 0.2033
1, 0.7955, 0.2045
1, 0.7967, 0.2033
1, 0.7936, 0.2064
1, 0.7951, 0.2049
1, 0.7911, 0.2089
1, 0.7993, 0.2007
1, 0.7958, 0.2042
1, 0.7869, 0.2131
1, 0.801, 0.199
1, 0.7948, 0.2052
1, 0.7953, 0.2047
1, 0.7891, 0.2109
1, 0.7994, 0.2006
1, 0.7965, 0.2035
1, 0.7975, 0.2025
1, 0.7872, 0.2128
1, 0.7992, 0.2008
1, 0.7973, 0.2027
1, 0.7991, 0.2009
1, 0.7878, 0.2122
1, 0.7954, 0.2046
1, 0.7861, 0.2139
1, 0.7949, 0.2051
1, 0.7949, 0.2051
1, 0.7985, 0.2015
1, 0.801, 0.199
1, 0.7945, 0.2055
1, 0.7956, 0.2044
1, 0.7945, 0.2055
1, 0.8001, 0.1999
1, 0.7967, 0.2033
1, 0.7955, 0.2045
1, 0.7967, 0.2033
1, 0.7919, 0.2081
1, 0.7945, 0.2055
1, 0.798, 0.202
1, 0.7861, 0.2139
1, 0.7962, 0.2038
1, 0.7961, 0.2039
1, 0.7895, 0.2105
1, 0.7891, 0.2109
1, 0.7967, 0.2033
1, 0.7959, 0.2041
1, 0.798, 0.202
1, 0.789, 0.211
1, 0.7956, 0.2044
1, 0.7915, 0.2085
1, 0.7993, 0.2007
1, 0.7998, 0.2002
1, 0.7973, 0.2027
1, 0.7955, 0.2045
1, 0.7976, 0.2024
1, 0.7971, 0.2029
1, 0.7989, 0.2011
1, 0.7976, 0.2024
1, 0.7998, 0.2002
1, 0.7985, 0.2015
1, 0.7945, 0.2055
1, 0.7949, 0.2051
1, 0.796, 0.204
1, 0.7901, 0.2099
1, 0.7993, 0.2007
1, 0.7957, 0.2043
1, 0.7967, 0.2033
1, 0.7901, 0.2099
1, 0.8011, 0.1989
1, 0.8015, 0.1985
1, 0.7989, 0.2011
1, 0.7998, 0.2002
1, 0.7951, 0.2049
1, 0.7893, 0.2107
1, 0.7993, 0.2007
1, 0.799, 0.201
1, 0.7984, 0.2016
1, 0.7915, 0.2085
1, 0.7951, 0.2049
1, 0.8003, 0.1997
1, 0.8024, 0.1976
1, 0.8014, 0.1986
1, 0.8009, 0.1991
1, 0.7985, 0.2015
1, 0.7964, 0.2036
1, 0.7992, 0.2008
1, 0.7945, 0.2055
1, 0.7935, 0.2065
1, 0.7962, 0.2038
1, 0.7991, 0.2009
1, 0.7962, 0.2038
1, 0.7862, 0.2138
1, 0.7865, 0.2135
1, 0.7945, 0.2055
1, 0.7871, 0.2129
1, 0.7955, 0.2045
1, 0.7905, 0.2095
1, 0.7844, 0.2156
1, 0.8015, 0.1985
1, 0.7973, 0.2027
1, 0.7971, 0.2029
1, 0.7979, 0.2021
1, 0.795, 0.205
1, 0.7961, 0.2039
1, 0.7991, 0.2009
1, 0.7994, 0.2006
1, 0.8009, 0.1991
1, 0.7986, 0.2014
1, 0.7989, 0.2011
1, 0.7975, 0.2025
1, 0.7918, 0.2082
1, 0.8017, 0.1983
1, 0.801, 0.199
1, 0.8016, 0.1984
1, 0.7955, 0.2045
1, 0.7948, 0.2052
1, 0.787, 0.213
1, 0.7906, 0.2094
1, 0.7962, 0.2038
1, 0.7994, 0.2006
1, 0.7899, 0.2101
1, 0.8022, 0.1978
1, 0.7964, 0.2036
1, 0.8002, 0.1998
1, 0.7822, 0.2178
1, 0.8019, 0.1981
1, 0.7973, 0.2027
1, 0.8018, 0.1982
1, 0.7985, 0.2015
1, 0.8018, 0.1982
1, 0.7967, 0.2033
1, 0.7979, 0.2021
1, 0.7973, 0.2027
1, 0.7961, 0.2039
1, 0.7851, 0.2149
1, 0.7964, 0.2036
1, 0.7964, 0.2036
1, 0.7989, 0.2011
1, 0.7989, 0.2011
1, 0.79, 0.21
1, 0.8015, 0.1985
1, 0.786, 0.214
1, 0.7954, 0.2046
1, 0.7924, 0.2076
1, 0.7961, 0.2039
1, 0.7949, 0.2051
1, 0.7953, 0.2047
1, 0.7987, 0.2013
1, 0.7929, 0.2071
1, 0.7964, 0.2036
1, 0.7945, 0.2055
1, 0.792, 0.208
1, 0.7986, 0.2014
1, 0.8024, 0.1976
1, 0.7945, 0.2055
1, 0.7945, 0.2055
1, 0.7971, 0.2029
1, 0.7911, 0.2089
1, 0.7984, 0.2016
1, 0.8014, 0.1986
1, 0.7957, 0.2043
1, 0.7967, 0.2033
1, 0.7973, 0.2027
1, 0.7964, 0.2036
1, 0.7893, 0.2107
1, 0.7963, 0.2037
1, 0.7952, 0.2048
1, 0.7879, 0.2121
1, 0.7984, 0.2016
1, 0.7967, 0.2033
1, 0.8015, 0.1985
1, 0.8019, 0.1981
1, 0.7852, 0.2148
1, 0.7962, 0.2038
1, 0.7985, 0.2015
1, 0.7938, 0.2062
1, 0.7945, 0.2055
1, 0.7861, 0.2139
1, 0.7955, 0.2045
1, 0.7993, 0.2007
1, 0.8014, 0.1986
1, 0.7936, 0.2064
1, 0.7958, 0.2042
1, 0.7984, 0.2016
1, 0.7869, 0.2131
1, 0.7998, 0.2002
1, 0.7979, 0.2021
1, 0.7949, 0.2051
1, 0.7969, 0.2031
1, 0.7883, 0.2117
1, 0.7991, 0.2009
1, 0.7977, 0.2023
1, 0.7953, 0.2047
1, 0.797, 0.203
1, 0.7995, 0.2005
1, 0.7971, 0.2029
1, 0.7959, 0.2041
1, 0.7974, 0.2026
1, 0.792, 0.208
1, 0.7957, 0.2043
1, 0.7958, 0.2042
1, 0.7953, 0.2047
1, 0.7887, 0.2113
1, 0.7857, 0.2143
1, 0.7856, 0.2144
1, 0.7991, 0.2009
1, 0.7915, 0.2085
1, 0.7985, 0.2015
1, 0.7945, 0.2055
1, 0.7991, 0.2009
1, 0.7973, 0.2027
1, 0.801, 0.199
1, 0.7942, 0.2058
1, 0.7945, 0.2055
1, 0.797, 0.203
1, 0.7959, 0.2041
1, 0.7967, 0.2033
1, 0.7894, 0.2106
1, 0.7971, 0.2029
1, 0.7917, 0.2083
1, 0.7942, 0.2058
1, 0.7957, 0.2043
1, 0.799, 0.201
1, 0.7993, 0.2007
1, 0.7958, 0.2042
1, 0.7998, 0.2002
1, 0.797, 0.203
1, 0.7957, 0.2043
1, 0.7998, 0.2002
1, 0.7955, 0.2045
1, 0.7953, 0.2047
1, 0.7954, 0.2046
1, 0.7953, 0.2047
1, 0.7969, 0.2031
1, 0.7991, 0.2009
1, 0.7965, 0.2035
1, 0.7976, 0.2024
1, 0.7973, 0.2027
1, 0.7977, 0.2023
1, 0.7996, 0.2004
1, 0.7892, 0.2108
1, 0.7877, 0.2123
1, 0.7945, 0.2055
1, 0.7971, 0.2029
1, 0.7948, 0.2052
1, 0.7985, 0.2015
1, 0.7989, 0.2011
1, 0.7945, 0.2055
1, 0.8014, 0.1986
1, 0.7991, 0.2009
1, 0.7955, 0.2045
1, 0.8022, 0.1978
1, 0.7946, 0.2054
1, 0.7877, 0.2123
1, 0.7958, 0.2042
1, 0.7996, 0.2004
1, 0.8022, 0.1978
1, 0.7967, 0.2033
1, 0.7958, 0.2042
1, 0.7973, 0.2027
1, 0.7913, 0.2087
1, 0.7974, 0.2026
1, 0.7951, 0.2049
1, 0.7973, 0.2027
1, 0.7864, 0.2136
1, 0.7968, 0.2032
1, 0.7911, 0.2089
1, 0.7981, 0.2019
1, 0.7973, 0.2027
1, 0.8001, 0.1999
1, 0.7869, 0.2131
1, 0.7951, 0.2049
1, 0.7861, 0.2139
1, 0.7956, 0.2044
1, 0.7967, 0.2033
1, 0.7888, 0.2112
1, 0.7986, 0.2014
1, 0.7958, 0.2042
1, 0.7985, 0.2015
1, 0.7945, 0.2055
1, 0.785, 0.215
1, 0.8016, 0.1984
1, 0.7972, 0.2028
1, 0.7945, 0.2055
1, 0.787, 0.213
1, 0.7954, 0.2046
1, 0.7918, 0.2082
1, 0.7967, 0.2033
1, 0.7973, 0.2027
1, 0.8006, 0.1994
1, 0.7955, 0.2045
1, 0.7982, 0.2018
1, 0.7985, 0.2015
1, 0.7971, 0.2029
1, 0.8017, 0.1983
1, 0.7955, 0.2045
1, 0.7972, 0.2028
1, 0.801, 0.199
1, 0.7969, 0.2031
1, 0.7895, 0.2105
1, 0.7966, 0.2034
1, 0.7969, 0.2031
1, 0.786, 0.214
1, 0.7989, 0.2011
1, 0.7969, 0.2031
1, 0.7945, 0.2055
1, 0.7966, 0.2034
1, 0.7968, 0.2032
1, 0.7966, 0.2034
1, 0.7944, 0.2056
1, 0.7945, 0.2055
1, 0.7941, 0.2059
1, 0.7993, 0.2007
1, 0.7956, 0.2044
1, 0.7929, 0.2071
1, 0.7973, 0.2027
1, 0.7967, 0.2033
1, 0.7994, 0.2006
1, 0.7954, 0.2046
1, 0.7966, 0.2034
1, 0.7895, 0.2105
1, 0.797, 0.203
1, 0.7971, 0.2029
1, 0.798, 0.202
1, 0.799, 0.201
1, 0.7944, 0.2056
1, 0.7959, 0.2041
1, 0.7993, 0.2007
1, 0.7886, 0.2114
1, 0.799, 0.201
1, 0.7969, 0.2031
1, 0.7972, 0.2028
1, 0.7954, 0.2046
1, 0.7957, 0.2043
1, 0.7934, 0.2066
1, 0.7944, 0.2056
1, 0.7993, 0.2007
1, 0.7861, 0.2139
1, 0.7949, 0.2051
1, 0.7957, 0.2043
1, 0.7966, 0.2034
1, 0.7915, 0.2085
1, 0.7993, 0.2007
1, 0.7955, 0.2045
1, 0.7886, 0.2114
1, 0.7985, 0.2015
1, 0.7968, 0.2032
1, 0.7937, 0.2063
1, 0.7985, 0.2015
1, 0.7949, 0.2051
1, 0.7955, 0.2045
1, 0.7913, 0.2087
1, 0.7959, 0.2041
1, 0.7967, 0.2033
1, 0.7954, 0.2046
1, 0.7947, 0.2053
1, 0.7891, 0.2109
1, 0.7857, 0.2143
1, 0.7945, 0.2055
1, 0.7974, 0.2026
1, 0.7945, 0.2055
1, 0.7973, 0.2027
1, 0.7945, 0.2055
1, 0.7985, 0.2015
1, 0.7986, 0.2014
1, 0.7992, 0.2008
1, 0.7943, 0.2057
1, 0.7878, 0.2122
1, 0.7971, 0.2029
1, 0.7988, 0.2012
1, 0.7877, 0.2123
1, 0.8001, 0.1999
1, 0.7924, 0.2076
1, 0.7884, 0.2116
1, 0.7891, 0.2109
1, 0.7889, 0.2111
1, 0.7937, 0.2063
1, 0.7912, 0.2088
1, 0.7958, 0.2042
1, 0.7936, 0.2064
1, 0.7949, 0.2051
1, 0.7922, 0.2078
1, 0.7891, 0.2109
1, 0.7952, 0.2048
1, 0.7958, 0.2042
1, 0.7919, 0.2081
1, 0.7864, 0.2136
1, 0.7876, 0.2124
1, 0.7979, 0.2021
1, 0.7943, 0.2057
1, 0.7915, 0.2085
1, 0.7864, 0.2136
1, 0.7962, 0.2038
1, 0.7986, 0.2014
1, 0.784, 0.216
1, 0.7923, 0.2077
1, 0.7982, 0.2018
1, 0.7983, 0.2017
1, 0.7891, 0.2109
1, 0.7955, 0.2045
1, 0.7949, 0.2051
1, 0.7937, 0.2063
1, 0.7939, 0.2061
1, 0.7914, 0.2086
1, 0.7919, 0.2081
1, 0.799, 0.201
1, 0.7983, 0.2017
1, 0.7915, 0.2085
1, 0.7955, 0.2045
1, 0.7943, 0.2057
1, 0.7951, 0.2049
1, 0.799, 0.201
1, 0.7924, 0.2076
1, 0.792, 0.208
1, 0.7936, 0.2064
1, 0.7936, 0.2064
1, 0.7943, 0.2057
1, 0.7987, 0.2013
1, 0.7935, 0.2065
1, 0.7958, 0.2042
1, 0.7954, 0.2046
1, 0.7943, 0.2057
1, 0.7915, 0.2085
1, 0.7934, 0.2066
1, 0.791, 0.209
1, 0.7891, 0.2109
1, 0.7956, 0.2044
1, 0.7952, 0.2048
1, 0.7848, 0.2152
1, 0.7873, 0.2127
1, 0.7981, 0.2019
1, 0.7924, 0.2076
1, 0.7933, 0.2067
1, 0.7962, 0.2038
1, 0.7978, 0.2022
1, 0.788, 0.212
1, 0.7982, 0.2018
1, 0.7962, 0.2038
1, 0.7926, 0.2074
1, 0.7981, 0.2019
1, 0.7837, 0.2163
1, 0.798, 0.202
1, 0.7928, 0.2072
1, 0.7914, 0.2086
1, 0.7954, 0.2046
1, 0.7854, 0.2146
1, 0.7943, 0.2057
1, 0.7853, 0.2147
1, 0.7896, 0.2104
1, 0.7916, 0.2084
1, 0.7977, 0.2023
1, 0.7937, 0.2063
1, 0.7943, 0.2057
1, 0.794, 0.206
1, 0.784, 0.216
1, 0.7945, 0.2055
1, 0.7943, 0.2057
1, 0.7943, 0.2057
1, 0.7955, 0.2045
1, 0.797, 0.203
1, 0.7943, 0.2057
1, 0.7924, 0.2076
1, 0.7986, 0.2014
1, 0.7931, 0.2069
1, 0.7891, 0.2109
1, 0.7922, 0.2078
1, 0.7912, 0.2088
1, 0.7967, 0.2033
1, 0.7962, 0.2038
1, 0.7848, 0.2152
1, 0.7936, 0.2064
1, 0.7958, 0.2042
1, 0.7947, 0.2053
1, 0.7988, 0.2012
1, 0.7924, 0.2076
1, 0.785, 0.215
1, 0.7908, 0.2092
1, 0.7936, 0.2064
1, 0.787, 0.213
1, 0.7922, 0.2078
1, 0.7955, 0.2045
1, 0.7861, 0.2139
1, 0.7962, 0.2038
1, 0.7939, 0.2061
1, 0.7936, 0.2064
1, 0.7845, 0.2155
1, 0.7943, 0.2057
1, 0.7943, 0.2057
1, 0.7955, 0.2045
1, 0.7849, 0.2151
1, 0.7952, 0.2048
1, 0.7924, 0.2076
1, 0.7965, 0.2035
1, 0.7921, 0.2079
1, 0.7977, 0.2023
1, 0.7927, 0.2073
1, 0.798, 0.202
1, 0.7952, 0.2048
1, 0.7935, 0.2065
1, 0.7872, 0.2128
1, 0.7943, 0.2057
1, 0.7943, 0.2057
1, 0.7924, 0.2076
1, 0.7843, 0.2157
1, 0.7865, 0.2135
1, 0.7945, 0.2055
1, 0.7936, 0.2064
1, 0.7947, 0.2053
1, 0.7962, 0.2038
1, 0.7854, 0.2146
1, 0.7948, 0.2052
1, 0.7877, 0.2123
1, 0.7941, 0.2059
1, 0.7949, 0.2051
1, 0.7922, 0.2078
1, 0.7922, 0.2078
1, 0.7935, 0.2065
1, 0.7982, 0.2018
1, 0.798, 0.202
1, 0.7943, 0.2057
1, 0.7939, 0.2061
1, 0.7958, 0.2042
1, 0.7937, 0.2063
1, 0.7962, 0.2038
1, 0.799, 0.201
1, 0.7854, 0.2146
1, 0.7887, 0.2113
1, 0.7958, 0.2042
1, 0.7952, 0.2048
1, 0.7915, 0.2085
1, 0.7864, 0.2136
1, 0.7943, 0.2057
1, 0.7958, 0.2042
1, 0.7851, 0.2149
1, 0.7924, 0.2076
1, 0.7931, 0.2069
1, 0.794, 0.206
1, 0.7873, 0.2127
1, 0.7854, 0.2146
1, 0.7924, 0.2076
1, 0.7943, 0.2057
1, 0.7854, 0.2146
1, 0.7952, 0.2048
1, 0.7943, 0.2057
1, 0.7943, 0.2057
1, 0.7958, 0.2042
1, 0.7877, 0.2123
1, 0.7922, 0.2078
1, 0.7922, 0.2078
1, 0.7891, 0.2109
1, 0.7936, 0.2064
1, 0.797, 0.203
1, 0.7924, 0.2076
1, 0.7943, 0.2057
1, 0.7933, 0.2067
1, 0.78, 0.22
1, 0.7943, 0.2057
1, 0.7915, 0.2085
1, 0.7966, 0.2034
1, 0.7922, 0.2078
1, 0.7951, 0.2049
1, 0.7982, 0.2018
1, 0.7912, 0.2088
1, 0.788, 0.212
1, 0.7965, 0.2035
1, 0.799, 0.201
1, 0.7943, 0.2057
1, 0.7943, 0.2057
1, 0.783, 0.217
1, 0.7861, 0.2139
1, 0.7944, 0.2056
1, 0.7958, 0.2042
1, 0.785, 0.215
1, 0.7934, 0.2066
1, 0.7854, 0.2146
1, 0.7901, 0.2099
1, 0.7924, 0.2076
1, 0.7919, 0.2081
1, 0.7933, 0.2067
1, 0.7965, 0.2035
1, 0.7853, 0.2147
1, 0.7958, 0.2042
1, 0.7924, 0.2076
1, 0.7919, 0.2081
1, 0.7922, 0.2078
1, 0.7983, 0.2017
1, 0.7979, 0.2021
1, 0.7924, 0.2076
1, 0.7962, 0.2038
1, 0.7916, 0.2084
1, 0.7928, 0.2072
1, 0.7943, 0.2057
1, 0.799, 0.201
1, 0.7924, 0.2076
1, 0.7922, 0.2078
1, 0.7943, 0.2057
1, 0.7983, 0.2017
1, 0.7938, 0.2062
1, 0.7947, 0.2053
1, 0.7943, 0.2057
1, 0.7965, 0.2035
1, 0.7954, 0.2046
1, 0.7891, 0.2109
1, 0.799, 0.201
1, 0.7959, 0.2041
1, 0.7936, 0.2064
1, 0.7938, 0.2062
1, 0.7943, 0.2057
1, 0.7909, 0.2091
1, 0.7958, 0.2042
1, 0.7943, 0.2057
1, 0.787, 0.213
1, 0.7936, 0.2064
1, 0.7915, 0.2085
1, 0.7954, 0.2046
1, 0.798, 0.202
1, 0.7962, 0.2038
1, 0.7937, 0.2063
1, 0.7877, 0.2123
1, 0.7986, 0.2014
1, 0.7949, 0.2051
1, 0.7935, 0.2065
1, 0.7838, 0.2162
1, 0.7941, 0.2059
1, 0.7937, 0.2063
1, 0.7952, 0.2048
1, 0.7938, 0.2062
1, 0.7939, 0.2061
1, 0.7872, 0.2128
1, 0.7965, 0.2035
1, 0.7904, 0.2096
1, 0.7928, 0.2072
1, 0.7958, 0.2042
1, 0.7982, 0.2018
1, 0.7891, 0.2109
1, 0.7923, 0.2077
1, 0.7924, 0.2076
1, 0.7887, 0.2113
1, 0.7908, 0.2092
1, 0.7962, 0.2038
1, 0.7963, 0.2037
1, 0.7937, 0.2063
1, 0.7884, 0.2116
1, 0.7952, 0.2048
1, 0.795, 0.205
1, 0.7848, 0.2152
1, 0.7956, 0.2044
1, 0.7922, 0.2078
1, 0.7943, 0.2057
1, 0.7891, 0.2109
1, 0.7876, 0.2124
1, 0.7878, 0.2122
1, 0.7943, 0.2057
1, 0.786, 0.214
1, 0.7843, 0.2157
1, 0.7847, 0.2153
1, 0.7835, 0.2165
1, 0.7895, 0.2105
1, 0.7838, 0.2162
1, 0.7945, 0.2055
1, 0.791, 0.209
1, 0.7937, 0.2063
1, 0.7884, 0.2116
1, 0.7962, 0.2038
1, 0.7943, 0.2057
1, 0.7954, 0.2046
1, 0.786, 0.214
1, 0.7919, 0.2081
1, 0.7943, 0.2057
1, 0.7926, 0.2074
1, 0.799, 0.201
1, 0.7847, 0.2153
1, 0.7945, 0.2055
1, 0.7943, 0.2057
1, 0.7982, 0.2018
1, 0.7952, 0.2048
1, 0.7962, 0.2038
1, 0.7986, 0.2014
1, 0.7936, 0.2064
1, 0.7908, 0.2092
1, 0.7854, 0.2146
1, 0.7936, 0.2064
1, 0.7943, 0.2057
1, 0.7891, 0.2109
1, 0.7919, 0.2081
1, 0.7922, 0.2078
1, 0.7922, 0.2078
1, 0.7935, 0.2065
1, 0.7943, 0.2057
1, 0.7954, 0.2046
1, 0.7956, 0.2044
1, 0.7979, 0.2021
1, 0.7936, 0.2064
1, 0.7945, 0.2055
1, 0.7967, 0.2033
1, 0.7924, 0.2076
1, 0.7983, 0.2017
1, 0.787, 0.213
1, 0.7939, 0.2061
1, 0.7983, 0.2017
1, 0.7915, 0.2085
1, 0.7937, 0.2063
1, 0.797, 0.203
1, 0.7922, 0.2078
1, 0.7914, 0.2086
1, 0.7838, 0.2162
1, 0.784, 0.216
1, 0.7958, 0.2042
1, 0.7936, 0.2064
1, 0.7959, 0.2041
1, 0.7947, 0.2053
1, 0.7928, 0.2072
1, 0.7928, 0.2072
1, 0.7943, 0.2057
1, 0.7955, 0.2045
1, 0.7957, 0.2043
1, 0.7953, 0.2047
1, 0.7962, 0.2038
1, 0.7915, 0.2085
1, 0.7905, 0.2095
1, 0.7958, 0.2042
1, 0.7962, 0.2038
1, 0.7891, 0.2109
1, 0.7943, 0.2057
1, 0.7958, 0.2042
1, 0.7832, 0.2168
1, 0.7853, 0.2147
1, 0.7982, 0.2018
1, 0.7939, 0.2061
1, 0.7916, 0.2084
1, 0.7937, 0.2063
1, 0.785, 0.215
1, 0.7954, 0.2046
1, 0.7916, 0.2084
1, 0.7916, 0.2084
1, 0.7943, 0.2057
1, 0.7956, 0.2044
1, 0.7991, 0.2009
1, 0.7981, 0.2019
1, 0.7916, 0.2084
1, 0.7952, 0.2048
1, 0.7981, 0.2019
1, 0.7942, 0.2058
1, 0.7982, 0.2018
1, 0.7849, 0.2151
1, 0.7854, 0.2146
1, 0.7937, 0.2063
1, 0.7943, 0.2057
1, 0.7939, 0.2061
1, 0.7936, 0.2064
1, 0.7958, 0.2042
1, 0.7956, 0.2044
1, 0.7924, 0.2076
1, 0.7936, 0.2064
1, 0.7924, 0.2076
1, 0.7952, 0.2048
1, 0.7905, 0.2095
1, 0.7929, 0.2071
1, 0.7982, 0.2018
1, 0.7919, 0.2081
1, 0.7905, 0.2095
1, 0.7922, 0.2078
1, 0.7962, 0.2038
1, 0.799, 0.201
1, 0.7891, 0.2109
1, 0.7942, 0.2058
1, 0.7962, 0.2038
1, 0.7943, 0.2057
1, 0.7936, 0.2064
1, 0.7889, 0.2111
1, 0.787, 0.213
1, 0.7924, 0.2076
1, 0.7921, 0.2079
1, 0.7954, 0.2046
1, 0.7861, 0.2139
1, 0.799, 0.201
1, 0.7924, 0.2076
1, 0.7933, 0.2067
1, 0.7837, 0.2163
1, 0.7854, 0.2146
1, 0.7923, 0.2077
1, 0.7935, 0.2065
1, 0.7912, 0.2088
1, 0.7884, 0.2116
1, 0.7954, 0.2046
1, 0.7862, 0.2138
1, 0.7982, 0.2018
1, 0.7986, 0.2014
1, 0.7928, 0.2072
1, 0.788, 0.212
1, 0.7914, 0.2086
1, 0.7943, 0.2057
1, 0.7943, 0.2057
1, 0.7979, 0.2021
1, 0.7936, 0.2064
1, 0.794, 0.206
1, 0.7939, 0.2061
1, 0.7943, 0.2057
1, 0.7891, 0.2109
1, 0.7958, 0.2042
1, 0.7936, 0.2064
1, 0.799, 0.201
1, 0.7943, 0.2057
1, 0.7891, 0.2109
1, 0.7954, 0.2046
1, 0.7967, 0.2033
1, 0.7916, 0.2084
1, 0.7985, 0.2015
1, 0.7848, 0.2152
1, 0.7854, 0.2146
1, 0.7935, 0.2065
1, 0.7959, 0.2041
1, 0.7937, 0.2063
1, 0.7838, 0.2162
1, 0.7958, 0.2042
1, 0.7937, 0.2063
1, 0.787, 0.213
1, 0.7924, 0.2076
1, 0.7958, 0.2042
1, 0.7952, 0.2048
1, 0.7924, 0.2076
1, 0.7924, 0.2076
1, 0.7832, 0.2168
1, 0.7922, 0.2078
1, 0.7954, 0.2046
1, 0.7891, 0.2109
1, 0.7962, 0.2038
1, 0.7922, 0.2078
1, 0.793, 0.207
1, 0.785, 0.215
1, 0.7943, 0.2057
1, 0.799, 0.201
1, 0.7952, 0.2048
1, 0.7935, 0.2065
1, 0.7943, 0.2057
1, 0.7943, 0.2057
1, 0.7916, 0.2084
1, 0.787, 0.213
1, 0.7845, 0.2155
1, 0.7982, 0.2018
1, 0.7861, 0.2139
1, 0.7942, 0.2058
1, 0.7848, 0.2152
1, 0.7839, 0.2161
1, 0.7943, 0.2057
1, 0.7942, 0.2058
1, 0.7982, 0.2018
1, 0.7942, 0.2058
1, 0.799, 0.201
1, 0.7914, 0.2086
1, 0.7958, 0.2042
1, 0.7982, 0.2018
1, 0.7936, 0.2064
1, 0.799, 0.201
1, 0.7934, 0.2066
1, 0.7936, 0.2064
1, 0.7924, 0.2076
1, 0.7838, 0.2162
1, 0.7915, 0.2085
1, 0.7942, 0.2058
1, 0.7958, 0.2042
1, 0.7958, 0.2042
1, 0.7937, 0.2063
1, 0.7922, 0.2078
1, 0.7924, 0.2076
1, 0.7982, 0.2018
1, 0.7936, 0.2064
1, 0.7943, 0.2057
1, 0.7922, 0.2078
1, 0.7952, 0.2048
1, 0.7889, 0.2111
1, 0.799, 0.201
1, 0.7943, 0.2057
1, 0.7891, 0.2109
1, 0.7955, 0.2045
1, 0.7935, 0.2065
1, 0.7954, 0.2046
1, 0.7876, 0.2124
1, 0.7962, 0.2038
1, 0.798, 0.202
1, 0.7916, 0.2084
1, 0.7923, 0.2077
1, 0.786, 0.214
1, 0.7991, 0.2009
1, 0.7847, 0.2153
1, 0.7934, 0.2066
1, 0.7937, 0.2063
1, 0.7921, 0.2079
1, 0.7979, 0.2021
1, 0.7919, 0.2081
1, 0.7982, 0.2018
1, 0.7943, 0.2057
1, 0.7939, 0.2061
1, 0.7952, 0.2048
1, 0.7951, 0.2049
1, 0.7949, 0.2051
1, 0.7956, 0.2044
1, 0.7891, 0.2109
1, 0.7943, 0.2057
1, 0.7937, 0.2063
1, 0.7982, 0.2018
1, 0.7936, 0.2064
1, 0.7983, 0.2017
1, 0.7942, 0.2058
1, 0.7877, 0.2123
1, 0.7915, 0.2085
1, 0.7962, 0.2038
1, 0.7861, 0.2139
1, 0.7854, 0.2146
1, 0.7853, 0.2147
1, 0.7952, 0.2048
1, 0.7891, 0.2109
1, 0.7958, 0.2042
1, 0.799, 0.201
1, 0.7919, 0.2081
1, 0.7924, 0.2076
1, 0.7935, 0.2065
1, 0.7928, 0.2072
1, 0.7926, 0.2074
1, 0.7954, 0.2046
1, 0.7922, 0.2078
1, 0.7875, 0.2125
1, 0.7962, 0.2038
1, 0.7933, 0.2067
1, 0.7861, 0.2139
1, 0.7931, 0.2069
1, 0.7943, 0.2057
1, 0.785, 0.215
1, 0.7943, 0.2057
1, 0.7936, 0.2064
1, 0.7936, 0.2064
1, 0.7948, 0.2052
1, 0.7955, 0.2045
1, 0.7919, 0.2081
1, 0.7922, 0.2078
1, 0.7916, 0.2084
1, 0.7891, 0.2109
1, 0.7943, 0.2057
1, 0.798, 0.202
1, 0.7963, 0.2037
1, 0.7848, 0.2152
1, 0.7934, 0.2066
1, 0.7935, 0.2065
1, 0.7924, 0.2076
1, 0.7936, 0.2064
1, 0.7838, 0.2162
1, 0.7944, 0.2056
1, 0.7979, 0.2021
1, 0.7884, 0.2116
1, 0.7955, 0.2045
1, 0.7962, 0.2038
1, 0.7915, 0.2085
1, 0.7928, 0.2072
1, 0.7951, 0.2049
1, 0.7832, 0.2168
1, 0.7924, 0.2076
1, 0.7943, 0.2057
1, 0.7936, 0.2064
1, 0.7922, 0.2078
1, 0.7939, 0.2061
1, 0.7916, 0.2084
1, 0.7937, 0.2063
1, 0.7943, 0.2057
1, 0.7928, 0.2072
1, 0.7943, 0.2057
1, 0.7949, 0.2051
1, 0.7937, 0.2063
1, 0.7861, 0.2139
1, 0.7958, 0.2042
1, 0.7961, 0.2039
1, 0.7935, 0.2065
1, 0.7919, 0.2081
1, 0.7891, 0.2109
1, 0.7953, 0.2047
1, 0.7954, 0.2046
1, 0.7965, 0.2035
1, 0.799, 0.201
1, 0.7939, 0.2061
1, 0.7962, 0.2038
1, 0.7938, 0.2062
1, 0.7931, 0.2069
1, 0.7848, 0.2152
1, 0.7954, 0.2046
1, 0.7943, 0.2057
1, 0.7921, 0.2079
1, 0.7937, 0.2063
1, 0.7936, 0.2064
1, 0.7937, 0.2063
1, 0.7983, 0.2017
1, 0.7861, 0.2139
1, 0.787, 0.213
1, 0.7916, 0.2084
1, 0.7953, 0.2047
1, 0.7954, 0.2046
1, 0.787, 0.213
1, 0.7961, 0.2039
1, 0.7952, 0.2048
1, 0.7943, 0.2057
1, 0.7832, 0.2168
1, 0.7952, 0.2048
1, 0.799, 0.201
1, 0.7938, 0.2062
1, 0.7982, 0.2018
1, 0.7963, 0.2037
1, 0.7948, 0.2052
1, 0.7949, 0.2051
1, 0.785, 0.215
1, 0.7891, 0.2109
1, 0.7924, 0.2076
1, 0.7954, 0.2046
1, 0.7952, 0.2048
1, 0.7937, 0.2063
1, 0.7937, 0.2063
1, 0.7916, 0.2084
1, 0.7924, 0.2076
1, 0.7838, 0.2162
1, 0.7926, 0.2074
1, 0.7922, 0.2078
1, 0.7891, 0.2109
1, 0.7961, 0.2039
1, 0.7871, 0.2129
1, 0.7962, 0.2038
1, 0.7944, 0.2056
1, 0.7937, 0.2063
1, 0.7958, 0.2042
1, 0.7937, 0.2063
1, 0.7861, 0.2139
1, 0.7924, 0.2076
1, 0.7944, 0.2056
1, 0.7946, 0.2054
1, 0.7853, 0.2147
1, 0.7943, 0.2057
1, 0.7891, 0.2109
1, 0.788, 0.212
1, 0.7922, 0.2078
1, 0.7952, 0.2048
1, 0.7863, 0.2137
1, 0.7961, 0.2039
1, 0.785, 0.215
1, 0.7919, 0.2081
1, 0.7936, 0.2064
1, 0.7943, 0.2057
1, 0.7891, 0.2109
1, 0.7939, 0.2061
1, 0.7944, 0.2056
1, 0.7943, 0.2057
1, 0.785, 0.215
1, 0.7889, 0.2111
1, 0.7919, 0.2081
1, 0.7983, 0.2017
1, 0.7928, 0.2072
1, 0.7937, 0.2063
1, 0.7954, 0.2046
1, 0.7943, 0.2057
1, 0.7876, 0.2124
1, 0.7961, 0.2039
1, 0.7956, 0.2044
1, 0.7925, 0.2075
1, 0.7935, 0.2065
1, 0.7854, 0.2146
1, 0.786, 0.214
1, 0.7936, 0.2064
1, 0.7989, 0.2011
1, 0.7847, 0.2153
1, 0.7932, 0.2068
1, 0.7962, 0.2038
1, 0.7958, 0.2042
1, 0.7923, 0.2077
1, 0.792, 0.208
1, 0.7916, 0.2084
1, 0.7936, 0.2064
1, 0.7937, 0.2063
1, 0.7924, 0.2076
1, 0.7854, 0.2146
1, 0.7943, 0.2057
1, 0.7982, 0.2018
1, 0.7919, 0.2081
1, 0.7939, 0.2061
1, 0.7939, 0.2061
1, 0.7919, 0.2081
1, 0.7954, 0.2046
1, 0.7922, 0.2078
1, 0.7943, 0.2057
1, 0.7915, 0.2085
1, 0.7957, 0.2043
1, 0.7943, 0.2057
1, 0.7928, 0.2072
1, 0.7942, 0.2058
1, 0.7958, 0.2042
1, 0.7956, 0.2044
1, 0.7943, 0.2057
1, 0.7943, 0.2057
1, 0.7934, 0.2066
1, 0.7924, 0.2076
1, 0.7945, 0.2055
1, 0.7937, 0.2063
1, 0.7982, 0.2018
1, 0.7936, 0.2064
1, 0.7964, 0.2036
1, 0.7962, 0.2038
1, 0.7955, 0.2045
1, 0.1891, 0.8109
1, 0.7926, 0.2074
1, 0.7936, 0.2064
1, 0.7915, 0.2085
1, 0.7913, 0.2087
1, 0.7942, 0.2058
1, 0.7943, 0.2057
1, 0.7941, 0.2059
1, 0.7966, 0.2034
1, 0.7943, 0.2057
1, 0.799, 0.201
1, 0.7919, 0.2081
1, 0.7915, 0.2085
1, 0.7938, 0.2062
1, 0.7942, 0.2058
1, 0.798, 0.202
1, 0.7962, 0.2038
1, 0.7934, 0.2066
1, 0.7943, 0.2057
1, 0.7924, 0.2076
1, 0.7937, 0.2063
1, 0.799, 0.201
1, 0.7854, 0.2146
1, 0.7969, 0.2031
1, 0.7934, 0.2066
1, 0.7943, 0.2057
1, 0.7979, 0.2021
1, 0.7935, 0.2065
1, 0.7928, 0.2072
1, 0.7942, 0.2058
1, 0.7928, 0.2072
1, 0.7983, 0.2017
1, 0.7962, 0.2038
1, 0.7919, 0.2081
1, 0.7954, 0.2046
1, 0.7924, 0.2076
1, 0.7928, 0.2072
1, 0.7962, 0.2038
1, 0.7943, 0.2057
1, 0.7932, 0.2068
1, 0.7956, 0.2044
1, 0.7951, 0.2049
1, 0.7915, 0.2085
1, 0.7912, 0.2088
1, 0.7854, 0.2146
1, 0.7922, 0.2078
1, 0.7947, 0.2053
1, 0.7931, 0.2069
1, 0.7943, 0.2057
1, 0.7936, 0.2064
1, 0.793, 0.207
1, 0.7901, 0.2099
1, 0.7915, 0.2085
1, 0.7943, 0.2057
1, 0.7921, 0.2079
1, 0.7937, 0.2063
1, 0.785, 0.215
1, 0.7962, 0.2038
1, 0.7959, 0.2041
1, 0.7977, 0.2023
1, 0.7953, 0.2047
1, 0.7956, 0.2044
1, 0.7848, 0.2152
1, 0.7943, 0.2057
1, 0.7936, 0.2064
1, 0.7854, 0.2146
1, 0.7915, 0.2085
1, 0.7937, 0.2063
1, 0.7936, 0.2064
1, 0.7936, 0.2064
1, 0.7948, 0.2052
1, 0.7943, 0.2057
1, 0.7889, 0.2111
1, 0.7953, 0.2047
1, 0.799, 0.201
1, 0.7987, 0.2013
1, 0.7959, 0.2041
1, 0.7934, 0.2066
1, 0.7975, 0.2025
1, 0.7928, 0.2072
1, 0.7854, 0.2146
1, 0.7934, 0.2066
1, 0.7962, 0.2038
1, 0.7962, 0.2038
1, 0.7958, 0.2042
1, 0.793, 0.207
1, 0.7923, 0.2077
1, 0.7962, 0.2038
1, 0.7953, 0.2047
1, 0.7924, 0.2076
1, 0.7943, 0.2057
1, 0.7958, 0.2042
1, 0.7959, 0.2041
1, 0.7937, 0.2063
1, 0.7943, 0.2057
1, 0.7927, 0.2073
1, 0.7922, 0.2078
1, 0.7986, 0.2014
1, 0.7957, 0.2043
1, 0.7938, 0.2062
1, 0.7943, 0.2057
1, 0.7937, 0.2063
1, 0.7943, 0.2057
1, 0.7943, 0.2057
1, 0.7951, 0.2049
1, 0.7982, 0.2018
1, 0.797, 0.203
1, 0.7953, 0.2047
1, 0.7936, 0.2064
1, 0.7959, 0.2041
1, 0.7891, 0.2109
1, 0.7948, 0.2052
1, 0.7982, 0.2018
1, 0.7943, 0.2057
1, 0.796, 0.204
1, 0.7942, 0.2058
1, 0.7912, 0.2088
1, 0.799, 0.201
1, 0.7928, 0.2072
1, 0.7937, 0.2063
1, 0.7982, 0.2018
1, 0.7958, 0.2042
1, 0.7949, 0.2051
1, 0.7932, 0.2068
1, 0.7956, 0.2044
1, 0.7924, 0.2076
1, 0.7854, 0.2146
1, 0.7953, 0.2047
1, 0.7875, 0.2125
1, 0.7922, 0.2078
1, 0.7962, 0.2038
1, 0.7959, 0.2041
1, 0.7934, 0.2066
1, 0.799, 0.201
1, 0.7922, 0.2078
1, 0.7958, 0.2042
1, 0.7979, 0.2021
1, 0.7963, 0.2037
1, 0.798, 0.202
1, 0.7924, 0.2076
1, 0.7935, 0.2065
1, 0.7943, 0.2057
1, 0.7934, 0.2066
1, 0.7954, 0.2046
1, 0.7939, 0.2061
1, 0.7922, 0.2078
1, 0.7953, 0.2047
1, 0.7835, 0.2165
1, 0.7965, 0.2035
1, 0.7943, 0.2057
1, 0.7937, 0.2063
1, 0.7924, 0.2076
1, 0.7946, 0.2054
1, 0.7965, 0.2035
1, 0.7922, 0.2078
1, 0.7952, 0.2048
1, 0.7954, 0.2046
1, 0.7935, 0.2065
1, 0.7952, 0.2048
1, 0.796, 0.204
1, 0.7943, 0.2057
1, 0.7891, 0.2109
1, 0.7872, 0.2128
1, 0.7983, 0.2017
1, 0.7982, 0.2018
1, 0.7955, 0.2045
1, 0.7934, 0.2066
1, 0.7943, 0.2057
1, 0.799, 0.201
1, 0.7838, 0.2162
1, 0.788, 0.212
1, 0.7963, 0.2037
1, 0.787, 0.213
1, 0.7924, 0.2076
1, 0.7938, 0.2062
1, 0.7953, 0.2047
1, 0.7958, 0.2042
1, 0.7919, 0.2081
1, 0.7853, 0.2147
1, 0.7943, 0.2057
1, 0.7954, 0.2046
1, 0.7873, 0.2127
1, 0.7961, 0.2039
1, 0.7945, 0.2055
1, 0.7985, 0.2015
1, 0.7846, 0.2154
1, 0.7915, 0.2085
1, 0.7962, 0.2038
1, 0.7943, 0.2057
1, 0.7975, 0.2025
1, 0.7943, 0.2057
1, 0.7963, 0.2037
1, 0.7913, 0.2087
1, 0.7936, 0.2064
1, 0.7936, 0.2064
1, 0.7961, 0.2039
1, 0.7838, 0.2162
1, 0.7922, 0.2078
1, 0.7901, 0.2099
1, 0.7943, 0.2057
1, 0.7958, 0.2042
1, 0.7954, 0.2046
1, 0.797, 0.203
1, 0.7962, 0.2038
1, 0.7924, 0.2076
1, 0.7898, 0.2102
1, 0.7941, 0.2059
1, 0.7942, 0.2058
1, 0.7912, 0.2088
1, 0.7922, 0.2078
1, 0.7947, 0.2053
1, 0.7931, 0.2069
1, 0.7958, 0.2042
1, 0.7943, 0.2057
1, 0.795, 0.205
1, 0.7942, 0.2058
1, 0.7924, 0.2076
1, 0.7943, 0.2057
1, 0.7937, 0.2063
1, 0.7958, 0.2042
1, 0.7944, 0.2056
1, 0.7922, 0.2078
1, 0.7922, 0.2078
1, 0.7943, 0.2057
1, 0.7943, 0.2057
1, 0.7942, 0.2058
1, 0.7986, 0.2014
1, 0.7983, 0.2017
1, 0.7928, 0.2072
1, 0.7965, 0.2035
1, 0.7939, 0.2061
1, 0.7931, 0.2069
1, 0.7937, 0.2063
1, 0.7854, 0.2146
1, 0.7982, 0.2018
1, 0.7928, 0.2072
1, 0.7934, 0.2066
1, 0.7958, 0.2042
1, 0.7956, 0.2044
1, 0.7928, 0.2072
1, 0.7924, 0.2076
1, 0.7935, 0.2065
1, 0.7935, 0.2065
1, 0.7922, 0.2078
1, 0.7982, 0.2018
1, 0.791, 0.209
1, 0.7942, 0.2058
1, 0.7872, 0.2128
1, 0.7935, 0.2065
1, 0.7943, 0.2057
1, 0.791, 0.209
1, 0.7942, 0.2058
1, 0.7876, 0.2124
1, 0.7959, 0.2041
1, 0.799, 0.201
1, 0.7908, 0.2092
1, 0.7865, 0.2135
1, 0.7933, 0.2067
1, 0.7935, 0.2065
1, 0.7843, 0.2157
1, 0.7983, 0.2017
1, 0.7954, 0.2046
1, 0.7909, 0.2091
1, 0.7945, 0.2055
1, 0.7936, 0.2064
1, 0.7847, 0.2153
1, 0.7958, 0.2042
1, 0.7981, 0.2019
1, 0.7936, 0.2064
1, 0.7924, 0.2076
1, 0.7936, 0.2064
1, 0.7951, 0.2049
1, 0.7922, 0.2078
1, 0.7922, 0.2078
1, 0.7891, 0.2109
1, 0.7943, 0.2057
1, 0.7848, 0.2152
1, 0.7937, 0.2063
1, 0.7941, 0.2059
1, 0.7971, 0.2029
1, 0.7875, 0.2125
1, 0.8014, 0.1986
1, 0.8022, 0.1978
1, 0.7958, 0.2042
1, 0.7989, 0.2011
1, 0.7955, 0.2045
1, 0.7999, 0.2001
1, 0.8022, 0.1978
1, 0.7946, 0.2054
1, 0.7968, 0.2032
1, 0.7877, 0.2123
1, 0.7985, 0.2015
1, 0.7973, 0.2027
1, 0.7945, 0.2055
1, 0.7958, 0.2042
1, 0.7913, 0.2087
1, 0.7945, 0.2055
1, 0.7974, 0.2026
1, 0.7967, 0.2033
1, 0.7962, 0.2038
1, 0.7903, 0.2097
1, 0.7973, 0.2027
1, 0.7948, 0.2052
1, 0.7991, 0.2009
1, 0.7862, 0.2138
1, 0.7985, 0.2015
1, 0.7888, 0.2112
1, 0.7945, 0.2055
1, 0.7971, 0.2029
1, 0.7964, 0.2036
1, 0.7967, 0.2033
1, 0.7879, 0.2121
1, 0.7996, 0.2004
1, 0.7856, 0.2144
1, 0.7975, 0.2025
1, 0.7955, 0.2045
1, 0.7951, 0.2049
1, 0.7936, 0.2064
1, 0.7992, 0.2008
1, 0.7901, 0.2099
1, 0.7971, 0.2029
1, 0.7945, 0.2055
1, 0.7983, 0.2017
1, 0.7973, 0.2027
1, 0.7974, 0.2026
1, 0.8003, 0.1997
1, 0.8009, 0.1991
1, 0.7945, 0.2055
1, 0.7949, 0.2051
1, 0.7985, 0.2015
1, 0.7955, 0.2045
1, 0.7967, 0.2033
1, 0.7931, 0.2069
1, 0.7947, 0.2053
1, 0.8002, 0.1998
1, 0.7956, 0.2044
1, 0.7964, 0.2036
1, 0.7986, 0.2014
1, 0.8003, 0.1997
1, 0.7896, 0.2104
1, 0.7992, 0.2008
1, 0.8001, 0.1999
1, 0.7943, 0.2057
1, 0.7957, 0.2043
1, 0.798, 0.202
1, 0.7988, 0.2012
1, 0.784, 0.216
1, 0.7959, 0.2041
1, 0.7986, 0.2014
1, 0.7973, 0.2027
1, 0.7947, 0.2053
1, 0.7987, 0.2013
1, 0.7979, 0.2021
1, 0.7941, 0.2059
1, 0.7854, 0.2146
1, 0.7862, 0.2138
1, 0.7946, 0.2054
1, 0.7871, 0.2129
1, 0.7897, 0.2103
1, 0.7987, 0.2013
1, 0.7921, 0.2079
1, 0.7926, 0.2074
1, 0.7945, 0.2055
1, 0.794, 0.206
1, 0.7953, 0.2047
1, 0.8007, 0.1993
1, 0.7973, 0.2027
1, 0.7945, 0.2055
1, 0.7982, 0.2018
1, 0.7985, 0.2015
1, 0.7967, 0.2033
1, 0.7945, 0.2055
1, 0.7979, 0.2021
1, 0.8001, 0.1999
1, 0.7967, 0.2033
1, 0.7984, 0.2016
1, 0.7957, 0.2043
1, 0.7861, 0.2139
1, 0.8009, 0.1991
1, 0.7911, 0.2089
1, 0.7869, 0.2131
1, 0.801, 0.199
1, 0.7957, 0.2043
1, 0.7938, 0.2062
1, 0.7893, 0.2107
1, 0.7985, 0.2015
1, 0.7992, 0.2008
1, 0.7952, 0.2048
1, 0.7955, 0.2045
1, 0.801, 0.199
1, 0.7971, 0.2029
1, 0.7926, 0.2074
1, 0.7977, 0.2023
1, 0.7853, 0.2147
1, 0.7867, 0.2133
1, 0.7888, 0.2112
1, 0.7958, 0.2042
1, 0.7962, 0.2038
1, 0.7845, 0.2155
1, 0.7927, 0.2073
1, 0.7971, 0.2029
1, 0.7868, 0.2132
1, 0.8015, 0.1985
1, 0.797, 0.203
1, 0.7952, 0.2048
1, 0.8023, 0.1977
1, 0.8001, 0.1999
1, 0.8016, 0.1984
1, 0.7911, 0.2089
1, 0.7937, 0.2063
1, 0.7955, 0.2045
1, 0.7973, 0.2027
1, 0.799, 0.201
1, 0.792, 0.208
1, 0.7945, 0.2055
1, 0.7967, 0.2033
1, 0.7978, 0.2022
1, 0.796, 0.204
1, 0.7945, 0.2055
1, 0.7861, 0.2139
1, 0.801, 0.199
1, 0.7985, 0.2015
1, 0.7971, 0.2029
1, 0.7955, 0.2045
1, 0.7869, 0.2131
1, 0.7967, 0.2033
1, 0.7985, 0.2015
1, 0.7981, 0.2019
1, 0.7968, 0.2032
1, 0.7945, 0.2055
1, 0.7957, 0.2043
1, 0.7989, 0.2011
1, 0.7967, 0.2033
1, 0.8017, 0.1983
1, 0.794, 0.206
1, 0.7973, 0.2027
1, 0.7948, 0.2052
1, 0.7958, 0.2042
1, 0.7962, 0.2038
1, 0.7955, 0.2045
1, 0.7988, 0.2012
1, 0.7971, 0.2029
1, 0.8015, 0.1985
1, 0.79, 0.21
1, 0.7915, 0.2085
1, 0.799, 0.201
1, 0.7871, 0.2129
1, 0.7969, 0.2031
1, 0.7989, 0.2011
1, 0.8024, 0.1976
1, 0.794, 0.206
1, 0.7888, 0.2112
1, 0.7973, 0.2027
1, 0.7903, 0.2097
1, 0.801, 0.199
1, 0.7961, 0.2039
1, 0.784, 0.216
1, 0.7996, 0.2004
1, 0.7966, 0.2034
1, 0.7984, 0.2016
1, 0.8018, 0.1982
1, 0.7862, 0.2138
1, 0.7989, 0.2011
1, 0.7854, 0.2146
1, 0.7917, 0.2083
1, 0.799, 0.201
1, 0.7945, 0.2055
1, 0.7956, 0.2044
1, 0.799, 0.201
1, 0.7853, 0.2147
1, 0.7942, 0.2058
1, 0.7971, 0.2029
1, 0.8002, 0.1998
1, 0.8023, 0.1977
1, 0.7971, 0.2029
1, 0.7861, 0.2139
1, 0.8015, 0.1985
1, 0.7985, 0.2015
1, 0.7962, 0.2038
1, 0.7952, 0.2048
1, 0.7945, 0.2055
1, 0.7957, 0.2043
1, 0.799, 0.201
1, 0.7926, 0.2074
1, 0.792, 0.208
1, 0.7945, 0.2055
1, 0.787, 0.213
1, 0.7958, 0.2042
1, 0.7967, 0.2033
1, 0.7955, 0.2045
1, 0.7965, 0.2035
1, 0.798, 0.202
1, 0.7973, 0.2027
1, 0.8, 0.2
1, 0.7911, 0.2089
1, 0.8011, 0.1989
1, 0.7869, 0.2131
1, 0.7957, 0.2043
1, 0.7893, 0.2107
1, 0.798, 0.202
1, 0.801, 0.199
1, 0.794, 0.206
1, 0.7893, 0.2107
1, 0.7944, 0.2056
1, 0.7911, 0.2089
1, 0.8007, 0.1993
1, 0.7996, 0.2004
1, 0.7955, 0.2045
1, 0.7953, 0.2047
1, 0.7837, 0.2163
1, 0.8001, 0.1999
1, 0.7982, 0.2018
1, 0.7862, 0.2138
1, 0.7854, 0.2146
1, 0.7955, 0.2045
1, 0.7926, 0.2074
1, 0.7985, 0.2015
1, 0.801, 0.199
1, 0.7981, 0.2019
1, 0.7945, 0.2055
1, 0.795, 0.205
1, 0.7978, 0.2022
1, 0.795, 0.205
1, 0.7945, 0.2055
1, 0.7957, 0.2043
1, 0.7967, 0.2033
1, 0.7926, 0.2074
1, 0.8015, 0.1985
1, 0.7953, 0.2047
1, 0.7973, 0.2027
1, 0.7948, 0.2052
1, 0.7871, 0.2129
1, 0.7952, 0.2048
1, 0.7955, 0.2045
1, 0.801, 0.199
1, 0.7991, 0.2009
1, 0.7971, 0.2029
1, 0.7915, 0.2085
1, 0.7981, 0.2019
1, 0.7901, 0.2099
1, 0.7933, 0.2067
1, 0.7953, 0.2047
1, 0.7958, 0.2042
1, 0.7961, 0.2039
1, 0.7959, 0.2041
1, 0.7931, 0.2069
1, 0.7967, 0.2033
1, 0.7955, 0.2045
1, 0.7984, 0.2016
1, 0.7927, 0.2073
1, 0.7894, 0.2106
1, 0.7945, 0.2055
1, 0.7985, 0.2015
1, 0.8003, 0.1997
1, 0.7849, 0.2151
1, 0.7967, 0.2033
1, 0.7868, 0.2132
1, 0.7949, 0.2051
1, 0.8001, 0.1999
1, 0.7869, 0.2131
1, 0.7903, 0.2097
1, 0.7973, 0.2027
1, 0.7964, 0.2036
1, 0.7861, 0.2139
1, 0.8016, 0.1984
1, 0.7967, 0.2033
1, 0.7949, 0.2051
1, 0.7999, 0.2001
1, 0.7979, 0.2021
1, 0.7945, 0.2055
1, 0.7933, 0.2067
1, 0.7888, 0.2112
1, 0.7937, 0.2063
1, 0.7991, 0.2009
1, 0.8009, 0.1991
1, 0.7946, 0.2054
1, 0.793, 0.207
1, 0.7954, 0.2046
1, 0.7946, 0.2054
1, 0.7953, 0.2047
1, 0.7986, 0.2014
1, 0.7987, 0.2013
1, 0.7989, 0.2011
1, 0.7942, 0.2058
1, 0.7903, 0.2097
1, 0.7843, 0.2157
1, 0.7967, 0.2033
1, 0.794, 0.206
1, 0.7985, 0.2015
1, 0.7991, 0.2009
1, 0.7952, 0.2048
1, 0.7973, 0.2027
1, 0.7948, 0.2052
1, 0.7959, 0.2041
1, 0.7967, 0.2033
1, 0.7987, 0.2013
1, 0.7863, 0.2137
1, 0.7956, 0.2044
1, 0.7955, 0.2045
1, 0.7987, 0.2013
1, 0.8003, 0.1997
1, 0.7871, 0.2129
1, 0.8022, 0.1978
1, 0.7945, 0.2055
1, 0.7948, 0.2052
1, 0.7812, 0.2188
1, 0.8015, 0.1985
1, 0.7942, 0.2058
1, 0.7962, 0.2038
1, 0.7994, 0.2006
1, 0.7989, 0.2011
1, 0.7994, 0.2006
1, 0.7949, 0.2051
1, 0.7945, 0.2055
1, 0.79, 0.21
1, 0.801, 0.199
1, 0.801, 0.199
1, 0.7994, 0.2006
1, 0.7977, 0.2023
1, 0.7927, 0.2073
1, 0.801, 0.199
1, 0.8015, 0.1985
1, 0.7953, 0.2047
1, 0.7948, 0.2052
1, 0.8007, 0.1993
1, 0.8022, 0.1978
1, 0.7994, 0.2006
1, 0.7955, 0.2045
1, 0.7982, 0.2018
1, 0.7988, 0.2012
1, 0.7916, 0.2084
1, 0.7917, 0.2083
1, 0.7951, 0.2049
1, 0.7911, 0.2089
1, 0.7956, 0.2044
1, 0.798, 0.202
1, 0.7918, 0.2082
1, 0.7941, 0.2059
1, 0.7946, 0.2054
1, 0.8008, 0.1992
1, 0.7964, 0.2036
1, 0.798, 0.202
1, 0.7948, 0.2052
1, 0.787, 0.213
1, 0.7984, 0.2016
1, 0.786, 0.214
1, 0.8016, 0.1984
1, 0.795, 0.205
1, 0.7955, 0.2045
1, 0.7985, 0.2015
1, 0.7944, 0.2056
1, 0.7891, 0.2109
1, 0.7955, 0.2045
1, 0.8015, 0.1985
1, 0.8016, 0.1984
1, 0.7945, 0.2055
1, 0.7973, 0.2027
1, 0.7815, 0.2185
1, 0.7897, 0.2103
1, 0.7945, 0.2055
1, 0.8006, 0.1994
1, 0.7982, 0.2018
1, 0.7954, 0.2046
1, 0.7953, 0.2047
1, 0.7967, 0.2033
1, 0.8007, 0.1993
1, 0.7949, 0.2051
1, 0.7985, 0.2015
1, 0.7842, 0.2158
1, 0.7982, 0.2018
1, 0.7954, 0.2046
1, 0.7991, 0.2009
1, 0.7945, 0.2055
1, 0.7949, 0.2051
1, 0.8007, 0.1993
1, 0.7946, 0.2054
1, 0.7982, 0.2018
1, 0.7953, 0.2047
1, 0.7967, 0.2033
1, 0.7896, 0.2104
1, 0.7985, 0.2015
1, 0.7982, 0.2018
1, 0.7841, 0.2159
1, 0.7991, 0.2009
1, 0.8003, 0.1997
1, 0.7945, 0.2055
1, 0.794, 0.206
1, 0.7912, 0.2088
1, 0.7987, 0.2013
1, 0.7927, 0.2073
1, 0.8002, 0.1998
1, 0.8015, 0.1985
1, 0.7994, 0.2006
1, 0.7942, 0.2058
1, 0.7925, 0.2075
1, 0.7954, 0.2046
1, 0.8022, 0.1978
1, 0.7989, 0.2011
1, 0.7955, 0.2045
1, 0.792, 0.208
1, 0.798, 0.202
1, 0.7946, 0.2054
1, 0.7988, 0.2012
1, 0.801, 0.199
1, 0.7951, 0.2049
1, 0.7948, 0.2052
1, 0.7942, 0.2058
1, 0.7923, 0.2077
1, 0.8008, 0.1992
1, 0.7967, 0.2033
1, 0.7994, 0.2006
1, 0.787, 0.213
1, 0.7984, 0.2016
1, 0.7861, 0.2139
1, 0.7994, 0.2006
1, 0.801, 0.199
1, 0.7945, 0.2055
1, 0.7973, 0.2027
1, 0.7955, 0.2045
1, 0.7977, 0.2023
1, 0.7985, 0.2015
1, 0.7899, 0.2101
1, 0.799, 0.201
1, 0.8015, 0.1985
1, 0.7945, 0.2055
1, 0.7955, 0.2045
1, 0.7813, 0.2187
1, 0.7986, 0.2014
1, 0.8006, 0.1994
1, 0.7995, 0.2005
1, 0.7995, 0.2005
1, 0.7989, 0.2011
1, 0.7996, 0.2004
1, 0.8005, 0.1995
1, 0.7995, 0.2005
0, 0.9603, 0.0397
1, 0.7904, 0.2096
1, 0.7859, 0.2141
1, 0.7925, 0.2075
1, 0.7909, 0.2091
1, 0.7951, 0.2049
1, 0.7845, 0.2155
1, 0.7904, 0.2096
1, 0.7976, 0.2024
1, 0.7935, 0.2065
1, 0.744, 0.256
1, 0.7921, 0.2079
1, 0.791, 0.209
1, 0.7923, 0.2077
1, 0.7409, 0.2591
1, 0.7842, 0.2158
1, 0.7958, 0.2042
1, 0.7345, 0.2655
1, 0.7903, 0.2097
1, 0.792, 0.208
1, 0.7967, 0.2033
1, 0.7881, 0.2119
1, 0.7432, 0.2568
1, 0.7431, 0.2569
1, 0.7936, 0.2064
1, 0.7981, 0.2019
1, 0.7967, 0.2033
1, 0.7941, 0.2059
1, 0.7948, 0.2052
1, 0.7964, 0.2036
1, 0.7939, 0.2061
1, 0.7962, 0.2038
1, 0.7633, 0.2367
1, 0.7989, 0.2011
1, 0.7964, 0.2036
1, 0.7981, 0.2019
1, 0.7883, 0.2117
1, 0.7962, 0.2038
1, 0.795, 0.205
1, 0.7961, 0.2039
1, 0.7957, 0.2043
1, 0.7928, 0.2072
1, 0.7964, 0.2036
1, 0.7973, 0.2027
1, 0.792, 0.208
1, 0.792, 0.208
1, 0.7974, 0.2026
1, 0.7977, 0.2023
1, 0.7959, 0.2041
1, 0.7948, 0.2052
1, 0.7929, 0.2071
1, 0.7933, 0.2067
1, 0.7946, 0.2054
1, 0.7976, 0.2024
1, 0.7959, 0.2041
1, 0.7947, 0.2053
1, 0.7977, 0.2023
1, 0.7976, 0.2024
1, 0.7966, 0.2034
0, 0.3952, 0.6048
1, 0.2566, 0.7434
1, 0.7948, 0.2052
0, 0.2564, 0.7436
1, 0.7897, 0.2103
1, 0.7971, 0.2029
1, 0.7887, 0.2113
1, 0.796, 0.204
1, 0.7983, 0.2017
1, 0.796, 0.204
1, 0.801, 0.199
1, 0.8002, 0.1998
1, 0.8011, 0.1989
1, 0.7995, 0.2005
1, 0.8012, 0.1988
1, 0.8005, 0.1995
1, 0.801, 0.199
1, 0.7942, 0.2058
1, 0.7955, 0.2045
1, 0.797, 0.203
1, 0.7883, 0.2117
1, 0.8012, 0.1988
1, 0.7971, 0.2029
1, 0.7987, 0.2013
1, 0.7449, 0.2551
1, 0.801, 0.199
1, 0.8003, 0.1997
1, 0.7979, 0.2021
1, 0.7962, 0.2038
1, 0.798, 0.202
1, 0.7984, 0.2016
1, 0.7992, 0.2008
1, 0.7974, 0.2026
1, 0.8006, 0.1994
1, 0.7996, 0.2004
1, 0.801, 0.199
1, 0.7977, 0.2023
1, 0.7977, 0.2023
1, 0.7979, 0.2021
1, 0.795, 0.205
1, 0.7999, 0.2001
1, 0.7938, 0.2062
1, 0.7956, 0.2044
1, 0.792, 0.208
1, 0.7985, 0.2015
1, 0.7988, 0.2012
1, 0.7936, 0.2064
1, 0.7981, 0.2019
1, 0.7964, 0.2036
1, 0.7944, 0.2056
1, 0.7971, 0.2029
1, 0.796, 0.204
1, 0.7979, 0.2021
1, 0.8001, 0.1999
1, 0.798, 0.202
1, 0.8003, 0.1997
1, 0.7996, 0.2004
1, 0.7993, 0.2007
1, 0.7993, 0.2007
1, 0.7993, 0.2007
1, 0.7992, 0.2008
1, 0.7975, 0.2025
1, 0.8001, 0.1999
1, 0.7971, 0.2029
1, 0.799, 0.201
1, 0.7991, 0.2009
1, 0.7998, 0.2002
1, 0.7978, 0.2022
1, 0.7902, 0.2098
1, 0.8023, 0.1977
1, 0.7983, 0.2017
1, 0.7409, 0.2591
1, 0.7983, 0.2017
1, 0.795, 0.205
1, 0.795, 0.205
1, 0.8006, 0.1994
1, 0.7985, 0.2015
1, 0.8012, 0.1988
1, 0.8016, 0.1984
1, 0.7963, 0.2037
1, 0.8002, 0.1998
1, 0.7969, 0.2031
1, 0.7974, 0.2026
1, 0.8009, 0.1991
1, 0.8, 0.2
1, 0.799, 0.201
1, 0.7958, 0.2042
1, 0.7984, 0.2016
1, 0.7978, 0.2022
1, 0.7932, 0.2068
1, 0.7993, 0.2007
1, 0.7993, 0.2007
1, 0.7968, 0.2032
1, 0.7985, 0.2015
1, 0.8014, 0.1986
1, 0.7944, 0.2056
1, 0.7985, 0.2015
1, 0.7937, 0.2063
1, 0.7986, 0.2014
1, 0.7948, 0.2052
1, 0.7983, 0.2017
1, 0.7997, 0.2003
1, 0.7985, 0.2015
1, 0.7987, 0.2013
1, 0.7959, 0.2041
1, 0.8005, 0.1995
1, 0.7988, 0.2012
1, 0.7988, 0.2012
1, 0.7965, 0.2035
1, 0.7988, 0.2012
1, 0.7943, 0.2057
1, 0.7975, 0.2025
1, 0.7995, 0.2005
1, 0.7988, 0.2012
1, 0.7475, 0.2525
1, 0.749, 0.251
1, 0.7466, 0.2534
1, 0.7511, 0.2489
1, 0.7478, 0.2522
1, 0.7539, 0.2461
1, 0.7481, 0.2519
1, 0.7531, 0.2469
1, 0.7988, 0.2012
1, 0.7993, 0.2007
1, 0.7991, 0.2009
1, 0.7978, 0.2022
1, 0.7995, 0.2005
1, 0.7988, 0.2012
1, 0.7978, 0.2022
1, 0.7991, 0.2009
1, 0.7988, 0.2012
1, 0.7979, 0.2021
1, 0.8007, 0.1993
1, 0.7981, 0.2019
1, 0.8013, 0.1987
1, 0.7996, 0.2004
1, 0.7938, 0.2062
1, 0.799, 0.201
1, 0.7995, 0.2005
1, 0.7984, 0.2016
1, 0.7985, 0.2015
1, 0.799, 0.201
1, 0.7948, 0.2052
1, 0.7989, 0.2011
1, 0.795, 0.205
1, 0.7937, 0.2063
1, 0.7965, 0.2035
1, 0.796, 0.204
1, 0.7949, 0.2051
1, 0.7991, 0.2009
1, 0.7963, 0.2037
1, 0.7987, 0.2013
1, 0.794, 0.206
1, 0.7959, 0.2041
1, 0.7988, 0.2012
1, 0.7982, 0.2018
1, 0.7974, 0.2026
1, 0.7977, 0.2023
1, 0.7993, 0.2007
1, 0.7989, 0.2011
1, 0.7993, 0.2007
1, 0.7988, 0.2012
1, 0.7983, 0.2017
1, 0.7977, 0.2023
1, 0.7918, 0.2082
1, 0.7937, 0.2063
1, 0.7957, 0.2043
1, 0.7923, 0.2077
1, 0.7976, 0.2024
1, 0.7962, 0.2038
1, 0.7955, 0.2045
1, 0.7976, 0.2024
1, 0.797, 0.203
1, 0.7979, 0.2021
1, 0.8, 0.2
1, 0.7966, 0.2034
1, 0.7983, 0.2017
1, 0.7955, 0.2045
1, 0.7874, 0.2126
1, 0.7996, 0.2004
1, 0.7475, 0.2525
1, 0.7572, 0.2428
1, 0.7499, 0.2501
0, 0.914, 0.086
1, 0.7811, 0.2189
1, 0.7597, 0.2403
1, 0.7481, 0.2519
1, 0.766, 0.234
1, 0.7653, 0.2347
1, 0.7933, 0.2067
1, 0.7893, 0.2107
1, 0.7982, 0.2018
1, 0.7969, 0.2031
1, 0.7981, 0.2019
1, 0.8, 0.2
1, 0.7976, 0.2024
1, 0.798, 0.202
1, 0.7957, 0.2043
1, 0.7976, 0.2024
1, 0.7983, 0.2017
1, 0.8006, 0.1994
1, 0.7974, 0.2026
1, 0.7874, 0.2126
1, 0.7955, 0.2045
1, 0.7981, 0.2019
1, 0.7874, 0.2126
1, 0.7966, 0.2034
1, 0.7918, 0.2082
1, 0.7962, 0.2038
1, 0.7955, 0.2045
1, 0.7971, 0.2029
1, 0.7988, 0.2012
1, 0.7983, 0.2017
1, 0.7926, 0.2074
1, 0.7987, 0.2013
1, 0.7988, 0.2012
1, 0.7955, 0.2045
1, 0.7965, 0.2035
1, 0.797, 0.203
1, 0.7973, 0.2027
1, 0.7943, 0.2057
1, 0.7953, 0.2047
1, 0.7956, 0.2044
1, 0.7985, 0.2015
1, 0.7988, 0.2012
1, 0.7987, 0.2013
1, 0.7995, 0.2005
1, 0.8006, 0.1994
1, 0.797, 0.203
1, 0.7988, 0.2012
1, 0.7987, 0.2013
1, 0.7979, 0.2021
1, 0.7936, 0.2064
1, 0.7988, 0.2012
1, 0.7985, 0.2015
1, 0.7988, 0.2012
1, 0.7925, 0.2075
1, 0.7982, 0.2018
1, 0.7978, 0.2022
1, 0.7984, 0.2016
1, 0.799, 0.201
1, 0.7981, 0.2019
1, 0.7982, 0.2018
1, 0.7974, 0.2026
1, 0.791, 0.209
1, 0.7968, 0.2032
1, 0.7988, 0.2012
1, 0.7925, 0.2075
1, 0.7987, 0.2013
1, 0.7988, 0.2012
1, 0.7952, 0.2048
1, 0.8003, 0.1997
1, 0.79, 0.21
1, 0.799, 0.201
1, 0.7984, 0.2016
1, 0.7977, 0.2023
1, 0.7996, 0.2004
1, 0.7988, 0.2012
1, 0.7981, 0.2019
1, 0.7802, 0.2198
1, 0.7997, 0.2003
1, 0.7964, 0.2036
1, 0.7951, 0.2049
1, 0.7977, 0.2023
1, 0.7988, 0.2012
1, 0.7987, 0.2013
1, 0.7995, 0.2005
1, 0.7997, 0.2003
1, 0.797, 0.203
1, 0.7966, 0.2034
1, 0.7978, 0.2022
1, 0.799, 0.201
1, 0.8022, 0.1978
1, 0.7958, 0.2042
1, 0.7993, 0.2007
1, 0.7978, 0.2022
1, 0.797, 0.203
1, 0.7985, 0.2015
1, 0.7984, 0.2016
1, 0.794, 0.206
1, 0.7968, 0.2032
1, 0.798, 0.202
1, 0.7984, 0.2016
1, 0.8019, 0.1981
1, 0.7985, 0.2015
1, 0.7979, 0.2021
1, 0.8013, 0.1987
1, 0.8003, 0.1997
1, 0.7999, 0.2001
1, 0.7991, 0.2009
1, 0.7924, 0.2076
1, 0.7968, 0.2032
1, 0.7966, 0.2034
1, 0.7926, 0.2074
1, 0.7969, 0.2031
1, 0.7941, 0.2059
1, 0.7934, 0.2066
1, 0.7932, 0.2068
1, 0.7964, 0.2036
1, 0.7976, 0.2024
1, 0.7934, 0.2066
1, 0.7964, 0.2036
1, 0.7965, 0.2035
1, 0.7924, 0.2076
1, 0.7972, 0.2028
1, 0.7966, 0.2034
1, 0.7966, 0.2034
1, 0.7934, 0.2066
1, 0.7961, 0.2039
1, 0.7973, 0.2027
1, 0.7971, 0.2029
1, 0.8001, 0.1999
1, 0.7976, 0.2024
1, 0.7999, 0.2001
1, 0.7989, 0.2011
1, 0.7996, 0.2004
1, 0.797, 0.203
1, 0.799, 0.201
1, 0.7921, 0.2079
1, 0.799, 0.201
1, 0.793, 0.207
1, 0.7934, 0.2066
1, 0.7966, 0.2034
1, 0.7985, 0.2015
1, 0.7987, 0.2013
1, 0.7993, 0.2007
1, 0.7985, 0.2015
1, 0.7991, 0.2009
1, 0.7981, 0.2019
1, 0.7989, 0.2011
1, 0.7984, 0.2016
1, 0.799, 0.201
1, 0.7878, 0.2122
1, 0.794, 0.206
1, 0.7945, 0.2055
1, 0.7986, 0.2014
1, 0.7972, 0.2028
1, 0.7977, 0.2023
1, 0.7934, 0.2066
1, 0.7985, 0.2015
1, 0.8001, 0.1999
1, 0.798, 0.202
1, 0.7964, 0.2036
1, 0.7984, 0.2016
1, 0.7979, 0.2021
1, 0.7917, 0.2083
1, 0.7935, 0.2065
1, 0.7952, 0.2048
1, 0.7972, 0.2028
1, 0.7963, 0.2037
1, 0.7944, 0.2056
1, 0.7989, 0.2011
1, 0.797, 0.203
1, 0.7961, 0.2039
1, 0.7974, 0.2026
1, 0.794, 0.206
1, 0.79, 0.21
1, 0.7871, 0.2129
1, 0.7895, 0.2105
1, 0.7891, 0.2109
1, 0.7884, 0.2116
1, 0.7962, 0.2038
1, 0.7892, 0.2108
1, 0.7883, 0.2117
1, 0.787, 0.213
1, 0.799, 0.201
1, 0.7872, 0.2128
1, 0.7983, 0.2017
1, 0.7891, 0.2109
1, 0.7872, 0.2128
1, 0.7982, 0.2018
1, 0.7901, 0.2099
1, 0.7872, 0.2128
1, 0.799, 0.201
1, 0.7867, 0.2133
1, 0.7975, 0.2025
1, 0.7974, 0.2026
1, 0.7966, 0.2034
1, 0.7926, 0.2074
1, 0.7974, 0.2026
1, 0.7892, 0.2108
1, 0.7872, 0.2128
1, 0.7914, 0.2086
1, 0.7969, 0.2031
1, 0.7966, 0.2034
1, 0.7906, 0.2094
1, 0.7854, 0.2146
1, 0.7968, 0.2032
1, 0.7993, 0.2007
1, 0.7973, 0.2027
1, 0.7969, 0.2031
1, 0.7976, 0.2024
1, 0.7987, 0.2013
1, 0.8009, 0.1991
1, 0.7939, 0.2061
1, 0.7963, 0.2037
1, 0.7963, 0.2037
1, 0.7962, 0.2038
1, 0.7952, 0.2048
1, 0.7968, 0.2032
1, 0.7939, 0.2061
1, 0.7964, 0.2036
1, 0.7989, 0.2011
1, 0.8009, 0.1991
1, 0.7993, 0.2007
1, 0.7963, 0.2037
1, 0.7973, 0.2027
1, 0.7967, 0.2033
1, 0.7961, 0.2039
1, 0.7964, 0.2036
1, 0.8014, 0.1986
1, 0.7998, 0.2002
1, 0.8008, 0.1992
1, 0.7948, 0.2052
1, 0.7975, 0.2025
1, 0.8007, 0.1993
1, 0.8009, 0.1991
1, 0.7955, 0.2045
1, 0.7972, 0.2028
1, 0.799, 0.201
1, 0.7996, 0.2004
1, 0.792, 0.208
1, 0.7956, 0.2044
1, 0.7972, 0.2028
1, 0.798, 0.202
1, 0.7986, 0.2014
1, 0.7999, 0.2001
1, 0.7936, 0.2064
1, 0.7906, 0.2094
1, 0.793, 0.207
1, 0.7964, 0.2036
1, 0.7956, 0.2044
1, 0.7944, 0.2056
1, 0.7922, 0.2078
1, 0.7927, 0.2073
1, 0.7904, 0.2096
1, 0.7919, 0.2081
1, 0.7924, 0.2076
1, 0.7935, 0.2065
1, 0.7924, 0.2076
1, 0.7914, 0.2086
1, 0.793, 0.207
1, 0.7903, 0.2097
1, 0.7958, 0.2042
1, 0.7843, 0.2157
1, 0.7928, 0.2072
1, 0.7943, 0.2057
1, 0.7935, 0.2065
1, 0.7919, 0.2081
1, 0.7955, 0.2045
1, 0.7937, 0.2063
1, 0.7942, 0.2058
1, 0.7954, 0.2046
1, 0.793, 0.207
1, 0.789, 0.211
1, 0.7963, 0.2037
1, 0.7927, 0.2073
1, 0.7957, 0.2043
1, 0.7926, 0.2074
1, 0.7873, 0.2127
1, 0.7903, 0.2097
1, 0.7856, 0.2144
1, 0.7956, 0.2044
1, 0.7904, 0.2096
1, 0.7916, 0.2084
1, 0.7929, 0.2071
1, 0.7895, 0.2105
1, 0.7939, 0.2061
1, 0.7937, 0.2063
1, 0.7942, 0.2058
1, 0.7937, 0.2063
1, 0.7866, 0.2134
1, 0.795, 0.205
1, 0.7892, 0.2108
1, 0.7931, 0.2069
1, 0.7933, 0.2067
1, 0.7865, 0.2135
1, 0.7941, 0.2059
1, 0.7928, 0.2072
1, 0.7886, 0.2114
1, 0.7891, 0.2109
1, 0.7927, 0.2073
1, 0.7894, 0.2106
1, 0.7896, 0.2104
1, 0.7956, 0.2044
1, 0.795, 0.205
1, 0.7927, 0.2073
1, 0.7957, 0.2043
1, 0.7888, 0.2112
1, 0.7914, 0.2086
1, 0.7927, 0.2073
1, 0.7892, 0.2108
1, 0.7919, 0.2081
1, 0.7906, 0.2094
1, 0.7882, 0.2118
1, 0.7952, 0.2048
1, 0.787, 0.213
1, 0.7849, 0.2151
1, 0.7941, 0.2059
1, 0.7923, 0.2077
1, 0.7933, 0.2067
1, 0.7929, 0.2071
1, 0.7933, 0.2067
1, 0.7904, 0.2096
1, 0.7931, 0.2069
1, 0.7905, 0.2095
1, 0.7899, 0.2101
1, 0.7944, 0.2056
1, 0.7904, 0.2096
1, 0.7926, 0.2074
1, 0.7931, 0.2069
1, 0.736, 0.264
1, 0.7891, 0.2109
1, 0.7933, 0.2067
1, 0.7881, 0.2119
1, 0.7911, 0.2089
1, 0.7901, 0.2099
1, 0.793, 0.207
1, 0.7876, 0.2124
1, 0.7911, 0.2089
1, 0.7893, 0.2107
1, 0.7921, 0.2079
1, 0.7906, 0.2094
1, 0.7911, 0.2089
1, 0.7927, 0.2073
1, 0.7902, 0.2098
1, 0.7943, 0.2057
1, 0.7923, 0.2077
1, 0.7854, 0.2146
1, 0.7857, 0.2143
1, 0.7926, 0.2074
1, 0.7891, 0.2109
1, 0.7853, 0.2147
1, 0.7924, 0.2076
1, 0.7901, 0.2099
1, 0.7942, 0.2058
1, 0.7849, 0.2151
1, 0.786, 0.214
1, 0.7918, 0.2082
1, 0.7946, 0.2054
1, 0.7902, 0.2098
1, 0.7922, 0.2078
1, 0.7861, 0.2139
1, 0.7879, 0.2121
1, 0.794, 0.206
1, 0.7905, 0.2095
1, 0.7949, 0.2051
1, 0.795, 0.205
1, 0.7884, 0.2116
1, 0.7881, 0.2119
1, 0.7897, 0.2103
1, 0.7936, 0.2064
1, 0.7909, 0.2091
1, 0.79, 0.21
1, 0.7894, 0.2106
1, 0.7922, 0.2078
1, 0.7913, 0.2087
1, 0.79, 0.21
1, 0.7911, 0.2089
1, 0.7902, 0.2098
1, 0.79, 0.21
1, 0.7906, 0.2094
1, 0.795, 0.205
1, 0.7915, 0.2085
1, 0.7902, 0.2098
1, 0.7908, 0.2092
1, 0.7928, 0.2072
1, 0.7906, 0.2094
1, 0.7901, 0.2099
1, 0.7931, 0.2069
1, 0.793, 0.207
1, 0.7902, 0.2098
1, 0.7902, 0.2098
1, 0.7932, 0.2068
1, 0.7936, 0.2064
1, 0.7946, 0.2054
1, 0.7901, 0.2099
1, 0.7916, 0.2084
1, 0.7874, 0.2126
1, 0.7924, 0.2076
1, 0.791, 0.209
1, 0.7941, 0.2059
1, 0.7885, 0.2115
1, 0.7896, 0.2104
1, 0.7939, 0.2061
1, 0.7927, 0.2073
1, 0.7944, 0.2056
1, 0.7917, 0.2083
1, 0.7882, 0.2118
1, 0.7926, 0.2074
1, 0.7926, 0.2074
1, 0.7921, 0.2079
1, 0.7916, 0.2084
1, 0.7915, 0.2085
1, 0.7896, 0.2104
1, 0.7905, 0.2095
1, 0.7363, 0.2637
1, 0.7842, 0.2158
1, 0.7882, 0.2118
1, 0.7843, 0.2157
1, 0.7915, 0.2085
1, 0.7926, 0.2074
1, 0.7919, 0.2081
1, 0.7378, 0.2622
1, 0.7905, 0.2095
1, 0.7357, 0.2643
1, 0.794, 0.206
1, 0.7902, 0.2098
1, 0.7932, 0.2068
1, 0.7868, 0.2132
1, 0.7901, 0.2099
1, 0.7923, 0.2077
1, 0.7882, 0.2118
1, 0.7898, 0.2102
1, 0.7886, 0.2114
1, 0.7916, 0.2084
1, 0.7937, 0.2063
1, 0.7901, 0.2099
1, 0.7911, 0.2089
1, 0.7879, 0.2121
1, 0.7835, 0.2165
1, 0.7869, 0.2131
1, 0.7896, 0.2104
1, 0.7876, 0.2124
1, 0.7889, 0.2111
1, 0.7932, 0.2068
1, 0.783, 0.217
1, 0.7909, 0.2091
1, 0.7899, 0.2101
1, 0.7898, 0.2102
1, 0.7885, 0.2115
1, 0.7859, 0.2141
1, 0.7832, 0.2168
1, 0.79, 0.21
1, 0.7918, 0.2082
1, 0.7948, 0.2052
1, 0.7936, 0.2064
1, 0.7907, 0.2093
1, 0.7567, 0.2433
1, 0.7873, 0.2127
1, 0.7854, 0.2146
1, 0.7901, 0.2099
1, 0.79, 0.21
1, 0.7924, 0.2076
1, 0.7919, 0.2081
1, 0.7913, 0.2087
1, 0.7915, 0.2085
1, 0.7903, 0.2097
1, 0.7877, 0.2123
1, 0.7882, 0.2118
1, 0.788, 0.212
0, 0.9599, 0.0401
1, 0.7922, 0.2078
1, 0.7875, 0.2125
1, 0.7929, 0.2071
1, 0.7867, 0.2133
1, 0.7907, 0.2093
1, 0.7905, 0.2095
1, 0.7918, 0.2082
1, 0.7914, 0.2086
1, 0.7919, 0.2081
1, 0.7941, 0.2059
1, 0.7824, 0.2176
1, 0.7882, 0.2118
1, 0.7861, 0.2139
1, 0.7921, 0.2079
1, 0.7921, 0.2079
1, 0.7933, 0.2067
1, 0.792, 0.208
1, 0.7941, 0.2059
1, 0.7943, 0.2057
1, 0.789, 0.211
1, 0.7822, 0.2178
1, 0.7941, 0.2059
1, 0.7892, 0.2108
1, 0.7902, 0.2098
1, 0.7933, 0.2067
1, 0.7858, 0.2142
1, 0.7876, 0.2124
1, 0.7914, 0.2086
1, 0.7898, 0.2102
1, 0.7891, 0.2109
1, 0.7844, 0.2156
1, 0.793, 0.207
1, 0.7917, 0.2083
1, 0.7856, 0.2144
1, 0.7895, 0.2105
1, 0.7878, 0.2122
1, 0.7821, 0.2179
1, 0.7888, 0.2112
1, 0.7882, 0.2118
1, 0.7864, 0.2136
1, 0.7872, 0.2128
1, 0.7833, 0.2167
1, 0.7933, 0.2067
1, 0.7832, 0.2168
1, 0.785, 0.215
1, 0.7991, 0.2009
1, 0.7993, 0.2007
1, 0.7611, 0.2389
1, 0.772, 0.228
1, 0.7633, 0.2367
1, 0.7581, 0.2419
1, 0.7407, 0.2593
1, 0.7432, 0.2568
1, 0.7408, 0.2592
1, 0.3706, 0.6294
1, 0.7449, 0.2551
1, 0.7427, 0.2573
1, 0.7449, 0.2551
1, 0.7409, 0.2591
1, 0.7428, 0.2572
1, 0.7433, 0.2567
1, 0.7385, 0.2615
1, 0.7408, 0.2592
1, 0.7446, 0.2554
1, 0.7428, 0.2572
1, 0.7428, 0.2572
1, 0.7426, 0.2574
1, 0.7609, 0.2391
1, 0.744, 0.256
1, 0.3773, 0.6227
1, 0.7407, 0.2593
1, 0.7428, 0.2572
1, 0.7358, 0.2642
1, 0.7426, 0.2574
1, 0.7411, 0.2589
1, 0.7387, 0.2613
1, 0.7428, 0.2572
1, 0.7426, 0.2574
1, 0.7445, 0.2555
1, 0.3735, 0.6265
1, 0.7431, 0.2569
1, 0.3684, 0.6316
1, 0.7436, 0.2564
1, 0.741, 0.259
1, 0.7429, 0.2571
1, 0.7385, 0.2615
1, 0.7435, 0.2565
1, 0.7397, 0.2603
1, 0.7428, 0.2572
1, 0.7462, 0.2538
1, 0.7412, 0.2588
1, 0.7435, 0.2565
1, 0.7426, 0.2574
1, 0.7449, 0.2551
1, 0.3714, 0.6286
1, 0.7442, 0.2558
1, 0.7457, 0.2543
1, 0.7432, 0.2568
1, 0.7442, 0.2558
1, 0.7409, 0.2591
1, 0.7387, 0.2613
1, 0.3786, 0.6214
1, 0.7405, 0.2595
1, 0.743, 0.257
1, 0.3822, 0.6178
1, 0.7369, 0.2631
1, 0.7431, 0.2569
1, 0.7353, 0.2647
1, 0.7404, 0.2596
1, 0.7337, 0.2663
1, 0.7464, 0.2536
1, 0.7345, 0.2655
1, 0.7406, 0.2594
1, 0.7401, 0.2599
1, 0.7434, 0.2566
1, 0.7382, 0.2618
1, 0.7387, 0.2613
1, 0.7389, 0.2611
1, 0.7406, 0.2594
1, 0.7366, 0.2634
1, 0.3814, 0.6186
1, 0.7441, 0.2559
1, 0.7442, 0.2558
1, 0.7388, 0.2612
1, 0.7443, 0.2557
1, 0.7418, 0.2582
1, 0.736, 0.264
1, 0.7465, 0.2535
1, 0.7381, 0.2619
1, 0.742, 0.258
1, 0.7446, 0.2554
1, 0.7411, 0.2589
1, 0.7342, 0.2658
1, 0.7464, 0.2536
1, 0.7387, 0.2613
1, 0.7319, 0.2681
1, 0.3604, 0.6396
1, 0.7444, 0.2556
1, 0.7347, 0.2653
1, 0.3683, 0.6317
1, 0.379, 0.621
1, 0.74, 0.26
1, 0.7377, 0.2623
1, 0.7444, 0.2556
1, 0.3809, 0.6191
1, 0.741, 0.259
1, 0.736, 0.264
1, 0.3749, 0.6251
1, 0.7408, 0.2592
1, 0.7475, 0.2525
1, 0.3775, 0.6225
1, 0.7462, 0.2538
1, 0.7449, 0.2551
1, 0.7457, 0.2543
1, 0.7366, 0.2634
1, 0.3798, 0.6202
1, 0.7443, 0.2557
1, 0.7415, 0.2585
1, 0.7383, 0.2617
1, 0.7478, 0.2522
1, 0.7401, 0.2599
1, 0.7377, 0.2623
1, 0.7365, 0.2635
1, 0.7363, 0.2637
1, 0.7355, 0.2645
1, 0.3729, 0.6271
1, 0.741, 0.259
1, 0.7363, 0.2637
1, 0.7398, 0.2602
1, 0.764, 0.236
1, 0.7468, 0.2532
1, 0.7649, 0.2351
1, 0.7351, 0.2649
1, 0.744, 0.256
1, 0.7328, 0.2672
1, 0.7433, 0.2567
1, 0.743, 0.257
1, 0.7432, 0.2568
1, 0.7388, 0.2612
1, 0.7356, 0.2644
1, 0.7429, 0.2571
1, 0.7435, 0.2565
1, 0.7414, 0.2586
1, 0.7443, 0.2557
1, 0.743, 0.257
1, 0.6069, 0.3931
1, 0.7413, 0.2587
1, 0.7429, 0.2571
1, 0.7433, 0.2567
1, 0.744, 0.256
1, 0.7407, 0.2593
1, 0.7428, 0.2572
1, 0.7385, 0.2615
1, 0.7432, 0.2568
1, 0.7385, 0.2615
1, 0.7443, 0.2557
1, 0.7433, 0.2567
1, 0.7387, 0.2613
1, 0.7428, 0.2572
1, 0.7408, 0.2592
1, 0.7428, 0.2572
1, 0.743, 0.257
1, 0.7389, 0.2611
1, 0.7387, 0.2613
1, 0.7447, 0.2553
1, 0.7449, 0.2551
1, 0.7409, 0.2591
1, 0.7386, 0.2614
1, 0.7409, 0.2591
1, 0.7457, 0.2543
1, 0.7624, 0.2376
1, 0.7439, 0.2561
1, 0.7442, 0.2558
1, 0.7428, 0.2572
1, 0.7458, 0.2542
1, 0.7448, 0.2552
1, 0.7346, 0.2654
1, 0.7405, 0.2595
1, 0.7439, 0.2561
1, 0.7348, 0.2652
1, 0.7404, 0.2596
1, 0.7351, 0.2649
1, 0.7411, 0.2589
1, 0.7351, 0.2649
1, 0.7398, 0.2602
1, 0.7629, 0.2371
1, 0.7626, 0.2374
1, 0.7422, 0.2578
1, 0.7651, 0.2349
1, 0.7393, 0.2607
1, 0.7455, 0.2545
1, 0.7656, 0.2344
1, 0.7444, 0.2556
1, 0.7648, 0.2352
1, 0.7495, 0.2505
1, 0.7464, 0.2536
1, 0.741, 0.259
1, 0.7417, 0.2583
1, 0.7413, 0.2587
1, 0.7449, 0.2551
1, 0.7322, 0.2678
1, 0.7376, 0.2624
1, 0.7309, 0.2691
1, 0.7453, 0.2547
1, 0.7416, 0.2584
1, 0.7392, 0.2608
1, 0.7387, 0.2613
1, 0.7448, 0.2552
1, 0.738, 0.262
1, 0.7477, 0.2523
1, 0.7429, 0.2571
1, 0.7417, 0.2583
1, 0.7429, 0.2571
1, 0.742, 0.258
1, 0.7425, 0.2575
1, 0.7435, 0.2565
1, 0.7662, 0.2338
1, 0.7443, 0.2557
1, 0.7663, 0.2337
1, 0.7634, 0.2366
1, 0.7328, 0.2672
1, 0.735, 0.265
1, 0.7372, 0.2628
1, 0.7389, 0.2611
1, 0.7388, 0.2612
1, 0.767, 0.233
1, 0.7395, 0.2605
1, 0.7658, 0.2342
1, 0.7368, 0.2632
1, 0.7442, 0.2558
1, 0.7658, 0.2342
1, 0.7457, 0.2543
1, 0.7463, 0.2537
1, 0.7436, 0.2564
1, 0.7392, 0.2608
1, 0.7457, 0.2543
1, 0.7658, 0.2342
1, 0.7449, 0.2551
1, 0.7424, 0.2576
1, 0.7457, 0.2543
1, 0.7651, 0.2349
1, 0.7476, 0.2524
1, 0.7662, 0.2338
1, 0.7652, 0.2348
1, 0.7652, 0.2348
1, 0.7487, 0.2513
1, 0.741, 0.259
1, 0.7358, 0.2642
1, 0.7416, 0.2584
1, 0.7471, 0.2529
1, 0.7651, 0.2349
1, 0.7361, 0.2639
1, 0.738, 0.262
1, 0.7366, 0.2634
1, 0.7455, 0.2545
1, 0.7428, 0.2572
1, 0.7658, 0.2342
1, 0.7456, 0.2544
1, 0.7516, 0.2484
1, 0.7493, 0.2507
1, 0.7658, 0.2342
1, 0.7385, 0.2615
1, 0.7359, 0.2641
1, 0.734, 0.266
1, 0.7398, 0.2602
1, 0.7298, 0.2702
1, 0.734, 0.266
1, 0.7469, 0.2531
1, 0.7397, 0.2603
1, 0.7442, 0.2558
1, 0.7658, 0.2342
1, 0.7457, 0.2543
1, 0.7436, 0.2564
1, 0.7435, 0.2565
1, 0.7463, 0.2537
1, 0.7658, 0.2342
1, 0.7652, 0.2348
1, 0.736, 0.264
1, 0.7437, 0.2563
1, 0.7652, 0.2348
1, 0.7465, 0.2535
1, 0.7383, 0.2617
1, 0.7457, 0.2543
1, 0.7658, 0.2342
1, 0.7437, 0.2563
1, 0.7564, 0.2436
1, 0.7614, 0.2386
1, 0.7555, 0.2445
1, 0.7557, 0.2443
1, 0.6258, 0.3742
1, 0.7573, 0.2427
1, 0.7597, 0.2403
1, 0.7428, 0.2572
1, 0.7663, 0.2337
1, 0.7627, 0.2373
1, 0.7631, 0.2369
1, 0.7392, 0.2608
1, 0.7403, 0.2597
1, 0.7299, 0.2701
1, 0.7642, 0.2358
1, 0.7404, 0.2596
1, 0.7372, 0.2628
1, 0.7659, 0.2341
1, 0.7434, 0.2566
1, 0.7392, 0.2608
1, 0.7441, 0.2559
1, 0.7628, 0.2372
1, 0.7428, 0.2572
1, 0.7384, 0.2616
1, 0.7428, 0.2572
1, 0.7406, 0.2594
1, 0.737, 0.263
1, 0.7397, 0.2603
1, 0.7409, 0.2591
1, 0.7652, 0.2348
1, 0.7405, 0.2595
1, 0.763, 0.237
1, 0.7665, 0.2335
1, 0.7444, 0.2556
1, 0.741, 0.259
1, 0.7464, 0.2536
1, 0.7651, 0.2349
1, 0.7369, 0.2631
1, 0.7428, 0.2572
1, 0.7465, 0.2535
1, 0.7631, 0.2369
1, 0.7405, 0.2595
1, 0.7448, 0.2552
1, 0.7665, 0.2335
1, 0.7398, 0.2602
1, 0.7392, 0.2608
1, 0.7356, 0.2644
1, 0.7428, 0.2572
1, 0.7651, 0.2349
1, 0.741, 0.259
1, 0.7651, 0.2349
1, 0.7367, 0.2633
1, 0.7435, 0.2565
1, 0.7428, 0.2572
1, 0.7329, 0.2671
1, 0.7428, 0.2572
1, 0.7465, 0.2535
1, 0.7381, 0.2619
1, 0.7387, 0.2613
1, 0.7405, 0.2595
1, 0.7658, 0.2342
1, 0.7464, 0.2536
1, 0.7435, 0.2565
1, 0.7369, 0.2631
1, 0.7651, 0.2349
1, 0.7428, 0.2572
1, 0.7373, 0.2627
1, 0.7389, 0.2611
1, 0.7487, 0.2513
1, 0.7474, 0.2526
1, 0.7431, 0.2569
1, 0.7428, 0.2572
1, 0.7443, 0.2557
1, 0.7463, 0.2537
1, 0.741, 0.259
1, 0.7631, 0.2369
1, 0.7627, 0.2373
1, 0.7436, 0.2564
1, 0.7417, 0.2583
1, 0.7424, 0.2576
1, 0.7454, 0.2546
1, 0.7648, 0.2352
1, 0.7427, 0.2573
1, 0.7419, 0.2581
1, 0.7625, 0.2375
0, 0.752, 0.248
1, 0.7424, 0.2576
0, 0.752, 0.248
1, 0.7345, 0.2655
1, 0.7627, 0.2373
1, 0.7664, 0.2336
1, 0.7627, 0.2373
1, 0.7627, 0.2373
1, 0.7389, 0.2611
1, 0.7452, 0.2548
1, 0.7452, 0.2548
1, 0.7432, 0.2568
1, 0.7642, 0.2358
1, 0.7627, 0.2373
1, 0.7424, 0.2576
1, 0.7454, 0.2546
1, 0.7613, 0.2387
1, 0.7451, 0.2549
1, 0.7602, 0.2398
1, 0.7627, 0.2373
0, 0.7357, 0.2643
0, 0.7486, 0.2514
1, 0.7432, 0.2568
1, 0.7389, 0.2611
1, 0.7664, 0.2336
1, 0.7587, 0.2413
1, 0.7376, 0.2624
1, 0.7424, 0.2576
1, 0.7648, 0.2352
1, 0.7428, 0.2572
1, 0.7631, 0.2369
1, 0.7622, 0.2378
1, 0.7631, 0.2369
1, 0.2753, 0.7247
1, 0.7451, 0.2549
0, 0.752, 0.248
1, 0.7454, 0.2546
1, 0.7419, 0.2581
1, 0.7376, 0.2624
1, 0.7402, 0.2598
1, 0.7622, 0.2378
1, 0.7637, 0.2363
1, 0.7629, 0.2371
1, 0.197, 0.803
1, 0.7665, 0.2335
1, 0.7665, 0.2335
1, 0.7666, 0.2334
1, 0.7622, 0.2378
1, 0.7624, 0.2376
1, 0.7667, 0.2333
1, 0.7625, 0.2375
1, 0.1946, 0.8054
1, 0.7667, 0.2333
1, 0.7616, 0.2384
1, 0.7661, 0.2339
1, 0.7596, 0.2404
0, 0.7512, 0.2488
1, 0.7617, 0.2383
1, 0.7639, 0.2361
1, 0.7655, 0.2345
1, 0.7411, 0.2589
1, 0.7536, 0.2464
1, 0.7444, 0.2556
1, 0.7433, 0.2567
1, 0.7259, 0.2741
1, 0.7612, 0.2388
1, 0.7623, 0.2377
1, 0.7631, 0.2369
1, 0.7664, 0.2336
1, 0.7652, 0.2348
1, 0.7459, 0.2541
1, 0.7623, 0.2377
1, 0.763, 0.237
1, 0.7402, 0.2598
1, 0.753, 0.247
1, 0.7536, 0.2464
1, 0.7399, 0.2601
1, 0.6296, 0.3704
1, 0.7441, 0.2559
1, 0.7399, 0.2601
1, 0.7436, 0.2564
1, 0.7441, 0.2559
1, 0.767, 0.233
1, 0.7426, 0.2574
1, 0.7426, 0.2574
1, 0.743, 0.257
1, 0.7435, 0.2565
1, 0.7441, 0.2559
1, 0.767, 0.233
1, 0.741, 0.259
1, 0.7443, 0.2557
1, 0.7406, 0.2594
1, 0.7422, 0.2578
1, 0.6288, 0.3712
1, 0.6298, 0.3702
1, 0.627, 0.373
1, 0.6342, 0.3658
1, 0.6329, 0.3671
1, 0.7422, 0.2578
1, 0.7658, 0.2342
1, 0.7355, 0.2645
1, 0.7355, 0.2645
1, 0.7422, 0.2578
1, 0.7658, 0.2342
1, 0.6337, 0.3663
1, 0.7463, 0.2537
1, 0.7422, 0.2578
1, 0.744, 0.256
1, 0.6283, 0.3717
1, 0.7441, 0.2559
1, 0.6277, 0.3723
1, 0.7448, 0.2552
1, 0.629, 0.371
1, 0.6307, 0.3693
1, 0.7447, 0.2553
1, 0.633, 0.367
1, 0.6243, 0.3757
1, 0.7445, 0.2555
1, 0.7439, 0.2561
1, 0.7618, 0.2382
1, 0.7463, 0.2537
1, 0.7422, 0.2578
1, 0.7437, 0.2563
1, 0.7442, 0.2558
1, 0.7449, 0.2551
1, 0.7447, 0.2553
1, 0.632, 0.368
1, 0.6297, 0.3703
1, 0.7448, 0.2552
1, 0.6297, 0.3703
1, 0.6299, 0.3701
1, 0.7606, 0.2394
1, 0.7346, 0.2654
1, 0.7368, 0.2632
1, 0.7631, 0.2369
1, 0.7232, 0.2768
0, 0.7321, 0.2679
1, 0.7386, 0.2614
1, 0.7384, 0.2616
1, 0.762, 0.238
1, 0.7451, 0.2549
1, 0.7429, 0.2571
1, 0.7631, 0.2369
1, 0.744, 0.256
1, 0.7427, 0.2573
1, 0.7671, 0.2329
1, 0.7587, 0.2413
1, 0.7363, 0.2637
1, 0.7448, 0.2552
1, 0.7606, 0.2394
1, 0.215, 0.785
1, 0.2086, 0.7914
0, 0.4403, 0.5597
1, 0.2336, 0.7664
1, 0.2086, 0.7914
0, 0.4429, 0.5571
1, 0.2138, 0.7862
1, 0.2334, 0.7666
1, 0.6351, 0.3649
1, 0.1994, 0.8006
1, 0.7624, 0.2376
1, 0.2851, 0.7149
1, 0.2042, 0.7958
1, 0.7665, 0.2335
1, 0.767, 0.233
1, 0.7687, 0.2313
1, 0.763, 0.237
1, 0.7408, 0.2592
1, 0.7631, 0.2369
1, 0.7416, 0.2584
1, 0.7689, 0.2311
1, 0.765, 0.235
1, 0.2067, 0.7933
1, 0.7617, 0.2383
1, 0.7564, 0.2436
1, 0.7631, 0.2369
1, 0.2029, 0.7971
1, 0.7658, 0.2342
1, 0.7623, 0.2377
1, 0.7623, 0.2377
1, 0.7412, 0.2588
1, 0.7472, 0.2528
1, 0.7652, 0.2348
1, 0.7325, 0.2675
1, 0.1938, 0.8062
1, 0.2168, 0.7832
1, 0.7557, 0.2443
1, 0.7559, 0.2441
1, 0.7607, 0.2393
1, 0.7634, 0.2366
1, 0.7632, 0.2368
1, 0.7646, 0.2354
1, 0.7299, 0.2701
1, 0.7587, 0.2413
1, 0.7642, 0.2358
1, 0.7642, 0.2358
1, 0.7434, 0.2566
1, 0.7362, 0.2638
1, 0.7598, 0.2402
1, 0.7624, 0.2376
1, 0.7616, 0.2384
1, 0.739, 0.261
1, 0.755, 0.245
1, 0.737, 0.263
1, 0.7595, 0.2405
1, 0.7553, 0.2447
1, 0.7557, 0.2443
1, 0.7642, 0.2358
1, 0.7553, 0.2447
1, 0.7553, 0.2447
1, 0.756, 0.244
1, 0.7416, 0.2584
1, 0.756, 0.244
1, 0.7551, 0.2449
1, 0.7484, 0.2516
1, 0.7553, 0.2447
1, 0.7545, 0.2455
1, 0.7409, 0.2591
1, 0.7635, 0.2365
1, 0.7397, 0.2603
1, 0.7499, 0.2501
1, 0.7556, 0.2444
1, 0.7474, 0.2526
1, 0.7557, 0.2443
1, 0.7476, 0.2524
1, 0.7552, 0.2448
1, 0.7643, 0.2357
1, 0.749, 0.251
1, 0.7635, 0.2365
1, 0.7551, 0.2449
1, 0.7556, 0.2444
1, 0.756, 0.244
0, 0.7945, 0.2055
1, 0.7535, 0.2465
1, 0.7406, 0.2594
1, 0.7595, 0.2405
1, 0.7464, 0.2536
1, 0.7446, 0.2554
1, 0.7416, 0.2584
1, 0.7411, 0.2589
1, 0.7465, 0.2535
1, 0.7666, 0.2334
1, 0.7655, 0.2345
1, 0.7422, 0.2578
1, 0.7395, 0.2605
1, 0.7625, 0.2375
1, 0.7654, 0.2346
1, 0.7477, 0.2523
1, 0.7566, 0.2434
1, 0.7624, 0.2376
1, 0.7613, 0.2387
1, 0.7635, 0.2365
1, 0.7596, 0.2404
1, 0.7666, 0.2334
1, 0.7505, 0.2495
1, 0.7447, 0.2553
1, 0.766, 0.234
1, 0.7636, 0.2364
1, 0.758, 0.242
1, 0.7617, 0.2383
1, 0.7636, 0.2364
1, 0.7656, 0.2344
1, 0.762, 0.238
1, 0.744, 0.256
1, 0.744, 0.256
1, 0.7647, 0.2353
1, 0.7615, 0.2385
1, 0.7512, 0.2488
1, 0.7474, 0.2526
1, 0.761, 0.239
1, 0.7464, 0.2536
1, 0.7619, 0.2381
1, 0.7409, 0.2591
1, 0.7609, 0.2391
1, 0.744, 0.256
1, 0.7418, 0.2582
1, 0.7653, 0.2347
1, 0.7439, 0.2561
1, 0.7661, 0.2339
1, 0.7375, 0.2625
1, 0.7626, 0.2374
1, 0.7672, 0.2328
1, 0.7651, 0.2349
1, 0.762, 0.238
1, 0.7409, 0.2591
1, 0.762, 0.238
1, 0.7648, 0.2352
1, 0.7409, 0.2591
1, 0.7631, 0.2369
1, 0.761, 0.239
1, 0.7626, 0.2374
1, 0.7626, 0.2374
1, 0.7634, 0.2366
1, 0.7626, 0.2374
1, 0.7609, 0.2391
1, 0.746, 0.254
1, 0.7614, 0.2386
1, 0.7611, 0.2389
1, 0.7616, 0.2384
1, 0.7617, 0.2383
1, 0.7409, 0.2591
1, 0.767, 0.233
1, 0.7369, 0.2631
1, 0.7381, 0.2619
1, 0.7442, 0.2558
1, 0.7443, 0.2557
1, 0.7611, 0.2389
1, 0.7616, 0.2384
1, 0.7465, 0.2535
1, 0.7425, 0.2575
1, 0.7393, 0.2607
1, 0.7441, 0.2559
1, 0.738, 0.262
1, 0.7374, 0.2626
1, 0.7403, 0.2597
1, 0.739, 0.261
1, 0.746, 0.254
1, 0.7375, 0.2625
1, 0.7522, 0.2478
1, 0.869, 0.131
1, 0.8604, 0.1396
1, 0.8712, 0.1288
1, 0.874, 0.126
1, 0.873, 0.127
1, 0.8696, 0.1304
1, 0.8739, 0.1261
1, 0.8757, 0.1243
1, 0.87, 0.13
1, 0.8634, 0.1366
1, 0.868, 0.132
1, 0.8829, 0.1171
1, 0.8771, 0.1229
1, 0.8694, 0.1306
1, 0.8738, 0.1262
1, 0.8704, 0.1296
1, 0.8692, 0.1308
1, 0.864, 0.136
1, 0.8692, 0.1308
1, 0.8705, 0.1295
1, 0.8746, 0.1254
1, 0.8846, 0.1154
1, 0.8745, 0.1255
1, 0.8842, 0.1158
1, 0.8748, 0.1252
1, 0.8807, 0.1193
1, 0.8635, 0.1365
1, 0.8641, 0.1359
1, 0.8697, 0.1303
1, 0.8576, 0.1424
1, 0.8774, 0.1226
1, 0.8745, 0.1255
1, 0.8752, 0.1248
1, 0.8733, 0.1267
1, 0.875, 0.125
1, 0.8786, 0.1214
1, 0.8728, 0.1272
1, 0.8644, 0.1356
1, 0.8678, 0.1322
1, 0.854, 0.146
1, 0.8661, 0.1339
1, 0.8808, 0.1192
1, 0.8692, 0.1308
1, 0.8861, 0.1139
1, 0.8731, 0.1269
1, 0.8769, 0.1231
1, 0.8752, 0.1248
1, 0.858, 0.142
1, 0.8667, 0.1333
1, 0.8737, 0.1263
1, 0.8742, 0.1258
1, 0.8635, 0.1365
1, 0.8735, 0.1265
1, 0.8808, 0.1192
1, 0.8776, 0.1224
1, 0.8641, 0.1359
1, 0.8745, 0.1255
1, 0.8798, 0.1202
1, 0.8851, 0.1149
1, 0.8697, 0.1303
1, 0.8576, 0.1424
1, 0.7635, 0.2365
1, 0.8661, 0.1339
0, 0.7854, 0.2146
1, 0.8537, 0.1463
1, 0.7887, 0.2113
0, 0.7898, 0.2102
1, 0.7371, 0.2629
1, 0.7585, 0.2415
1, 0.7329, 0.2671
1, 0.7286, 0.2714
1, 0.7314, 0.2686
1, 0.7288, 0.2712
0, 0.9649, 0.0351
0, 0.9628, 0.0372
0, 0.9589, 0.0411
0, 0.9612, 0.0388
0, 0.9589, 0.0411
0, 0.9635, 0.0365
0, 0.958, 0.042
0, 0.9605, 0.0395
0, 0.9652, 0.0348
0, 0.9643, 0.0357
0, 0.9862, 0.0138
0, 0.9605, 0.0395
0, 0.9591, 0.0409
0, 0.9586, 0.0414
0, 0.9627, 0.0373
0, 0.9522, 0.0478
0, 0.9643, 0.0357
0, 0.9666, 0.0334
0, 0.9538, 0.0462
0, 0.9655, 0.0345
0, 0.9651, 0.0349
0, 0.968, 0.032
0, 0.9589, 0.0411
0, 0.9655, 0.0345
0, 0.9699, 0.0301
0, 0.9636, 0.0364
0, 0.9634, 0.0366
0, 0.9641, 0.0359
0, 0.9589, 0.0411
0, 0.9654, 0.0346
0, 0.9589, 0.0411
0, 0.9521, 0.0479
0, 0.9508, 0.0492
0, 0.9655, 0.0345
0, 0.9666, 0.0334
0, 0.966, 0.034
0, 0.9603, 0.0397
0, 0.9633, 0.0367
0, 0.9534, 0.0466
0, 0.9615, 0.0385
0, 0.9655, 0.0345
0, 0.9605, 0.0395
0, 0.9638, 0.0362
0, 0.9602, 0.0398
0, 0.9624, 0.0376
0, 0.966, 0.034
0, 0.9524, 0.0476
0, 0.9631, 0.0369
0, 0.9589, 0.0411
0, 0.958, 0.042
0, 0.9586, 0.0414
0, 0.9639, 0.0361
0, 0.9675, 0.0325
0, 0.964, 0.036
0, 0.9636, 0.0364
0, 0.9656, 0.0344
0, 0.9695, 0.0305
0, 0.9627, 0.0373
0, 0.9636, 0.0364
0, 0.9656, 0.0344
0, 0.9675, 0.0325
0, 0.9638, 0.0362
0, 0.9578, 0.0422
0, 0.9675, 0.0325
0, 0.9711, 0.0289
0, 0.9701, 0.0299
0, 0.9619, 0.0381
0, 0.9636, 0.0364
0, 0.9684, 0.0316
0, 0.966, 0.034
0, 0.9636, 0.0364
0, 0.9595, 0.0405
0, 0.9599, 0.0401
0, 0.9687, 0.0313
0, 0.9669, 0.0331
0, 0.9591, 0.0409
0, 0.9624, 0.0376
0, 0.9593, 0.0407
0, 0.9682, 0.0318
0, 0.9825, 0.0175
0, 0.9854, 0.0146
0, 0.9814, 0.0186
0, 0.9826, 0.0174
0, 0.9846, 0.0154
0, 0.9848, 0.0152
0, 0.9814, 0.0186
0, 0.8727, 0.1273
0, 0.9008, 0.0992
0, 0.8695, 0.1305
0, 0.8742, 0.1258
0, 0.861, 0.139
0, 0.8711, 0.1289
0, 0.8777, 0.1223
0, 0.8538, 0.1462
0, 0.8474, 0.1526
0, 0.9029, 0.0971
0, 0.8599, 0.1401
1, 0.7414, 0.2586
1, 0.743, 0.257
1, 0.7603, 0.2397
1, 0.7382, 0.2618
1, 0.7387, 0.2613
1, 0.7588, 0.2412
1, 0.74, 0.26
1, 0.7605, 0.2395
1, 0.7425, 0.2575
1, 0.7619, 0.2381
1, 0.7409, 0.2591
1, 0.7349, 0.2651
1, 0.7317, 0.2683
1, 0.881, 0.119
1, 0.8043, 0.1957
1, 0.8121, 0.1879
1, 0.8116, 0.1884
1, 0.799, 0.201
1, 0.7999, 0.2001
1, 0.883, 0.117
1, 0.8183, 0.1817
1, 0.7443, 0.2557
0, 0.9786, 0.0214
0, 0.9772, 0.0228
1, 0.7732, 0.2268
1, 0.7457, 0.2543
1, 0.7676, 0.2324
1, 0.7432, 0.2568
1, 0.223, 0.777
0, 0.2978, 0.7022
1, 0.7693, 0.2307
1, 0.7673, 0.2327
1, 0.7597, 0.2403
1, 0.7704, 0.2296
1, 0.7675, 0.2325
1, 0.7635, 0.2365
1, 0.7645, 0.2355
1, 0.7624, 0.2376
1, 0.7518, 0.2482
1, 0.789, 0.211
1, 0.787, 0.213
1, 0.6852, 0.3148
1, 0.6732, 0.3268
1, 0.6841, 0.3159
1, 0.68, 0.32
1, 0.6846, 0.3154
1, 0.6793, 0.3207
1, 0.6361, 0.3639
1, 0.6825, 0.3175
1, 0.6807, 0.3193
1, 0.6344, 0.3656
1, 0.6823, 0.3177
1, 0.6801, 0.3199
1, 0.6828, 0.3172
1, 0.6844, 0.3156
1, 0.6835, 0.3165
1, 0.6844, 0.3156
1, 0.6848, 0.3152
1, 0.6841, 0.3159
1, 0.6854, 0.3146
1, 0.633, 0.367
1, 0.6844, 0.3156
1, 0.6814, 0.3186
1, 0.6831, 0.3169
1, 0.6837, 0.3163
1, 0.6798, 0.3202
1, 0.6823, 0.3177
1, 0.6849, 0.3151
1, 0.6851, 0.3149
1, 0.6799, 0.3201
1, 0.6832, 0.3168
1, 0.6835, 0.3165
1, 0.6802, 0.3198
1, 0.6823, 0.3177
1, 0.6828, 0.3172
1, 0.6824, 0.3176
1, 0.6845, 0.3155
1, 0.6849, 0.3151
1, 0.6702, 0.3298
1, 0.684, 0.316
1, 0.6264, 0.3736
1, 0.6862, 0.3138
1, 0.6833, 0.3167
1, 0.6834, 0.3166
1, 0.683, 0.317
1, 0.6855, 0.3145
1, 0.6824, 0.3176
1, 0.6815, 0.3185
1, 0.6295, 0.3705
1, 0.6379, 0.3621
1, 0.6854, 0.3146
1, 0.6841, 0.3159
1, 0.6824, 0.3176
1, 0.6823, 0.3177
1, 0.6266, 0.3734
1, 0.6824, 0.3176
1, 0.6856, 0.3144
1, 0.6362, 0.3638
1, 0.684, 0.316
1, 0.6866, 0.3134
1, 0.6798, 0.3202
1, 0.6824, 0.3176
1, 0.6835, 0.3165
1, 0.6858, 0.3142
1, 0.6771, 0.3229
1, 0.6858, 0.3142
1, 0.6874, 0.3126
1, 0.6874, 0.3126
1, 0.6827, 0.3173
1, 0.6733, 0.3267
1, 0.6848, 0.3152
1, 0.68, 0.32
1, 0.6846, 0.3154
1, 0.6793, 0.3207
1, 0.6825, 0.3175
1, 0.6821, 0.3179
1, 0.6836, 0.3164
1, 0.6824, 0.3176
1, 0.6858, 0.3142
1, 0.6874, 0.3126
1, 0.6874, 0.3126
1, 0.6329, 0.3671
1, 0.6873, 0.3127
1, 0.6877, 0.3123
1, 0.6744, 0.3256
1, 0.6325, 0.3675
1, 0.6297, 0.3703
1, 0.6398, 0.3602
1, 0.6243, 0.3757
1, 0.6891, 0.3109
1, 0.6855, 0.3145
1, 0.6264, 0.3736
1, 0.6319, 0.3681
1, 0.6286, 0.3714
1, 0.6834, 0.3166
1, 0.6718, 0.3282
1, 0.688, 0.312
1, 0.684, 0.316
1, 0.6857, 0.3143
1, 0.6861, 0.3139
1, 0.6813, 0.3187
1, 0.6876, 0.3124
1, 0.686, 0.314
1, 0.6889, 0.3111
1, 0.6846, 0.3154
1, 0.6801, 0.3199
1, 0.6888, 0.3112
1, 0.6817, 0.3183
1, 0.6837, 0.3163
1, 0.6843, 0.3157
1, 0.6891, 0.3109
1, 0.6302, 0.3698
1, 0.6349, 0.3651
1, 0.681, 0.319
0, 0.6221, 0.3779
1, 0.2344, 0.7656
1, 0.2375, 0.7625
1, 0.2375, 0.7625
0, 0.7414, 0.2586
0, 0.9401, 0.0599
1, 0.5774, 0.4226
1, 0.5865, 0.4135
1, 0.596, 0.404
1, 0.5863, 0.4137
1, 0.5836, 0.4164
1, 0.5933, 0.4067
1, 0.5859, 0.4141
1, 0.5819, 0.4181
1, 0.6248, 0.3752
1, 0.2204, 0.7796
1, 0.4571, 0.5429
1, 0.4573, 0.5427
1, 0.4821, 0.5179
1, 0.4846, 0.5154
1, 0.4786, 0.5214
1, 0.4458, 0.5542
1, 0.4984, 0.5016
1, 0.4455, 0.5545
1, 0.3392, 0.6608
1, 0.3392, 0.6608
1, 0.3407, 0.6593
1, 0.2418, 0.7582
1, 0.2211, 0.7789
1, 0.2233, 0.7767
1, 0.2229, 0.7771
1, 0.2223, 0.7777
1, 0.222, 0.778
1, 0.2218, 0.7782
1, 0.2211, 0.7789
1, 0.2215, 0.7785
1, 0.2218, 0.7782
1, 0.2223, 0.7777
1, 0.2225, 0.7775
1, 0.2225, 0.7775
1, 0.2223, 0.7777
1, 0.223, 0.777
1, 0.2225, 0.7775
1, 0.2113, 0.7887
1, 0.2121, 0.7879
1, 0.2106, 0.7894
1, 0.2123, 0.7877
1, 0.2444, 0.7556
1, 0.2302, 0.7698
1, 0.2142, 0.7858
1, 0.2631, 0.7369
1, 0.2655, 0.7345
1, 0.2804, 0.7196
1, 0.2653, 0.7347
1, 0.2658, 0.7342
1, 0.2636, 0.7364
1, 0.2644, 0.7356
1, 0.264, 0.736
1, 0.2634, 0.7366
1, 0.2654, 0.7346
1, 0.264, 0.736
1, 0.2662, 0.7338
1, 0.265, 0.735
1, 0.264, 0.736
1, 0.2654, 0.7346
1, 0.2629, 0.7371
1, 0.2641, 0.7359
1, 0.2912, 0.7088
1, 0.2643, 0.7357
1, 0.2871, 0.7129
1, 0.2654, 0.7346
1, 0.2633, 0.7367
1, 0.264, 0.736
1, 0.2641, 0.7359
1, 0.2636, 0.7364
1, 0.264, 0.736
1, 0.264, 0.736
1, 0.2871, 0.7129
1, 0.264, 0.736
1, 0.263, 0.737
1, 0.2896, 0.7104
1, 0.2876, 0.7124
1, 0.2881, 0.7119
1, 0.2647, 0.7353
1, 0.281, 0.719
1, 0.2626, 0.7374
1, 0.2658, 0.7342
1, 0.2644, 0.7356
1, 0.2654, 0.7346
1, 0.2662, 0.7338
1, 0.2658, 0.7342
1, 0.2649, 0.7351
1, 0.2649, 0.7351
1, 0.2647, 0.7353
1, 0.2653, 0.7347
1, 0.2638, 0.7362
1, 0.2652, 0.7348
1, 0.2641, 0.7359
1, 0.2639, 0.7361
1, 0.2873, 0.7127
1, 0.2863, 0.7137
1, 0.263, 0.737
1, 0.2654, 0.7346
1, 0.2815, 0.7185
1, 0.3024, 0.6976
1, 0.4382, 0.5618
1, 0.4404, 0.5596
1, 0.4205, 0.5795
1, 0.4289, 0.5711
1, 0.4144, 0.5856
1, 0.4544, 0.5456
1, 0.4302, 0.5698
1, 0.4412, 0.5588
1, 0.4296, 0.5704
1, 0.429, 0.571
1, 0.429, 0.571
1, 0.3477, 0.6523
1, 0.3466, 0.6534
1, 0.3452, 0.6548
1, 0.5692, 0.4308
1, 0.6795, 0.3205
