1, 0.6284166666666666, 0.3715833333333333
1, 0.6227204761904762, 0.37727952380952384
0, 0.941175, 0.058825
0, 0.9498, 0.0502
0, 0.9255933333333333, 0.07440666666666666
0, 0.9906333333333333, 0.009366666666666667
0, 0.9585666666666666, 0.04143333333333333
1, 0.987, 0.013
0, 0.7740338095238094, 0.22596619047619046
0, 0.9986, 0.0014
0, 0.9627, 0.0373
0, 0.6546, 0.3454
0, 0.7358500000000001, 0.26414999999999994
0, 0.7424149999999999, 0.257585
0, 0.998, 0.002
0, 0.9143, 0.0857
0, 0.9972, 0.0028
0, 0.8482, 0.1518
1, 0.0297, 0.9703
0, 0.35795, 0.64205
0, 0.35575, 0.64425
0, 0.35855, 0.64145
0, 0.2362, 0.7638
0, 0.36265, 0.63735
0, 0.35785, 0.64215
0, 0.4422, 0.5578
0, 0.4399, 0.5601
0, 0.4537, 0.5463
0, 0.4056, 0.5944
0, 0.4337, 0.5663
0, 0.4282, 0.5718
0, 0.3236, 0.6764
0, 0.47015, 0.52985
0, 0.4211, 0.5789
0, 0.5578, 0.4422
0, 0.6177771428571427, 0.3822228571428571
0, 0.328, 0.672
0, 0.380325, 0.619675
0, 0.8876666666666668, 0.11233333333333335
0, 0.54787, 0.45213000000000003
1, 0.0501, 0.9499
0, 0.4881, 0.5119
0, 0.6284, 0.3716
0, 0.9176, 0.0824
0, 0.9836666666666668, 0.01633333333333333
0, 0.9838, 0.0162
0, 0.9817833333333332, 0.018216666666666666
0, 0.9701166666666666, 0.02988333333333333
0, 0.9121, 0.0879
0, 0.9079, 0.0921
0, 0.9981, 0.0019
0, 0.9998, 0.0002
0, 0.82, 0.18
1, 0.0436, 0.9564
0, 0.979575, 0.020425
0, 0.975, 0.025
0, 0.8518, 0.1482
0, 0.9578, 0.0422
0, 0.855, 0.145
0, 0.8860066666666667, 0.11399333333333332
1, 0.0223, 0.9777
1, 0.0235, 0.9765
0, 0.8929666666666668, 0.10703333333333336
0, 0.8911, 0.1089
0, 0.9649, 0.0351
0, 0.9859, 0.0141
1, 0.09028333333333333, 0.9097166666666668
0, 0.888109523809524, 0.11189047619047622
1, 0.0962, 0.9038
0, 0.9896, 0.0104
1, 0.0239, 0.9761
1, 0.1799, 0.8201
1, 0.1714, 0.8286
1, 0.1759, 0.8241
1, 0.1801, 0.8199
0, 0.8898, 0.1102
1, 0.1804, 0.8196
1, 0.1275, 0.8725
1, 0.170325, 0.829675
0, 0.5039, 0.4961
1, 0.1739, 0.8261
1, 0.1801, 0.8199
1, 0.1798, 0.8202
1, 0.0612, 0.9388
1, 0.1735, 0.8265
0, 0.6689, 0.3311
1, 0.1561, 0.8439
1, 0.1603, 0.8397
1, 0.1524, 0.8476
1, 0.1799, 0.8201
0, 0.9156, 0.0844
1, 0.1777, 0.8223
1, 0.1561, 0.8439
1, 0.15285, 0.84715
1, 0.1796, 0.8204
1, 0.1797, 0.8203
1, 0.1799, 0.8201
0, 0.7164, 0.2836
0, 0.8901, 0.1099
1, 0.1802, 0.8198
1, 0.1797, 0.8203
1, 0.1798, 0.8202
1, 0.1807, 0.8193
1, 0.1803, 0.8197
0, 0.7118, 0.2882
1, 0.1883, 0.8117
1, 0.0622, 0.9378
0, 0.8905, 0.1095
0, 0.8722, 0.1278
1, 0.171, 0.829
0, 0.9159, 0.0841
1, 0.0622, 0.9378
1, 0.0639, 0.9361
1, 0.1795, 0.8205
0, 0.7309, 0.2691
0, 0.7306, 0.2694
1, 0.1799, 0.8201
1, 0.0635, 0.9365
1, 0.1796, 0.8204
0, 0.7165, 0.2835
1, 0.17091499999999998, 0.8290850000000002
1, 0.1795, 0.8205
1, 0.1711, 0.8289
1, 0.1795, 0.8205
1, 0.1643, 0.8357
1, 0.1595, 0.8405
0, 0.7113, 0.2887
1, 0.062, 0.938
0, 0.7117, 0.2883
0, 0.7115, 0.2885
0, 0.6648, 0.3352
0, 0.8614333333333334, 0.13856666666666664
1, 0.6209833333333334, 0.3790166666666667
1, 0.0627, 0.9373
1, 0.0591, 0.9409
0, 0.7162, 0.2838
0, 0.666, 0.334
0, 0.4415, 0.5585
0, 0.5778166666666666, 0.4221833333333333
0, 0.887, 0.113
0, 0.6677, 0.3323
0, 0.7059, 0.2941
0, 0.8616166666666668, 0.13838333333333333
1, 0.5141, 0.4859
0, 0.8600142857142861, 0.13998571428571432
0, 0.8589716666666667, 0.14102833333333337
0, 0.8676383333333335, 0.1323616666666667
0, 0.6110488095238096, 0.3889511904761903
0, 0.8174933333333333, 0.18250666666666665
0, 0.8674383333333335, 0.13256166666666672
0, 0.6120488095238096, 0.3879511904761903
0, 0.6126488095238095, 0.3873511904761903
0, 0.6130154761904762, 0.3869845238095237
0, 0.6131488095238096, 0.3868511904761903
0, 0.6115488095238095, 0.3884511904761903
0, 0.6112488095238096, 0.38875119047619033
0, 0.6111488095238096, 0.3888511904761903
0, 0.8583716666666668, 0.14162833333333338
0, 0.8583716666666668, 0.14162833333333338
0, 0.8612050000000001, 0.13879500000000006
0, 0.8372833333333334, 0.16271666666666665
0, 0.7288416666666666, 0.2711583333333333
0, 0.817125, 0.182875
0, 0.7270416666666666, 0.2729583333333333
0, 0.7288416666666666, 0.2711583333333333
0, 0.7270416666666666, 0.2729583333333333
0, 0.5955369047619049, 0.40446309523809526
0, 0.7271416666666666, 0.2728583333333333
0, 0.8751, 0.1249
0, 0.7870121428571428, 0.21298785714285715
0, 0.7531416666666666, 0.2468583333333333
0, 0.7396199999999999, 0.26038
0, 0.8157266666666666, 0.18427333333333334
0, 0.7591416666666666, 0.2408583333333333
0, 0.7323333333333334, 0.2676666666666667
0, 0.7269416666666666, 0.2730583333333333
0, 0.7319916666666666, 0.2680083333333333
0, 0.7336, 0.2664
0, 0.7252, 0.2748
1, 0.1718, 0.8282
0, 0.7322, 0.2678
0, 0.7270416666666666, 0.2729583333333333
0, 0.7293416666666666, 0.2706583333333333
0, 0.7576416666666667, 0.24235833333333331
0, 0.7331416666666666, 0.2668583333333333
0, 0.3859, 0.6141
0, 0.733, 0.267
1, 0.5013, 0.4987
0, 0.7288416666666666, 0.2711583333333333
0, 0.8509166666666668, 0.14908333333333332
0, 0.5433, 0.4567
0, 0.5399, 0.4601
0, 0.5432, 0.4568
0, 0.7801, 0.2199
0, 0.3571, 0.6429
0, 0.3851, 0.6149
0, 0.9121866666666667, 0.08781333333333331
0, 0.5142, 0.4858
0, 0.6209949999999999, 0.379005
0, 0.3698, 0.6302
0, 0.71692, 0.28308
0, 0.73225, 0.26775
0, 0.3892, 0.6108
0, 0.7141430952380954, 0.2858569047619048
0, 0.6453666666666666, 0.35463333333333336
0, 0.5770066666666667, 0.42299333333333333
0, 0.5168, 0.4832
0, 0.46455, 0.53545
0, 0.4451, 0.5549
0, 0.4501, 0.5499
0, 0.4449, 0.5551
0, 0.6872921428571429, 0.3127078571428571
0, 1.0, 0.0
0, 0.9997, 0.0003
0, 0.9997, 0.0003
0, 0.9998, 0.0002
0, 0.9997, 0.0003
0, 0.9998, 0.0002
0, 1.0, 0.0
0, 0.9543, 0.0457
0, 1.0, 0.0
0, 1.0, 0.0
0, 0.9543, 0.0457
0, 0.9543, 0.0457
0, 0.3866, 0.6134
0, 0.5589833333333334, 0.4410166666666666
0, 0.2747, 0.7253
0, 0.317, 0.683
0, 0.2792, 0.7208
0, 0.4531, 0.5469
0, 0.849379523809524, 0.1506204761904762
0, 0.835575, 0.164425
1, 0.9848, 0.0152
1, 0.0062, 0.9938
0, 0.767275, 0.23272500000000004
0, 0.9942, 0.0058
0, 0.8606, 0.1394
1, 0.98295, 0.01705
0, 0.8658283333333333, 0.13417166666666663
0, 0.799415, 0.20058499999999999
0, 0.7323, 0.2677
0, 0.7993, 0.2007
0, 0.7014166666666666, 0.2985833333333333
0, 0.6989833333333333, 0.30101666666666665
1, 0.0163, 0.9837
0, 0.8602116666666668, 0.1397883333333333
0, 0.7462, 0.2538
0, 0.8079, 0.1921
0, 0.9762, 0.0238
0, 0.9602, 0.0398
0, 0.9951, 0.0049
0, 0.7979, 0.2021
0, 0.9842, 0.0158
0, 0.9812, 0.0188
0, 0.9981, 0.0019
0, 0.9818, 0.0182
0, 0.971, 0.029
0, 0.9747, 0.0253
0, 0.4453, 0.5547
1, 0.0208, 0.9792
0, 0.969, 0.031
0, 0.8578, 0.1422
0, 0.9687, 0.0313
0, 0.9835, 0.0165
0, 0.984675, 0.015325
0, 0.959425, 0.040575
0, 0.7082, 0.2918
0, 0.9060366666666665, 0.09396333333333334
0, 0.9577783333333331, 0.04222166666666667
0, 0.9760533333333333, 0.023946666666666668
0, 0.8954066666666668, 0.10459333333333334
0, 0.9774166666666666, 0.022583333333333334
0, 0.9369, 0.0631
0, 0.9757666666666668, 0.024233333333333336
0, 0.7179849999999999, 0.28201499999999996
0, 0.9961, 0.0039
0, 0.9967, 0.0033
0, 0.9944, 0.0056
0, 0.9967, 0.0033
0, 0.9827, 0.0173
0, 0.9707, 0.0293
0, 0.9967, 0.0033
1, 0.1849, 0.8151
0, 0.485, 0.515
0, 0.4149, 0.5851
0, 0.7098, 0.2902
1, 0.1944, 0.8056
1, 0.187, 0.813
1, 0.1947, 0.8053
1, 0.1942, 0.8058
1, 0.1969, 0.8031
1, 0.194, 0.806
1, 0.1301, 0.8699
1, 0.1939, 0.8061
1, 0.194, 0.806
1, 0.1942, 0.8058
1, 0.1875, 0.8125
0, 0.5733, 0.4267
1, 0.1593, 0.8407
0, 0.5798, 0.4202
0, 0.5693, 0.4307
0, 0.5719, 0.4281
0, 0.9319, 0.0681
0, 0.9301, 0.0699
0, 0.9465, 0.0535
0, 0.9489, 0.0511
0, 0.9487, 0.0513
0, 0.9330333333333332, 0.06696666666666667
0, 0.94391, 0.05609
0, 0.9439, 0.0561
0, 0.2887, 0.7113
0, 0.3062, 0.6938
0, 0.2981, 0.7019
0, 0.2955, 0.7045
0, 0.2988, 0.7012
0, 0.3142, 0.6858
0, 0.3408, 0.6592
0, 0.3571, 0.6429
0, 0.7553283333333334, 0.24467166666666668
0, 0.76512, 0.23488
0, 0.7655, 0.2345
0, 0.7629866666666666, 0.23701333333333333
0, 0.8692, 0.1308
0, 0.8621, 0.1379
0, 0.8708, 0.1292
0, 0.1987, 0.8013
1, 0.0106, 0.9894
1, 0.0106, 0.9894
1, 0.0463, 0.9537
1, 0.0472, 0.9528
1, 0.0209, 0.9791
1, 0.0102, 0.9898
1, 0.0098, 0.9902
1, 0.0119, 0.9881
1, 0.0476, 0.9524
1, 0.021, 0.979
1, 0.0208, 0.9792
1, 0.0118, 0.9882
1, 0.0098, 0.9902
1, 0.0119, 0.9881
1, 0.0242, 0.9758
1, 0.0124, 0.9876
1, 0.0518, 0.9482
1, 0.0466, 0.9534
1, 0.0518, 0.9482
1, 0.0524, 0.9476
1, 0.0518, 0.9482
1, 0.0119, 0.9881
1, 0.0099, 0.9901
1, 0.0517, 0.9483
1, 0.0502, 0.9498
1, 0.0518, 0.9482
1, 0.012, 0.988
1, 0.0502, 0.9498
1, 0.0526, 0.9474
1, 0.0098, 0.9902
1, 0.0514, 0.9486
1, 0.0518, 0.9482
1, 0.0291, 0.9709
1, 0.0094, 0.9906
1, 0.0119, 0.9881
1, 0.0102, 0.9898
1, 0.0098, 0.9902
1, 0.052, 0.948
1, 0.0472, 0.9528
1, 0.0476, 0.9524
1, 0.0119, 0.9881
1, 0.021, 0.979
1, 0.0119, 0.9881
1, 0.012, 0.988
1, 0.0208, 0.9792
1, 0.0094, 0.9906
1, 0.0525, 0.9475
1, 0.0099, 0.9901
1, 0.0118, 0.9882
1, 0.0102, 0.9898
1, 0.0119, 0.9881
1, 0.0209, 0.9791
1, 0.0098, 0.9902
1, 0.0119, 0.9881
1, 0.0519, 0.9481
1, 0.0102, 0.9898
1, 0.0119, 0.9881
1, 0.0209, 0.9791
1, 0.0119, 0.9881
1, 0.0106, 0.9894
1, 0.0098, 0.9902
1, 0.0106, 0.9894
1, 0.0519, 0.9481
1, 0.0515, 0.9485
1, 0.0102, 0.9898
1, 0.1737, 0.8263
1, 0.174, 0.826
1, 0.1679, 0.8321
1, 0.012, 0.988
1, 0.0099, 0.9901
1, 0.1595, 0.8405
1, 0.1875, 0.8125
1, 0.0094, 0.9906
1, 0.17091499999999998, 0.8290850000000002
1, 0.194, 0.806
1, 0.0102, 0.9898
1, 0.1777, 0.8223
1, 0.0517, 0.9483
1, 0.0102, 0.9898
1, 0.0472, 0.9528
1, 0.1777, 0.8223
1, 0.0472, 0.9528
1, 0.1797, 0.8203
1, 0.0106, 0.9894
1, 0.1804, 0.8196
1, 0.5141, 0.4859
1, 0.1807, 0.8193
1, 0.0519, 0.9481
1, 0.0519, 0.9481
1, 0.0962, 0.9038
1, 0.0519, 0.9481
1, 0.0223, 0.9777
1, 0.0119, 0.9881
1, 0.0102, 0.9898
1, 0.021, 0.979
1, 0.0472, 0.9528
1, 0.1777, 0.8223
1, 0.0098, 0.9902
1, 0.0124, 0.9876
1, 0.0208, 0.9792
1, 0.0472, 0.9528
1, 0.187, 0.813
1, 0.0612, 0.9388
1, 0.021, 0.979
1, 0.0094, 0.9906
1, 0.1875, 0.8125
1, 0.1797, 0.8203
1, 0.0094, 0.9906
1, 0.0163, 0.9837
1, 0.0622, 0.9378
1, 0.0591, 0.9409
1, 0.0209, 0.9791
1, 0.1759, 0.8241
1, 0.052, 0.948
1, 0.194, 0.806
1, 0.1803, 0.8197
1, 0.1875, 0.8125
1, 0.0466, 0.9534
1, 0.6284166666666666, 0.3715833333333333
1, 0.1275, 0.8725
1, 0.0209, 0.9791
1, 0.0515, 0.9485
1, 0.9848, 0.0152
1, 0.0223, 0.9777
1, 0.0119, 0.9881
1, 0.0106, 0.9894
1, 0.0102, 0.9898
1, 0.1875, 0.8125
1, 0.0519, 0.9481
1, 0.0098, 0.9902
1, 0.17091499999999998, 0.8290850000000002
1, 0.9848, 0.0152
1, 0.1799, 0.8201
1, 0.1275, 0.8725
1, 0.0119, 0.9881
1, 0.187, 0.813
1, 0.1797, 0.8203
1, 0.0242, 0.9758
1, 0.0519, 0.9481
1, 0.187, 0.813
1, 0.0242, 0.9758
1, 0.1795, 0.8205
1, 0.1714, 0.8286
1, 0.1561, 0.8439
1, 0.1969, 0.8031
1, 0.1799, 0.8201
1, 0.0209, 0.9791
1, 0.1777, 0.8223
1, 0.1799, 0.8201
1, 0.1777, 0.8223
1, 0.0094, 0.9906
1, 0.1799, 0.8201
1, 0.0223, 0.9777
1, 0.0102, 0.9898
1, 0.1561, 0.8439
1, 0.0098, 0.9902
1, 0.0163, 0.9837
1, 0.0519, 0.9481
1, 0.0102, 0.9898
1, 0.0472, 0.9528
1, 0.09028333333333333, 0.9097166666666668
1, 0.1796, 0.8204
1, 0.0094, 0.9906
1, 0.0209, 0.9791
1, 0.1759, 0.8241
1, 0.0622, 0.9378
1, 0.187, 0.813
1, 0.194, 0.806
1, 0.0099, 0.9901
1, 0.5013, 0.4987
