1, 0.4456, 0.5544
1, 0.4172, 0.5828
1, 0.4453, 0.5547
1, 0.4179, 0.5821
1, 0.0484, 0.9516
1, 0.4172, 0.5828
1, 0.4172, 0.5828
1, 0.4186, 0.5814
1, 0.4188, 0.5812
1, 0.4192, 0.5808
1, 0.4167, 0.5833
1, 0.419, 0.581
1, 0.3854, 0.6146
1, 0.4145, 0.5855
1, 0.4137, 0.5863
1, 0.4136, 0.5864
1, 0.4386, 0.5614
1, 0.4413, 0.5587
1, 0.4165, 0.5835
1, 0.4166, 0.5834
1, 0.415, 0.585
1, 0.4164, 0.5836
1, 0.4174, 0.5826
1, 0.4175, 0.5825
1, 0.4178, 0.5822
1, 0.414, 0.586
1, 0.4216, 0.5784
1, 0.4159, 0.5841
1, 0.4206, 0.5794
1, 0.4185, 0.5815
1, 0.4155, 0.5845
1, 0.4142, 0.5858
1, 0.4149, 0.5851
1, 0.4162, 0.5838
1, 0.4169, 0.5831
1, 0.4148, 0.5852
1, 0.4165, 0.5835
1, 0.4161, 0.5839
1, 0.4141, 0.5859
1, 0.4179, 0.5821
1, 0.4149, 0.5851
1, 0.4158, 0.5842
1, 0.4179, 0.5821
1, 0.4151, 0.5849
1, 0.4149, 0.5851
1, 0.4169, 0.5831
1, 0.4144, 0.5856
1, 0.417, 0.583
1, 0.4151, 0.5849
1, 0.4181, 0.5819
1, 0.4163, 0.5837
1, 0.4168, 0.5832
1, 0.416, 0.584
1, 0.416, 0.584
1, 0.4151, 0.5849
1, 0.4179, 0.5821
1, 0.4164, 0.5836
1, 0.4177, 0.5823
1, 0.4156, 0.5844
1, 0.4188, 0.5812
1, 0.413, 0.587
1, 0.4142, 0.5858
1, 0.414, 0.586
1, 0.4132, 0.5868
1, 0.4204, 0.5796
1, 0.4129, 0.5871
1, 0.4502, 0.5498
1, 0.4187, 0.5813
1, 0.4161, 0.5839
1, 0.4159, 0.5841
1, 0.4148, 0.5852
1, 0.4148, 0.5852
1, 0.194, 0.806
1, 0.414, 0.586
1, 0.4149, 0.5851
1, 0.4152, 0.5848
1, 0.4009, 0.5991
1, 0.4168, 0.5832
1, 0.4134, 0.5866
1, 0.4131, 0.5869
1, 0.4178, 0.5822
1, 0.414, 0.586
1, 0.4149, 0.5851
1, 0.4165, 0.5835
1, 0.4185, 0.5815
1, 0.42, 0.58
1, 0.42, 0.58
1, 0.42, 0.58
1, 0.4168, 0.5832
1, 0.4173, 0.5827
1, 0.4153, 0.5847
1, 0.4178, 0.5822
1, 0.416, 0.584
1, 0.4176, 0.5824
1, 0.4183, 0.5817
1, 0.4129, 0.5871
1, 0.4137, 0.5863
1, 0.4154, 0.5846
1, 0.4177, 0.5823
1, 0.4415, 0.5585
1, 0.4404, 0.5596
1, 0.4415, 0.5585
1, 0.4403, 0.5597
1, 0.0098, 0.9902
1, 0.1315, 0.8685
1, 0.131, 0.869
1, 0.1314, 0.8686
1, 0.119, 0.881
1, 0.016, 0.984
1, 0.1196, 0.8804
1, 0.0185, 0.9815
1, 0.4402, 0.5598
1, 0.4417, 0.5583
1, 0.4396, 0.5604
1, 0.4417, 0.5583
1, 0.4417, 0.5583
1, 0.4398, 0.5602
1, 0.4409, 0.5591
1, 0.4387, 0.5613
1, 0.4413, 0.5587
1, 0.4409, 0.5591
1, 0.4389, 0.5611
1, 0.4412, 0.5588
1, 0.4412, 0.5588
1, 0.4412, 0.5588
1, 0.4408, 0.5592
1, 0.4422, 0.5578
1, 0.442, 0.558
1, 0.444, 0.556
1, 0.0163, 0.9837
1, 0.1259, 0.8741
1, 0.1243, 0.8757
1, 0.0131, 0.9869
1, 0.1209, 0.8791
1, 0.0112, 0.9888
1, 0.4398, 0.5602
1, 0.441, 0.559
1, 0.441, 0.559
1, 0.441, 0.559
1, 0.441, 0.559
1, 0.441, 0.559
1, 0.4393, 0.5607
1, 0.4394, 0.5606
1, 0.4408, 0.5592
1, 0.0122, 0.9878
1, 0.4401, 0.5599
1, 0.4379, 0.5621
1, 0.4379, 0.5621
1, 0.4401, 0.5599
1, 0.4404, 0.5596
1, 0.1139, 0.8861
1, 0.1232, 0.8768
1, 0.1151, 0.8849
1, 0.1148, 0.8852
1, 0.1151, 0.8849
1, 0.1267, 0.8733
1, 0.1154, 0.8846
1, 0.1149, 0.8851
1, 0.4415, 0.5585
1, 0.4422, 0.5578
1, 0.44, 0.56
1, 0.4382, 0.5618
1, 0.4422, 0.5578
1, 0.4389, 0.5611
1, 0.441, 0.559
1, 0.4398, 0.5602
1, 0.4429, 0.5571
1, 0.4397, 0.5603
1, 0.4364, 0.5636
1, 0.4431, 0.5569
1, 0.4405, 0.5595
1, 0.4414, 0.5586
1, 0.4392, 0.5608
1, 0.4392, 0.5608
1, 0.4371, 0.5629
1, 0.4401, 0.5599
1, 0.4409, 0.5591
1, 0.4414, 0.5586
1, 0.4406, 0.5594
1, 0.4414, 0.5586
1, 0.4397, 0.5603
1, 0.4377, 0.5623
1, 0.4417, 0.5583
1, 0.4402, 0.5598
1, 0.4399, 0.5601
1, 0.4413, 0.5587
1, 0.4414, 0.5586
1, 0.4421, 0.5579
1, 0.4379, 0.5621
1, 0.4388, 0.5612
1, 0.4401, 0.5599
1, 0.4422, 0.5578
1, 0.4385, 0.5615
1, 0.44, 0.56
1, 0.4396, 0.5604
1, 0.4411, 0.5589
1, 0.4398, 0.5602
1, 0.438, 0.562
1, 0.438, 0.562
1, 0.4389, 0.5611
1, 0.4422, 0.5578
1, 0.4411, 0.5589
1, 0.1165, 0.8835
1, 0.114, 0.886
1, 0.1236, 0.8764
1, 0.1218, 0.8782
1, 0.1149, 0.8851
1, 0.1151, 0.8849
1, 0.4397, 0.5603
1, 0.4391, 0.5609
1, 0.4388, 0.5612
1, 0.439, 0.561
1, 0.4404, 0.5596
1, 0.4396, 0.5604
1, 0.4378, 0.5622
1, 0.4422, 0.5578
1, 0.4418, 0.5582
1, 0.4422, 0.5578
1, 0.4421, 0.5579
1, 0.438, 0.562
1, 0.4389, 0.5611
1, 0.4422, 0.5578
1, 0.4391, 0.5609
1, 0.4396, 0.5604
1, 0.441, 0.559
1, 0.0131, 0.9869
1, 0.4382, 0.5618
1, 0.4439, 0.5561
1, 0.4395, 0.5605
1, 0.4382, 0.5618
1, 0.4399, 0.5601
1, 0.4396, 0.5604
1, 0.4417, 0.5583
1, 0.4423, 0.5577
1, 0.4421, 0.5579
1, 0.0167, 0.9833
1, 0.4417, 0.5583
1, 0.4425, 0.5575
1, 0.013, 0.987
1, 0.4426, 0.5574
1, 0.4395, 0.5605
1, 0.444, 0.556
1, 0.4397, 0.5603
1, 0.0145, 0.9855
1, 0.0127, 0.9873
1, 0.439, 0.561
1, 0.0134, 0.9866
1, 0.0125, 0.9875
1, 0.4436, 0.5564
1, 0.4422, 0.5578
1, 0.4418, 0.5582
1, 0.4399, 0.5601
1, 0.0154, 0.9846
1, 0.0138, 0.9862
1, 0.4392, 0.5608
1, 0.0138, 0.9862
1, 0.0136, 0.9864
1, 0.4439, 0.5561
1, 0.4417, 0.5583
1, 0.0134, 0.9866
1, 0.0138, 0.9862
1, 0.4405, 0.5595
1, 0.4409, 0.5591
1, 0.444, 0.556
1, 0.4391, 0.5609
1, 0.4422, 0.5578
1, 0.4418, 0.5582
1, 0.4382, 0.5618
1, 0.442, 0.558
1, 0.4397, 0.5603
1, 0.4396, 0.5604
1, 0.4417, 0.5583
1, 0.1426, 0.8574
1, 0.4417, 0.5583
1, 0.4405, 0.5595
1, 0.4391, 0.5609
1, 0.4417, 0.5583
1, 0.4439, 0.5561
1, 0.0139, 0.9861
1, 0.0133, 0.9867
1, 0.1312, 0.8688
1, 0.4409, 0.5591
1, 0.4396, 0.5604
1, 0.0237, 0.9763
1, 0.4402, 0.5598
1, 0.2345, 0.7655
1, 0.0256, 0.9744
1, 0.2283, 0.7717
1, 0.4392, 0.5608
1, 0.4404, 0.5596
1, 0.4418, 0.5582
1, 0.4424, 0.5576
1, 0.4406, 0.5594
1, 0.44, 0.56
1, 0.4398, 0.5602
1, 0.4385, 0.5615
1, 0.4405, 0.5595
1, 0.4392, 0.5608
1, 0.4399, 0.5601
1, 0.4377, 0.5623
1, 0.4399, 0.5601
1, 0.44, 0.56
1, 0.4379, 0.5621
1, 0.4364, 0.5636
1, 0.4389, 0.5611
1, 0.437, 0.563
1, 0.4397, 0.5603
1, 0.4419, 0.5581
1, 0.4414, 0.5586
1, 0.44, 0.56
1, 0.4407, 0.5593
1, 0.4369, 0.5631
1, 0.4398, 0.5602
1, 0.4429, 0.5571
1, 0.4398, 0.5602
1, 0.4409, 0.5591
1, 0.4398, 0.5602
1, 0.4405, 0.5595
1, 0.4421, 0.5579
1, 0.4399, 0.5601
1, 0.44, 0.56
1, 0.4379, 0.5621
1, 0.438, 0.562
1, 0.4422, 0.5578
1, 0.4422, 0.5578
1, 0.4407, 0.5593
1, 0.4436, 0.5564
1, 0.4386, 0.5614
1, 0.4422, 0.5578
1, 0.4411, 0.5589
1, 0.4365, 0.5635
1, 0.4405, 0.5595
1, 0.437, 0.563
1, 0.4407, 0.5593
1, 0.4405, 0.5595
1, 0.4391, 0.5609
1, 0.441, 0.559
1, 0.439, 0.561
1, 0.4382, 0.5618
1, 0.4389, 0.5611
1, 0.4379, 0.5621
1, 0.4405, 0.5595
1, 0.4399, 0.5601
1, 0.4377, 0.5623
1, 0.4404, 0.5596
1, 0.4416, 0.5584
1, 0.4412, 0.5588
1, 0.4374, 0.5626
1, 0.441, 0.559
1, 0.437, 0.563
1, 0.4407, 0.5593
1, 0.4389, 0.5611
1, 0.4418, 0.5582
1, 0.4406, 0.5594
1, 0.4372, 0.5628
1, 0.4382, 0.5618
1, 0.4401, 0.5599
1, 0.4399, 0.5601
1, 0.4403, 0.5597
1, 0.4397, 0.5603
1, 0.131, 0.869
1, 0.0143, 0.9857
1, 0.0129, 0.9871
1, 0.4428, 0.5572
1, 0.4405, 0.5595
1, 0.4387, 0.5613
1, 0.1426, 0.8574
1, 0.0147, 0.9853
1, 0.4409, 0.5591
1, 0.1292, 0.8708
1, 0.4417, 0.5583
1, 0.4419, 0.5581
1, 0.1249, 0.8751
1, 0.0143, 0.9857
1, 0.0125, 0.9875
1, 0.1312, 0.8688
1, 0.1326, 0.8674
1, 0.4397, 0.5603
1, 0.0129, 0.9871
1, 0.126, 0.874
1, 0.0135, 0.9865
1, 0.4424, 0.5576
1, 0.4396, 0.5604
1, 0.1268, 0.8732
1, 0.1238, 0.8762
1, 0.1269, 0.8731
1, 0.4409, 0.5591
1, 0.4424, 0.5576
1, 0.443, 0.557
1, 0.4411, 0.5589
1, 0.4396, 0.5604
1, 0.4412, 0.5588
1, 0.4421, 0.5579
1, 0.0126, 0.9874
1, 0.4427, 0.5573
1, 0.4421, 0.5579
1, 0.0147, 0.9853
1, 0.4422, 0.5578
1, 0.4387, 0.5613
1, 0.443, 0.557
1, 0.4422, 0.5578
1, 0.442, 0.558
1, 0.442, 0.558
1, 0.441, 0.559
1, 0.4419, 0.5581
1, 0.4404, 0.5596
1, 0.0128, 0.9872
1, 0.4382, 0.5618
1, 0.4426, 0.5574
1, 0.443, 0.557
1, 0.442, 0.558
1, 0.4411, 0.5589
1, 0.013, 0.987
1, 0.0149, 0.9851
1, 0.4414, 0.5586
1, 0.4405, 0.5595
1, 0.442, 0.558
1, 0.4405, 0.5595
1, 0.4387, 0.5613
1, 0.4404, 0.5596
1, 0.4396, 0.5604
1, 0.4388, 0.5612
1, 0.4382, 0.5618
1, 0.4417, 0.5583
1, 0.4397, 0.5603
1, 0.1326, 0.8674
1, 0.1426, 0.8574
1, 0.4412, 0.5588
1, 0.0122, 0.9878
1, 0.0147, 0.9853
1, 0.4409, 0.5591
1, 0.4427, 0.5573
1, 0.4392, 0.5608
1, 0.442, 0.558
1, 0.4396, 0.5604
1, 0.1334, 0.8666
1, 0.1326, 0.8674
1, 0.442, 0.558
1, 0.0138, 0.9862
1, 0.4421, 0.5579
1, 0.1426, 0.8574
1, 0.0154, 0.9846
1, 0.1312, 0.8688
1, 0.4382, 0.5618
1, 0.4388, 0.5612
1, 0.0122, 0.9878
1, 0.1334, 0.8666
1, 0.442, 0.558
1, 0.4392, 0.5608
1, 0.0135, 0.9865
1, 0.4394, 0.5606
1, 0.4422, 0.5578
1, 0.131, 0.869
1, 0.4419, 0.5581
1, 0.0138, 0.9862
1, 0.1305, 0.8695
1, 0.1419, 0.8581
1, 0.1263, 0.8737
1, 0.0142, 0.9858
1, 0.0139, 0.9861
1, 0.4389, 0.5611
1, 0.0138, 0.9862
1, 0.4423, 0.5577
1, 0.4387, 0.5613
1, 0.4393, 0.5607
1, 0.4395, 0.5605
1, 0.131, 0.869
1, 0.4409, 0.5591
1, 0.442, 0.558
1, 0.0145, 0.9855
1, 0.131, 0.869
1, 0.1239, 0.8761
1, 0.4382, 0.5618
1, 0.4411, 0.5589
1, 0.0127, 0.9873
1, 0.4419, 0.5581
1, 0.4382, 0.5618
1, 0.441, 0.559
1, 0.441, 0.559
1, 0.0145, 0.9855
1, 0.1229, 0.8771
1, 0.0154, 0.9846
1, 0.4427, 0.5573
1, 0.4422, 0.5578
1, 0.4417, 0.5583
1, 0.0147, 0.9853
1, 0.4424, 0.5576
1, 0.0167, 0.9833
1, 0.4418, 0.5582
1, 0.0133, 0.9867
1, 0.4405, 0.5595
1, 0.4405, 0.5595
1, 0.442, 0.558
1, 0.4421, 0.5579
1, 0.4397, 0.5603
1, 0.0132, 0.9868
1, 0.4425, 0.5575
1, 0.0124, 0.9876
1, 0.1336, 0.8664
1, 0.442, 0.558
1, 0.4419, 0.5581
1, 0.444, 0.556
1, 0.4418, 0.5582
1, 0.443, 0.557
1, 0.0123, 0.9877
1, 0.4392, 0.5608
1, 0.4395, 0.5605
1, 0.1249, 0.8751
1, 0.4423, 0.5577
1, 0.4403, 0.5597
1, 0.4405, 0.5595
1, 0.4424, 0.5576
1, 0.4413, 0.5587
1, 0.4392, 0.5608
1, 0.442, 0.558
1, 0.0134, 0.9866
1, 0.1233, 0.8767
1, 0.4405, 0.5595
1, 0.4382, 0.5618
1, 0.0128, 0.9872
1, 0.1306, 0.8694
1, 0.4382, 0.5618
1, 0.1312, 0.8688
1, 0.4445, 0.5555
1, 0.4418, 0.5582
1, 0.4424, 0.5576
1, 0.0151, 0.9849
1, 0.4435, 0.5565
1, 0.4447, 0.5553
1, 0.4425, 0.5575
1, 0.4399, 0.5601
1, 0.4439, 0.5561
1, 0.4429, 0.5571
1, 0.4424, 0.5576
1, 0.0139, 0.9861
1, 0.4412, 0.5588
1, 0.4422, 0.5578
1, 0.4405, 0.5595
1, 0.4392, 0.5608
1, 0.4413, 0.5587
1, 0.441, 0.559
1, 0.4447, 0.5553
1, 0.4419, 0.5581
1, 0.0147, 0.9853
1, 0.4405, 0.5595
1, 0.0138, 0.9862
1, 0.4396, 0.5604
1, 0.0127, 0.9873
1, 0.4396, 0.5604
1, 0.4388, 0.5612
1, 0.0133, 0.9867
1, 0.4409, 0.5591
1, 0.439, 0.561
1, 0.131, 0.869
1, 0.4388, 0.5612
1, 0.4387, 0.5613
1, 0.0143, 0.9857
1, 0.4417, 0.5583
1, 0.4417, 0.5583
1, 0.0128, 0.9872
1, 0.0124, 0.9876
1, 0.442, 0.558
1, 0.4438, 0.5562
1, 0.4439, 0.5561
1, 0.4413, 0.5587
1, 0.0138, 0.9862
1, 0.1334, 0.8666
1, 0.4411, 0.5589
1, 0.0136, 0.9864
1, 0.444, 0.556
1, 0.441, 0.559
1, 0.4417, 0.5583
1, 0.0131, 0.9869
1, 0.1349, 0.8651
1, 0.4382, 0.5618
1, 0.4427, 0.5573
1, 0.0128, 0.9872
1, 0.4425, 0.5575
1, 0.4417, 0.5583
1, 0.4427, 0.5573
1, 0.0132, 0.9868
1, 0.4424, 0.5576
1, 0.441, 0.559
1, 0.4392, 0.5608
1, 0.4423, 0.5577
1, 0.4424, 0.5576
1, 0.4392, 0.5608
1, 0.4417, 0.5583
1, 0.4421, 0.5579
1, 0.4396, 0.5604
1, 0.4382, 0.5618
1, 0.4396, 0.5604
1, 0.441, 0.559
1, 0.4388, 0.5612
1, 0.4411, 0.5589
1, 0.4405, 0.5595
1, 0.4417, 0.5583
1, 0.4397, 0.5603
1, 0.4439, 0.5561
1, 0.443, 0.557
1, 0.4392, 0.5608
1, 0.4396, 0.5604
1, 0.4409, 0.5591
1, 0.014, 0.986
1, 0.4427, 0.5573
1, 0.4421, 0.5579
1, 0.4397, 0.5603
1, 0.4411, 0.5589
1, 0.4404, 0.5596
1, 0.4396, 0.5604
1, 0.4419, 0.5581
1, 0.4418, 0.5582
1, 0.0127, 0.9873
1, 0.4382, 0.5618
1, 0.4394, 0.5606
1, 0.014, 0.986
1, 0.4417, 0.5583
1, 0.4432, 0.5568
1, 0.4382, 0.5618
1, 0.0121, 0.9879
1, 0.4387, 0.5613
1, 0.4424, 0.5576
1, 0.013, 0.987
1, 0.4426, 0.5574
1, 0.0121, 0.9879
1, 0.442, 0.558
1, 0.1334, 0.8666
1, 0.4422, 0.5578
1, 0.1334, 0.8666
1, 0.0135, 0.9865
1, 0.1326, 0.8674
1, 0.1326, 0.8674
1, 0.4404, 0.5596
1, 0.4432, 0.5568
1, 0.4409, 0.5591
1, 0.4421, 0.5579
1, 0.0128, 0.9872
1, 0.4397, 0.5603
1, 0.4382, 0.5618
1, 0.4388, 0.5612
1, 0.4376, 0.5624
1, 0.4406, 0.5594
1, 0.4406, 0.5594
1, 0.4399, 0.5601
1, 0.4391, 0.5609
1, 0.4382, 0.5618
1, 0.4364, 0.5636
1, 0.4387, 0.5613
1, 0.4422, 0.5578
1, 0.4405, 0.5595
1, 0.4364, 0.5636
1, 0.4405, 0.5595
1, 0.4384, 0.5616
1, 0.4401, 0.5599
1, 0.4383, 0.5617
1, 0.4421, 0.5579
1, 0.4414, 0.5586
1, 0.4412, 0.5588
1, 0.4414, 0.5586
1, 0.439, 0.561
1, 0.4406, 0.5594
1, 0.4421, 0.5579
1, 0.4404, 0.5596
1, 0.4391, 0.5609
1, 0.4374, 0.5626
1, 0.4393, 0.5607
1, 0.4399, 0.5601
1, 0.4405, 0.5595
1, 0.4403, 0.5597
1, 0.4391, 0.5609
1, 0.4392, 0.5608
1, 0.4387, 0.5613
1, 0.4382, 0.5618
1, 0.4382, 0.5618
1, 0.4402, 0.5598
1, 0.4405, 0.5595
1, 0.4414, 0.5586
1, 0.4404, 0.5596
1, 0.4371, 0.5629
1, 0.4403, 0.5597
1, 0.4403, 0.5597
1, 0.4401, 0.5599
1, 0.4406, 0.5594
1, 0.4382, 0.5618
1, 0.4424, 0.5576
1, 0.442, 0.558
1, 0.4416, 0.5584
1, 0.4405, 0.5595
1, 0.4422, 0.5578
1, 0.4422, 0.5578
1, 0.4422, 0.5578
1, 0.4405, 0.5595
1, 0.4393, 0.5607
1, 0.4402, 0.5598
1, 0.439, 0.561
1, 0.4404, 0.5596
1, 0.4405, 0.5595
1, 0.4379, 0.5621
1, 0.4406, 0.5594
1, 0.4422, 0.5578
1, 0.4416, 0.5584
1, 0.4426, 0.5574
1, 0.4421, 0.5579
1, 0.4385, 0.5615
1, 0.4403, 0.5597
1, 0.4401, 0.5599
1, 0.4389, 0.5611
1, 0.4411, 0.5589
1, 0.4404, 0.5596
1, 0.4418, 0.5582
1, 0.4399, 0.5601
1, 0.4394, 0.5606
1, 0.012, 0.988
1, 0.1249, 0.8751
1, 0.012, 0.988
1, 0.012, 0.988
1, 0.4375, 0.5625
1, 0.0117, 0.9883
1, 0.4417, 0.5583
1, 0.4417, 0.5583
1, 0.4392, 0.5608
1, 0.4384, 0.5616
1, 0.4404, 0.5596
1, 0.44, 0.56
1, 0.4399, 0.5601
1, 0.4426, 0.5574
1, 0.4382, 0.5618
1, 0.4409, 0.5591
1, 0.4414, 0.5586
1, 0.4403, 0.5597
1, 0.4433, 0.5567
1, 0.4407, 0.5593
1, 0.4404, 0.5596
1, 0.4404, 0.5596
1, 0.0142, 0.9858
1, 0.0126, 0.9874
1, 0.1231, 0.8769
1, 0.4414, 0.5586
1, 0.439, 0.561
1, 0.0132, 0.9868
1, 0.4414, 0.5586
1, 0.0117, 0.9883
1, 0.0121, 0.9879
1, 0.0135, 0.9865
1, 0.4379, 0.5621
1, 0.4406, 0.5594
1, 0.1249, 0.8751
1, 0.4401, 0.5599
1, 0.4364, 0.5636
1, 0.0129, 0.9871
1, 0.4426, 0.5574
1, 0.439, 0.561
1, 0.44, 0.56
1, 0.1221, 0.8779
1, 0.4397, 0.5603
1, 0.4414, 0.5586
1, 0.4411, 0.5589
1, 0.0122, 0.9878
1, 0.4383, 0.5617
1, 0.014, 0.986
1, 0.4393, 0.5607
1, 0.4377, 0.5623
1, 0.4356, 0.5644
1, 0.4383, 0.5617
1, 0.4383, 0.5617
1, 0.4374, 0.5626
1, 0.1665, 0.8335
1, 0.4192, 0.5808
1, 0.1642, 0.8358
1, 0.1837, 0.8163
1, 0.1694, 0.8306
1, 0.1666, 0.8334
1, 0.3981, 0.6019
1, 0.4245, 0.5755
1, 0.4255, 0.5745
1, 0.4232, 0.5768
1, 0.1657, 0.8343
1, 0.4232, 0.5768
1, 0.3946, 0.6054
1, 0.4314, 0.5686
1, 0.4342, 0.5658
1, 0.4146, 0.5854
1, 0.4192, 0.5808
1, 0.4179, 0.5821
1, 0.4178, 0.5822
1, 0.413, 0.587
1, 0.4462, 0.5538
1, 0.4414, 0.5586
1, 0.4442, 0.5558
1, 0.4407, 0.5593
1, 0.022, 0.978
1, 0.0165, 0.9835
1, 0.4472, 0.5528
1, 0.444, 0.556
1, 0.4467, 0.5533
1, 0.4447, 0.5553
1, 0.4213, 0.5787
1, 0.4223, 0.5777
1, 0.4221, 0.5779
1, 0.4243, 0.5757
1, 0.42, 0.58
1, 0.4223, 0.5777
1, 0.4207, 0.5793
1, 0.4227, 0.5773
1, 0.4239, 0.5761
1, 0.4232, 0.5768
1, 0.4207, 0.5793
1, 0.4164, 0.5836
1, 0.4209, 0.5791
1, 0.4197, 0.5803
1, 0.4189, 0.5811
1, 0.423, 0.577
1, 0.156, 0.844
1, 0.1562, 0.8438
1, 0.1498, 0.8502
1, 0.1489, 0.8511
1, 0.1504, 0.8496
1, 0.1456, 0.8544
1, 0.1462, 0.8538
1, 0.1499, 0.8501
1, 0.1513, 0.8487
1, 0.1504, 0.8496
1, 0.1516, 0.8484
1, 0.1444, 0.8556
1, 0.1513, 0.8487
1, 0.1599, 0.8401
1, 0.1521, 0.8479
1, 0.1523, 0.8477
1, 0.1496, 0.8504
1, 0.0148, 0.9852
1, 0.1133, 0.8867
1, 0.1209, 0.8791
1, 0.1225, 0.8775
1, 0.4195, 0.5805
1, 0.4177, 0.5823
1, 0.4225, 0.5775
1, 0.3872, 0.6128
1, 0.4238, 0.5762
1, 0.426, 0.574
1, 0.0127, 0.9873
1, 0.1201, 0.8799
1, 0.112, 0.888
1, 0.1208, 0.8792
1, 0.1187, 0.8813
1, 0.1216, 0.8784
1, 0.0115, 0.9885
1, 0.1152, 0.8848
1, 0.4239, 0.5761
1, 0.4241, 0.5759
0, 0.4265, 0.5735
0, 0.4438, 0.5562
0, 0.5233, 0.4767
0, 0.4633, 0.5367
0, 0.4692, 0.5308
0, 0.5456, 0.4544
0, 0.5125, 0.4875
0, 0.4439, 0.5561
0, 0.4211, 0.5789
0, 0.4673, 0.5327
1, 0.1473, 0.8527
1, 0.1535, 0.8465
0, 0.1769, 0.8231
1, 0.1469, 0.8531
1, 0.1514, 0.8486
1, 0.1484, 0.8516
1, 0.1523, 0.8477
1, 0.1478, 0.8522
1, 0.4239, 0.5761
1, 0.4245, 0.5755
1, 0.4229, 0.5771
1, 0.4225, 0.5775
1, 0.4256, 0.5744
1, 0.4258, 0.5742
1, 0.4269, 0.5731
1, 0.4217, 0.5783
1, 0.4172, 0.5828
1, 0.4224, 0.5776
1, 0.4224, 0.5776
1, 0.4233, 0.5767
1, 0.415, 0.585
1, 0.4156, 0.5844
1, 0.417, 0.583
1, 0.4186, 0.5814
1, 0.4195, 0.5805
1, 0.4194, 0.5806
1, 0.4186, 0.5814
1, 0.0116, 0.9884
1, 0.0109, 0.9891
1, 0.413, 0.587
1, 0.4148, 0.5852
1, 0.4189, 0.5811
1, 0.4197, 0.5803
1, 0.418, 0.582
1, 0.4157, 0.5843
1, 0.4166, 0.5834
1, 0.4171, 0.5829
1, 0.4129, 0.5871
1, 0.4155, 0.5845
1, 0.4153, 0.5847
1, 0.4115, 0.5885
1, 0.4178, 0.5822
1, 0.4169, 0.5831
1, 0.4156, 0.5844
1, 0.415, 0.585
1, 0.4174, 0.5826
1, 0.418, 0.582
1, 0.4161, 0.5839
1, 0.4139, 0.5861
1, 0.4154, 0.5846
1, 0.4159, 0.5841
1, 0.4178, 0.5822
1, 0.4166, 0.5834
1, 0.4152, 0.5848
1, 0.4165, 0.5835
1, 0.4157, 0.5843
1, 0.4127, 0.5873
1, 0.411, 0.589
1, 0.4119, 0.5881
1, 0.4163, 0.5837
1, 0.4138, 0.5862
1, 0.4187, 0.5813
1, 0.4157, 0.5843
1, 0.4208, 0.5792
1, 0.4153, 0.5847
1, 0.16, 0.84
1, 0.1817, 0.8183
1, 0.1721, 0.8279
1, 0.4159, 0.5841
1, 0.4132, 0.5868
1, 0.4153, 0.5847
1, 0.4169, 0.5831
1, 0.4152, 0.5848
1, 0.4148, 0.5852
1, 0.4155, 0.5845
1, 0.4151, 0.5849
1, 0.4151, 0.5849
1, 0.4165, 0.5835
1, 0.4131, 0.5869
1, 0.4164, 0.5836
1, 0.4172, 0.5828
1, 0.4134, 0.5866
1, 0.4153, 0.5847
1, 0.4163, 0.5837
1, 0.413, 0.587
1, 0.4131, 0.5869
1, 0.4158, 0.5842
1, 0.418, 0.582
1, 0.4146, 0.5854
1, 0.4169, 0.5831
1, 0.4167, 0.5833
1, 0.4115, 0.5885
1, 0.4127, 0.5873
1, 0.413, 0.587
1, 0.4155, 0.5845
1, 0.4154, 0.5846
1, 0.4163, 0.5837
1, 0.4126, 0.5874
1, 0.4143, 0.5857
1, 0.4169, 0.5831
1, 0.4175, 0.5825
1, 0.4128, 0.5872
1, 0.4171, 0.5829
1, 0.4151, 0.5849
1, 0.4166, 0.5834
1, 0.4163, 0.5837
1, 0.4141, 0.5859
1, 0.4117, 0.5883
1, 0.4168, 0.5832
1, 0.4147, 0.5853
1, 0.4144, 0.5856
1, 0.4121, 0.5879
1, 0.4113, 0.5887
1, 0.4105, 0.5895
1, 0.411, 0.589
1, 0.4111, 0.5889
1, 0.4142, 0.5858
1, 0.4109, 0.5891
1, 0.4119, 0.5881
1, 0.4127, 0.5873
1, 0.4172, 0.5828
1, 0.4112, 0.5888
1, 0.4109, 0.5891
1, 0.4133, 0.5867
1, 0.4151, 0.5849
1, 0.4149, 0.5851
1, 0.1238, 0.8762
1, 0.0153, 0.9847
1, 0.4117, 0.5883
1, 0.1528, 0.8472
1, 0.4144, 0.5856
1, 0.4112, 0.5888
1, 0.4101, 0.5899
1, 0.4131, 0.5869
1, 0.4138, 0.5862
1, 0.4097, 0.5903
1, 0.4144, 0.5856
1, 0.4145, 0.5855
1, 0.4087, 0.5913
1, 0.4089, 0.5911
1, 0.4135, 0.5865
1, 0.4154, 0.5846
1, 0.4105, 0.5895
1, 0.4325, 0.5675
1, 0.4138, 0.5862
1, 0.4255, 0.5745
1, 0.4144, 0.5856
1, 0.4108, 0.5892
1, 0.4157, 0.5843
1, 0.4143, 0.5857
1, 0.4147, 0.5853
1, 0.4159, 0.5841
1, 0.0163, 0.9837
1, 0.4152, 0.5848
1, 0.1309, 0.8691
1, 0.4109, 0.5891
1, 0.4106, 0.5894
1, 0.4156, 0.5844
1, 0.0107, 0.9893
1, 0.4113, 0.5887
1, 0.4196, 0.5804
1, 0.4172, 0.5828
1, 0.415, 0.585
1, 0.4123, 0.5877
1, 0.4118, 0.5882
1, 0.4105, 0.5895
1, 0.4149, 0.5851
1, 0.4167, 0.5833
1, 0.4147, 0.5853
1, 0.4146, 0.5854
1, 0.4158, 0.5842
1, 0.1311, 0.8689
1, 0.4146, 0.5854
1, 0.4142, 0.5858
1, 0.4149, 0.5851
1, 0.4138, 0.5862
1, 0.4139, 0.5861
1, 0.4149, 0.5851
1, 0.4154, 0.5846
1, 0.415, 0.585
1, 0.4143, 0.5857
1, 0.4135, 0.5865
1, 0.4133, 0.5867
1, 0.4139, 0.5861
1, 0.4064, 0.5936
1, 0.4131, 0.5869
1, 0.4155, 0.5845
1, 0.4156, 0.5844
1, 0.4178, 0.5822
1, 0.4153, 0.5847
1, 0.4137, 0.5863
1, 0.4139, 0.5861
1, 0.4148, 0.5852
1, 0.4159, 0.5841
1, 0.4147, 0.5853
1, 0.4153, 0.5847
1, 0.418, 0.582
1, 0.4159, 0.5841
1, 0.4157, 0.5843
1, 0.4152, 0.5848
1, 0.4138, 0.5862
1, 0.4135, 0.5865
1, 0.4145, 0.5855
1, 0.4168, 0.5832
1, 0.4137, 0.5863
1, 0.4134, 0.5866
1, 0.4138, 0.5862
1, 0.4161, 0.5839
1, 0.4148, 0.5852
1, 0.4137, 0.5863
1, 0.4138, 0.5862
1, 0.4204, 0.5796
1, 0.4151, 0.5849
1, 0.4182, 0.5818
1, 0.4199, 0.5801
1, 0.4187, 0.5813
1, 0.4173, 0.5827
1, 0.4193, 0.5807
1, 0.4156, 0.5844
1, 0.4148, 0.5852
1, 0.4207, 0.5793
1, 0.4215, 0.5785
1, 0.4193, 0.5807
1, 0.4185, 0.5815
1, 0.4148, 0.5852
1, 0.4186, 0.5814
1, 0.4191, 0.5809
1, 0.4194, 0.5806
1, 0.422, 0.578
1, 0.417, 0.583
1, 0.4203, 0.5797
1, 0.4172, 0.5828
1, 0.4195, 0.5805
1, 0.4178, 0.5822
1, 0.4152, 0.5848
1, 0.4196, 0.5804
1, 0.4219, 0.5781
1, 0.4185, 0.5815
1, 0.42, 0.58
1, 0.4212, 0.5788
1, 0.4178, 0.5822
1, 0.4157, 0.5843
1, 0.4188, 0.5812
1, 0.4169, 0.5831
1, 0.4192, 0.5808
1, 0.4165, 0.5835
1, 0.4178, 0.5822
1, 0.4194, 0.5806
1, 0.4246, 0.5754
1, 0.4213, 0.5787
1, 0.4174, 0.5826
1, 0.4204, 0.5796
1, 0.416, 0.584
1, 0.416, 0.584
1, 0.422, 0.578
1, 0.4204, 0.5796
1, 0.4172, 0.5828
1, 0.4188, 0.5812
1, 0.4184, 0.5816
1, 0.419, 0.581
1, 0.4192, 0.5808
1, 0.4194, 0.5806
1, 0.4172, 0.5828
1, 0.4178, 0.5822
1, 0.4179, 0.5821
1, 0.4207, 0.5793
1, 0.418, 0.582
1, 0.4197, 0.5803
1, 0.419, 0.581
1, 0.4206, 0.5794
1, 0.4194, 0.5806
1, 0.4197, 0.5803
1, 0.4242, 0.5758
1, 0.4194, 0.5806
1, 0.4199, 0.5801
1, 0.4249, 0.5751
1, 0.4218, 0.5782
1, 0.4237, 0.5763
1, 0.4238, 0.5762
1, 0.4247, 0.5753
1, 0.4221, 0.5779
1, 0.4202, 0.5798
1, 0.4217, 0.5783
1, 0.4188, 0.5812
1, 0.4224, 0.5776
1, 0.4199, 0.5801
1, 0.4211, 0.5789
1, 0.4194, 0.5806
1, 0.4194, 0.5806
1, 0.4245, 0.5755
1, 0.3991, 0.6009
1, 0.4207, 0.5793
1, 0.4203, 0.5797
1, 0.4201, 0.5799
1, 0.42, 0.58
1, 0.4197, 0.5803
1, 0.4226, 0.5774
1, 0.425, 0.575
1, 0.4228, 0.5772
1, 0.4248, 0.5752
1, 0.4277, 0.5723
1, 0.425, 0.575
1, 0.4274, 0.5726
1, 0.4266, 0.5734
1, 0.4244, 0.5756
1, 0.425, 0.575
1, 0.4247, 0.5753
1, 0.4245, 0.5755
1, 0.4258, 0.5742
1, 0.425, 0.575
1, 0.4254, 0.5746
1, 0.4215, 0.5785
1, 0.4259, 0.5741
1, 0.0117, 0.9883
1, 0.4209, 0.5791
1, 0.426, 0.574
1, 0.4218, 0.5782
1, 0.4234, 0.5766
1, 0.4246, 0.5754
1, 0.4236, 0.5764
1, 0.4238, 0.5762
1, 0.4266, 0.5734
1, 0.4254, 0.5746
1, 0.4259, 0.5741
1, 0.4237, 0.5763
1, 0.4221, 0.5779
1, 0.4238, 0.5762
1, 0.4213, 0.5787
1, 0.4215, 0.5785
1, 0.4238, 0.5762
1, 0.0167, 0.9833
1, 0.0211, 0.9789
1, 0.0211, 0.9789
1, 0.0208, 0.9792
1, 0.0187, 0.9813
1, 0.0195, 0.9805
1, 0.0191, 0.9809
0, 0.9038, 0.0962
0, 0.9027, 0.0973
0, 0.8991, 0.1009
0, 0.494, 0.506
0, 0.625, 0.375
0, 0.6027, 0.3973
0, 0.7884, 0.2116
0, 0.8202, 0.1798
0, 0.8222, 0.1778
0, 0.7698, 0.2302
0, 0.8171, 0.1829
0, 0.7931, 0.2069
0, 0.822, 0.178
0, 0.8189, 0.1811
0, 0.8233, 0.1767
0, 0.8165, 0.1835
0, 0.8206, 0.1794
0, 0.5179, 0.4821
0, 0.4917, 0.5083
0, 0.5152, 0.4848
0, 0.4918, 0.5082
0, 0.4876, 0.5124
0, 0.8504, 0.1496
1, 0.1664, 0.8336
1, 0.1485, 0.8515
1, 0.1702, 0.8298
1, 0.1607, 0.8393
0, 0.468, 0.532
0, 0.4938, 0.5062
0, 0.4888, 0.5112
0, 0.4708, 0.5292
0, 0.4867, 0.5133
1, 0.1948, 0.8052
1, 0.207, 0.793
1, 0.1883, 0.8117
1, 0.163, 0.837
1, 0.2224, 0.7776
0, 0.6168, 0.3832
0, 0.4446, 0.5554
0, 0.456, 0.544
0, 0.4709, 0.5291
1, 0.9925, 0.0075
1, 0.9946, 0.0054
1, 0.9941, 0.0059
1, 0.9938, 0.0062
1, 0.9977, 0.0023
1, 0.9975, 0.0025
1, 0.9975, 0.0025
1, 0.9965, 0.0035
1, 0.9976, 0.0024
1, 0.9983, 0.0017
1, 0.9976, 0.0024
1, 0.9942, 0.0058
0, 0.9814, 0.0186
0, 0.986, 0.014
1, 0.9945, 0.0055
1, 0.9945, 0.0055
1, 0.9962, 0.0038
1, 0.9925, 0.0075
1, 0.9921, 0.0079
1, 0.9941, 0.0059
1, 0.9959, 0.0041
1, 0.9932, 0.0068
1, 0.396, 0.604
0, 0.5935, 0.4065
0, 0.6292, 0.3708
0, 0.6257, 0.3743
0, 0.62, 0.38
0, 0.9751, 0.0249
0, 0.733, 0.267
0, 0.7408, 0.2592
1, 0.193, 0.807
1, 0.1861, 0.8139
1, 0.357, 0.643
0, 0.5322, 0.4678
0, 0.4597, 0.5403
0, 0.4818, 0.5182
0, 0.3934, 0.6066
0, 0.3907, 0.6093
0, 0.4138, 0.5862
0, 0.4138, 0.5862
0, 0.3879, 0.6121
1, 0.1493, 0.8507
1, 0.144, 0.856
0, 0.297, 0.703
1, 0.1274, 0.8726
0, 0.297, 0.703
1, 0.3908, 0.6092
0, 0.3796, 0.6204
0, 0.4073, 0.5927
0, 0.4086, 0.5914
0, 0.3796, 0.6204
1, 0.1458, 0.8542
0, 0.6609, 0.3391
1, 0.4807, 0.5193
1, 0.5663, 0.4337
1, 0.4754, 0.5246
0, 0.2543, 0.7457
0, 0.2601, 0.7399
0, 0.2591, 0.7409
0, 0.2542, 0.7458
0, 0.2589, 0.7411
0, 0.2609, 0.7391
0, 0.2567, 0.7433
0, 0.2601, 0.7399
0, 0.2586, 0.7414
0, 0.2546, 0.7454
0, 0.2862, 0.7138
0, 0.2772, 0.7228
0, 0.293, 0.707
0, 0.2928, 0.7072
0, 0.2927, 0.7073
1, 0.295, 0.705
0, 0.8559, 0.1441
0, 0.8808, 0.1192
0, 0.8765, 0.1235
0, 0.8819, 0.1181
0, 0.8541, 0.1459
0, 0.85, 0.15
0, 0.85, 0.15
0, 0.8962, 0.1038
0, 0.8601, 0.1399
0, 0.849, 0.151
0, 0.85, 0.15
0, 0.8524, 0.1476
0, 0.9069, 0.0931
0, 0.8669, 0.1331
0, 0.8535, 0.1465
0, 0.8942, 0.1058
0, 0.8487, 0.1513
0, 0.8953, 0.1047
0, 0.8943, 0.1057
0, 0.8527, 0.1473
0, 0.8547, 0.1453
0, 0.9068, 0.0932
0, 0.8499, 0.1501
0, 0.8511, 0.1489
0, 0.8509, 0.1491
0, 0.8953, 0.1047
0, 0.8496, 0.1504
0, 0.8997, 0.1003
0, 0.8951, 0.1049
0, 0.8497, 0.1503
0, 0.8413, 0.1587
0, 0.8412, 0.1588
0, 0.8951, 0.1049
0, 0.8413, 0.1587
0, 0.8414, 0.1586
0, 0.8589, 0.1411
0, 0.8388, 0.1612
0, 0.8875, 0.1125
0, 0.8817, 0.1183
0, 0.8344, 0.1656
0, 0.8332, 0.1668
0, 0.8287, 0.1713
0, 0.7924, 0.2076
0, 0.8703, 0.1297
0, 0.8326, 0.1674
0, 0.896, 0.104
0, 0.8363, 0.1637
0, 0.8935, 0.1065
0, 0.8929, 0.1071
0, 0.8808, 0.1192
0, 0.8786, 0.1214
0, 0.8837, 0.1163
0, 0.8794, 0.1206
0, 0.8869, 0.1131
0, 0.8873, 0.1127
0, 0.8859, 0.1141
0, 0.8861, 0.1139
0, 0.8788, 0.1212
0, 0.8877, 0.1123
0, 0.8878, 0.1122
0, 0.8808, 0.1192
0, 0.8787, 0.1213
0, 0.8794, 0.1206
0, 0.8859, 0.1141
0, 0.8346, 0.1654
0, 0.9169, 0.0831
0, 0.8317, 0.1683
0, 0.7888, 0.2112
0, 0.901, 0.099
0, 0.9003, 0.0997
0, 0.9268, 0.0732
0, 0.9028, 0.0972
0, 0.8661, 0.1339
0, 0.8685, 0.1315
0, 0.866, 0.134
0, 0.8751, 0.1249
0, 0.8772, 0.1228
0, 0.8684, 0.1316
0, 0.923, 0.077
0, 0.8682, 0.1318
0, 0.8778, 0.1222
0, 0.8656, 0.1344
0, 0.8721, 0.1279
0, 0.8745, 0.1255
0, 0.922, 0.078
0, 0.8778, 0.1222
0, 0.8725, 0.1275
0, 0.8652, 0.1348
0, 0.9268, 0.0732
0, 0.8671, 0.1329
0, 0.9033, 0.0967
0, 0.8722, 0.1278
0, 0.8753, 0.1247
0, 0.8663, 0.1337
0, 0.8642, 0.1358
0, 0.8662, 0.1338
0, 0.9246, 0.0754
0, 0.912, 0.088
0, 0.8678, 0.1322
0, 0.9142, 0.0858
0, 0.8728, 0.1272
0, 0.8762, 0.1238
0, 0.874, 0.126
0, 0.8725, 0.1275
0, 0.8668, 0.1332
0, 0.8652, 0.1348
0, 0.9146, 0.0854
0, 0.8669, 0.1331
0, 0.9221, 0.0779
0, 0.9173, 0.0827
0, 0.9196, 0.0804
0, 0.9279, 0.0721
0, 0.909, 0.091
0, 0.8924, 0.1076
0, 0.8928, 0.1072
0, 0.9279, 0.0721
0, 0.9186, 0.0814
0, 0.9294, 0.0706
0, 0.9157, 0.0843
0, 0.9228, 0.0772
0, 0.8756, 0.1244
0, 0.923, 0.077
0, 0.873, 0.127
0, 0.8653, 0.1347
0, 0.9223, 0.0777
0, 0.8705, 0.1295
0, 0.9147, 0.0853
0, 0.8699, 0.1301
0, 0.865, 0.135
0, 0.8755, 0.1245
0, 0.8737, 0.1263
0, 0.8329, 0.1671
0, 0.7897, 0.2103
0, 0.8706, 0.1294
0, 0.916, 0.084
0, 0.8757, 0.1243
0, 0.9223, 0.0777
0, 0.8659, 0.1341
0, 0.92, 0.08
0, 0.8664, 0.1336
0, 0.8307, 0.1693
0, 0.8644, 0.1356
0, 0.917, 0.083
0, 0.873, 0.127
0, 0.905, 0.095
0, 0.8662, 0.1338
0, 0.9052, 0.0948
0, 0.9189, 0.0811
0, 0.9167, 0.0833
0, 0.8311, 0.1689
0, 0.9177, 0.0823
0, 0.8702, 0.1298
0, 0.8639, 0.1361
0, 0.9125, 0.0875
0, 0.9007, 0.0993
0, 0.8674, 0.1326
0, 0.918, 0.082
0, 0.8622, 0.1378
0, 0.9087, 0.0913
0, 0.9181, 0.0819
0, 0.8585, 0.1415
0, 0.918, 0.082
0, 0.8605, 0.1395
0, 0.8685, 0.1315
0, 0.8683, 0.1317
0, 0.8705, 0.1295
0, 0.8682, 0.1318
0, 0.8612, 0.1388
0, 0.8595, 0.1405
0, 0.914, 0.086
0, 0.8611, 0.1389
0, 0.9114, 0.0886
0, 0.9145, 0.0855
0, 0.9156, 0.0844
0, 0.9028, 0.0972
0, 0.9222, 0.0778
0, 0.8855, 0.1145
0, 0.9222, 0.0778
0, 0.8859, 0.1141
0, 0.9124, 0.0876
0, 0.9235, 0.0765
0, 0.9098, 0.0902
0, 0.9067, 0.0933
0, 0.9059, 0.0941
0, 0.9044, 0.0956
0, 0.9062, 0.0938
0, 0.9036, 0.0964
0, 0.909, 0.091
0, 0.9039, 0.0961
0, 0.9003, 0.0997
0, 0.9195, 0.0805
0, 0.9073, 0.0927
0, 0.9114, 0.0886
0, 0.9003, 0.0997
0, 0.9039, 0.0961
0, 0.9073, 0.0927
0, 0.9044, 0.0956
0, 0.9195, 0.0805
0, 0.9067, 0.0933
0, 0.9117, 0.0883
0, 0.909, 0.091
0, 0.9062, 0.0938
0, 0.9085, 0.0915
0, 0.9036, 0.0964
0, 0.9142, 0.0858
0, 0.9004, 0.0996
0, 0.8995, 0.1005
0, 0.9098, 0.0902
0, 0.9086, 0.0914
0, 0.9108, 0.0892
0, 0.9008, 0.0992
0, 0.9087, 0.0913
0, 0.9132, 0.0868
0, 0.9087, 0.0913
0, 0.9123, 0.0877
0, 0.8962, 0.1038
0, 0.918, 0.082
0, 0.2601, 0.7399
0, 0.9039, 0.0961
0, 0.4086, 0.5914
0, 0.3796, 0.6204
0, 0.9235, 0.0765
0, 0.909, 0.091
0, 0.8924, 0.1076
0, 0.9027, 0.0973
0, 0.9125, 0.0875
0, 0.8388, 0.1612
0, 0.8656, 0.1344
0, 0.4073, 0.5927
0, 0.9114, 0.0886
0, 0.297, 0.703
0, 0.874, 0.126
0, 0.9033, 0.0967
0, 0.8753, 0.1247
0, 0.8997, 0.1003
0, 0.918, 0.082
0, 0.8928, 0.1072
0, 0.8413, 0.1587
0, 0.8859, 0.1141
0, 0.8753, 0.1247
0, 0.874, 0.126
0, 0.9087, 0.0913
0, 0.8684, 0.1316
0, 0.9279, 0.0721
0, 0.4888, 0.5112
0, 0.9195, 0.0805
0, 0.9125, 0.0875
0, 0.8684, 0.1316
0, 0.8859, 0.1141
0, 0.8346, 0.1654
0, 0.9228, 0.0772
0, 0.8612, 0.1388
0, 0.8745, 0.1255
0, 0.909, 0.091
0, 0.9123, 0.0877
0, 0.8951, 0.1049
0, 0.4439, 0.5561
0, 0.4439, 0.5561
0, 0.9186, 0.0814
0, 0.2601, 0.7399
0, 0.8808, 0.1192
0, 0.912, 0.088
0, 0.8413, 0.1587
0, 0.2862, 0.7138
0, 0.4138, 0.5862
0, 0.8499, 0.1501
0, 0.4446, 0.5554
0, 0.8819, 0.1181
0, 0.8671, 0.1329
0, 0.8674, 0.1326
0, 0.8499, 0.1501
0, 0.8725, 0.1275
0, 0.4633, 0.5367
0, 0.8487, 0.1513
0, 0.9003, 0.0997
0, 0.8496, 0.1504
0, 0.8663, 0.1337
0, 0.8499, 0.1501
0, 0.9181, 0.0819
0, 0.9039, 0.0961
0, 0.9028, 0.0972
0, 0.8728, 0.1272
0, 0.5152, 0.4848
0, 0.3796, 0.6204
0, 0.9195, 0.0805
0, 0.8684, 0.1316
0, 0.8808, 0.1192
0, 0.873, 0.127
0, 0.9228, 0.0772
0, 0.4818, 0.5182
0, 0.922, 0.078
0, 0.6027, 0.3973
0, 0.6292, 0.3708
0, 0.8363, 0.1637
0, 0.4138, 0.5862
0, 0.923, 0.077
0, 0.2609, 0.7391
0, 0.8935, 0.1065
0, 0.8819, 0.1181
0, 0.849, 0.151
0, 0.8511, 0.1489
0, 0.293, 0.707
0, 0.8585, 0.1415
0, 0.923, 0.077
0, 0.8786, 0.1214
0, 0.9268, 0.0732
0, 0.8504, 0.1496
0, 0.8935, 0.1065
0, 0.8683, 0.1317
0, 0.8787, 0.1213
0, 0.8412, 0.1588
0, 0.2601, 0.7399
0, 0.8817, 0.1183
0, 0.9125, 0.0875
0, 0.9027, 0.0973
0, 0.9004, 0.0996
0, 0.9114, 0.0886
0, 0.85, 0.15
0, 0.8751, 0.1249
0, 0.9039, 0.0961
0, 0.8663, 0.1337
0, 0.8413, 0.1587
0, 0.9181, 0.0819
0, 0.8788, 0.1212
0, 0.9007, 0.0993
0, 0.4818, 0.5182
0, 0.9124, 0.0876
0, 0.8639, 0.1361
0, 0.8873, 0.1127
0, 0.9123, 0.0877
0, 0.8661, 0.1339
0, 0.8663, 0.1337
0, 0.4673, 0.5327
0, 0.8878, 0.1122
0, 0.2546, 0.7454
0, 0.9067, 0.0933
0, 0.874, 0.126
0, 0.8656, 0.1344
0, 0.4633, 0.5367
0, 0.4439, 0.5561
0, 0.2601, 0.7399
0, 0.8995, 0.1005
0, 0.912, 0.088
0, 0.865, 0.135
0, 0.8745, 0.1255
0, 0.9222, 0.0778
0, 0.8859, 0.1141
0, 0.8612, 0.1388
0, 0.4938, 0.5062
0, 0.8487, 0.1513
0, 0.9044, 0.0956
0, 0.9268, 0.0732
0, 0.8942, 0.1058
0, 0.8873, 0.1127
0, 0.8189, 0.1811
0, 0.9039, 0.0961
0, 0.8344, 0.1656
0, 0.8819, 0.1181
0, 0.9044, 0.0956
0, 0.8684, 0.1316
0, 0.8778, 0.1222
0, 0.5179, 0.4821
0, 0.8787, 0.1213
0, 0.8663, 0.1337
0, 0.8786, 0.1214
0, 0.2609, 0.7391
0, 0.8662, 0.1338
0, 0.4086, 0.5914
0, 0.8808, 0.1192
0, 0.9027, 0.0973
0, 0.8722, 0.1278
0, 0.4086, 0.5914
0, 0.7897, 0.2103
0, 0.8699, 0.1301
0, 0.8329, 0.1671
0, 0.2589, 0.7411
0, 0.918, 0.082
0, 0.8682, 0.1318
0, 0.8659, 0.1341
0, 0.9147, 0.0853
0, 0.923, 0.077
0, 0.918, 0.082
0, 0.4673, 0.5327
0, 0.9087, 0.0913
0, 0.8924, 0.1076
0, 0.9007, 0.0993
0, 0.8928, 0.1072
0, 0.9027, 0.0973
0, 0.914, 0.086
0, 0.9173, 0.0827
0, 0.8413, 0.1587
0, 0.8585, 0.1415
0, 0.896, 0.104
0, 0.5935, 0.4065
0, 0.9222, 0.0778
0, 0.8817, 0.1183
0, 0.8861, 0.1139
0, 0.9039, 0.0961
0, 0.5456, 0.4544
0, 0.9294, 0.0706
0, 0.8859, 0.1141
0, 0.8859, 0.1141
0, 0.297, 0.703
0, 0.8661, 0.1339
0, 0.6168, 0.3832
0, 0.8997, 0.1003
0, 0.9027, 0.0973
0, 0.9147, 0.0853
0, 0.9173, 0.0827
0, 0.8787, 0.1213
0, 0.2862, 0.7138
0, 0.8499, 0.1501
0, 0.9027, 0.0973
0, 0.8497, 0.1503
0, 0.8346, 0.1654
0, 0.8595, 0.1405
0, 0.8509, 0.1491
0, 0.874, 0.126
0, 0.9087, 0.0913
0, 0.85, 0.15
0, 0.8859, 0.1141
0, 0.8656, 0.1344
0, 0.4086, 0.5914
0, 0.9169, 0.0831
0, 0.9147, 0.0853
0, 0.8413, 0.1587
0, 0.2589, 0.7411
0, 0.8189, 0.1811
0, 0.2601, 0.7399
0, 0.8487, 0.1513
0, 0.85, 0.15
0, 0.85, 0.15
0, 0.8808, 0.1192
0, 0.874, 0.126
0, 0.9294, 0.0706
0, 0.8703, 0.1297
0, 0.8671, 0.1329
0, 0.9027, 0.0973
0, 0.874, 0.126
0, 0.8788, 0.1212
0, 0.8682, 0.1318
0, 0.2601, 0.7399
0, 0.9036, 0.0964
0, 0.8605, 0.1395
0, 0.2609, 0.7391
0, 0.8745, 0.1255
0, 0.8496, 0.1504
0, 0.8772, 0.1228
0, 0.9085, 0.0915
0, 0.918, 0.082
0, 0.4888, 0.5112
0, 0.8642, 0.1358
0, 0.905, 0.095
0, 0.8344, 0.1656
0, 0.9294, 0.0706
0, 0.909, 0.091
0, 0.8165, 0.1835
0, 0.3796, 0.6204
0, 0.9181, 0.0819
0, 0.2589, 0.7411
0, 0.9142, 0.0858
0, 0.8412, 0.1588
0, 0.9147, 0.0853
0, 0.8669, 0.1331
0, 0.8788, 0.1212
0, 0.8808, 0.1192
0, 0.8189, 0.1811
0, 0.916, 0.084
0, 0.8819, 0.1181
0, 0.822, 0.178
0, 0.9114, 0.0886
0, 0.4138, 0.5862
0, 0.905, 0.095
0, 0.8487, 0.1513
0, 0.9087, 0.0913
0, 0.2591, 0.7409
0, 0.293, 0.707
0, 0.874, 0.126
0, 0.8663, 0.1337
0, 0.8487, 0.1513
0, 0.8751, 0.1249
0, 0.8859, 0.1141
0, 0.8487, 0.1513
0, 0.9044, 0.0956
0, 0.9036, 0.0964
0, 0.9124, 0.0876
0, 0.8786, 0.1214
0, 0.8725, 0.1275
0, 0.8413, 0.1587
0, 0.8662, 0.1338
0, 0.4439, 0.5561
0, 0.9147, 0.0853
0, 0.5179, 0.4821
0, 0.8605, 0.1395
0, 0.4265, 0.5735
0, 0.9068, 0.0932
0, 0.9222, 0.0778
0, 0.5179, 0.4821
0, 0.8859, 0.1141
0, 0.9087, 0.0913
0, 0.8859, 0.1141
0, 0.9167, 0.0833
0, 0.8817, 0.1183
0, 0.4211, 0.5789
0, 0.9068, 0.0932
0, 0.4086, 0.5914
0, 0.4709, 0.5291
0, 0.4086, 0.5914
0, 0.9173, 0.0827
0, 0.874, 0.126
0, 0.8206, 0.1794
0, 0.9294, 0.0706
0, 0.874, 0.126
0, 0.4086, 0.5914
0, 0.6292, 0.3708
0, 0.8346, 0.1654
0, 0.4138, 0.5862
0, 0.8873, 0.1127
0, 0.9124, 0.0876
0, 0.9044, 0.0956
0, 0.8206, 0.1794
0, 0.9173, 0.0827
0, 0.9146, 0.0854
0, 0.2589, 0.7411
0, 0.8559, 0.1441
0, 0.9147, 0.0853
0, 0.865, 0.135
0, 0.7698, 0.2302
0, 0.849, 0.151
0, 0.922, 0.078
0, 0.917, 0.083
0, 0.4211, 0.5789
0, 0.8329, 0.1671
0, 0.4439, 0.5561
0, 0.9114, 0.0886
0, 0.8661, 0.1339
0, 0.8487, 0.1513
0, 0.8663, 0.1337
0, 0.5322, 0.4678
0, 0.6292, 0.3708
0, 0.909, 0.091
0, 0.2601, 0.7399
0, 0.8487, 0.1513
0, 0.8962, 0.1038
0, 0.8674, 0.1326
0, 0.8951, 0.1049
0, 0.8669, 0.1331
0, 0.8388, 0.1612
0, 0.8346, 0.1654
0, 0.8762, 0.1238
0, 0.9027, 0.0973
0, 0.8412, 0.1588
0, 0.8413, 0.1587
0, 0.9142, 0.0858
0, 0.8662, 0.1338
0, 0.8585, 0.1415
0, 0.2591, 0.7409
0, 0.4918, 0.5082
0, 0.8703, 0.1297
0, 0.8859, 0.1141
0, 0.8585, 0.1415
0, 0.8659, 0.1341
0, 0.9223, 0.0777
0, 0.8705, 0.1295
0, 0.4138, 0.5862
0, 0.8787, 0.1213
0, 0.9228, 0.0772
0, 0.8705, 0.1295
0, 0.9086, 0.0914
0, 0.8346, 0.1654
0, 0.4918, 0.5082
0, 0.9004, 0.0996
0, 0.8504, 0.1496
0, 0.9157, 0.0843
0, 0.8953, 0.1047
0, 0.8656, 0.1344
0, 0.8819, 0.1181
0, 0.293, 0.707
0, 0.9007, 0.0993
0, 0.8329, 0.1671
0, 0.896, 0.104
0, 0.8725, 0.1275
0, 0.874, 0.126
0, 0.9279, 0.0721
0, 0.914, 0.086
0, 0.3796, 0.6204
0, 0.85, 0.15
0, 0.8703, 0.1297
0, 0.9036, 0.0964
0, 0.8859, 0.1141
0, 0.8935, 0.1065
0, 0.8786, 0.1214
0, 0.4211, 0.5789
0, 0.4818, 0.5182
0, 0.9124, 0.0876
0, 0.9124, 0.0876
0, 0.8496, 0.1504
0, 0.2772, 0.7228
0, 0.8859, 0.1141
0, 0.2601, 0.7399
0, 0.9039, 0.0961
0, 0.8859, 0.1141
0, 0.8222, 0.1778
0, 0.874, 0.126
0, 0.874, 0.126
0, 0.8808, 0.1192
0, 0.8496, 0.1504
0, 0.2928, 0.7072
0, 0.9003, 0.0997
0, 0.8702, 0.1298
0, 0.9027, 0.0973
0, 0.8808, 0.1192
0, 0.9086, 0.0914
0, 0.8605, 0.1395
0, 0.8859, 0.1141
0, 0.7924, 0.2076
0, 0.8786, 0.1214
0, 0.914, 0.086
0, 0.85, 0.15
0, 0.8346, 0.1654
0, 0.8943, 0.1057
0, 0.293, 0.707
0, 0.8762, 0.1238
0, 0.9027, 0.0973
0, 0.8962, 0.1038
0, 0.9028, 0.0972
0, 0.7931, 0.2069
0, 0.896, 0.104
0, 0.4938, 0.5062
0, 0.8751, 0.1249
0, 0.8682, 0.1318
0, 0.916, 0.084
0, 0.9008, 0.0992
0, 0.9279, 0.0721
0, 0.8953, 0.1047
0, 0.9069, 0.0931
0, 0.8935, 0.1065
0, 0.8728, 0.1272
0, 0.8751, 0.1249
0, 0.8953, 0.1047
0, 0.8808, 0.1192
0, 0.8662, 0.1338
0, 0.8585, 0.1415
0, 0.9003, 0.0997
0, 0.8962, 0.1038
0, 0.7931, 0.2069
0, 0.873, 0.127
0, 0.865, 0.135
0, 0.8962, 0.1038
0, 0.4211, 0.5789
0, 0.9147, 0.0853
0, 0.8642, 0.1358
0, 0.9085, 0.0915
0, 0.8511, 0.1489
0, 0.905, 0.095
0, 0.8942, 0.1058
0, 0.9124, 0.0876
0, 0.9068, 0.0932
0, 0.2567, 0.7433
0, 0.8808, 0.1192
0, 0.8684, 0.1316
0, 0.8762, 0.1238
0, 0.8684, 0.1316
0, 0.8725, 0.1275
0, 0.909, 0.091
0, 0.9085, 0.0915
0, 0.5233, 0.4767
0, 0.1769, 0.8231
0, 0.9228, 0.0772
0, 0.9125, 0.0875
0, 0.2928, 0.7072
0, 0.4633, 0.5367
0, 0.9222, 0.0778
0, 0.8329, 0.1671
0, 0.8388, 0.1612
0, 0.922, 0.078
0, 0.2546, 0.7454
0, 0.8622, 0.1378
0, 0.8786, 0.1214
0, 0.4086, 0.5914
0, 0.822, 0.178
0, 0.8753, 0.1247
0, 0.8639, 0.1361
0, 0.9086, 0.0914
0, 0.9085, 0.0915
0, 0.9087, 0.0913
0, 0.905, 0.095
0, 0.8639, 0.1361
0, 0.3907, 0.6093
0, 0.918, 0.082
0, 0.8487, 0.1513
0, 0.8233, 0.1767
0, 0.8642, 0.1358
0, 0.8788, 0.1212
0, 0.8942, 0.1058
0, 0.9294, 0.0706
0, 0.4673, 0.5327
0, 0.6609, 0.3391
0, 0.6292, 0.3708
0, 0.9123, 0.0877
0, 0.8363, 0.1637
0, 0.468, 0.532
0, 0.8669, 0.1331
0, 0.8859, 0.1141
0, 0.9294, 0.0706
0, 0.2542, 0.7458
0, 0.9087, 0.0913
0, 0.8751, 0.1249
0, 0.4818, 0.5182
0, 0.456, 0.544
0, 0.8412, 0.1588
0, 0.2601, 0.7399
0, 0.8669, 0.1331
0, 0.8685, 0.1315
0, 0.9068, 0.0932
0, 0.9068, 0.0932
0, 0.2589, 0.7411
0, 0.9004, 0.0996
0, 0.8924, 0.1076
0, 0.874, 0.126
0, 0.4938, 0.5062
0, 0.293, 0.707
0, 0.7408, 0.2592
0, 0.8589, 0.1411
0, 0.909, 0.091
0, 0.865, 0.135
0, 0.8873, 0.1127
0, 0.9027, 0.0973
0, 0.8751, 0.1249
0, 0.4086, 0.5914
0, 0.8935, 0.1065
0, 0.8924, 0.1076
0, 0.2601, 0.7399
0, 0.912, 0.088
0, 0.8788, 0.1212
0, 0.9069, 0.0931
0, 0.8412, 0.1588
0, 0.8699, 0.1301
0, 0.9087, 0.0913
0, 0.8953, 0.1047
0, 0.4633, 0.5367
0, 0.8664, 0.1336
0, 0.8951, 0.1049
0, 0.8873, 0.1127
0, 0.4086, 0.5914
0, 0.2589, 0.7411
0, 0.293, 0.707
0, 0.8661, 0.1339
0, 0.9003, 0.0997
0, 0.8873, 0.1127
0, 0.8794, 0.1206
0, 0.905, 0.095
0, 0.4211, 0.5789
0, 0.8662, 0.1338
0, 0.8656, 0.1344
0, 0.9177, 0.0823
0, 0.8786, 0.1214
0, 0.4086, 0.5914
0, 0.8669, 0.1331
0, 0.8664, 0.1336
0, 0.9235, 0.0765
0, 0.923, 0.077
0, 0.9087, 0.0913
0, 0.9124, 0.0876
0, 0.4138, 0.5862
0, 0.8674, 0.1326
0, 0.4818, 0.5182
0, 0.8855, 0.1145
0, 0.8762, 0.1238
0, 0.865, 0.135
0, 0.5935, 0.4065
0, 0.901, 0.099
0, 0.5125, 0.4875
0, 0.9235, 0.0765
0, 0.8559, 0.1441
0, 0.8859, 0.1141
0, 0.8206, 0.1794
0, 0.8206, 0.1794
0, 0.9067, 0.0933
0, 0.9147, 0.0853
0, 0.8859, 0.1141
0, 0.8206, 0.1794
0, 0.5179, 0.4821
0, 0.8413, 0.1587
0, 0.8412, 0.1588
0, 0.7698, 0.2302
0, 0.4876, 0.5124
0, 0.8656, 0.1344
0, 0.9007, 0.0993
0, 0.9124, 0.0876
0, 0.5179, 0.4821
0, 0.8165, 0.1835
0, 0.9195, 0.0805
0, 0.8861, 0.1139
0, 0.8924, 0.1076
0, 0.2601, 0.7399
0, 0.8499, 0.1501
0, 0.922, 0.078
0, 0.8751, 0.1249
0, 0.8413, 0.1587
0, 0.9004, 0.0996
0, 0.8873, 0.1127
0, 0.909, 0.091
0, 0.2543, 0.7457
0, 0.9125, 0.0875
0, 0.7408, 0.2592
0, 0.9028, 0.0972
0, 0.9195, 0.0805
0, 0.8668, 0.1332
0, 0.8859, 0.1141
0, 0.8668, 0.1332
0, 0.9087, 0.0913
0, 0.909, 0.091
0, 0.8878, 0.1122
0, 0.9173, 0.0827
0, 0.8412, 0.1588
0, 0.874, 0.126
0, 0.9223, 0.0777
0, 0.8995, 0.1005
0, 0.8684, 0.1316
0, 0.8751, 0.1249
0, 0.8951, 0.1049
0, 0.468, 0.532
0, 0.8412, 0.1588
0, 0.4211, 0.5789
0, 0.468, 0.532
0, 0.293, 0.707
0, 0.8346, 0.1654
0, 0.914, 0.086
0, 0.8682, 0.1318
0, 0.4086, 0.5914
0, 0.8605, 0.1395
0, 0.8745, 0.1255
0, 0.8728, 0.1272
0, 0.8669, 0.1331
0, 0.9228, 0.0772
0, 0.822, 0.178
0, 0.9177, 0.0823
0, 0.9228, 0.0772
0, 0.8705, 0.1295
0, 0.6027, 0.3973
0, 0.9087, 0.0913
0, 0.2609, 0.7391
0, 0.9279, 0.0721
0, 0.8656, 0.1344
0, 0.8644, 0.1356
0, 0.8585, 0.1415
0, 0.4446, 0.5554
0, 0.8935, 0.1065
0, 0.8509, 0.1491
0, 0.9177, 0.0823
0, 0.9181, 0.0819
0, 0.8951, 0.1049
0, 0.9038, 0.0962
0, 0.8873, 0.1127
0, 0.9068, 0.0932
0, 0.8497, 0.1503
0, 0.9007, 0.0993
0, 0.8311, 0.1689
0, 0.9085, 0.0915
0, 0.2546, 0.7454
0, 0.4073, 0.5927
0, 0.8413, 0.1587
0, 0.2591, 0.7409
0, 0.7888, 0.2112
0, 0.5935, 0.4065
0, 0.9125, 0.0875
0, 0.6292, 0.3708
0, 0.9123, 0.0877
0, 0.8703, 0.1297
0, 0.8786, 0.1214
0, 0.9003, 0.0997
0, 0.4888, 0.5112
0, 0.986, 0.014
0, 0.9294, 0.0706
0, 0.8499, 0.1501
0, 0.8721, 0.1279
0, 0.9098, 0.0902
0, 0.986, 0.014
0, 0.5935, 0.4065
0, 0.9008, 0.0992
0, 0.8499, 0.1501
0, 0.874, 0.126
0, 0.9085, 0.0915
0, 0.8487, 0.1513
0, 0.8585, 0.1415
0, 0.9027, 0.0973
0, 0.8788, 0.1212
0, 0.8669, 0.1331
0, 0.4633, 0.5367
0, 0.9008, 0.0992
0, 0.9246, 0.0754
0, 0.909, 0.091
0, 0.9027, 0.0973
0, 0.9028, 0.0972
0, 0.9268, 0.0732
0, 0.9068, 0.0932
0, 0.9068, 0.0932
0, 0.909, 0.091
0, 0.7897, 0.2103
0, 0.9147, 0.0853
0, 0.9028, 0.0972
0, 0.9222, 0.0778
0, 0.8388, 0.1612
0, 0.3796, 0.6204
0, 0.8611, 0.1389
0, 0.8307, 0.1693
0, 0.8762, 0.1238
0, 0.9085, 0.0915
0, 0.8499, 0.1501
0, 0.9044, 0.0956
0, 0.4086, 0.5914
0, 0.8788, 0.1212
0, 0.3796, 0.6204
0, 0.8663, 0.1337
0, 0.822, 0.178
0, 0.4818, 0.5182
0, 0.9814, 0.0186
0, 0.9181, 0.0819
0, 0.8524, 0.1476
0, 0.923, 0.077
0, 0.923, 0.077
0, 0.8953, 0.1047
0, 0.8706, 0.1294
0, 0.293, 0.707
0, 0.4938, 0.5062
0, 0.896, 0.104
0, 0.85, 0.15
0, 0.8928, 0.1072
0, 0.9027, 0.0973
0, 0.9085, 0.0915
0, 0.8535, 0.1465
0, 0.4073, 0.5927
0, 0.4876, 0.5124
0, 0.8951, 0.1049
0, 0.456, 0.544
0, 0.8497, 0.1503
0, 0.874, 0.126
0, 0.8991, 0.1009
0, 0.8413, 0.1587
0, 0.8669, 0.1331
0, 0.8722, 0.1278
0, 0.4876, 0.5124
0, 0.8559, 0.1441
0, 0.918, 0.082
0, 0.8329, 0.1671
0, 0.8702, 0.1298
0, 0.8595, 0.1405
0, 0.8721, 0.1279
0, 0.9222, 0.0778
0, 0.8678, 0.1322
0, 0.9246, 0.0754
0, 0.8547, 0.1453
0, 0.8509, 0.1491
0, 0.456, 0.544
0, 0.8656, 0.1344
0, 0.8663, 0.1337
0, 0.9008, 0.0992
0, 0.9268, 0.0732
0, 0.8855, 0.1145
0, 0.4211, 0.5789
0, 0.9125, 0.0875
0, 0.9028, 0.0972
0, 0.2601, 0.7399
0, 0.6168, 0.3832
0, 0.2609, 0.7391
0, 0.3796, 0.6204
0, 0.918, 0.082
0, 0.2609, 0.7391
0, 0.9268, 0.0732
0, 0.8962, 0.1038
0, 0.9125, 0.0875
0, 0.8287, 0.1713
0, 0.8873, 0.1127
0, 0.2601, 0.7399
0, 0.8786, 0.1214
0, 0.8307, 0.1693
0, 0.9195, 0.0805
0, 0.909, 0.091
0, 0.9028, 0.0972
0, 0.4086, 0.5914
0, 0.9085, 0.0915
0, 0.4086, 0.5914
0, 0.8639, 0.1361
0, 0.9085, 0.0915
0, 0.8703, 0.1297
0, 0.8819, 0.1181
0, 0.7931, 0.2069
0, 0.8595, 0.1405
0, 0.5935, 0.4065
0, 0.8753, 0.1247
0, 0.9007, 0.0993
0, 0.85, 0.15
0, 0.8756, 0.1244
0, 0.9027, 0.0973
0, 0.9003, 0.0997
0, 0.4876, 0.5124
0, 0.8819, 0.1181
0, 0.9087, 0.0913
0, 0.2601, 0.7399
0, 0.8639, 0.1361
0, 0.8753, 0.1247
0, 0.9085, 0.0915
0, 0.909, 0.091
0, 0.7884, 0.2116
0, 0.468, 0.532
0, 0.9173, 0.0827
0, 0.9004, 0.0996
0, 0.9294, 0.0706
0, 0.8346, 0.1654
0, 0.8329, 0.1671
0, 0.9294, 0.0706
0, 0.912, 0.088
0, 0.9085, 0.0915
0, 0.8612, 0.1388
0, 0.8329, 0.1671
0, 0.9125, 0.0875
0, 0.8684, 0.1316
0, 0.7931, 0.2069
0, 0.8671, 0.1329
0, 0.8878, 0.1122
0, 0.8861, 0.1139
0, 0.8728, 0.1272
0, 0.9004, 0.0996
0, 0.9068, 0.0932
0, 0.9087, 0.0913
0, 0.5125, 0.4875
0, 0.8991, 0.1009
0, 0.3796, 0.6204
0, 0.873, 0.127
0, 0.9123, 0.0877
0, 0.8413, 0.1587
0, 0.8661, 0.1339
0, 0.9008, 0.0992
0, 0.733, 0.267
0, 0.9085, 0.0915
0, 0.4086, 0.5914
0, 0.912, 0.088
0, 0.8662, 0.1338
0, 0.8307, 0.1693
0, 0.9068, 0.0932
0, 0.8962, 0.1038
0, 0.4673, 0.5327
0, 0.9039, 0.0961
0, 0.8487, 0.1513
0, 0.8346, 0.1654
0, 0.8819, 0.1181
0, 0.8504, 0.1496
0, 0.8329, 0.1671
0, 0.4086, 0.5914
0, 0.8772, 0.1228
0, 0.8669, 0.1331
0, 0.7924, 0.2076
0, 0.8656, 0.1344
0, 0.8684, 0.1316
0, 0.9027, 0.0973
0, 0.9085, 0.0915
0, 0.8924, 0.1076
0, 0.8753, 0.1247
0, 0.9003, 0.0997
0, 0.909, 0.091
0, 0.9147, 0.0853
0, 0.9223, 0.0777
0, 0.8346, 0.1654
0, 0.8703, 0.1297
0, 0.986, 0.014
0, 0.4265, 0.5735
0, 0.9028, 0.0972
0, 0.901, 0.099
0, 0.8656, 0.1344
0, 0.8601, 0.1399
0, 0.2772, 0.7228
0, 0.874, 0.126
0, 0.4938, 0.5062
0, 0.9038, 0.0962
0, 0.625, 0.375
0, 0.849, 0.151
0, 0.9235, 0.0765
0, 0.8661, 0.1339
0, 0.8873, 0.1127
0, 0.8737, 0.1263
0, 0.9196, 0.0804
0, 0.8787, 0.1213
0, 0.822, 0.178
0, 0.8953, 0.1047
0, 0.9004, 0.0996
0, 0.4086, 0.5914
0, 0.8511, 0.1489
0, 0.8639, 0.1361
0, 0.912, 0.088
0, 0.9085, 0.0915
0, 0.873, 0.127
0, 0.8859, 0.1141
0, 0.4086, 0.5914
0, 0.8928, 0.1072
0, 0.4597, 0.5403
0, 0.8924, 0.1076
0, 0.9085, 0.0915
0, 0.8499, 0.1501
0, 0.8413, 0.1587
0, 0.8962, 0.1038
0, 0.8662, 0.1338
0, 0.8652, 0.1348
0, 0.9235, 0.0765
0, 0.2772, 0.7228
0, 0.2589, 0.7411
0, 0.896, 0.104
0, 0.8721, 0.1279
0, 0.909, 0.091
0, 0.8671, 0.1329
0, 0.8605, 0.1395
0, 0.4876, 0.5124
0, 0.8413, 0.1587
0, 0.8644, 0.1356
0, 0.9007, 0.0993
0, 0.8642, 0.1358
0, 0.4211, 0.5789
0, 0.9125, 0.0875
0, 0.2927, 0.7073
0, 0.3796, 0.6204
0, 0.8951, 0.1049
0, 0.9125, 0.0875
0, 0.8656, 0.1344
0, 0.896, 0.104
0, 0.3907, 0.6093
0, 0.456, 0.544
0, 0.5233, 0.4767
0, 0.874, 0.126
0, 0.8499, 0.1501
0, 0.9125, 0.0875
0, 0.8206, 0.1794
0, 0.9038, 0.0962
0, 0.8753, 0.1247
0, 0.85, 0.15
0, 0.6027, 0.3973
0, 0.9173, 0.0827
0, 0.8859, 0.1141
0, 0.9087, 0.0913
0, 0.4211, 0.5789
0, 0.2609, 0.7391
0, 0.8787, 0.1213
0, 0.8808, 0.1192
0, 0.8668, 0.1332
0, 0.917, 0.083
0, 0.4086, 0.5914
