1, 0.3374, 0.6626
1, 0.3397, 0.6603
1, 0.3371, 0.6629
1, 0.3391, 0.6609
1, 0.3769, 0.6231
1, 0.3593, 0.6407
1, 0.3914, 0.6086
1, 0.3782, 0.6218
1, 0.3785, 0.6215
1, 0.3778, 0.6222
1, 0.3705, 0.6295
1, 0.372, 0.628
1, 0.3782, 0.6218
1, 0.3775, 0.6225
1, 0.3718, 0.6282
1, 0.3715, 0.6285
1, 0.3714, 0.6286
1, 0.3809, 0.6191
1, 0.3718, 0.6282
1, 0.3785, 0.6215
1, 0.3789, 0.6211
1, 0.3769, 0.6231
1, 0.3714, 0.6286
1, 0.3795, 0.6205
1, 0.3782, 0.6218
1, 0.3771, 0.6229
1, 0.3787, 0.6213
1, 0.377, 0.623
1, 0.3807, 0.6193
1, 0.377, 0.623
1, 0.3781, 0.6219
1, 0.37, 0.63
1, 0.3683, 0.6317
1, 0.3715, 0.6285
1, 0.3771, 0.6229
1, 0.3814, 0.6186
1, 0.3832, 0.6168
1, 0.0919, 0.9081
1, 0.2954, 0.7046
1, 0.3705, 0.6295
1, 0.3043, 0.6957
1, 0.368, 0.632
1, 0.3765, 0.6235
1, 0.3697, 0.6303
1, 0.3684, 0.6316
1, 0.3711, 0.6289
1, 0.3711, 0.6289
1, 0.3695, 0.6305
1, 0.3773, 0.6227
1, 0.3752, 0.6248
1, 0.3781, 0.6219
1, 0.3684, 0.6316
1, 0.3781, 0.6219
1, 0.3785, 0.6215
1, 0.3784, 0.6216
1, 0.3773, 0.6227
1, 0.3785, 0.6215
1, 0.3742, 0.6258
1, 0.3781, 0.6219
1, 0.3684, 0.6316
1, 0.371, 0.629
1, 0.371, 0.629
1, 0.3678, 0.6322
1, 0.3694, 0.6306
1, 0.3756, 0.6244
1, 0.3689, 0.6311
1, 0.3705, 0.6295
1, 0.3758, 0.6242
1, 0.3759, 0.6241
1, 0.3746, 0.6254
1, 0.3706, 0.6294
1, 0.3759, 0.6241
1, 0.3834, 0.6166
1, 0.3752, 0.6248
1, 0.3768, 0.6232
1, 0.3854, 0.6146
1, 0.3831, 0.6169
1, 0.3781, 0.6219
1, 0.3762, 0.6238
1, 0.3751, 0.6249
1, 0.3778, 0.6222
1, 0.3781, 0.6219
1, 0.3788, 0.6212
1, 0.3778, 0.6222
1, 0.3775, 0.6225
1, 0.3778, 0.6222
1, 0.3778, 0.6222
1, 0.3791, 0.6209
1, 0.3779, 0.6221
1, 0.3776, 0.6224
1, 0.3767, 0.6233
1, 0.3778, 0.6222
1, 0.3786, 0.6214
1, 0.3783, 0.6217
1, 0.3789, 0.6211
1, 0.3777, 0.6223
1, 0.3797, 0.6203
1, 0.3771, 0.6229
1, 0.3778, 0.6222
1, 0.3778, 0.6222
1, 0.3778, 0.6222
1, 0.3776, 0.6224
1, 0.3778, 0.6222
1, 0.3765, 0.6235
1, 0.3792, 0.6208
1, 0.3777, 0.6223
1, 0.3786, 0.6214
1, 0.3778, 0.6222
1, 0.3777, 0.6223
1, 0.3696, 0.6304
1, 0.3835, 0.6165
1, 0.3707, 0.6293
1, 0.3714, 0.6286
1, 0.377, 0.623
1, 0.3764, 0.6236
1, 0.3814, 0.6186
1, 0.3762, 0.6238
1, 0.3785, 0.6215
1, 0.3798, 0.6202
1, 0.3784, 0.6216
1, 0.3784, 0.6216
1, 0.3682, 0.6318
1, 0.3753, 0.6247
1, 0.384, 0.616
1, 0.3686, 0.6314
1, 0.3744, 0.6256
1, 0.3771, 0.6229
1, 0.3778, 0.6222
1, 0.3755, 0.6245
1, 0.3759, 0.6241
1, 0.3756, 0.6244
1, 0.3741, 0.6259
1, 0.374, 0.626
1, 0.3759, 0.6241
1, 0.375, 0.625
1, 0.3742, 0.6258
1, 0.3758, 0.6242
1, 0.3728, 0.6272
1, 0.3672, 0.6328
1, 0.379, 0.621
1, 0.3812, 0.6188
1, 0.3748, 0.6252
1, 0.3717, 0.6283
1, 0.372, 0.628
1, 0.3678, 0.6322
1, 0.3673, 0.6327
1, 0.3744, 0.6256
1, 0.3689, 0.6311
1, 0.3699, 0.6301
1, 0.3772, 0.6228
1, 0.367, 0.633
1, 0.368, 0.632
1, 0.3756, 0.6244
1, 0.3828, 0.6172
1, 0.3849, 0.6151
1, 0.3745, 0.6255
1, 0.3752, 0.6248
1, 0.3742, 0.6258
1, 0.3742, 0.6258
1, 0.3742, 0.6258
1, 0.3742, 0.6258
1, 0.3742, 0.6258
1, 0.3802, 0.6198
1, 0.3739, 0.6261
1, 0.3732, 0.6268
1, 0.3742, 0.6258
1, 0.3742, 0.6258
1, 0.3742, 0.6258
1, 0.3741, 0.6259
1, 0.3741, 0.6259
1, 0.3748, 0.6252
1, 0.3732, 0.6268
1, 0.3742, 0.6258
1, 0.3744, 0.6256
1, 0.3742, 0.6258
1, 0.3742, 0.6258
1, 0.376, 0.624
1, 0.3742, 0.6258
1, 0.3741, 0.6259
1, 0.3741, 0.6259
1, 0.3833, 0.6167
1, 0.3666, 0.6334
1, 0.376, 0.624
1, 0.3657, 0.6343
1, 0.3737, 0.6263
1, 0.3685, 0.6315
1, 0.3683, 0.6317
1, 0.3786, 0.6214
1, 0.3769, 0.6231
1, 0.3756, 0.6244
1, 0.3754, 0.6246
1, 0.3776, 0.6224
1, 0.3785, 0.6215
1, 0.373, 0.627
1, 0.3766, 0.6234
1, 0.3775, 0.6225
1, 0.3779, 0.6221
1, 0.377, 0.623
1, 0.3751, 0.6249
1, 0.3767, 0.6233
1, 0.3769, 0.6231
1, 0.3778, 0.6222
1, 0.3776, 0.6224
1, 0.3762, 0.6238
1, 0.3761, 0.6239
1, 0.374, 0.626
1, 0.3749, 0.6251
1, 0.375, 0.625
1, 0.3767, 0.6233
1, 0.38, 0.62
1, 0.3764, 0.6236
1, 0.3736, 0.6264
1, 0.3754, 0.6246
1, 0.3745, 0.6255
1, 0.3758, 0.6242
1, 0.378, 0.622
1, 0.3742, 0.6258
1, 0.3795, 0.6205
1, 0.3775, 0.6225
1, 0.3762, 0.6238
1, 0.3776, 0.6224
1, 0.3742, 0.6258
1, 0.3735, 0.6265
1, 0.3767, 0.6233
1, 0.3754, 0.6246
1, 0.3772, 0.6228
1, 0.375, 0.625
1, 0.3767, 0.6233
1, 0.3775, 0.6225
1, 0.3786, 0.6214
1, 0.3764, 0.6236
1, 0.3769, 0.6231
1, 0.3827, 0.6173
1, 0.3743, 0.6257
1, 0.3779, 0.6221
1, 0.3775, 0.6225
1, 0.3774, 0.6226
1, 0.3766, 0.6234
1, 0.3763, 0.6237
1, 0.3736, 0.6264
1, 0.3775, 0.6225
1, 0.3782, 0.6218
1, 0.3782, 0.6218
1, 0.3775, 0.6225
1, 0.3761, 0.6239
1, 0.3767, 0.6233
1, 0.3832, 0.6168
1, 0.376, 0.624
1, 0.3794, 0.6206
1, 0.3741, 0.6259
1, 0.3757, 0.6243
1, 0.3792, 0.6208
1, 0.3814, 0.6186
1, 0.3776, 0.6224
1, 0.378, 0.622
1, 0.3775, 0.6225
1, 0.3777, 0.6223
1, 0.3729, 0.6271
1, 0.3755, 0.6245
1, 0.3753, 0.6247
1, 0.3779, 0.6221
1, 0.3745, 0.6255
1, 0.3827, 0.6173
1, 0.3767, 0.6233
1, 0.3855, 0.6145
1, 0.3763, 0.6237
1, 0.3762, 0.6238
1, 0.3756, 0.6244
1, 0.3777, 0.6223
1, 0.3776, 0.6224
1, 0.3859, 0.6141
1, 0.3779, 0.6221
1, 0.3778, 0.6222
1, 0.3775, 0.6225
1, 0.3768, 0.6232
1, 0.3772, 0.6228
1, 0.376, 0.624
1, 0.3732, 0.6268
1, 0.3767, 0.6233
1, 0.375, 0.625
1, 0.3789, 0.6211
1, 0.376, 0.624
1, 0.3736, 0.6264
1, 0.3746, 0.6254
1, 0.3795, 0.6205
1, 0.3757, 0.6243
1, 0.3769, 0.6231
1, 0.3819, 0.6181
1, 0.3788, 0.6212
1, 0.3889, 0.6111
1, 0.3843, 0.6157
1, 0.3754, 0.6246
1, 0.3832, 0.6168
1, 0.3776, 0.6224
1, 0.3726, 0.6274
1, 0.3767, 0.6233
1, 0.3745, 0.6255
1, 0.3731, 0.6269
1, 0.3775, 0.6225
1, 0.3765, 0.6235
1, 0.3752, 0.6248
1, 0.3754, 0.6246
1, 0.3738, 0.6262
1, 0.3775, 0.6225
1, 0.3779, 0.6221
1, 0.3762, 0.6238
1, 0.3765, 0.6235
1, 0.3744, 0.6256
1, 0.3775, 0.6225
1, 0.3763, 0.6237
1, 0.3844, 0.6156
1, 0.3774, 0.6226
1, 0.3816, 0.6184
1, 0.3758, 0.6242
1, 0.3766, 0.6234
1, 0.3796, 0.6204
1, 0.3776, 0.6224
1, 0.3738, 0.6262
1, 0.3757, 0.6243
1, 0.3773, 0.6227
1, 0.3769, 0.6231
1, 0.3741, 0.6259
1, 0.3743, 0.6257
1, 0.3822, 0.6178
1, 0.3849, 0.6151
1, 0.3819, 0.6181
1, 0.3766, 0.6234
1, 0.375, 0.625
1, 0.3776, 0.6224
1, 0.3747, 0.6253
1, 0.3756, 0.6244
1, 0.3763, 0.6237
1, 0.3767, 0.6233
1, 0.3745, 0.6255
1, 0.3736, 0.6264
1, 0.3842, 0.6158
1, 0.3732, 0.6268
1, 0.3759, 0.6241
1, 0.3773, 0.6227
1, 0.378, 0.622
1, 0.3775, 0.6225
1, 0.3775, 0.6225
1, 0.3756, 0.6244
1, 0.3803, 0.6197
1, 0.3845, 0.6155
1, 0.3776, 0.6224
1, 0.3767, 0.6233
1, 0.3768, 0.6232
1, 0.3832, 0.6168
1, 0.3779, 0.6221
1, 0.3774, 0.6226
1, 0.3767, 0.6233
1, 0.3776, 0.6224
1, 0.3736, 0.6264
1, 0.3832, 0.6168
1, 0.3763, 0.6237
1, 0.3764, 0.6236
1, 0.373, 0.627
1, 0.3776, 0.6224
1, 0.3751, 0.6249
1, 0.3772, 0.6228
1, 0.3762, 0.6238
1, 0.3734, 0.6266
1, 0.3769, 0.6231
1, 0.3768, 0.6232
1, 0.3749, 0.6251
1, 0.3755, 0.6245
1, 0.3754, 0.6246
1, 0.375, 0.625
1, 0.3828, 0.6172
1, 0.3747, 0.6253
1, 0.3736, 0.6264
1, 0.3774, 0.6226
1, 0.3776, 0.6224
1, 0.3752, 0.6248
1, 0.376, 0.624
1, 0.3779, 0.6221
1, 0.3775, 0.6225
1, 0.377, 0.623
1, 0.3725, 0.6275
1, 0.3767, 0.6233
1, 0.3764, 0.6236
1, 0.3822, 0.6178
1, 0.3845, 0.6155
1, 0.3775, 0.6225
1, 0.3778, 0.6222
1, 0.3779, 0.6221
1, 0.3753, 0.6247
1, 0.3692, 0.6308
1, 0.3764, 0.6236
1, 0.3769, 0.6231
1, 0.3774, 0.6226
1, 0.377, 0.623
1, 0.3764, 0.6236
1, 0.3762, 0.6238
1, 0.3736, 0.6264
1, 0.378, 0.622
1, 0.3765, 0.6235
1, 0.3762, 0.6238
1, 0.3754, 0.6246
1, 0.3782, 0.6218
1, 0.3774, 0.6226
1, 0.3703, 0.6297
1, 0.376, 0.624
1, 0.3849, 0.6151
1, 0.3764, 0.6236
1, 0.3767, 0.6233
1, 0.3776, 0.6224
1, 0.3756, 0.6244
1, 0.3759, 0.6241
1, 0.375, 0.625
1, 0.3762, 0.6238
1, 0.3767, 0.6233
1, 0.3731, 0.6269
1, 0.3758, 0.6242
1, 0.3755, 0.6245
1, 0.3775, 0.6225
1, 0.3767, 0.6233
1, 0.3781, 0.6219
1, 0.377, 0.623
1, 0.3746, 0.6254
1, 0.3766, 0.6234
1, 0.38, 0.62
1, 0.375, 0.625
1, 0.3761, 0.6239
1, 0.3751, 0.6249
1, 0.3778, 0.6222
1, 0.3775, 0.6225
1, 0.374, 0.626
1, 0.3763, 0.6237
1, 0.3776, 0.6224
1, 0.377, 0.623
1, 0.3786, 0.6214
1, 0.3769, 0.6231
1, 0.3785, 0.6215
1, 0.3762, 0.6238
1, 0.3728, 0.6272
1, 0.3771, 0.6229
1, 0.3754, 0.6246
1, 0.3779, 0.6221
1, 0.3767, 0.6233
1, 0.3749, 0.6251
1, 0.3756, 0.6244
1, 0.3776, 0.6224
1, 0.3767, 0.6233
1, 0.3736, 0.6264
1, 0.3754, 0.6246
1, 0.3779, 0.6221
1, 0.3762, 0.6238
1, 0.3775, 0.6225
1, 0.3779, 0.6221
1, 0.3763, 0.6237
1, 0.3775, 0.6225
1, 0.3827, 0.6173
1, 0.3775, 0.6225
1, 0.3782, 0.6218
1, 0.3768, 0.6232
1, 0.3764, 0.6236
1, 0.3745, 0.6255
1, 0.3748, 0.6252
1, 0.3777, 0.6223
1, 0.3742, 0.6258
1, 0.3795, 0.6205
1, 0.3736, 0.6264
1, 0.375, 0.625
1, 0.3769, 0.6231
1, 0.3767, 0.6233
1, 0.3742, 0.6258
1, 0.3768, 0.6232
1, 0.3785, 0.6215
1, 0.3757, 0.6243
1, 0.3767, 0.6233
1, 0.3772, 0.6228
1, 0.3775, 0.6225
1, 0.3758, 0.6242
1, 0.3778, 0.6222
1, 0.3742, 0.6258
1, 0.3754, 0.6246
1, 0.3772, 0.6228
1, 0.3784, 0.6216
1, 0.3809, 0.6191
1, 0.3777, 0.6223
1, 0.3779, 0.6221
1, 0.3784, 0.6216
1, 0.3757, 0.6243
1, 0.374, 0.626
1, 0.3772, 0.6228
1, 0.3802, 0.6198
1, 0.3784, 0.6216
1, 0.3767, 0.6233
1, 0.3781, 0.6219
1, 0.3798, 0.6202
1, 0.3746, 0.6254
1, 0.3757, 0.6243
1, 0.3759, 0.6241
1, 0.374, 0.626
1, 0.374, 0.626
1, 0.3748, 0.6252
1, 0.3774, 0.6226
1, 0.3783, 0.6217
1, 0.3741, 0.6259
1, 0.3845, 0.6155
1, 0.3767, 0.6233
1, 0.3772, 0.6228
1, 0.3804, 0.6196
1, 0.3757, 0.6243
1, 0.3756, 0.6244
1, 0.3738, 0.6262
1, 0.3752, 0.6248
1, 0.3775, 0.6225
1, 0.3788, 0.6212
1, 0.3778, 0.6222
1, 0.3788, 0.6212
1, 0.3784, 0.6216
1, 0.3776, 0.6224
1, 0.3776, 0.6224
1, 0.3752, 0.6248
1, 0.3782, 0.6218
1, 0.3827, 0.6173
1, 0.3781, 0.6219
1, 0.3756, 0.6244
1, 0.3762, 0.6238
1, 0.3769, 0.6231
1, 0.3772, 0.6228
1, 0.3751, 0.6249
1, 0.3785, 0.6215
1, 0.3718, 0.6282
1, 0.3776, 0.6224
1, 0.3827, 0.6173
1, 0.374, 0.626
1, 0.3769, 0.6231
1, 0.3762, 0.6238
1, 0.3767, 0.6233
1, 0.3753, 0.6247
1, 0.3744, 0.6256
1, 0.3759, 0.6241
1, 0.3771, 0.6229
1, 0.3773, 0.6227
1, 0.3775, 0.6225
1, 0.3783, 0.6217
1, 0.3757, 0.6243
1, 0.3776, 0.6224
1, 0.3782, 0.6218
1, 0.3791, 0.6209
1, 0.3778, 0.6222
1, 0.3778, 0.6222
1, 0.374, 0.626
1, 0.3772, 0.6228
1, 0.3776, 0.6224
1, 0.3743, 0.6257
1, 0.377, 0.623
1, 0.3783, 0.6217
1, 0.3767, 0.6233
1, 0.3761, 0.6239
1, 0.3784, 0.6216
1, 0.3743, 0.6257
1, 0.3756, 0.6244
1, 0.374, 0.626
1, 0.3773, 0.6227
1, 0.3762, 0.6238
1, 0.3772, 0.6228
1, 0.3754, 0.6246
1, 0.3784, 0.6216
1, 0.3767, 0.6233
1, 0.3773, 0.6227
1, 0.3769, 0.6231
1, 0.3776, 0.6224
1, 0.3767, 0.6233
1, 0.3785, 0.6215
1, 0.3842, 0.6158
1, 0.38, 0.62
1, 0.3772, 0.6228
1, 0.3784, 0.6216
1, 0.3754, 0.6246
1, 0.3839, 0.6161
1, 0.3793, 0.6207
1, 0.3772, 0.6228
1, 0.3846, 0.6154
1, 0.378, 0.622
1, 0.3749, 0.6251
1, 0.3761, 0.6239
1, 0.3772, 0.6228
1, 0.3757, 0.6243
1, 0.3778, 0.6222
1, 0.3756, 0.6244
1, 0.3784, 0.6216
1, 0.3838, 0.6162
1, 0.3778, 0.6222
1, 0.377, 0.623
1, 0.3746, 0.6254
1, 0.374, 0.626
1, 0.3735, 0.6265
1, 0.3782, 0.6218
1, 0.3784, 0.6216
1, 0.3784, 0.6216
1, 0.3759, 0.6241
1, 0.3775, 0.6225
1, 0.3771, 0.6229
1, 0.377, 0.623
1, 0.3772, 0.6228
1, 0.3757, 0.6243
1, 0.3782, 0.6218
1, 0.3757, 0.6243
1, 0.3784, 0.6216
1, 0.38, 0.62
1, 0.3772, 0.6228
1, 0.3743, 0.6257
1, 0.3798, 0.6202
1, 0.3749, 0.6251
1, 0.3762, 0.6238
1, 0.3811, 0.6189
1, 0.3777, 0.6223
1, 0.3808, 0.6192
1, 0.3771, 0.6229
1, 0.374, 0.626
1, 0.3784, 0.6216
1, 0.3778, 0.6222
1, 0.3747, 0.6253
1, 0.3774, 0.6226
1, 0.3757, 0.6243
1, 0.3779, 0.6221
1, 0.38, 0.62
1, 0.3792, 0.6208
1, 0.3776, 0.6224
1, 0.3763, 0.6237
1, 0.3775, 0.6225
1, 0.3791, 0.6209
1, 0.3782, 0.6218
1, 0.3743, 0.6257
1, 0.3783, 0.6217
1, 0.3754, 0.6246
1, 0.374, 0.626
1, 0.3783, 0.6217
1, 0.3754, 0.6246
1, 0.3774, 0.6226
1, 0.3774, 0.6226
1, 0.3743, 0.6257
1, 0.374, 0.626
1, 0.3783, 0.6217
1, 0.3756, 0.6244
1, 0.3773, 0.6227
1, 0.3784, 0.6216
1, 0.3776, 0.6224
1, 0.3757, 0.6243
1, 0.3772, 0.6228
1, 0.3772, 0.6228
1, 0.3775, 0.6225
1, 0.3778, 0.6222
1, 0.3749, 0.6251
1, 0.3772, 0.6228
1, 0.3783, 0.6217
1, 0.3788, 0.6212
1, 0.3762, 0.6238
1, 0.3811, 0.6189
1, 0.374, 0.626
1, 0.3762, 0.6238
1, 0.3761, 0.6239
1, 0.3757, 0.6243
1, 0.3827, 0.6173
1, 0.3772, 0.6228
1, 0.38, 0.62
1, 0.3754, 0.6246
1, 0.3772, 0.6228
1, 0.3782, 0.6218
1, 0.3724, 0.6276
1, 0.3777, 0.6223
1, 0.3735, 0.6265
1, 0.3756, 0.6244
1, 0.3785, 0.6215
1, 0.3755, 0.6245
1, 0.3767, 0.6233
1, 0.374, 0.626
1, 0.3798, 0.6202
1, 0.3784, 0.6216
1, 0.3763, 0.6237
1, 0.3738, 0.6262
1, 0.3757, 0.6243
1, 0.3757, 0.6243
1, 0.3757, 0.6243
1, 0.3772, 0.6228
1, 0.3743, 0.6257
1, 0.3773, 0.6227
1, 0.3776, 0.6224
1, 0.3778, 0.6222
1, 0.3757, 0.6243
1, 0.3756, 0.6244
1, 0.3775, 0.6225
1, 0.3772, 0.6228
1, 0.3846, 0.6154
1, 0.3772, 0.6228
1, 0.3772, 0.6228
1, 0.3761, 0.6239
1, 0.3767, 0.6233
1, 0.3759, 0.6241
1, 0.374, 0.626
1, 0.3762, 0.6238
1, 0.3756, 0.6244
1, 0.3771, 0.6229
1, 0.3741, 0.6259
1, 0.3767, 0.6233
1, 0.3743, 0.6257
1, 0.3794, 0.6206
1, 0.3736, 0.6264
1, 0.3757, 0.6243
1, 0.3803, 0.6197
1, 0.3763, 0.6237
1, 0.3749, 0.6251
1, 0.3803, 0.6197
1, 0.3747, 0.6253
1, 0.3762, 0.6238
1, 0.3773, 0.6227
1, 0.3745, 0.6255
1, 0.3762, 0.6238
1, 0.3757, 0.6243
1, 0.3767, 0.6233
1, 0.3782, 0.6218
1, 0.3753, 0.6247
1, 0.3749, 0.6251
1, 0.3776, 0.6224
1, 0.3793, 0.6207
1, 0.3775, 0.6225
1, 0.3742, 0.6258
1, 0.3778, 0.6222
1, 0.3774, 0.6226
1, 0.3757, 0.6243
1, 0.3774, 0.6226
1, 0.3744, 0.6256
1, 0.3787, 0.6213
1, 0.3736, 0.6264
1, 0.3772, 0.6228
1, 0.3775, 0.6225
1, 0.3748, 0.6252
1, 0.3762, 0.6238
1, 0.3769, 0.6231
1, 0.3779, 0.6221
1, 0.3827, 0.6173
1, 0.3767, 0.6233
1, 0.3746, 0.6254
1, 0.3777, 0.6223
1, 0.3777, 0.6223
1, 0.3767, 0.6233
1, 0.3761, 0.6239
1, 0.3753, 0.6247
1, 0.3748, 0.6252
1, 0.38, 0.62
1, 0.3768, 0.6232
1, 0.374, 0.626
1, 0.3767, 0.6233
1, 0.3775, 0.6225
1, 0.3776, 0.6224
1, 0.3776, 0.6224
1, 0.375, 0.625
1, 0.3736, 0.6264
1, 0.3772, 0.6228
1, 0.3749, 0.6251
1, 0.3767, 0.6233
1, 0.376, 0.624
1, 0.3738, 0.6262
1, 0.3758, 0.6242
1, 0.3767, 0.6233
1, 0.3778, 0.6222
1, 0.3868, 0.6132
1, 0.3758, 0.6242
1, 0.3748, 0.6252
1, 0.3875, 0.6125
1, 0.3749, 0.6251
1, 0.377, 0.623
1, 0.3776, 0.6224
1, 0.3776, 0.6224
1, 0.3771, 0.6229
1, 0.3778, 0.6222
1, 0.3772, 0.6228
1, 0.3754, 0.6246
1, 0.3755, 0.6245
1, 0.3767, 0.6233
1, 0.3736, 0.6264
1, 0.3762, 0.6238
1, 0.3827, 0.6173
1, 0.3749, 0.6251
1, 0.3799, 0.6201
1, 0.3795, 0.6205
1, 0.3747, 0.6253
1, 0.3752, 0.6248
1, 0.3775, 0.6225
1, 0.3769, 0.6231
1, 0.375, 0.625
1, 0.3775, 0.6225
1, 0.3753, 0.6247
1, 0.3795, 0.6205
1, 0.3768, 0.6232
1, 0.375, 0.625
1, 0.3767, 0.6233
1, 0.3757, 0.6243
1, 0.3769, 0.6231
1, 0.3764, 0.6236
1, 0.3827, 0.6173
1, 0.3762, 0.6238
1, 0.3772, 0.6228
1, 0.3764, 0.6236
1, 0.377, 0.623
1, 0.369, 0.631
1, 0.3782, 0.6218
1, 0.3773, 0.6227
1, 0.3776, 0.6224
1, 0.3767, 0.6233
1, 0.3757, 0.6243
1, 0.376, 0.624
1, 0.3703, 0.6297
1, 0.3762, 0.6238
1, 0.3775, 0.6225
1, 0.3753, 0.6247
1, 0.3731, 0.6269
1, 0.3736, 0.6264
1, 0.375, 0.625
1, 0.3757, 0.6243
1, 0.3776, 0.6224
1, 0.3754, 0.6246
1, 0.3767, 0.6233
1, 0.3764, 0.6236
1, 0.3767, 0.6233
1, 0.3736, 0.6264
1, 0.3764, 0.6236
1, 0.375, 0.625
1, 0.3776, 0.6224
1, 0.375, 0.625
1, 0.3816, 0.6184
1, 0.3753, 0.6247
1, 0.378, 0.622
1, 0.3754, 0.6246
1, 0.3764, 0.6236
1, 0.3762, 0.6238
1, 0.3754, 0.6246
1, 0.3776, 0.6224
1, 0.3784, 0.6216
1, 0.3847, 0.6153
1, 0.3771, 0.6229
1, 0.3763, 0.6237
1, 0.3774, 0.6226
1, 0.3767, 0.6233
1, 0.3775, 0.6225
1, 0.3779, 0.6221
1, 0.3769, 0.6231
1, 0.3776, 0.6224
1, 0.3849, 0.6151
1, 0.376, 0.624
1, 0.3845, 0.6155
1, 0.3741, 0.6259
1, 0.3775, 0.6225
1, 0.3776, 0.6224
1, 0.3764, 0.6236
1, 0.3793, 0.6207
1, 0.3752, 0.6248
1, 0.3828, 0.6172
1, 0.3779, 0.6221
1, 0.3732, 0.6268
1, 0.3787, 0.6213
1, 0.3776, 0.6224
1, 0.3736, 0.6264
1, 0.3764, 0.6236
1, 0.3764, 0.6236
1, 0.3767, 0.6233
1, 0.3775, 0.6225
1, 0.3767, 0.6233
1, 0.3762, 0.6238
1, 0.3769, 0.6231
1, 0.3763, 0.6237
1, 0.378, 0.622
1, 0.3775, 0.6225
1, 0.378, 0.622
1, 0.3767, 0.6233
1, 0.3754, 0.6246
1, 0.3776, 0.6224
1, 0.375, 0.625
1, 0.3778, 0.6222
1, 0.3773, 0.6227
1, 0.3778, 0.6222
1, 0.3751, 0.6249
1, 0.375, 0.625
1, 0.3763, 0.6237
1, 0.3777, 0.6223
1, 0.377, 0.623
1, 0.3778, 0.6222
1, 0.3762, 0.6238
1, 0.3736, 0.6264
1, 0.3767, 0.6233
1, 0.3778, 0.6222
1, 0.3749, 0.6251
1, 0.3774, 0.6226
1, 0.3776, 0.6224
1, 0.3769, 0.6231
1, 0.3779, 0.6221
1, 0.3771, 0.6229
1, 0.3777, 0.6223
1, 0.3776, 0.6224
1, 0.3766, 0.6234
1, 0.3776, 0.6224
1, 0.382, 0.618
1, 0.3767, 0.6233
1, 0.3842, 0.6158
1, 0.3764, 0.6236
1, 0.3754, 0.6246
1, 0.3725, 0.6275
1, 0.3775, 0.6225
1, 0.374, 0.626
1, 0.3761, 0.6239
1, 0.3769, 0.6231
1, 0.3776, 0.6224
1, 0.3749, 0.6251
1, 0.3851, 0.6149
1, 0.3727, 0.6273
1, 0.3755, 0.6245
1, 0.3774, 0.6226
1, 0.3782, 0.6218
1, 0.3766, 0.6234
1, 0.3772, 0.6228
1, 0.378, 0.622
1, 0.3775, 0.6225
1, 0.3745, 0.6255
1, 0.3763, 0.6237
1, 0.3775, 0.6225
1, 0.3766, 0.6234
1, 0.3786, 0.6214
1, 0.3742, 0.6258
1, 0.3778, 0.6222
1, 0.3735, 0.6265
1, 0.3768, 0.6232
1, 0.3827, 0.6173
1, 0.3795, 0.6205
1, 0.3735, 0.6265
1, 0.375, 0.625
1, 0.3769, 0.6231
1, 0.3736, 0.6264
1, 0.3779, 0.6221
1, 0.3776, 0.6224
1, 0.3767, 0.6233
1, 0.3754, 0.6246
1, 0.3764, 0.6236
1, 0.3775, 0.6225
1, 0.3769, 0.6231
1, 0.3762, 0.6238
1, 0.3758, 0.6242
1, 0.3748, 0.6252
1, 0.3764, 0.6236
1, 0.3777, 0.6223
1, 0.3764, 0.6236
1, 0.3769, 0.6231
1, 0.3762, 0.6238
1, 0.3777, 0.6223
1, 0.3746, 0.6254
1, 0.3753, 0.6247
1, 0.3753, 0.6247
1, 0.3764, 0.6236
1, 0.3703, 0.6297
1, 0.3779, 0.6221
1, 0.3736, 0.6264
1, 0.378, 0.622
1, 0.3764, 0.6236
1, 0.3776, 0.6224
1, 0.3753, 0.6247
1, 0.3776, 0.6224
1, 0.3767, 0.6233
1, 0.375, 0.625
1, 0.3762, 0.6238
1, 0.3776, 0.6224
1, 0.3775, 0.6225
1, 0.3764, 0.6236
1, 0.3764, 0.6236
1, 0.3761, 0.6239
1, 0.3752, 0.6248
1, 0.3764, 0.6236
1, 0.3767, 0.6233
1, 0.376, 0.624
1, 0.3769, 0.6231
1, 0.3775, 0.6225
1, 0.3762, 0.6238
1, 0.3764, 0.6236
1, 0.3782, 0.6218
1, 0.3764, 0.6236
1, 0.3769, 0.6231
1, 0.378, 0.622
1, 0.3772, 0.6228
1, 0.3754, 0.6246
1, 0.3767, 0.6233
1, 0.3776, 0.6224
1, 0.3764, 0.6236
1, 0.3772, 0.6228
1, 0.3776, 0.6224
1, 0.3731, 0.6269
1, 0.3754, 0.6246
1, 0.3764, 0.6236
1, 0.3777, 0.6223
1, 0.378, 0.622
1, 0.3775, 0.6225
1, 0.3776, 0.6224
1, 0.3851, 0.6149
1, 0.3695, 0.6305
1, 0.3766, 0.6234
1, 0.3775, 0.6225
1, 0.3786, 0.6214
1, 0.3728, 0.6272
1, 0.3736, 0.6264
1, 0.3767, 0.6233
1, 0.377, 0.623
1, 0.3754, 0.6246
1, 0.3754, 0.6246
1, 0.38, 0.62
1, 0.374, 0.626
1, 0.3776, 0.6224
1, 0.3767, 0.6233
1, 0.3769, 0.6231
1, 0.3785, 0.6215
1, 0.3769, 0.6231
1, 0.3766, 0.6234
1, 0.375, 0.625
1, 0.3751, 0.6249
1, 0.3778, 0.6222
1, 0.3756, 0.6244
1, 0.3776, 0.6224
1, 0.3761, 0.6239
1, 0.3762, 0.6238
1, 0.3779, 0.6221
1, 0.3749, 0.6251
1, 0.3772, 0.6228
1, 0.3782, 0.6218
1, 0.3772, 0.6228
1, 0.3769, 0.6231
1, 0.3778, 0.6222
1, 0.3756, 0.6244
1, 0.3777, 0.6223
1, 0.3768, 0.6232
1, 0.3783, 0.6217
1, 0.3785, 0.6215
1, 0.382, 0.618
1, 0.3754, 0.6246
1, 0.3764, 0.6236
1, 0.3826, 0.6174
1, 0.3765, 0.6235
1, 0.3762, 0.6238
1, 0.3757, 0.6243
1, 0.3767, 0.6233
1, 0.375, 0.625
1, 0.3736, 0.6264
1, 0.378, 0.622
1, 0.3827, 0.6173
1, 0.374, 0.626
1, 0.3765, 0.6235
1, 0.3745, 0.6255
1, 0.3776, 0.6224
1, 0.3779, 0.6221
1, 0.3767, 0.6233
1, 0.3775, 0.6225
1, 0.3743, 0.6257
1, 0.3777, 0.6223
1, 0.373, 0.627
1, 0.3758, 0.6242
1, 0.3801, 0.6199
1, 0.3765, 0.6235
1, 0.3773, 0.6227
1, 0.3765, 0.6235
1, 0.3762, 0.6238
1, 0.3754, 0.6246
1, 0.3785, 0.6215
1, 0.3776, 0.6224
1, 0.3762, 0.6238
1, 0.3775, 0.6225
1, 0.3772, 0.6228
1, 0.3764, 0.6236
1, 0.3766, 0.6234
1, 0.3781, 0.6219
1, 0.3786, 0.6214
1, 0.3851, 0.6149
1, 0.3772, 0.6228
1, 0.3765, 0.6235
1, 0.3783, 0.6217
1, 0.3785, 0.6215
1, 0.3731, 0.6269
1, 0.3773, 0.6227
1, 0.3754, 0.6246
1, 0.3773, 0.6227
1, 0.3764, 0.6236
1, 0.3755, 0.6245
1, 0.3764, 0.6236
1, 0.3773, 0.6227
1, 0.3771, 0.6229
1, 0.3744, 0.6256
1, 0.3765, 0.6235
1, 0.3736, 0.6264
1, 0.3765, 0.6235
1, 0.3773, 0.6227
1, 0.3698, 0.6302
1, 0.375, 0.625
1, 0.3766, 0.6234
1, 0.3767, 0.6233
1, 0.3786, 0.6214
1, 0.3769, 0.6231
1, 0.378, 0.622
1, 0.3765, 0.6235
1, 0.3775, 0.6225
1, 0.3781, 0.6219
1, 0.3764, 0.6236
1, 0.3703, 0.6297
1, 0.3773, 0.6227
1, 0.378, 0.622
1, 0.3756, 0.6244
1, 0.3771, 0.6229
1, 0.3751, 0.6249
1, 0.3764, 0.6236
1, 0.385, 0.615
1, 0.3777, 0.6223
1, 0.3767, 0.6233
1, 0.3775, 0.6225
1, 0.3745, 0.6255
1, 0.3736, 0.6264
1, 0.3768, 0.6232
1, 0.3794, 0.6206
1, 0.3762, 0.6238
1, 0.3769, 0.6231
1, 0.374, 0.626
1, 0.38, 0.62
1, 0.3743, 0.6257
1, 0.3752, 0.6248
1, 0.375, 0.625
1, 0.3761, 0.6239
1, 0.3754, 0.6246
1, 0.3777, 0.6223
1, 0.3776, 0.6224
1, 0.377, 0.623
1, 0.3756, 0.6244
1, 0.3786, 0.6214
1, 0.3774, 0.6226
1, 0.3775, 0.6225
1, 0.3757, 0.6243
1, 0.3839, 0.6161
1, 0.3756, 0.6244
1, 0.3756, 0.6244
1, 0.3772, 0.6228
1, 0.3801, 0.6199
1, 0.3782, 0.6218
1, 0.3784, 0.6216
1, 0.375, 0.625
1, 0.38, 0.62
1, 0.3751, 0.6249
1, 0.3774, 0.6226
1, 0.3811, 0.6189
1, 0.3843, 0.6157
1, 0.3785, 0.6215
1, 0.3774, 0.6226
1, 0.3774, 0.6226
1, 0.3756, 0.6244
1, 0.3772, 0.6228
1, 0.3762, 0.6238
1, 0.3781, 0.6219
1, 0.3778, 0.6222
1, 0.3749, 0.6251
1, 0.3793, 0.6207
1, 0.374, 0.626
1, 0.3772, 0.6228
1, 0.3741, 0.6259
1, 0.3798, 0.6202
1, 0.3773, 0.6227
1, 0.3844, 0.6156
1, 0.3762, 0.6238
1, 0.3758, 0.6242
1, 0.3786, 0.6214
1, 0.38, 0.62
1, 0.3774, 0.6226
1, 0.3772, 0.6228
1, 0.375, 0.625
1, 0.3844, 0.6156
1, 0.374, 0.626
1, 0.3767, 0.6233
1, 0.3766, 0.6234
1, 0.3806, 0.6194
1, 0.3754, 0.6246
1, 0.3784, 0.6216
1, 0.3772, 0.6228
1, 0.3775, 0.6225
1, 0.3756, 0.6244
1, 0.3846, 0.6154
1, 0.3771, 0.6229
1, 0.3772, 0.6228
1, 0.3785, 0.6215
1, 0.374, 0.626
1, 0.3767, 0.6233
1, 0.3762, 0.6238
1, 0.3747, 0.6253
1, 0.3798, 0.6202
1, 0.3775, 0.6225
1, 0.3771, 0.6229
1, 0.3839, 0.6161
1, 0.3773, 0.6227
1, 0.3767, 0.6233
1, 0.3735, 0.6265
1, 0.3757, 0.6243
1, 0.3748, 0.6252
1, 0.3784, 0.6216
1, 0.3734, 0.6266
1, 0.3776, 0.6224
1, 0.3762, 0.6238
1, 0.3775, 0.6225
1, 0.3761, 0.6239
1, 0.3757, 0.6243
1, 0.3757, 0.6243
1, 0.3748, 0.6252
1, 0.3812, 0.6188
1, 0.3731, 0.6269
1, 0.3746, 0.6254
1, 0.3758, 0.6242
1, 0.3735, 0.6265
1, 0.3763, 0.6237
1, 0.3784, 0.6216
1, 0.3798, 0.6202
1, 0.3759, 0.6241
1, 0.3772, 0.6228
1, 0.3778, 0.6222
1, 0.3782, 0.6218
1, 0.3784, 0.6216
1, 0.3739, 0.6261
1, 0.3756, 0.6244
1, 0.3783, 0.6217
1, 0.3757, 0.6243
1, 0.3785, 0.6215
1, 0.3773, 0.6227
1, 0.3785, 0.6215
1, 0.3778, 0.6222
1, 0.3874, 0.6126
1, 0.3734, 0.6266
1, 0.3735, 0.6265
1, 0.3788, 0.6212
1, 0.385, 0.615
1, 0.3734, 0.6266
1, 0.3747, 0.6253
1, 0.3774, 0.6226
1, 0.3777, 0.6223
1, 0.3757, 0.6243
1, 0.3771, 0.6229
1, 0.3827, 0.6173
1, 0.3772, 0.6228
1, 0.3798, 0.6202
1, 0.3757, 0.6243
1, 0.3781, 0.6219
1, 0.3845, 0.6155
1, 0.3785, 0.6215
1, 0.3767, 0.6233
1, 0.3851, 0.6149
1, 0.3783, 0.6217
1, 0.3738, 0.6262
1, 0.3776, 0.6224
1, 0.3798, 0.6202
1, 0.3847, 0.6153
1, 0.3757, 0.6243
1, 0.3792, 0.6208
1, 0.3785, 0.6215
1, 0.3773, 0.6227
1, 0.3773, 0.6227
1, 0.3815, 0.6185
1, 0.377, 0.623
1, 0.3757, 0.6243
1, 0.3812, 0.6188
1, 0.3785, 0.6215
1, 0.3811, 0.6189
1, 0.3767, 0.6233
1, 0.3783, 0.6217
1, 0.3794, 0.6206
1, 0.3768, 0.6232
1, 0.3798, 0.6202
1, 0.3798, 0.6202
1, 0.3756, 0.6244
1, 0.3772, 0.6228
1, 0.3754, 0.6246
1, 0.3763, 0.6237
1, 0.3754, 0.6246
1, 0.3747, 0.6253
1, 0.3781, 0.6219
1, 0.3778, 0.6222
1, 0.3838, 0.6162
1, 0.3845, 0.6155
1, 0.378, 0.622
1, 0.3772, 0.6228
1, 0.3785, 0.6215
1, 0.3773, 0.6227
1, 0.374, 0.626
1, 0.38, 0.62
1, 0.3783, 0.6217
1, 0.3769, 0.6231
1, 0.3811, 0.6189
1, 0.377, 0.623
1, 0.3762, 0.6238
1, 0.3782, 0.6218
1, 0.3783, 0.6217
1, 0.3757, 0.6243
1, 0.3767, 0.6233
1, 0.3798, 0.6202
1, 0.3785, 0.6215
1, 0.3772, 0.6228
1, 0.3762, 0.6238
1, 0.3846, 0.6154
1, 0.3838, 0.6162
1, 0.374, 0.626
1, 0.377, 0.623
1, 0.374, 0.626
1, 0.3774, 0.6226
1, 0.3743, 0.6257
1, 0.3735, 0.6265
1, 0.3775, 0.6225
1, 0.3757, 0.6243
1, 0.3754, 0.6246
1, 0.3767, 0.6233
1, 0.3773, 0.6227
1, 0.3784, 0.6216
1, 0.3846, 0.6154
1, 0.3846, 0.6154
1, 0.3761, 0.6239
1, 0.3782, 0.6218
1, 0.3796, 0.6204
1, 0.376, 0.624
1, 0.3775, 0.6225
1, 0.376, 0.624
1, 0.3798, 0.6202
1, 0.3798, 0.6202
1, 0.3827, 0.6173
1, 0.3839, 0.6161
1, 0.3839, 0.6161
1, 0.3772, 0.6228
1, 0.3769, 0.6231
1, 0.3747, 0.6253
1, 0.3754, 0.6246
1, 0.3749, 0.6251
1, 0.3779, 0.6221
1, 0.3757, 0.6243
1, 0.3785, 0.6215
1, 0.3778, 0.6222
1, 0.3757, 0.6243
1, 0.3778, 0.6222
1, 0.3762, 0.6238
1, 0.3811, 0.6189
1, 0.3846, 0.6154
1, 0.3772, 0.6228
1, 0.3799, 0.6201
1, 0.3778, 0.6222
1, 0.3743, 0.6257
1, 0.3778, 0.6222
1, 0.3798, 0.6202
1, 0.3738, 0.6262
1, 0.3777, 0.6223
1, 0.3735, 0.6265
1, 0.3746, 0.6254
1, 0.3772, 0.6228
1, 0.3757, 0.6243
1, 0.3788, 0.6212
1, 0.3735, 0.6265
1, 0.3827, 0.6173
1, 0.3804, 0.6196
1, 0.3767, 0.6233
1, 0.3757, 0.6243
1, 0.3784, 0.6216
1, 0.3772, 0.6228
1, 0.3775, 0.6225
1, 0.3785, 0.6215
1, 0.3747, 0.6253
1, 0.374, 0.626
1, 0.3784, 0.6216
1, 0.3756, 0.6244
1, 0.3757, 0.6243
1, 0.3767, 0.6233
1, 0.3773, 0.6227
1, 0.3747, 0.6253
1, 0.3782, 0.6218
1, 0.3777, 0.6223
1, 0.3734, 0.6266
1, 0.3762, 0.6238
1, 0.3757, 0.6243
1, 0.3775, 0.6225
1, 0.3757, 0.6243
1, 0.378, 0.622
1, 0.3734, 0.6266
1, 0.38, 0.62
1, 0.3773, 0.6227
1, 0.374, 0.626
1, 0.3742, 0.6258
1, 0.3759, 0.6241
1, 0.3757, 0.6243
1, 0.3774, 0.6226
1, 0.3772, 0.6228
1, 0.3757, 0.6243
1, 0.3784, 0.6216
1, 0.3756, 0.6244
1, 0.3782, 0.6218
1, 0.374, 0.626
1, 0.3788, 0.6212
1, 0.3778, 0.6222
1, 0.3786, 0.6214
1, 0.3756, 0.6244
1, 0.3769, 0.6231
1, 0.3767, 0.6233
1, 0.3743, 0.6257
1, 0.3771, 0.6229
1, 0.3776, 0.6224
1, 0.3811, 0.6189
1, 0.3827, 0.6173
1, 0.3784, 0.6216
1, 0.3767, 0.6233
1, 0.3775, 0.6225
1, 0.3785, 0.6215
1, 0.377, 0.623
1, 0.3772, 0.6228
1, 0.3741, 0.6259
1, 0.3778, 0.6222
1, 0.3763, 0.6237
1, 0.3774, 0.6226
1, 0.3771, 0.6229
1, 0.374, 0.626
1, 0.3773, 0.6227
1, 0.3757, 0.6243
1, 0.3772, 0.6228
1, 0.3751, 0.6249
1, 0.3767, 0.6233
1, 0.374, 0.626
1, 0.3783, 0.6217
1, 0.3804, 0.6196
1, 0.3775, 0.6225
1, 0.378, 0.622
1, 0.3767, 0.6233
1, 0.3774, 0.6226
1, 0.3784, 0.6216
1, 0.3756, 0.6244
1, 0.3747, 0.6253
1, 0.3779, 0.6221
1, 0.3785, 0.6215
1, 0.3775, 0.6225
1, 0.3782, 0.6218
1, 0.3772, 0.6228
1, 0.377, 0.623
1, 0.3785, 0.6215
1, 0.3785, 0.6215
1, 0.3776, 0.6224
1, 0.3783, 0.6217
1, 0.3827, 0.6173
1, 0.3761, 0.6239
1, 0.375, 0.625
1, 0.3801, 0.6199
1, 0.3772, 0.6228
1, 0.3783, 0.6217
1, 0.377, 0.623
1, 0.3772, 0.6228
1, 0.3782, 0.6218
1, 0.374, 0.626
1, 0.3762, 0.6238
1, 0.3749, 0.6251
1, 0.3763, 0.6237
1, 0.3784, 0.6216
1, 0.3767, 0.6233
1, 0.3744, 0.6256
1, 0.3759, 0.6241
1, 0.3778, 0.6222
1, 0.3784, 0.6216
1, 0.3769, 0.6231
1, 0.3775, 0.6225
1, 0.3757, 0.6243
1, 0.3783, 0.6217
1, 0.3777, 0.6223
1, 0.3778, 0.6222
1, 0.3762, 0.6238
1, 0.3774, 0.6226
1, 0.3778, 0.6222
1, 0.3785, 0.6215
1, 0.3743, 0.6257
1, 0.3776, 0.6224
1, 0.3778, 0.6222
1, 0.377, 0.623
1, 0.3736, 0.6264
1, 0.3769, 0.6231
1, 0.3785, 0.6215
1, 0.3782, 0.6218
1, 0.3769, 0.6231
1, 0.3738, 0.6262
1, 0.3794, 0.6206
1, 0.3774, 0.6226
1, 0.3794, 0.6206
1, 0.3764, 0.6236
1, 0.3754, 0.6246
1, 0.3781, 0.6219
1, 0.3757, 0.6243
1, 0.3753, 0.6247
1, 0.3781, 0.6219
1, 0.3759, 0.6241
1, 0.3785, 0.6215
1, 0.3754, 0.6246
1, 0.3773, 0.6227
1, 0.3734, 0.6266
1, 0.3785, 0.6215
1, 0.3785, 0.6215
1, 0.3782, 0.6218
1, 0.3757, 0.6243
1, 0.3785, 0.6215
1, 0.3784, 0.6216
1, 0.3757, 0.6243
1, 0.3762, 0.6238
1, 0.3781, 0.6219
1, 0.3781, 0.6219
1, 0.3735, 0.6265
1, 0.3769, 0.6231
1, 0.3785, 0.6215
1, 0.3773, 0.6227
1, 0.3756, 0.6244
1, 0.3785, 0.6215
1, 0.3773, 0.6227
1, 0.3788, 0.6212
1, 0.3763, 0.6237
1, 0.3774, 0.6226
1, 0.3763, 0.6237
1, 0.3759, 0.6241
1, 0.3827, 0.6173
1, 0.3763, 0.6237
1, 0.3757, 0.6243
1, 0.3783, 0.6217
1, 0.3772, 0.6228
1, 0.3734, 0.6266
1, 0.3783, 0.6217
1, 0.3772, 0.6228
1, 0.374, 0.626
1, 0.3757, 0.6243
1, 0.3774, 0.6226
1, 0.3783, 0.6217
1, 0.3774, 0.6226
1, 0.3767, 0.6233
1, 0.3774, 0.6226
1, 0.3764, 0.6236
1, 0.3746, 0.6254
1, 0.3775, 0.6225
1, 0.3756, 0.6244
1, 0.377, 0.623
1, 0.3801, 0.6199
1, 0.3788, 0.6212
1, 0.375, 0.625
1, 0.3796, 0.6204
1, 0.3774, 0.6226
1, 0.376, 0.624
1, 0.3796, 0.6204
1, 0.3775, 0.6225
1, 0.3772, 0.6228
1, 0.376, 0.624
1, 0.3827, 0.6173
1, 0.3749, 0.6251
1, 0.3773, 0.6227
1, 0.3781, 0.6219
1, 0.3754, 0.6246
1, 0.3772, 0.6228
1, 0.3754, 0.6246
1, 0.374, 0.626
1, 0.3784, 0.6216
1, 0.3782, 0.6218
1, 0.3767, 0.6233
1, 0.3762, 0.6238
1, 0.374, 0.626
1, 0.3769, 0.6231
1, 0.3762, 0.6238
1, 0.3775, 0.6225
1, 0.3735, 0.6265
1, 0.3762, 0.6238
1, 0.3736, 0.6264
1, 0.3785, 0.6215
1, 0.3773, 0.6227
1, 0.3778, 0.6222
1, 0.3736, 0.6264
1, 0.3763, 0.6237
1, 0.3784, 0.6216
1, 0.3759, 0.6241
1, 0.3759, 0.6241
1, 0.3781, 0.6219
1, 0.3757, 0.6243
1, 0.3759, 0.6241
1, 0.3732, 0.6268
1, 0.3757, 0.6243
1, 0.3785, 0.6215
1, 0.3785, 0.6215
1, 0.3736, 0.6264
1, 0.3783, 0.6217
1, 0.3757, 0.6243
1, 0.3773, 0.6227
1, 0.3757, 0.6243
1, 0.3757, 0.6243
1, 0.3738, 0.6262
1, 0.377, 0.623
1, 0.3757, 0.6243
1, 0.3756, 0.6244
1, 0.3759, 0.6241
1, 0.3756, 0.6244
1, 0.3758, 0.6242
1, 0.3782, 0.6218
1, 0.3788, 0.6212
1, 0.3756, 0.6244
1, 0.3778, 0.6222
1, 0.3774, 0.6226
1, 0.3778, 0.6222
1, 0.3741, 0.6259
1, 0.38, 0.62
1, 0.3762, 0.6238
1, 0.3779, 0.6221
1, 0.3775, 0.6225
1, 0.3776, 0.6224
1, 0.3803, 0.6197
1, 0.3784, 0.6216
1, 0.3773, 0.6227
1, 0.3782, 0.6218
1, 0.3773, 0.6227
1, 0.3756, 0.6244
1, 0.3746, 0.6254
1, 0.3754, 0.6246
1, 0.3769, 0.6231
1, 0.3757, 0.6243
1, 0.3772, 0.6228
1, 0.3803, 0.6197
1, 0.375, 0.625
1, 0.3757, 0.6243
1, 0.3791, 0.6209
1, 0.3777, 0.6223
1, 0.3737, 0.6263
1, 0.3746, 0.6254
1, 0.3799, 0.6201
1, 0.3783, 0.6217
1, 0.3773, 0.6227
1, 0.3757, 0.6243
1, 0.3757, 0.6243
1, 0.3779, 0.6221
1, 0.3763, 0.6237
1, 0.3784, 0.6216
1, 0.3762, 0.6238
1, 0.3716, 0.6284
1, 0.3783, 0.6217
1, 0.3748, 0.6252
1, 0.3784, 0.6216
1, 0.3783, 0.6217
1, 0.374, 0.626
1, 0.3763, 0.6237
1, 0.3839, 0.6161
1, 0.3756, 0.6244
1, 0.3783, 0.6217
1, 0.3762, 0.6238
1, 0.3773, 0.6227
1, 0.3784, 0.6216
1, 0.3776, 0.6224
1, 0.3757, 0.6243
1, 0.3774, 0.6226
1, 0.3774, 0.6226
1, 0.3798, 0.6202
1, 0.3737, 0.6263
1, 0.3785, 0.6215
1, 0.3773, 0.6227
1, 0.3802, 0.6198
1, 0.3784, 0.6216
1, 0.38, 0.62
1, 0.3753, 0.6247
1, 0.377, 0.623
1, 0.3772, 0.6228
1, 0.3771, 0.6229
1, 0.3785, 0.6215
1, 0.3743, 0.6257
1, 0.3759, 0.6241
1, 0.3759, 0.6241
1, 0.375, 0.625
1, 0.377, 0.623
1, 0.3772, 0.6228
1, 0.3793, 0.6207
1, 0.3786, 0.6214
1, 0.374, 0.626
1, 0.3752, 0.6248
1, 0.3802, 0.6198
1, 0.3753, 0.6247
1, 0.3757, 0.6243
1, 0.3731, 0.6269
1, 0.3778, 0.6222
1, 0.3748, 0.6252
1, 0.3775, 0.6225
1, 0.3767, 0.6233
1, 0.3842, 0.6158
1, 0.3758, 0.6242
1, 0.3775, 0.6225
1, 0.3749, 0.6251
1, 0.3757, 0.6243
1, 0.3776, 0.6224
1, 0.3732, 0.6268
1, 0.3765, 0.6235
1, 0.3776, 0.6224
1, 0.3775, 0.6225
1, 0.3757, 0.6243
1, 0.3846, 0.6154
1, 0.3842, 0.6158
1, 0.3773, 0.6227
1, 0.3756, 0.6244
1, 0.3757, 0.6243
1, 0.3774, 0.6226
1, 0.3785, 0.6215
1, 0.3756, 0.6244
1, 0.3736, 0.6264
1, 0.3798, 0.6202
1, 0.377, 0.623
1, 0.3751, 0.6249
1, 0.3788, 0.6212
1, 0.3781, 0.6219
1, 0.3759, 0.6241
1, 0.3774, 0.6226
1, 0.3839, 0.6161
1, 0.3756, 0.6244
1, 0.3762, 0.6238
1, 0.3782, 0.6218
1, 0.3756, 0.6244
1, 0.3874, 0.6126
1, 0.3763, 0.6237
1, 0.3795, 0.6205
1, 0.3778, 0.6222
1, 0.38, 0.62
1, 0.3742, 0.6258
1, 0.3735, 0.6265
1, 0.3751, 0.6249
1, 0.3874, 0.6126
1, 0.3756, 0.6244
1, 0.3842, 0.6158
1, 0.3772, 0.6228
1, 0.3762, 0.6238
1, 0.3783, 0.6217
1, 0.3757, 0.6243
1, 0.3751, 0.6249
1, 0.374, 0.626
1, 0.3784, 0.6216
1, 0.3744, 0.6256
1, 0.3785, 0.6215
1, 0.3759, 0.6241
1, 0.3846, 0.6154
1, 0.3767, 0.6233
1, 0.374, 0.626
1, 0.3777, 0.6223
1, 0.3784, 0.6216
1, 0.3782, 0.6218
1, 0.3775, 0.6225
1, 0.3772, 0.6228
1, 0.3757, 0.6243
1, 0.3775, 0.6225
1, 0.3734, 0.6266
1, 0.3793, 0.6207
1, 0.3794, 0.6206
1, 0.3767, 0.6233
1, 0.3762, 0.6238
1, 0.378, 0.622
1, 0.3772, 0.6228
1, 0.3769, 0.6231
1, 0.3757, 0.6243
1, 0.3757, 0.6243
1, 0.377, 0.623
1, 0.376, 0.624
1, 0.3737, 0.6263
1, 0.3793, 0.6207
1, 0.3763, 0.6237
1, 0.3748, 0.6252
1, 0.3778, 0.6222
1, 0.376, 0.624
1, 0.3774, 0.6226
1, 0.3763, 0.6237
1, 0.3774, 0.6226
1, 0.3766, 0.6234
1, 0.3774, 0.6226
1, 0.3756, 0.6244
1, 0.3785, 0.6215
1, 0.3779, 0.6221
1, 0.3811, 0.6189
1, 0.3742, 0.6258
1, 0.3773, 0.6227
1, 0.3757, 0.6243
1, 0.3752, 0.6248
1, 0.3753, 0.6247
1, 0.3783, 0.6217
1, 0.3763, 0.6237
1, 0.38, 0.62
1, 0.3774, 0.6226
1, 0.3741, 0.6259
1, 0.3752, 0.6248
1, 0.3781, 0.6219
1, 0.3783, 0.6217
1, 0.3743, 0.6257
1, 0.3774, 0.6226
1, 0.3778, 0.6222
1, 0.3738, 0.6262
1, 0.3785, 0.6215
1, 0.3846, 0.6154
1, 0.3748, 0.6252
1, 0.3773, 0.6227
1, 0.3769, 0.6231
1, 0.3745, 0.6255
1, 0.3846, 0.6154
1, 0.374, 0.626
1, 0.3757, 0.6243
1, 0.3756, 0.6244
1, 0.3788, 0.6212
1, 0.3772, 0.6228
1, 0.3737, 0.6263
1, 0.374, 0.626
1, 0.3781, 0.6219
1, 0.3784, 0.6216
1, 0.3756, 0.6244
1, 0.3827, 0.6173
1, 0.3756, 0.6244
1, 0.3773, 0.6227
1, 0.3774, 0.6226
1, 0.3767, 0.6233
1, 0.3785, 0.6215
1, 0.3772, 0.6228
1, 0.3784, 0.6216
1, 0.38, 0.62
1, 0.3773, 0.6227
1, 0.3789, 0.6211
1, 0.3762, 0.6238
1, 0.374, 0.626
1, 0.3775, 0.6225
1, 0.3757, 0.6243
1, 0.3771, 0.6229
1, 0.3772, 0.6228
1, 0.3796, 0.6204
1, 0.3753, 0.6247
1, 0.38, 0.62
1, 0.3754, 0.6246
1, 0.374, 0.626
1, 0.3753, 0.6247
1, 0.3767, 0.6233
1, 0.3771, 0.6229
1, 0.3759, 0.6241
1, 0.3772, 0.6228
1, 0.3775, 0.6225
1, 0.373, 0.627
1, 0.3767, 0.6233
1, 0.374, 0.626
1, 0.3757, 0.6243
1, 0.3775, 0.6225
1, 0.3762, 0.6238
1, 0.3778, 0.6222
1, 0.3767, 0.6233
1, 0.3784, 0.6216
1, 0.3773, 0.6227
1, 0.3743, 0.6257
1, 0.3776, 0.6224
1, 0.3778, 0.6222
1, 0.3775, 0.6225
1, 0.3773, 0.6227
1, 0.3776, 0.6224
1, 0.3781, 0.6219
1, 0.3782, 0.6218
1, 0.3756, 0.6244
1, 0.3757, 0.6243
1, 0.3785, 0.6215
1, 0.3772, 0.6228
1, 0.3784, 0.6216
1, 0.3772, 0.6228
1, 0.3772, 0.6228
1, 0.3784, 0.6216
1, 0.3772, 0.6228
1, 0.3784, 0.6216
1, 0.3803, 0.6197
1, 0.3782, 0.6218
1, 0.3774, 0.6226
1, 0.3768, 0.6232
1, 0.3753, 0.6247
1, 0.38, 0.62
1, 0.3746, 0.6254
1, 0.3783, 0.6217
1, 0.3769, 0.6231
1, 0.3785, 0.6215
1, 0.3749, 0.6251
1, 0.3803, 0.6197
1, 0.3772, 0.6228
1, 0.3783, 0.6217
1, 0.3763, 0.6237
1, 0.3782, 0.6218
1, 0.3757, 0.6243
1, 0.3746, 0.6254
1, 0.374, 0.626
1, 0.38, 0.62
1, 0.3785, 0.6215
1, 0.3784, 0.6216
1, 0.377, 0.623
1, 0.3782, 0.6218
1, 0.3778, 0.6222
1, 0.3767, 0.6233
1, 0.3783, 0.6217
1, 0.3756, 0.6244
1, 0.3775, 0.6225
1, 0.3769, 0.6231
1, 0.3757, 0.6243
1, 0.3775, 0.6225
1, 0.3774, 0.6226
1, 0.3784, 0.6216
1, 0.3763, 0.6237
1, 0.374, 0.626
1, 0.3781, 0.6219
1, 0.3766, 0.6234
1, 0.3757, 0.6243
1, 0.3774, 0.6226
1, 0.38, 0.62
1, 0.3762, 0.6238
1, 0.3763, 0.6237
1, 0.3773, 0.6227
1, 0.3785, 0.6215
1, 0.3783, 0.6217
1, 0.3773, 0.6227
1, 0.3794, 0.6206
1, 0.3772, 0.6228
1, 0.3737, 0.6263
1, 0.3764, 0.6236
1, 0.3753, 0.6247
1, 0.3786, 0.6214
1, 0.3774, 0.6226
1, 0.374, 0.626
1, 0.3783, 0.6217
1, 0.375, 0.625
1, 0.3784, 0.6216
1, 0.3754, 0.6246
1, 0.3767, 0.6233
1, 0.3774, 0.6226
1, 0.3732, 0.6268
1, 0.374, 0.626
1, 0.3759, 0.6241
1, 0.3785, 0.6215
1, 0.377, 0.623
1, 0.3757, 0.6243
1, 0.3775, 0.6225
1, 0.3753, 0.6247
1, 0.3802, 0.6198
1, 0.3748, 0.6252
1, 0.3778, 0.6222
1, 0.3773, 0.6227
1, 0.3772, 0.6228
1, 0.3772, 0.6228
1, 0.3732, 0.6268
1, 0.3801, 0.6199
1, 0.3776, 0.6224
1, 0.375, 0.625
1, 0.375, 0.625
1, 0.3762, 0.6238
1, 0.3757, 0.6243
1, 0.3763, 0.6237
1, 0.3735, 0.6265
1, 0.3783, 0.6217
1, 0.3749, 0.6251
1, 0.3772, 0.6228
1, 0.3759, 0.6241
1, 0.3756, 0.6244
1, 0.3753, 0.6247
1, 0.3783, 0.6217
1, 0.3784, 0.6216
1, 0.3762, 0.6238
1, 0.3747, 0.6253
1, 0.3773, 0.6227
1, 0.3772, 0.6228
1, 0.3827, 0.6173
1, 0.3762, 0.6238
1, 0.3771, 0.6229
1, 0.3775, 0.6225
1, 0.3772, 0.6228
1, 0.3743, 0.6257
1, 0.3784, 0.6216
1, 0.374, 0.626
1, 0.3773, 0.6227
1, 0.3757, 0.6243
1, 0.3782, 0.6218
1, 0.3774, 0.6226
1, 0.3767, 0.6233
1, 0.3754, 0.6246
1, 0.3785, 0.6215
1, 0.3784, 0.6216
1, 0.3775, 0.6225
1, 0.3804, 0.6196
1, 0.3772, 0.6228
1, 0.3772, 0.6228
1, 0.3746, 0.6254
1, 0.3774, 0.6226
1, 0.3745, 0.6255
1, 0.3781, 0.6219
1, 0.3757, 0.6243
1, 0.3763, 0.6237
1, 0.3785, 0.6215
1, 0.3773, 0.6227
1, 0.3786, 0.6214
1, 0.3784, 0.6216
1, 0.3756, 0.6244
1, 0.3783, 0.6217
1, 0.3784, 0.6216
1, 0.3784, 0.6216
1, 0.3762, 0.6238
1, 0.3777, 0.6223
1, 0.3785, 0.6215
1, 0.3774, 0.6226
1, 0.3771, 0.6229
1, 0.3737, 0.6263
1, 0.3779, 0.6221
1, 0.38, 0.62
1, 0.3784, 0.6216
1, 0.3773, 0.6227
1, 0.3769, 0.6231
1, 0.3783, 0.6217
1, 0.3772, 0.6228
1, 0.3793, 0.6207
1, 0.374, 0.626
1, 0.3763, 0.6237
1, 0.3779, 0.6221
1, 0.3757, 0.6243
1, 0.3773, 0.6227
1, 0.3753, 0.6247
1, 0.3781, 0.6219
1, 0.3767, 0.6233
1, 0.3754, 0.6246
1, 0.3778, 0.6222
1, 0.3775, 0.6225
1, 0.3735, 0.6265
1, 0.3785, 0.6215
1, 0.3759, 0.6241
1, 0.3783, 0.6217
1, 0.3757, 0.6243
1, 0.3774, 0.6226
1, 0.377, 0.623
1, 0.3778, 0.6222
1, 0.3762, 0.6238
1, 0.3786, 0.6214
1, 0.3756, 0.6244
1, 0.3776, 0.6224
1, 0.3735, 0.6265
1, 0.3759, 0.6241
1, 0.3782, 0.6218
1, 0.3784, 0.6216
1, 0.3785, 0.6215
1, 0.3773, 0.6227
1, 0.377, 0.623
1, 0.38, 0.62
1, 0.3778, 0.6222
1, 0.376, 0.624
1, 0.3773, 0.6227
1, 0.3772, 0.6228
1, 0.3776, 0.6224
1, 0.3747, 0.6253
1, 0.374, 0.626
1, 0.3796, 0.6204
1, 0.3757, 0.6243
1, 0.3734, 0.6266
1, 0.3751, 0.6249
1, 0.3767, 0.6233
1, 0.3765, 0.6235
1, 0.3763, 0.6237
1, 0.3757, 0.6243
1, 0.3775, 0.6225
1, 0.3753, 0.6247
1, 0.3783, 0.6217
1, 0.3756, 0.6244
1, 0.3746, 0.6254
1, 0.3774, 0.6226
1, 0.3771, 0.6229
1, 0.3775, 0.6225
1, 0.3775, 0.6225
1, 0.3757, 0.6243
1, 0.3767, 0.6233
1, 0.3748, 0.6252
1, 0.3754, 0.6246
1, 0.3772, 0.6228
1, 0.3772, 0.6228
1, 0.3774, 0.6226
1, 0.3777, 0.6223
1, 0.3775, 0.6225
1, 0.3755, 0.6245
1, 0.3827, 0.6173
1, 0.3753, 0.6247
1, 0.3774, 0.6226
1, 0.3757, 0.6243
1, 0.3775, 0.6225
1, 0.3734, 0.6266
1, 0.3773, 0.6227
1, 0.3771, 0.6229
1, 0.3767, 0.6233
1, 0.3784, 0.6216
1, 0.3792, 0.6208
1, 0.3743, 0.6257
1, 0.3757, 0.6243
1, 0.3776, 0.6224
1, 0.3792, 0.6208
1, 0.3747, 0.6253
1, 0.3751, 0.6249
1, 0.3781, 0.6219
1, 0.3754, 0.6246
1, 0.374, 0.626
1, 0.3772, 0.6228
1, 0.3756, 0.6244
1, 0.3784, 0.6216
1, 0.3756, 0.6244
1, 0.3785, 0.6215
1, 0.3782, 0.6218
1, 0.3773, 0.6227
1, 0.3751, 0.6249
1, 0.3771, 0.6229
1, 0.3785, 0.6215
1, 0.377, 0.623
1, 0.3772, 0.6228
1, 0.3767, 0.6233
1, 0.3743, 0.6257
1, 0.3775, 0.6225
1, 0.3777, 0.6223
1, 0.3762, 0.6238
1, 0.3762, 0.6238
1, 0.3772, 0.6228
1, 0.3767, 0.6233
1, 0.3775, 0.6225
1, 0.3779, 0.6221
1, 0.3735, 0.6265
1, 0.3769, 0.6231
1, 0.3749, 0.6251
1, 0.3784, 0.6216
1, 0.3763, 0.6237
1, 0.3767, 0.6233
1, 0.3783, 0.6217
1, 0.38, 0.62
1, 0.3774, 0.6226
1, 0.3748, 0.6252
1, 0.3783, 0.6217
1, 0.3767, 0.6233
1, 0.3773, 0.6227
1, 0.3747, 0.6253
1, 0.3772, 0.6228
1, 0.3775, 0.6225
1, 0.3739, 0.6261
1, 0.3774, 0.6226
1, 0.3747, 0.6253
1, 0.3735, 0.6265
1, 0.3763, 0.6237
1, 0.3757, 0.6243
1, 0.3744, 0.6256
1, 0.3775, 0.6225
1, 0.3759, 0.6241
1, 0.3754, 0.6246
1, 0.3756, 0.6244
1, 0.3757, 0.6243
1, 0.3774, 0.6226
1, 0.3763, 0.6237
1, 0.3793, 0.6207
1, 0.3776, 0.6224
1, 0.372, 0.628
1, 0.3747, 0.6253
1, 0.3763, 0.6237
1, 0.3753, 0.6247
1, 0.3778, 0.6222
1, 0.3762, 0.6238
1, 0.3775, 0.6225
1, 0.3757, 0.6243
1, 0.3756, 0.6244
1, 0.3775, 0.6225
1, 0.3776, 0.6224
1, 0.3754, 0.6246
1, 0.3773, 0.6227
1, 0.3781, 0.6219
1, 0.3763, 0.6237
1, 0.3757, 0.6243
1, 0.3784, 0.6216
1, 0.3776, 0.6224
1, 0.3762, 0.6238
1, 0.3842, 0.6158
1, 0.3763, 0.6237
1, 0.38, 0.62
1, 0.3746, 0.6254
1, 0.3772, 0.6228
1, 0.3757, 0.6243
1, 0.3756, 0.6244
1, 0.3763, 0.6237
1, 0.3772, 0.6228
1, 0.374, 0.626
1, 0.3762, 0.6238
1, 0.3785, 0.6215
1, 0.374, 0.626
1, 0.3797, 0.6203
1, 0.374, 0.626
1, 0.3767, 0.6233
1, 0.3735, 0.6265
1, 0.3755, 0.6245
1, 0.3751, 0.6249
1, 0.3767, 0.6233
1, 0.3827, 0.6173
1, 0.3783, 0.6217
1, 0.3775, 0.6225
1, 0.3759, 0.6241
1, 0.3775, 0.6225
1, 0.3734, 0.6266
1, 0.3748, 0.6252
1, 0.3774, 0.6226
1, 0.374, 0.626
1, 0.3772, 0.6228
1, 0.3747, 0.6253
1, 0.3766, 0.6234
1, 0.3748, 0.6252
1, 0.3767, 0.6233
1, 0.3762, 0.6238
1, 0.3778, 0.6222
1, 0.374, 0.626
1, 0.3762, 0.6238
1, 0.3757, 0.6243
1, 0.3772, 0.6228
1, 0.3767, 0.6233
1, 0.3737, 0.6263
1, 0.3763, 0.6237
1, 0.3756, 0.6244
1, 0.3775, 0.6225
1, 0.3811, 0.6189
1, 0.3783, 0.6217
1, 0.3761, 0.6239
1, 0.3773, 0.6227
1, 0.3757, 0.6243
1, 0.3778, 0.6222
1, 0.3753, 0.6247
1, 0.3774, 0.6226
1, 0.3772, 0.6228
1, 0.3732, 0.6268
1, 0.374, 0.626
1, 0.3766, 0.6234
1, 0.3778, 0.6222
1, 0.3757, 0.6243
1, 0.3796, 0.6204
1, 0.3767, 0.6233
1, 0.376, 0.624
1, 0.3777, 0.6223
1, 0.3775, 0.6225
1, 0.3754, 0.6246
1, 0.3756, 0.6244
1, 0.3761, 0.6239
1, 0.377, 0.623
1, 0.3792, 0.6208
1, 0.3785, 0.6215
1, 0.3756, 0.6244
1, 0.3852, 0.6148
1, 0.3795, 0.6205
1, 0.3754, 0.6246
1, 0.3762, 0.6238
1, 0.3772, 0.6228
1, 0.3778, 0.6222
1, 0.374, 0.626
1, 0.3736, 0.6264
1, 0.3777, 0.6223
1, 0.3767, 0.6233
1, 0.3762, 0.6238
1, 0.3775, 0.6225
1, 0.3743, 0.6257
1, 0.3769, 0.6231
1, 0.3787, 0.6213
1, 0.3759, 0.6241
1, 0.3757, 0.6243
1, 0.3774, 0.6226
1, 0.3784, 0.6216
1, 0.3757, 0.6243
1, 0.3732, 0.6268
1, 0.3794, 0.6206
1, 0.3754, 0.6246
1, 0.3757, 0.6243
1, 0.3768, 0.6232
1, 0.3786, 0.6214
1, 0.3748, 0.6252
1, 0.3784, 0.6216
1, 0.3757, 0.6243
1, 0.3785, 0.6215
1, 0.3756, 0.6244
1, 0.3762, 0.6238
1, 0.3784, 0.6216
1, 0.3743, 0.6257
1, 0.3773, 0.6227
1, 0.3756, 0.6244
1, 0.3776, 0.6224
1, 0.38, 0.62
1, 0.3757, 0.6243
1, 0.3784, 0.6216
1, 0.3766, 0.6234
1, 0.3774, 0.6226
1, 0.3771, 0.6229
1, 0.38, 0.62
1, 0.374, 0.626
1, 0.3768, 0.6232
1, 0.3784, 0.6216
1, 0.374, 0.626
1, 0.38, 0.62
1, 0.3769, 0.6231
1, 0.3736, 0.6264
1, 0.3786, 0.6214
1, 0.3749, 0.6251
1, 0.3767, 0.6233
1, 0.377, 0.623
1, 0.3754, 0.6246
1, 0.3775, 0.6225
1, 0.3739, 0.6261
1, 0.3776, 0.6224
1, 0.3767, 0.6233
1, 0.375, 0.625
1, 0.3766, 0.6234
1, 0.3787, 0.6213
1, 0.3758, 0.6242
1, 0.3754, 0.6246
1, 0.3751, 0.6249
1, 0.3779, 0.6221
1, 0.3776, 0.6224
1, 0.3778, 0.6222
1, 0.3767, 0.6233
1, 0.3762, 0.6238
1, 0.3773, 0.6227
1, 0.3761, 0.6239
1, 0.374, 0.626
1, 0.3736, 0.6264
1, 0.3769, 0.6231
1, 0.3767, 0.6233
1, 0.3762, 0.6238
1, 0.3775, 0.6225
1, 0.3748, 0.6252
1, 0.3758, 0.6242
1, 0.3754, 0.6246
1, 0.3768, 0.6232
1, 0.3782, 0.6218
1, 0.3752, 0.6248
1, 0.375, 0.625
1, 0.3773, 0.6227
1, 0.3777, 0.6223
1, 0.3754, 0.6246
1, 0.3778, 0.6222
1, 0.3807, 0.6193
1, 0.3785, 0.6215
1, 0.3778, 0.6222
1, 0.3786, 0.6214
1, 0.3751, 0.6249
1, 0.3756, 0.6244
1, 0.3751, 0.6249
1, 0.388, 0.612
1, 0.3777, 0.6223
1, 0.3752, 0.6248
1, 0.3758, 0.6242
1, 0.3737, 0.6263
1, 0.3728, 0.6272
1, 0.3778, 0.6222
1, 0.3754, 0.6246
1, 0.3865, 0.6135
1, 0.3765, 0.6235
1, 0.3771, 0.6229
1, 0.3777, 0.6223
1, 0.375, 0.625
1, 0.3849, 0.6151
1, 0.3774, 0.6226
1, 0.3769, 0.6231
1, 0.3811, 0.6189
1, 0.3762, 0.6238
1, 0.3736, 0.6264
1, 0.3776, 0.6224
1, 0.3769, 0.6231
1, 0.3797, 0.6203
1, 0.3767, 0.6233
1, 0.3756, 0.6244
1, 0.3752, 0.6248
1, 0.3775, 0.6225
1, 0.3772, 0.6228
1, 0.3753, 0.6247
1, 0.3757, 0.6243
1, 0.3739, 0.6261
1, 0.3768, 0.6232
1, 0.3768, 0.6232
1, 0.376, 0.624
1, 0.3781, 0.6219
1, 0.3816, 0.6184
1, 0.3771, 0.6229
1, 0.3827, 0.6173
1, 0.375, 0.625
1, 0.3768, 0.6232
1, 0.3758, 0.6242
1, 0.3804, 0.6196
1, 0.3754, 0.6246
1, 0.3754, 0.6246
1, 0.3762, 0.6238
1, 0.3762, 0.6238
1, 0.3735, 0.6265
1, 0.3745, 0.6255
1, 0.3782, 0.6218
1, 0.378, 0.622
1, 0.3772, 0.6228
1, 0.3773, 0.6227
1, 0.3729, 0.6271
1, 0.3753, 0.6247
1, 0.3775, 0.6225
1, 0.3781, 0.6219
1, 0.3747, 0.6253
1, 0.3771, 0.6229
1, 0.3767, 0.6233
1, 0.3778, 0.6222
1, 0.3748, 0.6252
1, 0.3781, 0.6219
1, 0.3736, 0.6264
1, 0.3776, 0.6224
1, 0.3784, 0.6216
1, 0.3769, 0.6231
1, 0.3769, 0.6231
1, 0.3775, 0.6225
1, 0.3739, 0.6261
1, 0.3779, 0.6221
1, 0.3743, 0.6257
1, 0.3775, 0.6225
1, 0.3786, 0.6214
1, 0.3797, 0.6203
1, 0.3775, 0.6225
1, 0.375, 0.625
1, 0.3827, 0.6173
1, 0.3733, 0.6267
1, 0.3779, 0.6221
1, 0.3769, 0.6231
1, 0.3776, 0.6224
1, 0.3736, 0.6264
1, 0.3754, 0.6246
1, 0.3767, 0.6233
1, 0.3767, 0.6233
1, 0.3775, 0.6225
1, 0.3758, 0.6242
1, 0.3762, 0.6238
1, 0.3742, 0.6258
1, 0.3776, 0.6224
1, 0.3765, 0.6235
1, 0.3782, 0.6218
1, 0.3766, 0.6234
1, 0.3782, 0.6218
1, 0.3772, 0.6228
1, 0.3777, 0.6223
1, 0.3745, 0.6255
1, 0.3778, 0.6222
1, 0.3764, 0.6236
1, 0.3745, 0.6255
1, 0.3754, 0.6246
1, 0.3772, 0.6228
1, 0.3764, 0.6236
1, 0.3774, 0.6226
1, 0.3727, 0.6273
1, 0.3778, 0.6222
1, 0.3777, 0.6223
1, 0.3776, 0.6224
1, 0.3887, 0.6113
1, 0.3781, 0.6219
1, 0.3786, 0.6214
1, 0.3777, 0.6223
1, 0.3763, 0.6237
1, 0.3767, 0.6233
1, 0.3849, 0.6151
1, 0.3767, 0.6233
1, 0.3784, 0.6216
1, 0.3744, 0.6256
1, 0.3752, 0.6248
1, 0.376, 0.624
1, 0.3769, 0.6231
1, 0.3832, 0.6168
1, 0.3747, 0.6253
1, 0.3736, 0.6264
1, 0.3762, 0.6238
1, 0.3742, 0.6258
1, 0.3767, 0.6233
1, 0.3765, 0.6235
1, 0.3772, 0.6228
1, 0.3775, 0.6225
1, 0.376, 0.624
1, 0.3744, 0.6256
1, 0.375, 0.625
1, 0.3832, 0.6168
1, 0.3816, 0.6184
1, 0.3801, 0.6199
1, 0.3776, 0.6224
1, 0.3846, 0.6154
1, 0.3774, 0.6226
1, 0.3756, 0.6244
1, 0.3779, 0.6221
1, 0.3779, 0.6221
1, 0.3769, 0.6231
1, 0.3776, 0.6224
1, 0.3736, 0.6264
1, 0.3754, 0.6246
1, 0.3767, 0.6233
1, 0.3767, 0.6233
1, 0.3775, 0.6225
1, 0.3762, 0.6238
1, 0.3753, 0.6247
1, 0.3742, 0.6258
1, 0.3772, 0.6228
1, 0.3753, 0.6247
1, 0.3782, 0.6218
1, 0.3768, 0.6232
1, 0.378, 0.622
1, 0.3772, 0.6228
1, 0.3773, 0.6227
1, 0.3745, 0.6255
1, 0.3753, 0.6247
1, 0.3775, 0.6225
1, 0.3735, 0.6265
1, 0.3778, 0.6222
1, 0.3746, 0.6254
1, 0.3775, 0.6225
1, 0.3784, 0.6216
1, 0.3728, 0.6272
1, 0.3798, 0.6202
1, 0.3775, 0.6225
1, 0.375, 0.625
1, 0.3827, 0.6173
1, 0.3776, 0.6224
1, 0.3756, 0.6244
1, 0.3766, 0.6234
1, 0.3781, 0.6219
1, 0.3742, 0.6258
1, 0.3778, 0.6222
1, 0.3787, 0.6213
1, 0.3772, 0.6228
1, 0.3769, 0.6231
1, 0.3756, 0.6244
1, 0.3795, 0.6205
1, 0.3849, 0.6151
1, 0.3777, 0.6223
1, 0.373, 0.627
1, 0.377, 0.623
1, 0.3769, 0.6231
1, 0.3782, 0.6218
1, 0.3834, 0.6166
1, 0.3736, 0.6264
1, 0.3764, 0.6236
1, 0.3736, 0.6264
1, 0.3767, 0.6233
1, 0.3764, 0.6236
1, 0.3781, 0.6219
1, 0.3775, 0.6225
1, 0.3777, 0.6223
1, 0.3752, 0.6248
1, 0.375, 0.625
1, 0.3834, 0.6166
1, 0.3778, 0.6222
1, 0.3762, 0.6238
1, 0.3779, 0.6221
1, 0.3762, 0.6238
1, 0.3769, 0.6231
1, 0.3845, 0.6155
1, 0.3784, 0.6216
1, 0.3754, 0.6246
1, 0.3774, 0.6226
1, 0.378, 0.622
1, 0.3845, 0.6155
1, 0.3818, 0.6182
1, 0.3771, 0.6229
1, 0.3746, 0.6254
1, 0.3758, 0.6242
1, 0.3762, 0.6238
1, 0.3762, 0.6238
1, 0.382, 0.618
1, 0.3778, 0.6222
1, 0.3766, 0.6234
1, 0.3778, 0.6222
1, 0.3777, 0.6223
1, 0.3779, 0.6221
1, 0.3772, 0.6228
1, 0.3781, 0.6219
1, 0.3784, 0.6216
1, 0.3808, 0.6192
1, 0.3827, 0.6173
1, 0.3765, 0.6235
1, 0.3778, 0.6222
1, 0.3769, 0.6231
1, 0.3767, 0.6233
1, 0.3741, 0.6259
1, 0.3773, 0.6227
1, 0.3739, 0.6261
1, 0.3736, 0.6264
1, 0.3771, 0.6229
1, 0.3798, 0.6202
1, 0.3767, 0.6233
1, 0.375, 0.625
1, 0.3731, 0.6269
1, 0.3753, 0.6247
1, 0.3775, 0.6225
1, 0.3758, 0.6242
1, 0.3776, 0.6224
1, 0.3816, 0.6184
1, 0.3756, 0.6244
1, 0.38, 0.62
1, 0.3769, 0.6231
1, 0.3786, 0.6214
1, 0.3736, 0.6264
1, 0.3754, 0.6246
1, 0.377, 0.623
1, 0.3767, 0.6233
1, 0.3766, 0.6234
1, 0.3737, 0.6263
1, 0.3775, 0.6225
1, 0.3776, 0.6224
1, 0.375, 0.625
1, 0.3803, 0.6197
1, 0.3745, 0.6255
1, 0.3774, 0.6226
1, 0.3767, 0.6233
1, 0.3754, 0.6246
1, 0.3732, 0.6268
1, 0.379, 0.621
1, 0.3783, 0.6217
1, 0.3771, 0.6229
1, 0.3762, 0.6238
1, 0.3769, 0.6231
1, 0.3759, 0.6241
1, 0.3756, 0.6244
1, 0.3779, 0.6221
1, 0.3752, 0.6248
1, 0.375, 0.625
1, 0.3753, 0.6247
1, 0.3759, 0.6241
1, 0.3756, 0.6244
1, 0.3763, 0.6237
1, 0.3754, 0.6246
1, 0.3812, 0.6188
1, 0.3767, 0.6233
1, 0.3762, 0.6238
1, 0.3751, 0.6249
1, 0.375, 0.625
1, 0.3733, 0.6267
1, 0.375, 0.625
1, 0.3775, 0.6225
1, 0.3831, 0.6169
1, 0.3772, 0.6228
1, 0.3863, 0.6137
1, 0.3756, 0.6244
1, 0.3767, 0.6233
1, 0.3734, 0.6266
1, 0.3727, 0.6273
1, 0.3777, 0.6223
1, 0.3776, 0.6224
1, 0.3855, 0.6145
1, 0.3767, 0.6233
1, 0.3787, 0.6213
1, 0.3778, 0.6222
1, 0.3791, 0.6209
1, 0.378, 0.622
1, 0.3769, 0.6231
1, 0.3754, 0.6246
1, 0.3736, 0.6264
1, 0.3767, 0.6233
1, 0.3783, 0.6217
1, 0.3779, 0.6221
1, 0.3751, 0.6249
1, 0.3767, 0.6233
1, 0.3752, 0.6248
1, 0.3775, 0.6225
1, 0.3769, 0.6231
1, 0.3762, 0.6238
1, 0.3771, 0.6229
1, 0.3769, 0.6231
1, 0.3795, 0.6205
1, 0.3767, 0.6233
1, 0.3772, 0.6228
1, 0.3767, 0.6233
1, 0.3831, 0.6169
1, 0.3779, 0.6221
1, 0.3761, 0.6239
1, 0.3776, 0.6224
1, 0.3752, 0.6248
1, 0.3764, 0.6236
1, 0.3781, 0.6219
1, 0.3808, 0.6192
1, 0.3761, 0.6239
1, 0.3837, 0.6163
1, 0.3778, 0.6222
1, 0.3768, 0.6232
1, 0.3851, 0.6149
1, 0.3768, 0.6232
1, 0.378, 0.622
1, 0.3779, 0.6221
1, 0.3769, 0.6231
1, 0.3779, 0.6221
1, 0.3778, 0.6222
1, 0.3762, 0.6238
1, 0.3778, 0.6222
1, 0.3768, 0.6232
1, 0.3736, 0.6264
1, 0.375, 0.625
1, 0.3757, 0.6243
1, 0.3846, 0.6154
1, 0.3767, 0.6233
1, 0.3784, 0.6216
1, 0.3768, 0.6232
1, 0.378, 0.622
1, 0.3781, 0.6219
1, 0.3775, 0.6225
1, 0.3784, 0.6216
1, 0.3776, 0.6224
1, 0.3769, 0.6231
1, 0.3767, 0.6233
1, 0.3824, 0.6176
1, 0.3772, 0.6228
1, 0.3769, 0.6231
1, 0.3758, 0.6242
1, 0.3736, 0.6264
1, 0.3784, 0.6216
1, 0.3823, 0.6177
1, 0.3774, 0.6226
1, 0.3744, 0.6256
1, 0.3754, 0.6246
1, 0.375, 0.625
1, 0.3779, 0.6221
1, 0.3781, 0.6219
1, 0.3784, 0.6216
1, 0.3751, 0.6249
1, 0.3768, 0.6232
1, 0.3731, 0.6269
1, 0.3777, 0.6223
1, 0.3835, 0.6165
1, 0.377, 0.623
1, 0.3773, 0.6227
1, 0.3755, 0.6245
1, 0.3752, 0.6248
1, 0.3775, 0.6225
1, 0.3769, 0.6231
1, 0.3769, 0.6231
1, 0.3738, 0.6262
1, 0.3776, 0.6224
1, 0.3775, 0.6225
1, 0.3767, 0.6233
1, 0.3784, 0.6216
1, 0.3772, 0.6228
1, 0.3754, 0.6246
1, 0.3768, 0.6232
1, 0.3771, 0.6229
1, 0.3756, 0.6244
1, 0.3768, 0.6232
1, 0.375, 0.625
1, 0.3762, 0.6238
1, 0.3781, 0.6219
1, 0.3759, 0.6241
1, 0.377, 0.623
1, 0.3774, 0.6226
1, 0.3771, 0.6229
1, 0.3769, 0.6231
1, 0.3767, 0.6233
1, 0.3768, 0.6232
1, 0.3767, 0.6233
1, 0.3772, 0.6228
1, 0.3752, 0.6248
1, 0.3778, 0.6222
1, 0.3749, 0.6251
1, 0.3756, 0.6244
1, 0.3758, 0.6242
1, 0.373, 0.627
1, 0.3813, 0.6187
1, 0.3769, 0.6231
1, 0.3784, 0.6216
1, 0.3747, 0.6253
1, 0.375, 0.625
1, 0.3768, 0.6232
1, 0.376, 0.624
1, 0.3761, 0.6239
1, 0.3778, 0.6222
1, 0.3781, 0.6219
1, 0.3865, 0.6135
1, 0.3779, 0.6221
1, 0.3753, 0.6247
1, 0.3777, 0.6223
1, 0.3852, 0.6148
1, 0.3779, 0.6221
1, 0.3827, 0.6173
1, 0.3751, 0.6249
1, 0.3754, 0.6246
1, 0.3779, 0.6221
1, 0.3736, 0.6264
1, 0.3837, 0.6163
1, 0.3825, 0.6175
1, 0.3825, 0.6175
1, 0.3825, 0.6175
1, 0.3826, 0.6174
1, 0.3733, 0.6267
1, 0.3807, 0.6193
1, 0.3823, 0.6177
1, 0.3904, 0.6096
1, 0.4118, 0.5882
1, 0.415, 0.585
1, 0.3888, 0.6112
1, 0.3887, 0.6113
1, 0.102, 0.898
1, 0.3586, 0.6414
1, 0.1649, 0.8351
1, 0.3041, 0.6959
1, 0.1596, 0.8404
1, 0.1586, 0.8414
1, 0.1312, 0.8688
1, 0.2473, 0.7527
1, 0.1132, 0.8868
1, 0.1541, 0.8459
1, 0.3623, 0.6377
1, 0.1348, 0.8652
1, 0.3563, 0.6437
1, 0.3571, 0.6429
1, 0.3723, 0.6277
1, 0.3624, 0.6376
1, 0.2427, 0.7573
1, 0.2407, 0.7593
1, 0.3507, 0.6493
1, 0.119, 0.881
1, 0.3501, 0.6499
1, 0.2389, 0.7611
1, 0.3649, 0.6351
1, 0.3622, 0.6378
1, 0.3652, 0.6348
1, 0.3728, 0.6272
1, 0.3581, 0.6419
1, 0.3626, 0.6374
1, 0.3679, 0.6321
1, 0.0808, 0.9192
1, 0.3661, 0.6339
1, 0.3661, 0.6339
1, 0.3638, 0.6362
1, 0.3646, 0.6354
1, 0.1106, 0.8894
1, 0.2486, 0.7514
1, 0.1104, 0.8896
1, 0.1189, 0.8811
1, 0.3552, 0.6448
1, 0.3631, 0.6369
1, 0.3633, 0.6367
1, 0.3627, 0.6373
1, 0.3552, 0.6448
1, 0.3836, 0.6164
1, 0.3669, 0.6331
1, 0.3873, 0.6127
1, 0.3614, 0.6386
1, 0.3599, 0.6401
1, 0.3674, 0.6326
1, 0.3659, 0.6341
1, 0.3653, 0.6347
1, 0.3656, 0.6344
1, 0.3585, 0.6415
1, 0.2258, 0.7742
1, 0.3698, 0.6302
1, 0.3702, 0.6298
1, 0.3709, 0.6291
1, 0.3665, 0.6335
1, 0.3788, 0.6212
1, 0.3731, 0.6269
1, 0.3711, 0.6289
1, 0.3662, 0.6338
1, 0.3709, 0.6291
1, 0.3669, 0.6331
1, 0.3729, 0.6271
1, 0.3672, 0.6328
1, 0.3727, 0.6273
1, 0.372, 0.628
1, 0.367, 0.633
1, 0.3688, 0.6312
1, 0.3659, 0.6341
1, 0.3701, 0.6299
1, 0.3747, 0.6253
1, 0.3711, 0.6289
1, 0.3711, 0.6289
1, 0.3712, 0.6288
1, 0.3737, 0.6263
1, 0.3655, 0.6345
1, 0.3657, 0.6343
1, 0.3712, 0.6288
1, 0.3655, 0.6345
1, 0.3672, 0.6328
1, 0.3681, 0.6319
1, 0.366, 0.634
1, 0.3651, 0.6349
1, 0.3659, 0.6341
1, 0.3661, 0.6339
1, 0.3663, 0.6337
1, 0.3745, 0.6255
1, 0.366, 0.634
1, 0.3667, 0.6333
1, 0.3713, 0.6287
1, 0.3686, 0.6314
1, 0.3671, 0.6329
1, 0.3666, 0.6334
1, 0.3672, 0.6328
1, 0.367, 0.633
1, 0.3668, 0.6332
1, 0.3654, 0.6346
1, 0.3724, 0.6276
1, 0.372, 0.628
1, 0.3712, 0.6288
1, 0.3656, 0.6344
1, 0.3642, 0.6358
1, 0.3675, 0.6325
1, 0.3733, 0.6267
1, 0.3642, 0.6358
1, 0.3674, 0.6326
1, 0.3657, 0.6343
1, 0.3674, 0.6326
1, 0.3647, 0.6353
1, 0.3657, 0.6343
1, 0.3679, 0.6321
1, 0.3649, 0.6351
1, 0.3669, 0.6331
1, 0.3681, 0.6319
1, 0.3665, 0.6335
1, 0.3681, 0.6319
1, 0.3679, 0.6321
1, 0.3695, 0.6305
1, 0.3678, 0.6322
1, 0.3663, 0.6337
1, 0.3678, 0.6322
1, 0.3666, 0.6334
1, 0.3682, 0.6318
1, 0.3661, 0.6339
1, 0.3644, 0.6356
1, 0.3671, 0.6329
1, 0.3668, 0.6332
1, 0.3674, 0.6326
1, 0.3684, 0.6316
1, 0.3689, 0.6311
1, 0.3677, 0.6323
1, 0.3673, 0.6327
1, 0.3663, 0.6337
1, 0.3659, 0.6341
1, 0.3719, 0.6281
1, 0.3634, 0.6366
1, 0.3871, 0.6129
1, 0.3749, 0.6251
1, 0.3792, 0.6208
1, 0.3792, 0.6208
1, 0.3779, 0.6221
1, 0.3793, 0.6207
1, 0.3781, 0.6219
1, 0.3801, 0.6199
1, 0.3875, 0.6125
1, 0.3792, 0.6208
1, 0.3771, 0.6229
1, 0.3762, 0.6238
1, 0.3679, 0.6321
1, 0.3654, 0.6346
1, 0.3772, 0.6228
1, 0.367, 0.633
1, 0.3784, 0.6216
1, 0.3672, 0.6328
1, 0.3863, 0.6137
1, 0.3787, 0.6213
1, 0.376, 0.624
1, 0.3773, 0.6227
1, 0.3772, 0.6228
1, 0.3807, 0.6193
1, 0.3662, 0.6338
1, 0.3796, 0.6204
1, 0.3798, 0.6202
1, 0.3778, 0.6222
1, 0.3743, 0.6257
1, 0.3781, 0.6219
1, 0.3781, 0.6219
1, 0.3743, 0.6257
1, 0.3761, 0.6239
1, 0.3785, 0.6215
1, 0.3796, 0.6204
1, 0.3771, 0.6229
1, 0.3774, 0.6226
1, 0.3787, 0.6213
1, 0.377, 0.623
1, 0.3779, 0.6221
1, 0.3689, 0.6311
1, 0.3685, 0.6315
1, 0.3712, 0.6288
1, 0.3651, 0.6349
1, 0.3697, 0.6303
1, 0.3612, 0.6388
1, 0.3639, 0.6361
1, 0.3694, 0.6306
1, 0.3653, 0.6347
1, 0.3625, 0.6375
1, 0.3629, 0.6371
1, 0.3613, 0.6387
1, 0.3635, 0.6365
1, 0.3628, 0.6372
1, 0.3639, 0.6361
1, 0.3636, 0.6364
1, 0.3616, 0.6384
1, 0.3621, 0.6379
1, 0.3628, 0.6372
1, 0.3656, 0.6344
1, 0.3624, 0.6376
1, 0.364, 0.636
1, 0.3622, 0.6378
1, 0.3768, 0.6232
1, 0.3625, 0.6375
1, 0.3624, 0.6376
1, 0.3638, 0.6362
1, 0.3624, 0.6376
1, 0.3624, 0.6376
1, 0.3607, 0.6393
1, 0.3698, 0.6302
1, 0.3639, 0.6361
1, 0.3653, 0.6347
1, 0.3652, 0.6348
1, 0.3647, 0.6353
1, 0.3652, 0.6348
1, 0.3632, 0.6368
1, 0.3618, 0.6382
1, 0.3622, 0.6378
1, 0.3475, 0.6525
1, 0.3506, 0.6494
1, 0.3618, 0.6382
1, 0.3668, 0.6332
1, 0.3666, 0.6334
1, 0.3622, 0.6378
1, 0.3639, 0.6361
1, 0.3617, 0.6383
1, 0.3608, 0.6392
1, 0.3621, 0.6379
1, 0.3619, 0.6381
1, 0.3609, 0.6391
1, 0.3604, 0.6396
1, 0.3608, 0.6392
1, 0.3621, 0.6379
1, 0.3594, 0.6406
1, 0.3606, 0.6394
1, 0.3609, 0.6391
1, 0.3609, 0.6391
1, 0.3642, 0.6358
1, 0.3609, 0.6391
1, 0.3612, 0.6388
1, 0.3622, 0.6378
1, 0.3617, 0.6383
1, 0.3621, 0.6379
1, 0.3617, 0.6383
1, 0.3632, 0.6368
1, 0.363, 0.637
1, 0.3617, 0.6383
1, 0.3624, 0.6376
1, 0.3609, 0.6391
1, 0.3633, 0.6367
1, 0.3642, 0.6358
1, 0.3603, 0.6397
1, 0.3605, 0.6395
1, 0.3602, 0.6398
1, 0.3591, 0.6409
1, 0.3618, 0.6382
1, 0.3604, 0.6396
1, 0.3611, 0.6389
1, 0.3589, 0.6411
1, 0.36, 0.64
1, 0.36, 0.64
1, 0.3581, 0.6419
1, 0.36, 0.64
1, 0.3617, 0.6383
1, 0.3615, 0.6385
1, 0.3587, 0.6413
1, 0.3399, 0.6601
1, 0.3611, 0.6389
1, 0.3615, 0.6385
1, 0.3549, 0.6451
1, 0.3513, 0.6487
1, 0.3526, 0.6474
1, 0.3609, 0.6391
1, 0.3604, 0.6396
1, 0.3646, 0.6354
1, 0.363, 0.637
1, 0.3626, 0.6374
1, 0.3618, 0.6382
1, 0.3634, 0.6366
1, 0.3639, 0.6361
1, 0.362, 0.638
1, 0.3636, 0.6364
1, 0.3615, 0.6385
1, 0.362, 0.638
1, 0.3619, 0.6381
1, 0.3633, 0.6367
1, 0.3745, 0.6255
1, 0.3629, 0.6371
1, 0.3615, 0.6385
1, 0.3628, 0.6372
1, 0.3632, 0.6368
1, 0.3628, 0.6372
1, 0.3632, 0.6368
1, 0.3615, 0.6385
1, 0.3636, 0.6364
1, 0.3632, 0.6368
1, 0.3649, 0.6351
1, 0.3632, 0.6368
1, 0.3634, 0.6366
1, 0.3596, 0.6404
1, 0.3589, 0.6411
1, 0.3595, 0.6405
1, 0.3588, 0.6412
1, 0.3664, 0.6336
1, 0.3709, 0.6291
1, 0.3607, 0.6393
1, 0.3624, 0.6376
1, 0.3613, 0.6387
1, 0.353, 0.647
1, 0.3598, 0.6402
1, 0.3609, 0.6391
1, 0.353, 0.647
1, 0.3676, 0.6324
1, 0.3672, 0.6328
1, 0.352, 0.648
1, 0.353, 0.647
1, 0.3539, 0.6461
1, 0.3644, 0.6356
1, 0.3625, 0.6375
1, 0.3636, 0.6364
1, 0.3635, 0.6365
1, 0.3648, 0.6352
1, 0.3644, 0.6356
1, 0.3641, 0.6359
1, 0.3632, 0.6368
1, 0.3547, 0.6453
1, 0.3609, 0.6391
1, 0.353, 0.647
1, 0.3602, 0.6398
1, 0.3547, 0.6453
1, 0.361, 0.639
1, 0.353, 0.647
1, 0.3609, 0.6391
1, 0.3539, 0.6461
1, 0.3633, 0.6367
1, 0.353, 0.647
1, 0.3604, 0.6396
1, 0.3629, 0.6371
1, 0.3604, 0.6396
1, 0.3596, 0.6404
1, 0.358, 0.642
1, 0.3604, 0.6396
1, 0.361, 0.639
1, 0.3587, 0.6413
1, 0.3657, 0.6343
1, 0.369, 0.631
1, 0.3672, 0.6328
1, 0.3704, 0.6296
1, 0.3691, 0.6309
1, 0.3518, 0.6482
1, 0.3587, 0.6413
1, 0.3632, 0.6368
1, 0.3628, 0.6372
1, 0.3539, 0.6461
1, 0.3704, 0.6296
1, 0.3641, 0.6359
1, 0.3554, 0.6446
1, 0.3655, 0.6345
1, 0.3657, 0.6343
1, 0.353, 0.647
1, 0.3591, 0.6409
1, 0.3522, 0.6478
1, 0.3602, 0.6398
1, 0.3599, 0.6401
1, 0.3644, 0.6356
1, 0.3631, 0.6369
1, 0.3602, 0.6398
1, 0.353, 0.647
1, 0.36, 0.64
1, 0.3627, 0.6373
1, 0.3599, 0.6401
1, 0.3635, 0.6365
1, 0.3634, 0.6366
1, 0.3594, 0.6406
1, 0.3614, 0.6386
1, 0.3524, 0.6476
1, 0.3607, 0.6393
1, 0.3623, 0.6377
1, 0.3666, 0.6334
1, 0.3662, 0.6338
1, 0.3686, 0.6314
1, 0.3525, 0.6475
1, 0.3662, 0.6338
1, 0.3626, 0.6374
1, 0.3597, 0.6403
1, 0.3636, 0.6364
1, 0.3633, 0.6367
1, 0.3647, 0.6353
1, 0.3621, 0.6379
1, 0.3645, 0.6355
1, 0.3636, 0.6364
1, 0.3639, 0.6361
1, 0.3701, 0.6299
1, 0.364, 0.636
1, 0.363, 0.637
1, 0.3643, 0.6357
1, 0.3632, 0.6368
1, 0.3619, 0.6381
1, 0.3592, 0.6408
1, 0.3643, 0.6357
1, 0.3648, 0.6352
1, 0.361, 0.639
1, 0.3508, 0.6492
1, 0.3525, 0.6475
1, 0.3548, 0.6452
1, 0.3607, 0.6393
1, 0.3625, 0.6375
1, 0.3626, 0.6374
1, 0.3662, 0.6338
1, 0.3525, 0.6475
1, 0.3599, 0.6401
1, 0.3611, 0.6389
1, 0.3686, 0.6314
1, 0.361, 0.639
1, 0.3662, 0.6338
1, 0.3607, 0.6393
1, 0.3615, 0.6385
1, 0.3635, 0.6365
1, 0.3634, 0.6366
1, 0.3524, 0.6476
1, 0.3594, 0.6406
1, 0.353, 0.647
1, 0.3596, 0.6404
1, 0.3573, 0.6427
1, 0.361, 0.639
1, 0.3576, 0.6424
1, 0.3603, 0.6397
1, 0.3613, 0.6387
1, 0.3605, 0.6395
1, 0.3597, 0.6403
1, 0.3573, 0.6427
1, 0.3611, 0.6389
1, 0.353, 0.647
1, 0.354, 0.646
1, 0.353, 0.647
1, 0.3539, 0.6461
1, 0.3632, 0.6368
1, 0.3674, 0.6326
1, 0.3539, 0.6461
1, 0.353, 0.647
1, 0.3605, 0.6395
1, 0.3621, 0.6379
1, 0.354, 0.646
1, 0.353, 0.647
1, 0.3535, 0.6465
1, 0.3637, 0.6363
1, 0.3619, 0.6381
1, 0.3547, 0.6453
1, 0.353, 0.647
1, 0.3721, 0.6279
1, 0.3525, 0.6475
1, 0.353, 0.647
1, 0.361, 0.639
1, 0.3604, 0.6396
1, 0.3575, 0.6425
1, 0.369, 0.631
1, 0.361, 0.639
1, 0.3576, 0.6424
1, 0.3641, 0.6359
1, 0.3691, 0.6309
1, 0.353, 0.647
1, 0.354, 0.646
1, 0.3603, 0.6397
1, 0.365, 0.635
1, 0.3638, 0.6362
1, 0.3604, 0.6396
1, 0.361, 0.639
1, 0.3544, 0.6456
1, 0.353, 0.647
1, 0.361, 0.639
1, 0.358, 0.642
1, 0.3604, 0.6396
1, 0.3615, 0.6385
1, 0.3539, 0.6461
1, 0.3636, 0.6364
1, 0.3519, 0.6481
1, 0.3589, 0.6411
1, 0.3626, 0.6374
1, 0.3592, 0.6408
1, 0.3531, 0.6469
1, 0.3534, 0.6466
1, 0.3626, 0.6374
1, 0.3617, 0.6383
1, 0.3622, 0.6378
1, 0.3616, 0.6384
1, 0.3523, 0.6477
1, 0.353, 0.647
1, 0.3546, 0.6454
1, 0.354, 0.646
1, 0.3542, 0.6458
1, 0.3642, 0.6358
1, 0.3611, 0.6389
1, 0.3635, 0.6365
1, 0.3581, 0.6419
1, 0.3585, 0.6415
1, 0.3594, 0.6406
1, 0.3599, 0.6401
1, 0.3627, 0.6373
1, 0.3604, 0.6396
1, 0.3612, 0.6388
1, 0.3629, 0.6371
1, 0.3603, 0.6397
1, 0.362, 0.638
1, 0.3614, 0.6386
1, 0.3599, 0.6401
1, 0.3603, 0.6397
1, 0.3614, 0.6386
1, 0.3614, 0.6386
1, 0.3608, 0.6392
1, 0.3636, 0.6364
1, 0.3602, 0.6398
1, 0.3609, 0.6391
1, 0.3601, 0.6399
1, 0.3604, 0.6396
1, 0.3602, 0.6398
1, 0.3625, 0.6375
1, 0.3613, 0.6387
1, 0.3619, 0.6381
1, 0.3618, 0.6382
1, 0.3612, 0.6388
1, 0.3623, 0.6377
1, 0.362, 0.638
1, 0.3604, 0.6396
1, 0.3602, 0.6398
1, 0.3609, 0.6391
1, 0.3611, 0.6389
1, 0.3613, 0.6387
1, 0.3602, 0.6398
1, 0.3609, 0.6391
1, 0.3631, 0.6369
1, 0.3624, 0.6376
1, 0.3614, 0.6386
1, 0.3625, 0.6375
1, 0.3626, 0.6374
1, 0.3602, 0.6398
1, 0.3592, 0.6408
1, 0.3655, 0.6345
1, 0.3542, 0.6458
1, 0.3592, 0.6408
1, 0.3666, 0.6334
1, 0.3657, 0.6343
1, 0.3666, 0.6334
1, 0.3655, 0.6345
1, 0.3657, 0.6343
1, 0.3615, 0.6385
1, 0.3582, 0.6418
1, 0.3636, 0.6364
1, 0.3606, 0.6394
1, 0.364, 0.636
1, 0.3536, 0.6464
1, 0.3545, 0.6455
1, 0.3529, 0.6471
1, 0.3551, 0.6449
1, 0.3543, 0.6457
1, 0.3587, 0.6413
1, 0.3533, 0.6467
1, 0.3624, 0.6376
1, 0.3595, 0.6405
1, 0.3613, 0.6387
1, 0.3603, 0.6397
1, 0.3587, 0.6413
1, 0.3714, 0.6286
1, 0.3635, 0.6365
1, 0.364, 0.636
1, 0.3609, 0.6391
1, 0.36, 0.64
1, 0.3636, 0.6364
1, 0.362, 0.638
1, 0.3608, 0.6392
1, 0.3634, 0.6366
1, 0.3615, 0.6385
1, 0.361, 0.639
1, 0.3623, 0.6377
1, 0.3623, 0.6377
1, 0.3619, 0.6381
1, 0.3606, 0.6394
1, 0.3618, 0.6382
1, 0.3621, 0.6379
1, 0.3611, 0.6389
1, 0.3625, 0.6375
1, 0.3618, 0.6382
1, 0.3604, 0.6396
1, 0.3619, 0.6381
1, 0.3618, 0.6382
1, 0.3623, 0.6377
1, 0.3621, 0.6379
1, 0.3607, 0.6393
1, 0.3619, 0.6381
1, 0.3621, 0.6379
1, 0.3636, 0.6364
1, 0.3614, 0.6386
1, 0.3624, 0.6376
1, 0.3618, 0.6382
1, 0.3618, 0.6382
1, 0.3621, 0.6379
1, 0.3621, 0.6379
1, 0.362, 0.638
1, 0.3629, 0.6371
1, 0.3632, 0.6368
1, 0.3619, 0.6381
1, 0.3609, 0.6391
1, 0.3629, 0.6371
1, 0.3614, 0.6386
1, 0.3615, 0.6385
1, 0.3542, 0.6458
1, 0.3614, 0.6386
1, 0.3528, 0.6472
1, 0.3602, 0.6398
1, 0.3604, 0.6396
1, 0.3608, 0.6392
1, 0.3612, 0.6388
1, 0.3614, 0.6386
1, 0.3619, 0.6381
1, 0.3606, 0.6394
1, 0.3602, 0.6398
1, 0.3629, 0.6371
1, 0.3606, 0.6394
1, 0.3528, 0.6472
1, 0.3542, 0.6458
1, 0.3608, 0.6392
1, 0.362, 0.638
1, 0.3616, 0.6384
1, 0.3627, 0.6373
1, 0.3609, 0.6391
1, 0.362, 0.638
1, 0.3629, 0.6371
1, 0.3621, 0.6379
1, 0.3621, 0.6379
1, 0.3611, 0.6389
1, 0.362, 0.638
1, 0.3592, 0.6408
1, 0.3602, 0.6398
1, 0.3603, 0.6397
1, 0.3605, 0.6395
1, 0.361, 0.639
1, 0.3622, 0.6378
1, 0.3606, 0.6394
1, 0.3605, 0.6395
1, 0.3605, 0.6395
1, 0.3696, 0.6304
1, 0.3592, 0.6408
1, 0.3692, 0.6308
1, 0.3622, 0.6378
1, 0.3616, 0.6384
1, 0.362, 0.638
1, 0.3634, 0.6366
1, 0.3607, 0.6393
1, 0.3625, 0.6375
1, 0.3608, 0.6392
1, 0.3592, 0.6408
1, 0.3608, 0.6392
1, 0.3622, 0.6378
1, 0.3637, 0.6363
1, 0.3633, 0.6367
1, 0.3618, 0.6382
1, 0.3634, 0.6366
1, 0.3602, 0.6398
1, 0.3604, 0.6396
1, 0.3635, 0.6365
1, 0.3598, 0.6402
1, 0.3626, 0.6374
1, 0.3641, 0.6359
1, 0.3613, 0.6387
1, 0.3614, 0.6386
1, 0.3632, 0.6368
1, 0.3621, 0.6379
1, 0.372, 0.628
1, 0.3607, 0.6393
1, 0.3642, 0.6358
1, 0.3624, 0.6376
1, 0.3627, 0.6373
1, 0.3655, 0.6345
1, 0.3629, 0.6371
1, 0.3642, 0.6358
1, 0.3648, 0.6352
1, 0.3626, 0.6374
1, 0.3621, 0.6379
1, 0.3621, 0.6379
1, 0.3642, 0.6358
1, 0.3629, 0.6371
1, 0.3624, 0.6376
1, 0.371, 0.629
1, 0.3638, 0.6362
1, 0.3641, 0.6359
1, 0.3642, 0.6358
1, 0.3635, 0.6365
1, 0.361, 0.639
1, 0.3639, 0.6361
1, 0.3617, 0.6383
1, 0.363, 0.637
1, 0.3637, 0.6363
1, 0.3627, 0.6373
1, 0.363, 0.637
1, 0.3635, 0.6365
1, 0.3619, 0.6381
1, 0.3612, 0.6388
1, 0.3597, 0.6403
1, 0.3722, 0.6278
1, 0.3644, 0.6356
1, 0.3608, 0.6392
1, 0.3606, 0.6394
1, 0.3615, 0.6385
1, 0.3626, 0.6374
1, 0.369, 0.631
1, 0.3622, 0.6378
1, 0.3637, 0.6363
1, 0.3629, 0.6371
1, 0.3628, 0.6372
1, 0.3626, 0.6374
1, 0.3626, 0.6374
1, 0.364, 0.636
1, 0.3622, 0.6378
1, 0.3638, 0.6362
1, 0.3677, 0.6323
1, 0.3607, 0.6393
1, 0.3626, 0.6374
1, 0.3639, 0.6361
1, 0.3598, 0.6402
1, 0.3617, 0.6383
1, 0.3587, 0.6413
1, 0.3584, 0.6416
1, 0.3605, 0.6395
1, 0.3607, 0.6393
1, 0.3607, 0.6393
1, 0.3628, 0.6372
1, 0.382, 0.618
1, 0.3639, 0.6361
1, 0.3595, 0.6405
1, 0.3697, 0.6303
1, 0.3798, 0.6202
1, 0.3602, 0.6398
1, 0.3605, 0.6395
1, 0.3804, 0.6196
1, 0.3602, 0.6398
1, 0.3785, 0.6215
1, 0.3644, 0.6356
1, 0.381, 0.619
1, 0.3627, 0.6373
1, 0.3627, 0.6373
1, 0.3602, 0.6398
1, 0.3634, 0.6366
1, 0.3632, 0.6368
1, 0.3594, 0.6406
1, 0.3616, 0.6384
1, 0.363, 0.637
1, 0.3643, 0.6357
1, 0.3612, 0.6388
1, 0.3619, 0.6381
1, 0.3633, 0.6367
1, 0.364, 0.636
1, 0.3638, 0.6362
1, 0.361, 0.639
1, 0.3629, 0.6371
1, 0.3615, 0.6385
1, 0.3634, 0.6366
1, 0.3641, 0.6359
1, 0.361, 0.639
1, 0.3619, 0.6381
1, 0.3636, 0.6364
1, 0.3638, 0.6362
1, 0.3602, 0.6398
1, 0.3624, 0.6376
1, 0.3618, 0.6382
1, 0.3637, 0.6363
1, 0.3626, 0.6374
1, 0.3616, 0.6384
1, 0.3616, 0.6384
1, 0.3642, 0.6358
1, 0.3615, 0.6385
1, 0.3623, 0.6377
1, 0.3623, 0.6377
1, 0.3634, 0.6366
1, 0.3634, 0.6366
1, 0.3625, 0.6375
1, 0.3649, 0.6351
1, 0.3624, 0.6376
1, 0.3634, 0.6366
1, 0.3636, 0.6364
1, 0.3628, 0.6372
1, 0.3629, 0.6371
1, 0.3628, 0.6372
1, 0.364, 0.636
1, 0.3603, 0.6397
1, 0.364, 0.636
1, 0.3623, 0.6377
1, 0.3624, 0.6376
1, 0.3637, 0.6363
1, 0.3624, 0.6376
1, 0.3622, 0.6378
1, 0.3631, 0.6369
1, 0.3628, 0.6372
1, 0.3629, 0.6371
1, 0.3634, 0.6366
1, 0.3727, 0.6273
1, 0.3627, 0.6373
1, 0.372, 0.628
1, 0.3628, 0.6372
1, 0.3611, 0.6389
1, 0.3634, 0.6366
1, 0.3614, 0.6386
1, 0.3621, 0.6379
1, 0.3613, 0.6387
1, 0.3657, 0.6343
1, 0.3738, 0.6262
1, 0.3611, 0.6389
1, 0.3699, 0.6301
1, 0.3691, 0.6309
1, 0.363, 0.637
1, 0.3634, 0.6366
1, 0.3704, 0.6296
1, 0.3629, 0.6371
1, 0.3619, 0.6381
1, 0.3628, 0.6372
1, 0.3633, 0.6367
1, 0.363, 0.637
1, 0.3716, 0.6284
1, 0.3635, 0.6365
1, 0.3632, 0.6368
1, 0.3609, 0.6391
1, 0.3642, 0.6358
1, 0.3633, 0.6367
1, 0.3612, 0.6388
1, 0.3614, 0.6386
1, 0.3632, 0.6368
1, 0.3628, 0.6372
1, 0.3652, 0.6348
1, 0.3646, 0.6354
1, 0.364, 0.636
1, 0.361, 0.639
1, 0.3617, 0.6383
1, 0.3658, 0.6342
1, 0.364, 0.636
1, 0.3614, 0.6386
1, 0.3631, 0.6369
1, 0.3627, 0.6373
1, 0.3676, 0.6324
1, 0.3618, 0.6382
1, 0.3692, 0.6308
1, 0.361, 0.639
1, 0.3619, 0.6381
1, 0.3599, 0.6401
1, 0.3611, 0.6389
1, 0.3621, 0.6379
1, 0.3623, 0.6377
1, 0.3606, 0.6394
1, 0.36, 0.64
1, 0.3629, 0.6371
1, 0.0935, 0.9065
1, 0.3644, 0.6356
1, 0.0935, 0.9065
1, 0.361, 0.639
1, 0.0934, 0.9066
1, 0.3689, 0.6311
1, 0.3545, 0.6455
1, 0.3629, 0.6371
1, 0.3598, 0.6402
1, 0.3635, 0.6365
1, 0.3619, 0.6381
1, 0.3624, 0.6376
1, 0.3608, 0.6392
1, 0.3618, 0.6382
1, 0.3613, 0.6387
1, 0.2928, 0.7072
1, 0.3618, 0.6382
1, 0.3592, 0.6408
1, 0.0779, 0.9221
1, 0.363, 0.637
1, 0.3709, 0.6291
1, 0.3629, 0.6371
1, 0.0939, 0.9061
1, 0.3698, 0.6302
1, 0.3621, 0.6379
1, 0.3605, 0.6395
1, 0.361, 0.639
1, 0.3609, 0.6391
1, 0.3639, 0.6361
1, 0.3616, 0.6384
1, 0.3616, 0.6384
1, 0.3615, 0.6385
1, 0.3632, 0.6368
1, 0.3726, 0.6274
1, 0.3715, 0.6285
1, 0.3626, 0.6374
1, 0.3629, 0.6371
1, 0.3649, 0.6351
1, 0.3628, 0.6372
1, 0.3623, 0.6377
1, 0.3629, 0.6371
1, 0.3636, 0.6364
1, 0.3608, 0.6392
1, 0.3608, 0.6392
1, 0.3659, 0.6341
1, 0.3612, 0.6388
1, 0.3612, 0.6388
1, 0.3591, 0.6409
1, 0.3622, 0.6378
1, 0.3603, 0.6397
1, 0.3623, 0.6377
1, 0.3599, 0.6401
1, 0.3631, 0.6369
1, 0.3646, 0.6354
1, 0.3612, 0.6388
1, 0.3598, 0.6402
1, 0.3626, 0.6374
1, 0.3615, 0.6385
1, 0.3723, 0.6277
1, 0.3605, 0.6395
1, 0.3624, 0.6376
1, 0.3626, 0.6374
1, 0.3626, 0.6374
1, 0.3609, 0.6391
1, 0.3613, 0.6387
1, 0.3656, 0.6344
1, 0.3655, 0.6345
1, 0.3618, 0.6382
1, 0.3623, 0.6377
1, 0.3703, 0.6297
1, 0.3689, 0.6311
1, 0.3685, 0.6315
1, 0.3681, 0.6319
1, 0.3651, 0.6349
1, 0.3696, 0.6304
1, 0.3682, 0.6318
1, 0.3686, 0.6314
1, 0.3713, 0.6287
1, 0.3678, 0.6322
1, 0.3604, 0.6396
1, 0.3687, 0.6313
1, 0.3713, 0.6287
1, 0.3678, 0.6322
1, 0.3708, 0.6292
1, 0.3614, 0.6386
1, 0.3648, 0.6352
1, 0.3689, 0.6311
1, 0.3694, 0.6306
1, 0.3707, 0.6293
1, 0.3637, 0.6363
1, 0.3623, 0.6377
1, 0.3622, 0.6378
1, 0.3619, 0.6381
1, 0.362, 0.638
1, 0.3628, 0.6372
1, 0.3614, 0.6386
1, 0.3615, 0.6385
1, 0.3609, 0.6391
1, 0.3613, 0.6387
1, 0.3619, 0.6381
1, 0.3624, 0.6376
1, 0.3634, 0.6366
1, 0.3608, 0.6392
1, 0.3621, 0.6379
1, 0.3636, 0.6364
1, 0.3627, 0.6373
1, 0.3623, 0.6377
1, 0.3614, 0.6386
1, 0.3617, 0.6383
1, 0.3626, 0.6374
1, 0.3644, 0.6356
1, 0.3616, 0.6384
1, 0.3631, 0.6369
1, 0.361, 0.639
1, 0.3615, 0.6385
1, 0.3641, 0.6359
1, 0.3637, 0.6363
1, 0.3637, 0.6363
1, 0.3615, 0.6385
1, 0.3619, 0.6381
1, 0.361, 0.639
1, 0.3608, 0.6392
1, 0.3608, 0.6392
1, 0.3611, 0.6389
1, 0.363, 0.637
1, 0.3707, 0.6293
1, 0.3634, 0.6366
1, 0.361, 0.639
1, 0.3614, 0.6386
1, 0.3644, 0.6356
1, 0.3607, 0.6393
1, 0.3615, 0.6385
1, 0.3624, 0.6376
1, 0.3636, 0.6364
1, 0.3619, 0.6381
1, 0.3614, 0.6386
1, 0.3624, 0.6376
1, 0.3614, 0.6386
1, 0.3636, 0.6364
1, 0.362, 0.638
1, 0.3619, 0.6381
1, 0.3626, 0.6374
1, 0.3638, 0.6362
1, 0.3608, 0.6392
1, 0.3623, 0.6377
1, 0.3631, 0.6369
1, 0.3625, 0.6375
1, 0.3662, 0.6338
1, 0.3618, 0.6382
1, 0.3646, 0.6354
1, 0.3611, 0.6389
1, 0.3623, 0.6377
1, 0.3623, 0.6377
1, 0.3654, 0.6346
1, 0.3613, 0.6387
1, 0.3609, 0.6391
1, 0.3615, 0.6385
1, 0.3624, 0.6376
1, 0.3608, 0.6392
1, 0.3696, 0.6304
1, 0.3619, 0.6381
1, 0.3625, 0.6375
1, 0.3708, 0.6292
1, 0.3596, 0.6404
1, 0.3697, 0.6303
1, 0.3618, 0.6382
1, 0.3667, 0.6333
1, 0.3619, 0.6381
1, 0.3607, 0.6393
1, 0.3726, 0.6274
1, 0.3635, 0.6365
1, 0.3707, 0.6293
1, 0.3597, 0.6403
1, 0.371, 0.629
1, 0.3622, 0.6378
1, 0.3623, 0.6377
1, 0.3678, 0.6322
1, 0.3735, 0.6265
1, 0.3637, 0.6363
1, 0.3616, 0.6384
1, 0.3625, 0.6375
1, 0.3609, 0.6391
1, 0.3719, 0.6281
1, 0.3616, 0.6384
1, 0.3616, 0.6384
1, 0.3621, 0.6379
1, 0.3679, 0.6321
1, 0.3613, 0.6387
1, 0.3601, 0.6399
1, 0.3618, 0.6382
1, 0.3653, 0.6347
1, 0.3653, 0.6347
1, 0.3618, 0.6382
1, 0.3613, 0.6387
1, 0.3624, 0.6376
1, 0.3656, 0.6344
1, 0.3642, 0.6358
1, 0.3611, 0.6389
1, 0.3637, 0.6363
1, 0.3613, 0.6387
1, 0.3616, 0.6384
1, 0.3642, 0.6358
1, 0.3609, 0.6391
1, 0.3613, 0.6387
1, 0.3622, 0.6378
1, 0.3623, 0.6377
1, 0.3616, 0.6384
1, 0.3612, 0.6388
1, 0.3614, 0.6386
1, 0.3625, 0.6375
1, 0.3626, 0.6374
1, 0.353, 0.647
1, 0.3606, 0.6394
1, 0.3688, 0.6312
1, 0.3589, 0.6411
1, 0.3605, 0.6395
1, 0.3612, 0.6388
1, 0.3612, 0.6388
1, 0.3611, 0.6389
1, 0.3618, 0.6382
1, 0.361, 0.639
1, 0.361, 0.639
1, 0.3626, 0.6374
1, 0.3609, 0.6391
1, 0.3617, 0.6383
1, 0.3606, 0.6394
1, 0.3612, 0.6388
1, 0.3605, 0.6395
1, 0.3641, 0.6359
1, 0.3613, 0.6387
1, 0.3624, 0.6376
1, 0.3614, 0.6386
1, 0.361, 0.639
1, 0.3613, 0.6387
1, 0.3622, 0.6378
1, 0.3646, 0.6354
1, 0.3633, 0.6367
1, 0.3622, 0.6378
1, 0.36, 0.64
1, 0.3631, 0.6369
1, 0.3613, 0.6387
1, 0.3631, 0.6369
1, 0.3609, 0.6391
1, 0.3614, 0.6386
1, 0.3615, 0.6385
1, 0.3606, 0.6394
1, 0.3613, 0.6387
1, 0.361, 0.639
1, 0.3631, 0.6369
1, 0.3633, 0.6367
1, 0.3633, 0.6367
1, 0.3639, 0.6361
1, 0.3636, 0.6364
1, 0.3613, 0.6387
1, 0.3612, 0.6388
1, 0.3623, 0.6377
1, 0.3629, 0.6371
1, 0.3632, 0.6368
1, 0.3625, 0.6375
1, 0.362, 0.638
1, 0.3641, 0.6359
1, 0.3707, 0.6293
1, 0.364, 0.636
1, 0.364, 0.636
1, 0.3625, 0.6375
1, 0.3628, 0.6372
1, 0.3608, 0.6392
1, 0.3623, 0.6377
1, 0.3617, 0.6383
1, 0.3607, 0.6393
1, 0.3613, 0.6387
1, 0.3634, 0.6366
1, 0.3666, 0.6334
1, 0.3588, 0.6412
1, 0.3588, 0.6412
1, 0.3671, 0.6329
1, 0.3608, 0.6392
1, 0.3587, 0.6413
1, 0.3622, 0.6378
1, 0.3621, 0.6379
1, 0.3624, 0.6376
1, 0.3622, 0.6378
1, 0.3636, 0.6364
1, 0.3724, 0.6276
1, 0.3712, 0.6288
1, 0.372, 0.628
1, 0.362, 0.638
1, 0.37, 0.63
1, 0.3643, 0.6357
1, 0.3705, 0.6295
1, 0.3617, 0.6383
1, 0.3673, 0.6327
1, 0.3617, 0.6383
1, 0.361, 0.639
1, 0.3603, 0.6397
1, 0.3662, 0.6338
1, 0.3609, 0.6391
1, 0.3596, 0.6404
1, 0.3611, 0.6389
1, 0.3544, 0.6456
1, 0.3627, 0.6373
1, 0.3596, 0.6404
1, 0.3646, 0.6354
1, 0.3721, 0.6279
1, 0.3716, 0.6284
1, 0.371, 0.629
1, 0.3637, 0.6363
1, 0.3591, 0.6409
1, 0.3632, 0.6368
1, 0.3605, 0.6395
1, 0.3606, 0.6394
1, 0.3548, 0.6452
1, 0.3682, 0.6318
1, 0.3649, 0.6351
1, 0.3641, 0.6359
1, 0.3696, 0.6304
1, 0.3648, 0.6352
1, 0.3588, 0.6412
1, 0.3652, 0.6348
1, 0.3588, 0.6412
1, 0.3723, 0.6277
1, 0.3662, 0.6338
1, 0.3624, 0.6376
1, 0.3609, 0.6391
1, 0.3536, 0.6464
1, 0.3637, 0.6363
1, 0.3611, 0.6389
1, 0.3671, 0.6329
1, 0.3588, 0.6412
1, 0.3605, 0.6395
1, 0.3543, 0.6457
1, 0.3611, 0.6389
1, 0.3609, 0.6391
1, 0.3687, 0.6313
1, 0.3605, 0.6395
1, 0.37, 0.63
1, 0.3607, 0.6393
1, 0.361, 0.639
1, 0.3703, 0.6297
1, 0.3663, 0.6337
1, 0.3542, 0.6458
1, 0.3543, 0.6457
1, 0.364, 0.636
1, 0.3624, 0.6376
1, 0.3603, 0.6397
1, 0.3609, 0.6391
1, 0.3666, 0.6334
1, 0.3633, 0.6367
1, 0.3671, 0.6329
1, 0.3594, 0.6406
1, 0.3588, 0.6412
1, 0.3597, 0.6403
1, 0.3618, 0.6382
1, 0.3698, 0.6302
1, 0.3714, 0.6286
1, 0.3638, 0.6362
1, 0.3596, 0.6404
1, 0.368, 0.632
1, 0.368, 0.632
1, 0.3588, 0.6412
1, 0.3662, 0.6338
1, 0.3602, 0.6398
1, 0.3588, 0.6412
1, 0.3536, 0.6464
1, 0.3624, 0.6376
1, 0.3609, 0.6391
1, 0.3611, 0.6389
1, 0.3603, 0.6397
1, 0.3608, 0.6392
1, 0.361, 0.639
1, 0.3542, 0.6458
1, 0.3604, 0.6396
1, 0.3607, 0.6393
1, 0.3613, 0.6387
1, 0.3588, 0.6412
1, 0.3671, 0.6329
1, 0.363, 0.637
1, 0.3614, 0.6386
1, 0.3691, 0.6309
1, 0.3634, 0.6366
1, 0.3611, 0.6389
1, 0.3665, 0.6335
1, 0.3608, 0.6392
1, 0.3597, 0.6403
1, 0.3596, 0.6404
1, 0.3599, 0.6401
1, 0.3611, 0.6389
1, 0.3572, 0.6428
1, 0.3603, 0.6397
1, 0.3618, 0.6382
1, 0.3609, 0.6391
1, 0.3606, 0.6394
1, 0.3638, 0.6362
1, 0.3526, 0.6474
1, 0.363, 0.637
1, 0.3538, 0.6462
1, 0.352, 0.648
1, 0.3601, 0.6399
1, 0.3604, 0.6396
1, 0.3639, 0.6361
1, 0.3632, 0.6368
1, 0.3602, 0.6398
1, 0.363, 0.637
1, 0.3662, 0.6338
1, 0.3601, 0.6399
1, 0.3542, 0.6458
1, 0.3608, 0.6392
1, 0.3637, 0.6363
1, 0.3578, 0.6422
1, 0.3586, 0.6414
1, 0.3623, 0.6377
1, 0.3674, 0.6326
1, 0.3602, 0.6398
1, 0.3673, 0.6327
1, 0.363, 0.637
1, 0.3544, 0.6456
1, 0.3662, 0.6338
1, 0.3637, 0.6363
1, 0.3637, 0.6363
1, 0.3586, 0.6414
1, 0.3579, 0.6421
1, 0.36, 0.64
1, 0.3655, 0.6345
1, 0.3543, 0.6457
1, 0.3599, 0.6401
1, 0.3621, 0.6379
1, 0.363, 0.637
1, 0.363, 0.637
1, 0.3611, 0.6389
1, 0.3671, 0.6329
1, 0.3543, 0.6457
1, 0.3612, 0.6388
1, 0.3602, 0.6398
1, 0.3674, 0.6326
1, 0.3673, 0.6327
1, 0.3604, 0.6396
1, 0.3637, 0.6363
1, 0.3702, 0.6298
1, 0.3588, 0.6412
1, 0.363, 0.637
1, 0.3594, 0.6406
1, 0.3664, 0.6336
1, 0.3544, 0.6456
1, 0.3651, 0.6349
1, 0.3603, 0.6397
1, 0.363, 0.637
1, 0.3644, 0.6356
1, 0.3634, 0.6366
1, 0.3629, 0.6371
1, 0.3631, 0.6369
1, 0.3641, 0.6359
1, 0.363, 0.637
1, 0.3557, 0.6443
1, 0.3604, 0.6396
1, 0.3639, 0.6361
1, 0.3625, 0.6375
1, 0.3657, 0.6343
1, 0.3596, 0.6404
1, 0.3606, 0.6394
1, 0.3596, 0.6404
1, 0.3633, 0.6367
1, 0.3688, 0.6312
1, 0.3611, 0.6389
1, 0.3609, 0.6391
1, 0.3608, 0.6392
1, 0.3629, 0.6371
1, 0.3596, 0.6404
1, 0.3611, 0.6389
1, 0.3611, 0.6389
1, 0.3615, 0.6385
1, 0.3612, 0.6388
1, 0.3688, 0.6312
1, 0.354, 0.646
1, 0.3605, 0.6395
1, 0.3633, 0.6367
1, 0.3612, 0.6388
1, 0.3688, 0.6312
1, 0.3611, 0.6389
1, 0.3605, 0.6395
1, 0.3617, 0.6383
1, 0.3608, 0.6392
1, 0.354, 0.646
1, 0.3605, 0.6395
1, 0.3633, 0.6367
1, 0.3614, 0.6386
1, 0.3604, 0.6396
1, 0.3629, 0.6371
1, 0.3599, 0.6401
1, 0.3657, 0.6343
1, 0.3557, 0.6443
1, 0.3613, 0.6387
1, 0.3639, 0.6361
1, 0.3596, 0.6404
1, 0.3593, 0.6407
1, 0.3657, 0.6343
1, 0.3609, 0.6391
1, 0.3611, 0.6389
1, 0.3688, 0.6312
1, 0.3607, 0.6393
1, 0.3626, 0.6374
1, 0.3599, 0.6401
1, 0.3604, 0.6396
1, 0.3602, 0.6398
1, 0.3629, 0.6371
1, 0.3607, 0.6393
1, 0.367, 0.633
1, 0.3592, 0.6408
1, 0.3611, 0.6389
1, 0.3608, 0.6392
1, 0.3593, 0.6407
1, 0.3618, 0.6382
1, 0.3518, 0.6482
1, 0.3587, 0.6413
1, 0.3611, 0.6389
1, 0.3606, 0.6394
1, 0.3606, 0.6394
1, 0.3591, 0.6409
1, 0.3607, 0.6393
1, 0.3585, 0.6415
1, 0.3544, 0.6456
1, 0.3578, 0.6422
1, 0.3605, 0.6395
1, 0.3613, 0.6387
1, 0.3515, 0.6485
1, 0.3593, 0.6407
1, 0.3548, 0.6452
1, 0.3591, 0.6409
1, 0.3623, 0.6377
1, 0.3612, 0.6388
1, 0.3587, 0.6413
1, 0.3617, 0.6383
1, 0.3611, 0.6389
1, 0.3542, 0.6458
1, 0.3622, 0.6378
1, 0.3589, 0.6411
1, 0.354, 0.646
1, 0.3684, 0.6316
1, 0.3619, 0.6381
1, 0.3652, 0.6348
1, 0.3642, 0.6358
1, 0.3634, 0.6366
1, 0.3673, 0.6327
1, 0.3666, 0.6334
1, 0.3634, 0.6366
1, 0.3586, 0.6414
1, 0.362, 0.638
1, 0.362, 0.638
1, 0.36, 0.64
1, 0.362, 0.638
1, 0.3611, 0.6389
1, 0.358, 0.642
1, 0.358, 0.642
1, 0.3591, 0.6409
1, 0.3586, 0.6414
1, 0.3615, 0.6385
1, 0.3619, 0.6381
1, 0.3596, 0.6404
1, 0.3649, 0.6351
1, 0.3618, 0.6382
1, 0.3652, 0.6348
1, 0.3587, 0.6413
1, 0.3596, 0.6404
1, 0.3672, 0.6328
1, 0.3617, 0.6383
1, 0.3586, 0.6414
1, 0.3609, 0.6391
1, 0.3609, 0.6391
1, 0.3603, 0.6397
1, 0.3586, 0.6414
1, 0.3603, 0.6397
1, 0.3616, 0.6384
1, 0.3603, 0.6397
1, 0.3603, 0.6397
1, 0.3612, 0.6388
1, 0.3667, 0.6333
1, 0.3663, 0.6337
1, 0.3592, 0.6408
1, 0.3621, 0.6379
1, 0.3582, 0.6418
1, 0.3602, 0.6398
1, 0.3597, 0.6403
1, 0.361, 0.639
1, 0.2905, 0.7095
1, 0.3613, 0.6387
1, 0.3583, 0.6417
1, 0.3606, 0.6394
1, 0.368, 0.632
1, 0.3608, 0.6392
1, 0.3612, 0.6388
1, 0.3592, 0.6408
1, 0.3607, 0.6393
1, 0.3714, 0.6286
1, 0.3592, 0.6408
1, 0.361, 0.639
1, 0.3583, 0.6417
1, 0.3613, 0.6387
1, 0.3594, 0.6406
1, 0.3589, 0.6411
1, 0.3595, 0.6405
1, 0.3608, 0.6392
1, 0.3614, 0.6386
1, 0.3601, 0.6399
1, 0.3667, 0.6333
1, 0.3655, 0.6345
1, 0.3623, 0.6377
1, 0.3626, 0.6374
1, 0.3634, 0.6366
1, 0.361, 0.639
1, 0.3607, 0.6393
1, 0.3655, 0.6345
1, 0.3688, 0.6312
1, 0.3572, 0.6428
1, 0.3621, 0.6379
1, 0.3601, 0.6399
1, 0.361, 0.639
1, 0.3603, 0.6397
1, 0.3678, 0.6322
1, 0.363, 0.637
1, 0.3612, 0.6388
1, 0.3631, 0.6369
1, 0.3595, 0.6405
1, 0.3603, 0.6397
1, 0.3555, 0.6445
1, 0.3611, 0.6389
1, 0.3607, 0.6393
1, 0.3634, 0.6366
1, 0.3691, 0.6309
1, 0.365, 0.635
1, 0.3608, 0.6392
1, 0.3644, 0.6356
1, 0.3621, 0.6379
1, 0.3595, 0.6405
1, 0.3609, 0.6391
1, 0.3616, 0.6384
1, 0.3613, 0.6387
1, 0.3622, 0.6378
1, 0.3608, 0.6392
1, 0.3592, 0.6408
1, 0.3626, 0.6374
1, 0.3607, 0.6393
1, 0.3612, 0.6388
1, 0.3649, 0.6351
1, 0.3622, 0.6378
1, 0.3584, 0.6416
1, 0.3639, 0.6361
1, 0.364, 0.636
1, 0.3617, 0.6383
1, 0.3595, 0.6405
1, 0.2912, 0.7088
1, 0.3622, 0.6378
1, 0.3584, 0.6416
1, 0.3616, 0.6384
1, 0.3612, 0.6388
1, 0.3608, 0.6392
1, 0.3626, 0.6374
1, 0.3622, 0.6378
1, 0.3609, 0.6391
1, 0.3649, 0.6351
1, 0.3613, 0.6387
1, 0.3592, 0.6408
1, 0.3639, 0.6361
1, 0.3632, 0.6368
1, 0.3629, 0.6371
1, 0.364, 0.636
1, 0.3633, 0.6367
1, 0.3634, 0.6366
1, 0.3637, 0.6363
1, 0.3633, 0.6367
1, 0.3631, 0.6369
1, 0.3635, 0.6365
1, 0.3638, 0.6362
1, 0.3614, 0.6386
1, 0.3631, 0.6369
1, 0.3634, 0.6366
1, 0.3639, 0.6361
1, 0.3634, 0.6366
1, 0.3619, 0.6381
1, 0.3639, 0.6361
1, 0.3638, 0.6362
1, 0.3624, 0.6376
1, 0.3639, 0.6361
1, 0.3634, 0.6366
1, 0.3638, 0.6362
1, 0.3634, 0.6366
1, 0.3692, 0.6308
1, 0.3685, 0.6315
1, 0.3628, 0.6372
1, 0.3643, 0.6357
1, 0.361, 0.639
1, 0.3582, 0.6418
1, 0.3595, 0.6405
1, 0.3528, 0.6472
1, 0.361, 0.639
1, 0.3579, 0.6421
1, 0.363, 0.637
1, 0.3594, 0.6406
1, 0.3614, 0.6386
1, 0.3681, 0.6319
1, 0.3595, 0.6405
1, 0.3628, 0.6372
1, 0.3584, 0.6416
1, 0.359, 0.641
1, 0.3701, 0.6299
1, 0.3619, 0.6381
1, 0.3621, 0.6379
1, 0.3577, 0.6423
1, 0.3609, 0.6391
1, 0.3631, 0.6369
1, 0.36, 0.64
1, 0.3581, 0.6419
1, 0.3611, 0.6389
1, 0.3587, 0.6413
1, 0.354, 0.646
1, 0.3594, 0.6406
1, 0.3606, 0.6394
1, 0.3606, 0.6394
1, 0.3587, 0.6413
1, 0.3597, 0.6403
1, 0.3594, 0.6406
1, 0.3616, 0.6384
1, 0.3581, 0.6419
1, 0.3522, 0.6478
1, 0.3622, 0.6378
1, 0.361, 0.639
1, 0.367, 0.633
1, 0.3583, 0.6417
1, 0.3583, 0.6417
1, 0.3611, 0.6389
1, 0.3584, 0.6416
1, 0.3587, 0.6413
1, 0.3551, 0.6449
1, 0.3533, 0.6467
1, 0.361, 0.639
1, 0.3617, 0.6383
1, 0.3611, 0.6389
1, 0.3615, 0.6385
1, 0.3615, 0.6385
1, 0.3598, 0.6402
1, 0.3622, 0.6378
1, 0.3615, 0.6385
1, 0.3605, 0.6395
1, 0.3611, 0.6389
1, 0.3587, 0.6413
1, 0.361, 0.639
1, 0.3612, 0.6388
1, 0.3611, 0.6389
1, 0.3583, 0.6417
1, 0.3587, 0.6413
1, 0.3611, 0.6389
1, 0.3577, 0.6423
1, 0.3615, 0.6385
1, 0.3628, 0.6372
1, 0.3641, 0.6359
1, 0.3604, 0.6396
1, 0.3615, 0.6385
1, 0.3624, 0.6376
1, 0.3577, 0.6423
1, 0.3623, 0.6377
1, 0.3611, 0.6389
1, 0.3614, 0.6386
1, 0.3617, 0.6383
1, 0.3605, 0.6395
1, 0.3629, 0.6371
1, 0.3632, 0.6368
1, 0.3617, 0.6383
1, 0.3594, 0.6406
1, 0.3606, 0.6394
1, 0.3587, 0.6413
1, 0.3605, 0.6395
1, 0.3627, 0.6373
1, 0.3617, 0.6383
1, 0.361, 0.639
1, 0.3609, 0.6391
1, 0.3601, 0.6399
1, 0.3607, 0.6393
1, 0.3619, 0.6381
1, 0.3618, 0.6382
1, 0.3596, 0.6404
1, 0.3612, 0.6388
1, 0.3613, 0.6387
1, 0.3694, 0.6306
1, 0.3597, 0.6403
1, 0.3601, 0.6399
1, 0.3604, 0.6396
1, 0.3604, 0.6396
1, 0.3609, 0.6391
1, 0.3619, 0.6381
1, 0.3609, 0.6391
1, 0.3611, 0.6389
1, 0.3622, 0.6378
1, 0.36, 0.64
1, 0.3636, 0.6364
1, 0.3695, 0.6305
1, 0.3712, 0.6288
1, 0.364, 0.636
1, 0.3632, 0.6368
1, 0.3617, 0.6383
1, 0.3639, 0.6361
1, 0.364, 0.636
1, 0.359, 0.641
1, 0.3617, 0.6383
1, 0.3627, 0.6373
1, 0.3692, 0.6308
1, 0.3629, 0.6371
1, 0.3617, 0.6383
1, 0.3639, 0.6361
1, 0.3624, 0.6376
1, 0.363, 0.637
1, 0.3639, 0.6361
1, 0.3622, 0.6378
1, 0.3617, 0.6383
1, 0.3615, 0.6385
1, 0.3629, 0.6371
1, 0.363, 0.637
1, 0.3601, 0.6399
1, 0.3632, 0.6368
1, 0.3599, 0.6401
1, 0.3637, 0.6363
1, 0.3616, 0.6384
1, 0.3627, 0.6373
1, 0.3627, 0.6373
1, 0.3597, 0.6403
1, 0.3633, 0.6367
1, 0.361, 0.639
1, 0.3632, 0.6368
1, 0.3692, 0.6308
1, 0.3628, 0.6372
1, 0.364, 0.636
1, 0.3618, 0.6382
1, 0.3688, 0.6312
1, 0.3615, 0.6385
1, 0.3687, 0.6313
1, 0.364, 0.636
1, 0.363, 0.637
1, 0.3634, 0.6366
1, 0.3592, 0.6408
1, 0.3587, 0.6413
1, 0.3618, 0.6382
1, 0.367, 0.633
1, 0.3585, 0.6415
1, 0.3665, 0.6335
1, 0.3611, 0.6389
1, 0.3598, 0.6402
1, 0.3598, 0.6402
1, 0.3615, 0.6385
1, 0.3618, 0.6382
1, 0.3633, 0.6367
1, 0.3602, 0.6398
1, 0.3623, 0.6377
1, 0.359, 0.641
1, 0.3627, 0.6373
1, 0.3683, 0.6317
0, 0.1825, 0.8175
0, 0.1968, 0.8032
0, 0.2175, 0.7825
0, 0.2084, 0.7916
0, 0.1963, 0.8037
0, 0.1958, 0.8042
0, 0.1714, 0.8286
0, 0.8567, 0.1433
0, 0.1715, 0.8285
0, 0.2155, 0.7845
0, 0.1701, 0.8299
0, 0.1915, 0.8085
0, 0.1931, 0.8069
0, 0.1701, 0.8299
0, 0.2067, 0.7933
0, 0.1715, 0.8285
0, 0.1879, 0.8121
0, 0.1874, 0.8126
0, 0.1924, 0.8076
0, 0.1702, 0.8298
0, 0.2054, 0.7946
0, 0.2155, 0.7845
0, 0.1725, 0.8275
0, 0.1866, 0.8134
0, 0.8579, 0.1421
0, 0.1867, 0.8133
0, 0.1873, 0.8127
0, 0.1701, 0.8299
0, 0.1885, 0.8115
0, 0.1701, 0.8299
0, 0.1705, 0.8295
0, 0.2028, 0.7972
0, 0.1882, 0.8118
0, 0.1702, 0.8298
0, 0.1845, 0.8155
0, 0.1867, 0.8133
0, 0.1844, 0.8156
0, 0.1868, 0.8132
0, 0.1709, 0.8291
0, 0.1833, 0.8167
0, 0.1701, 0.8299
0, 0.1737, 0.8263
0, 0.2512, 0.7488
0, 0.2193, 0.7807
0, 0.2159, 0.7841
0, 0.2426, 0.7574
0, 0.2067, 0.7933
0, 0.2638, 0.7362
0, 0.2056, 0.7944
0, 0.2359, 0.7641
0, 0.2235, 0.7765
0, 0.2181, 0.7819
0, 0.2337, 0.7663
0, 0.8846, 0.1154
0, 0.2087, 0.7913
0, 0.2092, 0.7908
0, 0.2171, 0.7829
0, 0.2089, 0.7911
0, 0.2387, 0.7613
0, 0.2485, 0.7515
0, 0.2253, 0.7747
0, 0.8925, 0.1075
0, 0.2216, 0.7784
0, 0.2226, 0.7774
0, 0.2143, 0.7857
0, 0.8856, 0.1144
0, 0.2089, 0.7911
0, 0.2086, 0.7914
0, 0.222, 0.778
0, 0.2301, 0.7699
0, 0.217, 0.783
0, 0.2367, 0.7633
0, 0.2137, 0.7863
0, 0.2439, 0.7561
0, 0.2228, 0.7772
0, 0.2218, 0.7782
0, 0.2485, 0.7515
0, 0.8438, 0.1562
0, 0.8906, 0.1094
0, 0.2119, 0.7881
0, 0.2347, 0.7653
0, 0.2123, 0.7877
0, 0.219, 0.781
0, 0.2365, 0.7635
0, 0.2164, 0.7836
0, 0.2299, 0.7701
0, 0.2272, 0.7728
0, 0.2084, 0.7916
0, 0.2383, 0.7617
0, 0.2075, 0.7925
0, 0.2156, 0.7844
0, 0.2157, 0.7843
0, 0.2046, 0.7954
0, 0.2049, 0.7951
0, 0.2088, 0.7912
0, 0.211, 0.789
0, 0.2324, 0.7676
0, 0.2073, 0.7927
0, 0.2297, 0.7703
0, 0.2613, 0.7387
0, 0.2239, 0.7761
0, 0.2547, 0.7453
0, 0.2133, 0.7867
0, 0.2056, 0.7944
0, 0.2638, 0.7362
0, 0.7992, 0.2008
0, 0.7976, 0.2024
0, 0.7827, 0.2173
0, 0.7986, 0.2014
0, 0.7995, 0.2005
0, 0.8221, 0.1779
0, 0.8, 0.2
0, 0.7892, 0.2108
0, 0.8188, 0.1812
0, 0.775, 0.225
0, 0.8107, 0.1893
0, 0.8036, 0.1964
0, 0.7908, 0.2092
0, 0.804, 0.196
0, 0.8133, 0.1867
0, 0.8002, 0.1998
0, 0.7854, 0.2146
0, 0.795, 0.205
0, 0.7831, 0.2169
0, 0.7855, 0.2145
0, 0.7951, 0.2049
0, 0.7908, 0.2092
0, 0.8001, 0.1999
0, 0.7907, 0.2093
0, 0.8002, 0.1998
0, 0.7774, 0.2226
0, 0.7711, 0.2289
0, 0.7623, 0.2377
0, 0.8137, 0.1863
0, 0.7807, 0.2193
0, 0.8109, 0.1891
0, 0.7858, 0.2142
0, 0.809, 0.191
0, 0.8009, 0.1991
0, 0.7931, 0.2069
0, 0.7989, 0.2011
0, 0.7994, 0.2006
0, 0.7814, 0.2186
0, 0.768, 0.232
0, 0.7989, 0.2011
0, 0.812, 0.188
0, 0.7831, 0.2169
0, 0.8082, 0.1918
0, 0.7735, 0.2265
0, 0.7959, 0.2041
0, 0.8091, 0.1909
0, 0.8252, 0.1748
0, 0.7734, 0.2266
0, 0.8133, 0.1867
0, 0.8202, 0.1798
0, 0.7912, 0.2088
0, 0.797, 0.203
0, 0.813, 0.187
0, 0.8244, 0.1756
0, 0.7923, 0.2077
0, 0.7806, 0.2194
0, 0.7983, 0.2017
0, 0.7988, 0.2012
0, 0.782, 0.218
0, 0.813, 0.187
0, 0.7727, 0.2273
0, 0.9676, 0.0324
0, 0.7786, 0.2214
0, 0.7864, 0.2136
0, 0.7973, 0.2027
0, 0.7781, 0.2219
0, 0.785, 0.215
0, 0.7951, 0.2049
0, 0.7793, 0.2207
0, 0.8012, 0.1988
0, 0.7995, 0.2005
0, 0.8102, 0.1898
0, 0.8002, 0.1998
0, 0.8031, 0.1969
0, 0.8005, 0.1995
0, 0.7845, 0.2155
0, 0.8023, 0.1977
0, 0.7819, 0.2181
0, 0.799, 0.201
0, 0.8143, 0.1857
0, 0.7943, 0.2057
0, 0.8256, 0.1744
0, 0.7823, 0.2177
0, 0.7995, 0.2005
0, 0.7965, 0.2035
0, 0.7996, 0.2004
0, 0.7931, 0.2069
0, 0.8107, 0.1893
0, 0.8031, 0.1969
0, 0.7913, 0.2087
0, 0.7996, 0.2004
0, 0.7933, 0.2067
0, 0.7995, 0.2005
0, 0.8112, 0.1888
0, 0.8027, 0.1973
0, 0.8217, 0.1783
0, 0.7989, 0.2011
0, 0.7992, 0.2008
0, 0.8023, 0.1977
0, 0.8004, 0.1996
0, 0.7971, 0.2029
0, 0.8134, 0.1866
0, 0.7939, 0.2061
0, 0.8036, 0.1964
0, 0.7977, 0.2023
0, 0.8014, 0.1986
0, 0.8078, 0.1922
0, 0.8017, 0.1983
0, 0.8067, 0.1933
0, 0.7968, 0.2032
0, 0.7994, 0.2006
0, 0.8101, 0.1899
0, 0.799, 0.201
0, 0.8105, 0.1895
0, 0.7968, 0.2032
0, 0.8009, 0.1991
0, 0.7993, 0.2007
0, 0.7998, 0.2002
0, 0.7807, 0.2193
0, 0.7825, 0.2175
0, 0.7825, 0.2175
0, 0.7825, 0.2175
0, 0.7825, 0.2175
0, 0.7936, 0.2064
0, 0.7982, 0.2018
0, 0.7924, 0.2076
0, 0.7729, 0.2271
0, 0.7765, 0.2235
0, 0.7714, 0.2286
0, 0.7921, 0.2079
0, 0.7928, 0.2072
0, 0.7764, 0.2236
0, 0.7727, 0.2273
0, 0.9434, 0.0566
0, 0.7727, 0.2273
0, 0.7762, 0.2238
0, 0.7792, 0.2208
0, 0.2184, 0.7816
0, 0.2201, 0.7799
0, 0.2264, 0.7736
0, 0.2243, 0.7757
0, 0.22, 0.78
0, 0.2215, 0.7785
0, 0.2223, 0.7777
0, 0.2533, 0.7467
0, 0.2232, 0.7768
0, 0.2294, 0.7706
0, 0.2211, 0.7789
0, 0.2294, 0.7706
0, 0.2232, 0.7768
0, 0.2211, 0.7789
0, 0.2293, 0.7707
0, 0.22, 0.78
0, 0.2184, 0.7816
0, 0.2243, 0.7757
0, 0.2215, 0.7785
0, 0.2533, 0.7467
0, 0.2198, 0.7802
0, 0.2223, 0.7777
0, 0.2327, 0.7673
0, 0.2232, 0.7768
0, 0.2285, 0.7715
0, 0.2224, 0.7776
0, 0.2172, 0.7828
0, 0.2155, 0.7845
0, 0.2205, 0.7795
0, 0.2193, 0.7807
0, 0.9393, 0.0607
0, 0.9389, 0.0611
0, 0.2193, 0.7807
0, 0.1908, 0.8092
0, 0.2442, 0.7558
0, 0.2765, 0.7235
0, 0.2438, 0.7562
1, 0.513, 0.487
1, 0.5484, 0.4516
1, 0.5383, 0.4617
1, 0.5215, 0.4785
1, 0.5121, 0.4879
1, 0.5137, 0.4863
1, 0.5134, 0.4866
1, 0.5139, 0.4861
1, 0.5137, 0.4863
1, 0.5464, 0.4536
1, 0.5338, 0.4662
1, 0.5112, 0.4888
1, 0.5334, 0.4666
1, 0.5137, 0.4863
1, 0.5147, 0.4853
1, 0.5149, 0.4851
1, 0.5642, 0.4358
1, 0.5574, 0.4426
1, 0.5114, 0.4886
1, 0.5336, 0.4664
1, 0.5655, 0.4345
1, 0.5049, 0.4951
1, 0.5152, 0.4848
1, 0.5334, 0.4666
1, 0.5144, 0.4856
1, 0.5044, 0.4956
1, 0.5418, 0.4582
1, 0.5424, 0.4576
1, 0.5089, 0.4911
1, 0.5105, 0.4895
1, 0.5488, 0.4512
1, 0.5523, 0.4477
1, 0.5588, 0.4412
1, 0.5415, 0.4585
1, 0.5591, 0.4409
1, 0.5634, 0.4366
1, 0.5525, 0.4475
1, 0.5493, 0.4507
1, 0.5517, 0.4483
1, 0.5472, 0.4528
1, 0.5588, 0.4412
1, 0.5493, 0.4507
1, 0.5488, 0.4512
1, 0.5474, 0.4526
1, 0.5494, 0.4506
0, 0.9726, 0.0274
0, 0.9974, 0.0026
0, 0.9976, 0.0024
0, 0.9973, 0.0027
0, 0.9975, 0.0025
0, 0.997, 0.003
0, 0.9964, 0.0036
0, 0.9979, 0.0021
0, 0.9981, 0.0019
0, 0.9971, 0.0029
0, 0.998, 0.002
0, 0.9979, 0.0021
0, 0.9986, 0.0014
0, 0.9989, 0.0011
0, 0.9987, 0.0013
0, 0.9989, 0.0011
0, 0.9988, 0.0012
0, 0.9988, 0.0012
0, 0.999, 0.001
0, 0.9989, 0.0011
0, 0.999, 0.001
0, 0.9984, 0.0016
0, 0.9986, 0.0014
0, 0.999, 0.001
0, 0.9986, 0.0014
0, 0.9989, 0.0011
0, 0.9989, 0.0011
0, 0.999, 0.001
0, 0.9991, 0.0009
0, 0.9731, 0.0269
0, 0.9971, 0.0029
0, 0.9973, 0.0027
0, 0.9976, 0.0024
0, 0.9976, 0.0024
0, 0.9976, 0.0024
0, 0.9967, 0.0033
0, 0.9971, 0.0029
0, 0.9976, 0.0024
0, 0.998, 0.002
0, 0.998, 0.002
0, 0.9976, 0.0024
0, 0.9976, 0.0024
0, 0.9976, 0.0024
0, 0.9977, 0.0023
0, 0.9978, 0.0022
0, 0.9982, 0.0018
0, 0.9977, 0.0023
0, 0.9978, 0.0022
0, 0.9978, 0.0022
0, 0.9979, 0.0021
0, 0.9971, 0.0029
0, 0.9976, 0.0024
0, 0.9983, 0.0017
0, 0.9983, 0.0017
0, 0.9976, 0.0024
0, 0.9975, 0.0025
0, 0.998, 0.002
0, 0.998, 0.002
0, 0.9977, 0.0023
0, 0.9976, 0.0024
0, 0.9976, 0.0024
0, 0.9979, 0.0021
0, 0.9979, 0.0021
0, 0.9985, 0.0015
0, 0.9975, 0.0025
0, 0.9978, 0.0022
0, 0.9979, 0.0021
0, 0.9979, 0.0021
0, 0.9981, 0.0019
0, 0.9971, 0.0029
0, 0.9035, 0.0965
0, 0.9024, 0.0976
0, 0.9028, 0.0972
0, 0.907, 0.093
0, 0.8946, 0.1054
0, 0.8961, 0.1039
0, 0.8946, 0.1054
0, 0.8962, 0.1038
0, 0.8865, 0.1135
0, 0.8975, 0.1025
0, 0.8961, 0.1039
0, 0.8961, 0.1039
0, 0.8952, 0.1048
0, 0.8953, 0.1047
0, 0.8955, 0.1045
0, 0.894, 0.106
0, 0.9118, 0.0882
0, 0.9005, 0.0995
0, 0.8949, 0.1051
0, 0.8958, 0.1042
0, 0.883, 0.117
0, 0.8809, 0.1191
0, 0.8405, 0.1595
0, 0.8796, 0.1204
0, 0.8748, 0.1252
0, 0.8779, 0.1221
0, 0.8407, 0.1593
0, 0.8683, 0.1317
0, 0.8976, 0.1024
0, 0.8779, 0.1221
0, 0.8868, 0.1132
0, 0.8683, 0.1317
0, 0.9404, 0.0596
0, 0.9291, 0.0709
0, 0.9404, 0.0596
0, 0.9288, 0.0712
0, 0.9444, 0.0556
0, 0.9446, 0.0554
0, 0.9301, 0.0699
0, 0.9295, 0.0705
0, 0.9292, 0.0708
1, 0.3802, 0.6198
1, 0.3813, 0.6187
1, 0.3762, 0.6238
1, 0.3807, 0.6193
1, 0.3785, 0.6215
1, 0.3762, 0.6238
1, 0.3731, 0.6269
1, 0.3779, 0.6221
1, 0.3754, 0.6246
1, 0.3814, 0.6186
1, 0.3762, 0.6238
1, 0.3762, 0.6238
1, 0.379, 0.621
1, 0.3776, 0.6224
1, 0.376, 0.624
1, 0.3761, 0.6239
1, 0.3761, 0.6239
1, 0.3762, 0.6238
1, 0.3816, 0.6184
1, 0.3808, 0.6192
1, 0.3796, 0.6204
1, 0.3798, 0.6202
1, 0.3798, 0.6202
1, 0.3831, 0.6169
1, 0.3809, 0.6191
1, 0.3815, 0.6185
1, 0.3776, 0.6224
1, 0.3823, 0.6177
1, 0.3807, 0.6193
1, 0.3762, 0.6238
1, 0.3768, 0.6232
1, 0.3758, 0.6242
1, 0.3761, 0.6239
1, 0.3772, 0.6228
1, 0.3816, 0.6184
1, 0.3773, 0.6227
1, 0.3762, 0.6238
1, 0.3806, 0.6194
1, 0.3769, 0.6231
1, 0.3755, 0.6245
1, 0.3778, 0.6222
1, 0.3753, 0.6247
1, 0.3773, 0.6227
1, 0.3795, 0.6205
1, 0.3754, 0.6246
1, 0.3765, 0.6235
1, 0.3807, 0.6193
1, 0.3758, 0.6242
1, 0.3768, 0.6232
1, 0.3762, 0.6238
1, 0.381, 0.619
1, 0.3762, 0.6238
1, 0.3762, 0.6238
1, 0.3806, 0.6194
1, 0.382, 0.618
1, 0.3722, 0.6278
1, 0.3953, 0.6047
1, 0.375, 0.625
1, 0.3838, 0.6162
1, 0.3775, 0.6225
1, 0.3943, 0.6057
1, 0.3792, 0.6208
1, 0.3838, 0.6162
1, 0.3861, 0.6139
1, 0.3782, 0.6218
1, 0.3797, 0.6203
1, 0.3735, 0.6265
1, 0.3727, 0.6273
1, 0.3713, 0.6287
1, 0.3722, 0.6278
1, 0.3828, 0.6172
1, 0.3777, 0.6223
1, 0.3783, 0.6217
1, 0.3808, 0.6192
1, 0.3721, 0.6279
1, 0.3708, 0.6292
1, 0.375, 0.625
1, 0.3838, 0.6162
1, 0.383, 0.617
1, 0.377, 0.623
1, 0.3745, 0.6255
1, 0.3904, 0.6096
1, 0.3905, 0.6095
1, 0.375, 0.625
1, 0.3817, 0.6183
1, 0.3822, 0.6178
1, 0.3819, 0.6181
1, 0.3824, 0.6176
1, 0.378, 0.622
1, 0.3798, 0.6202
1, 0.3828, 0.6172
1, 0.3784, 0.6216
1, 0.3812, 0.6188
1, 0.3524, 0.6476
1, 0.3813, 0.6187
1, 0.3783, 0.6217
1, 0.3832, 0.6168
1, 0.3854, 0.6146
1, 0.3721, 0.6279
1, 0.3796, 0.6204
1, 0.3829, 0.6171
1, 0.3824, 0.6176
1, 0.3817, 0.6183
1, 0.3811, 0.6189
1, 0.379, 0.621
1, 0.3821, 0.6179
1, 0.3778, 0.6222
1, 0.3815, 0.6185
1, 0.3822, 0.6178
1, 0.3691, 0.6309
1, 0.3823, 0.6177
1, 0.3811, 0.6189
1, 0.3793, 0.6207
1, 0.3858, 0.6142
1, 0.3805, 0.6195
1, 0.3821, 0.6179
1, 0.3821, 0.6179
1, 0.3784, 0.6216
1, 0.3811, 0.6189
1, 0.3852, 0.6148
1, 0.3811, 0.6189
1, 0.3838, 0.6162
1, 0.3775, 0.6225
1, 0.3857, 0.6143
1, 0.3837, 0.6163
1, 0.3863, 0.6137
1, 0.3781, 0.6219
1, 0.3797, 0.6203
1, 0.3881, 0.6119
1, 0.3812, 0.6188
1, 0.3836, 0.6164
1, 0.3816, 0.6184
1, 0.3806, 0.6194
1, 0.3795, 0.6205
1, 0.3797, 0.6203
1, 0.3873, 0.6127
1, 0.3804, 0.6196
1, 0.3873, 0.6127
1, 0.3814, 0.6186
1, 0.379, 0.621
1, 0.3867, 0.6133
1, 0.3797, 0.6203
1, 0.3806, 0.6194
1, 0.3791, 0.6209
1, 0.3798, 0.6202
1, 0.3816, 0.6184
1, 0.3866, 0.6134
1, 0.3793, 0.6207
1, 0.379, 0.621
1, 0.3775, 0.6225
1, 0.3799, 0.6201
1, 0.3844, 0.6156
1, 0.3779, 0.6221
1, 0.3791, 0.6209
1, 0.3873, 0.6127
1, 0.3829, 0.6171
1, 0.3814, 0.6186
1, 0.3793, 0.6207
1, 0.3804, 0.6196
1, 0.3873, 0.6127
1, 0.379, 0.621
1, 0.3797, 0.6203
1, 0.3866, 0.6134
1, 0.3805, 0.6195
1, 0.3816, 0.6184
1, 0.3867, 0.6133
1, 0.3815, 0.6185
1, 0.3807, 0.6193
1, 0.387, 0.613
1, 0.3891, 0.6109
1, 0.3809, 0.6191
1, 0.3866, 0.6134
1, 0.379, 0.621
1, 0.3858, 0.6142
1, 0.3804, 0.6196
1, 0.3784, 0.6216
1, 0.3806, 0.6194
1, 0.3777, 0.6223
1, 0.3768, 0.6232
1, 0.3772, 0.6228
1, 0.3849, 0.6151
1, 0.3872, 0.6128
1, 0.3771, 0.6229
1, 0.3783, 0.6217
1, 0.3833, 0.6167
1, 0.3767, 0.6233
1, 0.3766, 0.6234
1, 0.3768, 0.6232
1, 0.3865, 0.6135
1, 0.3794, 0.6206
1, 0.384, 0.616
1, 0.3786, 0.6214
1, 0.3875, 0.6125
1, 0.3793, 0.6207
1, 0.378, 0.622
1, 0.387, 0.613
1, 0.3772, 0.6228
1, 0.3786, 0.6214
1, 0.3667, 0.6333
1, 0.3734, 0.6266
1, 0.3796, 0.6204
1, 0.3814, 0.6186
1, 0.3817, 0.6183
1, 0.381, 0.619
1, 0.3637, 0.6363
1, 0.3789, 0.6211
1, 0.3867, 0.6133
1, 0.3852, 0.6148
1, 0.3795, 0.6205
1, 0.3811, 0.6189
1, 0.3655, 0.6345
1, 0.3779, 0.6221
1, 0.3745, 0.6255
1, 0.3647, 0.6353
1, 0.3777, 0.6223
1, 0.3674, 0.6326
1, 0.3729, 0.6271
1, 0.3602, 0.6398
1, 0.3772, 0.6228
1, 0.3788, 0.6212
1, 0.3876, 0.6124
1, 0.3785, 0.6215
1, 0.3777, 0.6223
1, 0.3859, 0.6141
1, 0.3772, 0.6228
1, 0.3804, 0.6196
1, 0.3664, 0.6336
1, 0.3801, 0.6199
1, 0.3798, 0.6202
1, 0.3777, 0.6223
1, 0.389, 0.611
1, 0.3856, 0.6144
1, 0.3798, 0.6202
1, 0.3877, 0.6123
1, 0.3795, 0.6205
1, 0.3784, 0.6216
1, 0.3783, 0.6217
1, 0.3772, 0.6228
1, 0.3809, 0.6191
1, 0.3772, 0.6228
1, 0.3852, 0.6148
1, 0.3867, 0.6133
1, 0.386, 0.614
1, 0.3799, 0.6201
1, 0.3801, 0.6199
1, 0.3815, 0.6185
0, 0.9419, 0.0581
0, 0.9418, 0.0582
0, 0.2613, 0.7387
0, 0.2603, 0.7397
1, 0.3864, 0.6136
1, 0.3877, 0.6123
0, 0.2857, 0.7143
0, 0.283, 0.717
0, 0.2865, 0.7135
0, 0.9014, 0.0986
0, 0.8349, 0.1651
0, 0.8645, 0.1355
0, 0.9224, 0.0776
0, 0.9001, 0.0999
0, 0.9022, 0.0978
0, 0.9022, 0.0978
0, 0.9022, 0.0978
0, 0.9015, 0.0985
0, 0.8996, 0.1004
0, 0.8942, 0.1058
0, 0.8931, 0.1069
0, 0.8996, 0.1004
0, 0.9676, 0.0324
0, 0.8592, 0.1408
0, 0.9719, 0.0281
0, 0.899, 0.101
0, 0.8987, 0.1013
0, 0.8942, 0.1058
0, 0.8596, 0.1404
0, 0.9006, 0.0994
1, 0.5699, 0.4301
1, 0.5471, 0.4529
1, 0.5723, 0.4277
0, 0.8145, 0.1855
0, 0.8296, 0.1704
0, 0.8208, 0.1792
0, 0.8145, 0.1855
0, 0.8205, 0.1795
0, 0.8289, 0.1711
0, 0.8243, 0.1757
0, 0.681, 0.319
0, 0.9222, 0.0778
1, 0.5824, 0.4176
1, 0.5876, 0.4124
1, 0.5672, 0.4328
1, 0.5679, 0.4321
1, 0.5494, 0.4506
1, 0.5775, 0.4225
1, 0.5797, 0.4203
1, 0.5568, 0.4432
1, 0.5432, 0.4568
1, 0.5455, 0.4545
1, 0.5825, 0.4175
1, 0.5799, 0.4201
1, 0.5681, 0.4319
1, 0.5709, 0.4291
1, 0.5658, 0.4342
1, 0.5584, 0.4416
1, 0.5724, 0.4276
1, 0.5574, 0.4426
1, 0.538, 0.462
1, 0.5566, 0.4434
1, 0.5484, 0.4516
1, 0.558, 0.442
1, 0.5526, 0.4474
1, 0.5525, 0.4475
1, 0.557, 0.443
1, 0.5566, 0.4434
1, 0.5502, 0.4498
1, 0.5416, 0.4584
1, 0.5613, 0.4387
1, 0.5715, 0.4285
1, 0.555, 0.445
1, 0.5779, 0.4221
1, 0.4771, 0.5229
1, 0.4677, 0.5323
1, 0.5666, 0.4334
1, 0.5737, 0.4263
1, 0.5735, 0.4265
1, 0.5774, 0.4226
1, 0.5696, 0.4304
1, 0.5716, 0.4284
1, 0.5761, 0.4239
1, 0.5765, 0.4235
1, 0.5678, 0.4322
1, 0.5757, 0.4243
1, 0.5551, 0.4449
1, 0.4793, 0.5207
1, 0.5589, 0.4411
1, 0.5574, 0.4426
1, 0.5639, 0.4361
1, 0.558, 0.442
1, 0.5753, 0.4247
1, 0.5829, 0.4171
1, 0.5776, 0.4224
1, 0.5553, 0.4447
1, 0.5792, 0.4208
1, 0.5609, 0.4391
1, 0.5716, 0.4284
1, 0.5795, 0.4205
1, 0.5632, 0.4368
1, 0.557, 0.443
1, 0.5684, 0.4316
1, 0.5735, 0.4265
1, 0.5703, 0.4297
1, 0.5773, 0.4227
1, 0.5894, 0.4106
1, 0.5654, 0.4346
1, 0.5364, 0.4636
1, 0.5795, 0.4205
1, 0.5578, 0.4422
1, 0.5621, 0.4379
1, 0.5695, 0.4305
1, 0.5652, 0.4348
1, 0.5596, 0.4404
1, 0.5591, 0.4409
1, 0.5668, 0.4332
1, 0.559, 0.441
1, 0.5513, 0.4487
1, 0.5505, 0.4495
1, 0.5458, 0.4542
1, 0.5793, 0.4207
1, 0.5555, 0.4445
1, 0.5584, 0.4416
1, 0.578, 0.422
1, 0.5606, 0.4394
1, 0.5614, 0.4386
1, 0.5572, 0.4428
1, 0.5659, 0.4341
1, 0.554, 0.446
1, 0.5488, 0.4512
1, 0.5821, 0.4179
1, 0.5674, 0.4326
1, 0.5694, 0.4306
1, 0.5786, 0.4214
1, 0.5655, 0.4345
1, 0.5528, 0.4472
1, 0.564, 0.436
1, 0.5717, 0.4283
1, 0.5606, 0.4394
1, 0.5563, 0.4437
1, 0.5717, 0.4283
1, 0.564, 0.436
1, 0.5657, 0.4343
1, 0.5653, 0.4347
1, 0.5622, 0.4378
1, 0.5678, 0.4322
1, 0.5627, 0.4373
1, 0.5732, 0.4268
1, 0.558, 0.442
1, 0.5735, 0.4265
1, 0.5503, 0.4497
1, 0.5789, 0.4211
1, 0.5736, 0.4264
1, 0.5612, 0.4388
1, 0.5672, 0.4328
1, 0.5566, 0.4434
1, 0.547, 0.453
1, 0.57, 0.43
1, 0.5714, 0.4286
1, 0.5668, 0.4332
1, 0.5685, 0.4315
1, 0.5701, 0.4299
1, 0.5733, 0.4267
1, 0.5811, 0.4189
1, 0.5614, 0.4386
1, 0.561, 0.439
1, 0.563, 0.437
1, 0.564, 0.436
1, 0.5613, 0.4387
1, 0.5543, 0.4457
1, 0.5544, 0.4456
1, 0.5544, 0.4456
1, 0.5543, 0.4457
1, 0.5544, 0.4456
1, 0.5627, 0.4373
1, 0.5733, 0.4267
1, 0.5766, 0.4234
1, 0.5556, 0.4444
1, 0.5606, 0.4394
1, 0.5548, 0.4452
1, 0.5712, 0.4288
1, 0.5854, 0.4146
1, 0.5854, 0.4146
1, 0.5712, 0.4288
1, 0.5778, 0.4222
1, 0.5809, 0.4191
1, 0.5515, 0.4485
1, 0.5698, 0.4302
1, 0.555, 0.445
1, 0.5589, 0.4411
1, 0.5495, 0.4505
1, 0.5918, 0.4082
1, 0.5496, 0.4504
1, 0.5854, 0.4146
1, 0.5647, 0.4353
1, 0.5703, 0.4297
1, 0.5799, 0.4201
1, 0.5571, 0.4429
1, 0.5731, 0.4269
1, 0.5712, 0.4288
1, 0.5553, 0.4447
1, 0.5755, 0.4245
1, 0.5808, 0.4192
1, 0.5751, 0.4249
1, 0.5719, 0.4281
1, 0.5542, 0.4458
1, 0.552, 0.448
1, 0.5332, 0.4668
1, 0.5705, 0.4295
1, 0.5678, 0.4322
1, 0.5735, 0.4265
1, 0.5654, 0.4346
1, 0.5351, 0.4649
1, 0.5671, 0.4329
1, 0.5629, 0.4371
1, 0.5668, 0.4332
1, 0.5769, 0.4231
1, 0.5304, 0.4696
1, 0.5718, 0.4282
1, 0.5795, 0.4205
1, 0.5705, 0.4295
1, 0.5718, 0.4282
1, 0.5839, 0.4161
1, 0.5647, 0.4353
1, 0.588, 0.412
1, 0.5833, 0.4167
1, 0.5795, 0.4205
1, 0.5303, 0.4697
0, 0.2111, 0.7889
0, 0.2086, 0.7914
0, 0.2273, 0.7727
0, 0.2277, 0.7723
1, 0.1958, 0.8042
0, 0.2359, 0.7641
1, 0.2662, 0.7338
