0, 0.6075, 0.3925
0, 0.3099, 0.6901
0, 0.4768, 0.5232
0, 0.4724, 0.5276
0, 0.8052, 0.1948
0, 0.9856, 0.0144
0, 0.9767, 0.0233
0, 0.959, 0.041
0, 0.8522, 0.1478
0, 0.5261, 0.4739
0, 0.9767, 0.0233
0, 0.7226, 0.2774
0, 0.872, 0.128
0, 0.7992, 0.2008
0, 0.1711, 0.8289
0, 0.9178, 0.0822
0, 0.6314, 0.3686
0, 0.9683, 0.0317
0, 0.1482, 0.8518
0, 0.8717, 0.1283
0, 0.649, 0.351
0, 0.7901, 0.2099
0, 0.1564, 0.8436
0, 0.3612, 0.6388
0, 0.973, 0.027
0, 0.8797, 0.1203
0, 0.9686, 0.0314
0, 0.6207, 0.3793
0, 0.6446, 0.3554
0, 0.8888, 0.1112
0, 0.8304, 0.1696
0, 0.9978, 0.0022
0, 0.5544, 0.4456
0, 0.9563, 0.0437
0, 0.9945, 0.0055
0, 0.9539, 0.0461
0, 0.9795, 0.0205
0, 0.8179, 0.1821
0, 0.8823, 0.1177
0, 0.9522, 0.0478
0, 0.4048, 0.5952
0, 0.8721, 0.1279
0, 0.8863, 0.1137
0, 0.9492, 0.0508
0, 0.3986, 0.6014
0, 0.7683, 0.2317
0, 0.7114, 0.2886
0, 0.7696, 0.2304
0, 0.7733, 0.2267
0, 0.5172, 0.4828
0, 0.912, 0.088
0, 0.616, 0.384
0, 0.7196, 0.2804
0, 0.7259, 0.2741
0, 0.6764, 0.3236
0, 0.5969, 0.4031
0, 0.668, 0.332
0, 0.879, 0.121
0, 0.5956, 0.4044
0, 0.5313, 0.4687
0, 0.6157, 0.3843
0, 0.8097, 0.1903
0, 0.9745, 0.0255
0, 0.953, 0.047
0, 0.3963, 0.6037
0, 0.9772, 0.0228
1, 0.3873, 0.6127
0, 0.9772, 0.0228
0, 0.7565, 0.2435
0, 0.4942, 0.5058
0, 0.9954, 0.0046
0, 0.8239, 0.1761
0, 0.7, 0.3
0, 0.9338, 0.0662
0, 0.9246, 0.0754
0, 0.4711, 0.5289
0, 0.8641, 0.1359
0, 0.6558, 0.3442
0, 0.4269, 0.5731
0, 0.7928, 0.2072
0, 0.8876, 0.1124
0, 0.7086, 0.2914
1, 0.4981, 0.5019
0, 0.4574, 0.5426
1, 0.3168, 0.6832
1, 0.3155, 0.6845
0, 0.8284, 0.1716
1, 0.3267, 0.6733
0, 0.6774, 0.3226
1, 0.283, 0.717
1, 0.3178, 0.6822
0, 0.3503, 0.6497
0, 0.971, 0.029
0, 0.9629, 0.0371
0, 0.9766, 0.0234
1, 0.9811, 0.0189
1, 0.9809, 0.0191
0, 0.6865, 0.3135
1, 0.981, 0.019
0, 0.7458, 0.2542
0, 0.7228, 0.2772
1, 0.9912, 0.0088
1, 0.9912, 0.0088
0, 0.9869, 0.0131
0, 0.6629, 0.3371
1, 0.9811, 0.0189
0, 0.9899, 0.0101
0, 0.9576, 0.0424
0, 0.9872, 0.0128
1, 0.3646, 0.6354
1, 0.354, 0.646
0, 0.9817, 0.0183
0, 0.9801, 0.0199
0, 0.9912, 0.0088
0, 0.9707, 0.0293
0, 0.9867, 0.0133
0, 0.7413, 0.2587
0, 0.8103, 0.1897
0, 0.9945, 0.0055
0, 0.9766, 0.0234
0, 0.9875, 0.0125
1, 0.8781, 0.1219
0, 0.801, 0.199
0, 0.8418, 0.1582
0, 0.7319, 0.2681
0, 0.9797, 0.0203
0, 0.6972, 0.3028
0, 0.6988, 0.3012
0, 0.6796, 0.3204
0, 0.5185, 0.4815
0, 0.5048, 0.4952
1, 0.3168, 0.6832
1, 0.9912, 0.0088
1, 0.981, 0.019
1, 0.354, 0.646
1, 0.9912, 0.0088
1, 0.4981, 0.5019
1, 0.8781, 0.1219
1, 0.3178, 0.6822
1, 0.981, 0.019
1, 0.981, 0.019
1, 0.9912, 0.0088
1, 0.8781, 0.1219
1, 0.354, 0.646
1, 0.9912, 0.0088
1, 0.4981, 0.5019
1, 0.9809, 0.0191
1, 0.4981, 0.5019
1, 0.4981, 0.5019
1, 0.4981, 0.5019
1, 0.981, 0.019
1, 0.981, 0.019
1, 0.4981, 0.5019
1, 0.4981, 0.5019
1, 0.9809, 0.0191
1, 0.4981, 0.5019
1, 0.4981, 0.5019
1, 0.4981, 0.5019
1, 0.981, 0.019
1, 0.9912, 0.0088
1, 0.8781, 0.1219
1, 0.3178, 0.6822
1, 0.3267, 0.6733
1, 0.4981, 0.5019
1, 0.283, 0.717
1, 0.9912, 0.0088
1, 0.9912, 0.0088
1, 0.4981, 0.5019
1, 0.4981, 0.5019
1, 0.4981, 0.5019
1, 0.9912, 0.0088
1, 0.4981, 0.5019
1, 0.9912, 0.0088
1, 0.9811, 0.0189
1, 0.981, 0.019
1, 0.3267, 0.6733
1, 0.4981, 0.5019
1, 0.9809, 0.0191
1, 0.3155, 0.6845
1, 0.9912, 0.0088
1, 0.3178, 0.6822
1, 0.8781, 0.1219
1, 0.354, 0.646
1, 0.3178, 0.6822
1, 0.981, 0.019
1, 0.981, 0.019
1, 0.3267, 0.6733
1, 0.9912, 0.0088
1, 0.354, 0.646
1, 0.3646, 0.6354
1, 0.3178, 0.6822
1, 0.3168, 0.6832
1, 0.9809, 0.0191
1, 0.283, 0.717
1, 0.9811, 0.0189
1, 0.3178, 0.6822
1, 0.354, 0.646
1, 0.4981, 0.5019
1, 0.3168, 0.6832
1, 0.8781, 0.1219
1, 0.9809, 0.0191
1, 0.354, 0.646
1, 0.8781, 0.1219
1, 0.4981, 0.5019
1, 0.4981, 0.5019
1, 0.3178, 0.6822
1, 0.3168, 0.6832
1, 0.4981, 0.5019
1, 0.4981, 0.5019
1, 0.3168, 0.6832
1, 0.981, 0.019
1, 0.981, 0.019
1, 0.283, 0.717
1, 0.981, 0.019
1, 0.4981, 0.5019
1, 0.3155, 0.6845
1, 0.9809, 0.0191
1, 0.3178, 0.6822
1, 0.354, 0.646
1, 0.981, 0.019
1, 0.9912, 0.0088
1, 0.354, 0.646
1, 0.4981, 0.5019
1, 0.9912, 0.0088
1, 0.9809, 0.0191
1, 0.9912, 0.0088
1, 0.4981, 0.5019
1, 0.354, 0.646
1, 0.4981, 0.5019
1, 0.9912, 0.0088
