1, 0.5342, 0.4658
1, 0.5306, 0.4694
1, 0.5065, 0.4935
1, 0.5338, 0.4662
1, 0.5377, 0.4623
1, 0.4998, 0.5002
1, 0.5275, 0.4725
1, 0.5281, 0.4719
1, 0.4976, 0.5024
1, 0.5132, 0.4868
1, 0.5328, 0.4672
1, 0.4953, 0.5047
1, 0.5122, 0.4878
1, 0.5078, 0.4922
1, 0.4772, 0.5228
1, 0.4777, 0.5223
1, 0.4959, 0.5041
1, 0.4722, 0.5278
1, 0.4857, 0.5143
1, 0.4935, 0.5065
1, 0.4704, 0.5296
1, 0.5128, 0.4872
1, 0.5481, 0.4519
1, 0.573, 0.427
1, 0.5477, 0.4523
1, 0.4814, 0.5186
1, 0.4748, 0.5252
1, 0.479, 0.521
1, 0.479, 0.521
1, 0.479, 0.521
1, 0.5075, 0.4925
1, 0.479, 0.521
1, 0.479, 0.521
1, 0.5099, 0.4901
1, 0.4924, 0.5076
1, 0.5629, 0.4371
1, 0.522, 0.478
1, 0.5379, 0.4621
1, 0.4648, 0.5352
1, 0.519, 0.481
1, 0.512, 0.488
1, 0.5057, 0.4943
1, 0.4892, 0.5108
1, 0.5165, 0.4835
1, 0.4918, 0.5082
1, 0.5367, 0.4633
1, 0.5241, 0.4759
1, 0.5283, 0.4717
1, 0.5274, 0.4726
1, 0.5097, 0.4903
1, 0.494, 0.506
1, 0.5149, 0.4851
1, 0.5117, 0.4883
1, 0.509, 0.491
1, 0.5145, 0.4855
1, 0.5306, 0.4694
1, 0.5176, 0.4824
1, 0.5088, 0.4912
1, 0.495, 0.505
1, 0.5177, 0.4823
1, 0.495, 0.505
1, 0.4994, 0.5006
1, 0.4985, 0.5015
1, 0.5155, 0.4845
1, 0.5274, 0.4726
1, 0.4889, 0.5111
1, 0.5158, 0.4842
1, 0.4948, 0.5052
1, 0.4934, 0.5066
1, 0.4873, 0.5127
1, 0.5241, 0.4759
1, 0.5367, 0.4633
1, 0.5061, 0.4939
1, 0.4979, 0.5021
1, 0.4602, 0.5398
1, 0.5224, 0.4776
1, 0.5113, 0.4887
1, 0.5225, 0.4775
1, 0.512, 0.488
1, 0.5007, 0.4993
1, 0.4713, 0.5287
1, 0.5415, 0.4585
1, 0.5252, 0.4748
1, 0.5264, 0.4736
1, 0.4835, 0.5165
1, 0.5112, 0.4888
1, 0.4795, 0.5205
1, 0.5177, 0.4823
1, 0.5097, 0.4903
1, 0.5002, 0.4998
1, 0.511, 0.489
1, 0.4779, 0.5221
1, 0.5002, 0.4998
1, 0.5025, 0.4975
1, 0.481, 0.519
1, 0.5274, 0.4726
1, 0.563, 0.437
1, 0.5044, 0.4956
1, 0.4795, 0.5205
1, 0.5053, 0.4947
1, 0.4923, 0.5077
1, 0.5629, 0.4371
1, 0.512, 0.488
1, 0.4871, 0.5129
1, 0.4773, 0.5227
1, 0.5178, 0.4822
1, 0.5244, 0.4756
1, 0.5111, 0.4889
1, 0.461, 0.539
1, 0.4879, 0.5121
1, 0.4929, 0.5071
1, 0.4751, 0.5249
1, 0.4928, 0.5072
1, 0.455, 0.545
1, 0.5245, 0.4755
1, 0.5152, 0.4848
1, 0.4879, 0.5121
1, 0.5261, 0.4739
1, 0.5185, 0.4815
1, 0.5326, 0.4674
1, 0.5112, 0.4888
1, 0.5039, 0.4961
1, 0.5044, 0.4956
1, 0.5111, 0.4889
1, 0.516, 0.484
1, 0.4919, 0.5081
1, 0.4844, 0.5156
1, 0.516, 0.484
1, 0.4828, 0.5172
1, 0.4815, 0.5185
1, 0.4879, 0.5121
1, 0.4989, 0.5011
1, 0.5036, 0.4964
1, 0.4879, 0.5121
1, 0.4777, 0.5223
1, 0.4798, 0.5202
1, 0.499, 0.501
1, 0.4815, 0.5185
1, 0.5171, 0.4829
1, 0.4844, 0.5156
1, 0.5111, 0.4889
1, 0.4821, 0.5179
1, 0.4771, 0.5229
1, 0.5263, 0.4737
1, 0.5039, 0.4961
1, 0.5112, 0.4888
1, 0.5412, 0.4588
1, 0.5274, 0.4726
1, 0.5165, 0.4835
1, 0.4606, 0.5394
1, 0.4795, 0.5205
1, 0.4795, 0.5205
1, 0.5274, 0.4726
1, 0.5284, 0.4716
1, 0.522, 0.478
1, 0.495, 0.505
1, 0.4923, 0.5077
1, 0.5111, 0.4889
1, 0.4734, 0.5266
1, 0.4975, 0.5025
1, 0.4709, 0.5291
1, 0.5274, 0.4726
1, 0.5174, 0.4826
1, 0.5065, 0.4935
1, 0.5087, 0.4913
1, 0.5177, 0.4823
1, 0.5185, 0.4815
1, 0.5006, 0.4994
1, 0.5241, 0.4759
1, 0.484, 0.516
1, 0.5101, 0.4899
1, 0.5121, 0.4879
1, 0.4948, 0.5052
1, 0.5415, 0.4585
1, 0.522, 0.478
1, 0.4806, 0.5194
1, 0.485, 0.515
1, 0.509, 0.491
1, 0.4728, 0.5272
1, 0.5249, 0.4751
1, 0.5211, 0.4789
1, 0.5115, 0.4885
1, 0.5371, 0.4629
1, 0.5367, 0.4633
1, 0.4841, 0.5159
1, 0.4606, 0.5394
1, 0.5274, 0.4726
1, 0.5333, 0.4667
1, 0.5108, 0.4892
1, 0.4894, 0.5106
1, 0.512, 0.488
1, 0.5098, 0.4902
1, 0.5072, 0.4928
1, 0.5029, 0.4971
1, 0.5017, 0.4983
1, 0.5174, 0.4826
1, 0.5174, 0.4826
1, 0.5067, 0.4933
1, 0.5177, 0.4823
1, 0.5162, 0.4838
1, 0.511, 0.489
1, 0.495, 0.505
1, 0.4786, 0.5214
1, 0.4829, 0.5171
1, 0.5274, 0.4726
1, 0.5044, 0.4956
1, 0.5177, 0.4823
1, 0.5481, 0.4519
1, 0.533, 0.467
1, 0.4832, 0.5168
1, 0.5059, 0.4941
1, 0.5226, 0.4774
1, 0.4779, 0.5221
1, 0.495, 0.505
1, 0.5097, 0.4903
1, 0.5028, 0.4972
1, 0.4853, 0.5147
1, 0.522, 0.478
1, 0.5096, 0.4904
1, 0.4838, 0.5162
1, 0.522, 0.478
1, 0.4832, 0.5168
1, 0.509, 0.491
1, 0.5292, 0.4708
1, 0.5044, 0.4956
1, 0.5165, 0.4835
1, 0.4988, 0.5012
1, 0.4844, 0.5156
1, 0.5091, 0.4909
1, 0.526, 0.474
1, 0.4989, 0.5011
1, 0.4598, 0.5402
1, 0.4847, 0.5153
1, 0.516, 0.484
1, 0.4987, 0.5013
1, 0.4844, 0.5156
1, 0.471, 0.529
1, 0.516, 0.484
1, 0.4879, 0.5121
1, 0.5044, 0.4956
1, 0.4901, 0.5099
1, 0.5069, 0.4931
1, 0.4777, 0.5223
1, 0.4777, 0.5223
1, 0.516, 0.484
1, 0.4879, 0.5121
1, 0.4843, 0.5157
1, 0.5112, 0.4888
1, 0.4879, 0.5121
1, 0.5142, 0.4858
1, 0.5276, 0.4724
1, 0.5111, 0.4889
1, 0.477, 0.523
1, 0.5245, 0.4755
1, 0.4737, 0.5263
1, 0.4763, 0.5237
1, 0.5304, 0.4696
1, 0.506, 0.494
1, 0.4553, 0.5447
1, 0.5112, 0.4888
1, 0.4834, 0.5166
1, 0.526, 0.474
1, 0.4737, 0.5263
1, 0.4782, 0.5218
1, 0.4871, 0.5129
1, 0.5091, 0.4909
1, 0.516, 0.484
1, 0.5086, 0.4914
1, 0.4816, 0.5184
1, 0.4964, 0.5036
1, 0.4777, 0.5223
1, 0.5348, 0.4652
1, 0.4875, 0.5125
1, 0.4771, 0.5229
1, 0.5171, 0.4829
1, 0.4762, 0.5238
1, 0.4821, 0.5179
1, 0.516, 0.484
1, 0.4798, 0.5202
1, 0.4879, 0.5121
1, 0.4553, 0.5447
1, 0.4879, 0.5121
1, 0.5109, 0.4891
1, 0.4737, 0.5263
1, 0.516, 0.484
1, 0.4879, 0.5121
1, 0.5311, 0.4689
1, 0.4981, 0.5019
1, 0.498, 0.502
1, 0.5171, 0.4829
1, 0.5562, 0.4438
1, 0.5152, 0.4848
1, 0.4572, 0.5428
1, 0.4844, 0.5156
1, 0.5152, 0.4848
1, 0.516, 0.484
1, 0.4789, 0.5211
1, 0.4596, 0.5404
1, 0.5118, 0.4882
1, 0.5152, 0.4848
1, 0.464, 0.536
1, 0.5244, 0.4756
1, 0.5008, 0.4992
1, 0.4821, 0.5179
1, 0.4663, 0.5337
1, 0.4944, 0.5056
1, 0.5171, 0.4829
1, 0.4771, 0.5229
1, 0.5111, 0.4889
1, 0.4987, 0.5013
1, 0.5152, 0.4848
1, 0.5094, 0.4906
1, 0.4642, 0.5358
1, 0.5171, 0.4829
1, 0.4879, 0.5121
1, 0.5186, 0.4814
1, 0.4572, 0.5428
1, 0.5072, 0.4928
1, 0.5031, 0.4969
1, 0.4813, 0.5187
1, 0.5171, 0.4829
1, 0.4624, 0.5376
1, 0.4575, 0.5425
1, 0.5112, 0.4888
1, 0.477, 0.523
1, 0.5086, 0.4914
1, 0.5111, 0.4889
1, 0.4988, 0.5012
1, 0.4669, 0.5331
1, 0.4816, 0.5184
1, 0.5001, 0.4999
1, 0.4592, 0.5408
1, 0.4847, 0.5153
1, 0.4752, 0.5248
1, 0.516, 0.484
1, 0.4987, 0.5013
1, 0.5249, 0.4751
1, 0.4816, 0.5184
1, 0.4868, 0.5132
1, 0.4944, 0.5056
1, 0.4813, 0.5187
1, 0.5111, 0.4889
1, 0.486, 0.514
1, 0.4572, 0.5428
1, 0.4809, 0.5191
1, 0.4865, 0.5135
1, 0.4592, 0.5408
1, 0.5021, 0.4979
1, 0.4777, 0.5223
1, 0.5208, 0.4792
1, 0.5245, 0.4755
1, 0.4856, 0.5144
1, 0.4737, 0.5263
1, 0.4879, 0.5121
1, 0.5044, 0.4956
1, 0.5304, 0.4696
1, 0.5349, 0.4651
1, 0.5111, 0.4889
1, 0.5171, 0.4829
1, 0.4879, 0.5121
1, 0.5044, 0.4956
1, 0.4816, 0.5184
1, 0.5555, 0.4445
1, 0.4879, 0.5121
1, 0.5171, 0.4829
1, 0.498, 0.502
1, 0.4919, 0.5081
1, 0.4816, 0.5184
1, 0.4773, 0.5227
1, 0.5086, 0.4914
1, 0.5011, 0.4989
1, 0.498, 0.502
1, 0.4879, 0.5121
1, 0.4879, 0.5121
1, 0.4816, 0.5184
1, 0.4879, 0.5121
1, 0.4821, 0.5179
1, 0.5152, 0.4848
1, 0.5276, 0.4724
1, 0.4624, 0.5376
1, 0.5039, 0.4961
1, 0.4553, 0.5447
1, 0.4929, 0.5071
1, 0.5555, 0.4445
1, 0.4834, 0.5166
1, 0.4821, 0.5179
1, 0.5111, 0.4889
1, 0.5152, 0.4848
1, 0.5152, 0.4848
1, 0.459, 0.541
1, 0.5044, 0.4956
1, 0.5304, 0.4696
1, 0.4989, 0.5011
1, 0.462, 0.538
1, 0.5044, 0.4956
1, 0.5211, 0.4789
1, 0.5014, 0.4986
1, 0.506, 0.494
1, 0.5208, 0.4792
1, 0.5387, 0.4613
1, 0.516, 0.484
1, 0.5112, 0.4888
1, 0.4872, 0.5128
1, 0.4919, 0.5081
1, 0.4879, 0.5121
1, 0.4558, 0.5442
1, 0.4989, 0.5011
1, 0.5052, 0.4948
1, 0.4987, 0.5013
1, 0.506, 0.494
1, 0.5011, 0.4989
1, 0.5118, 0.4882
1, 0.516, 0.484
1, 0.4879, 0.5121
1, 0.4989, 0.5011
1, 0.5013, 0.4987
1, 0.4913, 0.5087
1, 0.4632, 0.5368
1, 0.4879, 0.5121
1, 0.4879, 0.5121
1, 0.5091, 0.4909
1, 0.5276, 0.4724
1, 0.4871, 0.5129
1, 0.5383, 0.4617
1, 0.4777, 0.5223
1, 0.4737, 0.5263
1, 0.5134, 0.4866
1, 0.5054, 0.4946
1, 0.5171, 0.4829
1, 0.4819, 0.5181
1, 0.4677, 0.5323
1, 0.5111, 0.4889
1, 0.5036, 0.4964
1, 0.4929, 0.5071
1, 0.5086, 0.4914
1, 0.526, 0.474
1, 0.516, 0.484
1, 0.5036, 0.4964
1, 0.5304, 0.4696
1, 0.491, 0.509
1, 0.486, 0.514
1, 0.5171, 0.4829
1, 0.4781, 0.5219
1, 0.491, 0.509
1, 0.5044, 0.4956
1, 0.4944, 0.5056
1, 0.5555, 0.4445
1, 0.4988, 0.5012
1, 0.5171, 0.4829
1, 0.5186, 0.4814
1, 0.4587, 0.5413
1, 0.5387, 0.4613
1, 0.5044, 0.4956
1, 0.5072, 0.4928
1, 0.5221, 0.4779
1, 0.5138, 0.4862
1, 0.5122, 0.4878
1, 0.4964, 0.5036
1, 0.5112, 0.4888
1, 0.5304, 0.4696
1, 0.4948, 0.5052
1, 0.4989, 0.5011
1, 0.516, 0.484
1, 0.4768, 0.5232
1, 0.4801, 0.5199
1, 0.4879, 0.5121
1, 0.5314, 0.4686
1, 0.5315, 0.4685
1, 0.5304, 0.4696
1, 0.5215, 0.4785
1, 0.4879, 0.5121
1, 0.5111, 0.4889
1, 0.4928, 0.5072
1, 0.4819, 0.5181
1, 0.5001, 0.4999
1, 0.4844, 0.5156
1, 0.4879, 0.5121
1, 0.4632, 0.5368
1, 0.4978, 0.5022
1, 0.5091, 0.4909
1, 0.5152, 0.4848
1, 0.477, 0.523
1, 0.4879, 0.5121
1, 0.516, 0.484
1, 0.495, 0.505
1, 0.4944, 0.5056
1, 0.5304, 0.4696
1, 0.484, 0.516
1, 0.4855, 0.5145
1, 0.499, 0.501
1, 0.4872, 0.5128
1, 0.4879, 0.5121
1, 0.5111, 0.4889
1, 0.4772, 0.5228
1, 0.5186, 0.4814
1, 0.4879, 0.5121
1, 0.5315, 0.4685
1, 0.504, 0.496
1, 0.4949, 0.5051
1, 0.5039, 0.4961
1, 0.5138, 0.4862
1, 0.4752, 0.5248
1, 0.526, 0.474
1, 0.5025, 0.4975
1, 0.4987, 0.5013
1, 0.5091, 0.4909
1, 0.4929, 0.5071
1, 0.495, 0.505
1, 0.495, 0.505
1, 0.5379, 0.4621
1, 0.5149, 0.4851
1, 0.5143, 0.4857
1, 0.5044, 0.4956
1, 0.4891, 0.5109
1, 0.5173, 0.4827
1, 0.5011, 0.4989
1, 0.512, 0.488
1, 0.5231, 0.4769
1, 0.5177, 0.4823
1, 0.5119, 0.4881
1, 0.5234, 0.4766
1, 0.5056, 0.4944
1, 0.4604, 0.5396
1, 0.4795, 0.5205
1, 0.5177, 0.4823
1, 0.4732, 0.5268
1, 0.5225, 0.4775
1, 0.509, 0.491
1, 0.509, 0.491
1, 0.5334, 0.4666
1, 0.4871, 0.5129
1, 0.4975, 0.5025
1, 0.4777, 0.5223
1, 0.4893, 0.5107
1, 0.5276, 0.4724
1, 0.5287, 0.4713
1, 0.5059, 0.4941
1, 0.495, 0.505
1, 0.5115, 0.4885
1, 0.5283, 0.4717
1, 0.4892, 0.5108
1, 0.5081, 0.4919
1, 0.5176, 0.4824
1, 0.514, 0.486
1, 0.5274, 0.4726
1, 0.5222, 0.4778
1, 0.5177, 0.4823
1, 0.5023, 0.4977
1, 0.5115, 0.4885
1, 0.5038, 0.4962
1, 0.5173, 0.4827
1, 0.5332, 0.4668
1, 0.5453, 0.4547
1, 0.4985, 0.5015
1, 0.4605, 0.5395
1, 0.4714, 0.5286
1, 0.4606, 0.5394
1, 0.495, 0.505
1, 0.5115, 0.4885
1, 0.522, 0.478
1, 0.5027, 0.4973
1, 0.4924, 0.5076
1, 0.524, 0.476
1, 0.5065, 0.4935
1, 0.5311, 0.4689
1, 0.4985, 0.5015
1, 0.5095, 0.4905
1, 0.5274, 0.4726
1, 0.535, 0.465
1, 0.4885, 0.5115
1, 0.5177, 0.4823
1, 0.522, 0.478
1, 0.5121, 0.4879
1, 0.501, 0.499
1, 0.5457, 0.4543
1, 0.5098, 0.4902
1, 0.5206, 0.4794
1, 0.495, 0.505
1, 0.5309, 0.4691
1, 0.5177, 0.4823
1, 0.4795, 0.5205
1, 0.4893, 0.5107
1, 0.5274, 0.4726
1, 0.5286, 0.4714
1, 0.501, 0.499
1, 0.5303, 0.4697
1, 0.5182, 0.4818
1, 0.5272, 0.4728
1, 0.5151, 0.4849
1, 0.5225, 0.4775
1, 0.5069, 0.4931
1, 0.5119, 0.4881
1, 0.5099, 0.4901
1, 0.501, 0.499
1, 0.4795, 0.5205
1, 0.5371, 0.4629
1, 0.5146, 0.4854
1, 0.5292, 0.4708
1, 0.5135, 0.4865
1, 0.4987, 0.5013
1, 0.4939, 0.5061
1, 0.5056, 0.4944
1, 0.5225, 0.4775
1, 0.4833, 0.5167
1, 0.5292, 0.4708
1, 0.4874, 0.5126
1, 0.486, 0.514
1, 0.5074, 0.4926
1, 0.5303, 0.4697
1, 0.5151, 0.4849
1, 0.5177, 0.4823
1, 0.5365, 0.4635
1, 0.5438, 0.4562
1, 0.5035, 0.4965
1, 0.5057, 0.4943
1, 0.467, 0.533
1, 0.4699, 0.5301
1, 0.4912, 0.5088
1, 0.4732, 0.5268
1, 0.5045, 0.4955
1, 0.5072, 0.4928
1, 0.5085, 0.4915
1, 0.5504, 0.4496
1, 0.5067, 0.4933
1, 0.5076, 0.4924
1, 0.4681, 0.5319
1, 0.5061, 0.4939
1, 0.5145, 0.4855
1, 0.5354, 0.4646
1, 0.5054, 0.4946
1, 0.509, 0.491
1, 0.3719, 0.6281
0, 0.6309, 0.3691
0, 0.6254, 0.3746
0, 0.631, 0.369
0, 0.629, 0.371
0, 0.6321, 0.3679
0, 0.6309, 0.3691
0, 0.6304, 0.3696
1, 0.5366, 0.4634
1, 0.5557, 0.4443
1, 0.5047, 0.4953
1, 0.5247, 0.4753
1, 0.5246, 0.4754
1, 0.5251, 0.4749
1, 0.5259, 0.4741
1, 0.5187, 0.4813
1, 0.5247, 0.4753
1, 0.4969, 0.5031
1, 0.5047, 0.4953
1, 0.5007, 0.4993
1, 0.5187, 0.4813
1, 0.4947, 0.5053
1, 0.5457, 0.4543
1, 0.5441, 0.4559
1, 0.508, 0.492
1, 0.5368, 0.4632
1, 0.3614, 0.6386
1, 0.4979, 0.5021
1, 0.5403, 0.4597
1, 0.5345, 0.4655
1, 0.5385, 0.4615
1, 0.5284, 0.4716
1, 0.4972, 0.5028
1, 0.5192, 0.4808
1, 0.5365, 0.4635
1, 0.5265, 0.4735
1, 0.4899, 0.5101
1, 0.5313, 0.4687
1, 0.5352, 0.4648
1, 0.5043, 0.4957
1, 0.5465, 0.4535
1, 0.5023, 0.4977
1, 0.5352, 0.4648
1, 0.5271, 0.4729
1, 0.5372, 0.4628
1, 0.5321, 0.4679
1, 0.5265, 0.4735
1, 0.5144, 0.4856
1, 0.5269, 0.4731
1, 0.5025, 0.4975
1, 0.51, 0.49
1, 0.4873, 0.5127
1, 0.5105, 0.4895
1, 0.5147, 0.4853
1, 0.5043, 0.4957
1, 0.5254, 0.4746
1, 0.5259, 0.4741
1, 0.4893, 0.5107
1, 0.4818, 0.5182
1, 0.4837, 0.5163
1, 0.5631, 0.4369
1, 0.5164, 0.4836
1, 0.5324, 0.4676
1, 0.5487, 0.4513
1, 0.5268, 0.4732
1, 0.538, 0.462
1, 0.4967, 0.5033
1, 0.5099, 0.4901
1, 0.5127, 0.4873
1, 0.5361, 0.4639
1, 0.5254, 0.4746
1, 0.5157, 0.4843
1, 0.5297, 0.4703
1, 0.5127, 0.4873
1, 0.4843, 0.5157
1, 0.5297, 0.4703
1, 0.5297, 0.4703
1, 0.495, 0.505
1, 0.5128, 0.4872
1, 0.5029, 0.4971
1, 0.5062, 0.4938
1, 0.5513, 0.4487
1, 0.5117, 0.4883
1, 0.5292, 0.4708
1, 0.5063, 0.4937
1, 0.4812, 0.5188
1, 0.5037, 0.4963
1, 0.4799, 0.5201
1, 0.5063, 0.4937
1, 0.4799, 0.5201
1, 0.4831, 0.5169
1, 0.5697, 0.4303
1, 0.5116, 0.4884
1, 0.5018, 0.4982
1, 0.5039, 0.4961
1, 0.4998, 0.5002
1, 0.4907, 0.5093
1, 0.4832, 0.5168
1, 0.4742, 0.5258
1, 0.474, 0.526
1, 0.4742, 0.5258
1, 0.4746, 0.5254
1, 0.4883, 0.5117
1, 0.4676, 0.5324
1, 0.509, 0.491
1, 0.4972, 0.5028
1, 0.4848, 0.5152
1, 0.5097, 0.4903
1, 0.5081, 0.4919
1, 0.4848, 0.5152
1, 0.534, 0.466
1, 0.4874, 0.5126
1, 0.4862, 0.5138
1, 0.5341, 0.4659
1, 0.5211, 0.4789
1, 0.5365, 0.4635
1, 0.5112, 0.4888
1, 0.5195, 0.4805
1, 0.5453, 0.4547
1, 0.5106, 0.4894
1, 0.5216, 0.4784
1, 0.509, 0.491
1, 0.4798, 0.5202
1, 0.4856, 0.5144
1, 0.5114, 0.4886
1, 0.5191, 0.4809
1, 0.5159, 0.4841
1, 0.5119, 0.4881
1, 0.502, 0.498
1, 0.5278, 0.4722
1, 0.5019, 0.4981
1, 0.4915, 0.5085
1, 0.5442, 0.4558
1, 0.4993, 0.5007
1, 0.5084, 0.4916
1, 0.4963, 0.5037
1, 0.5108, 0.4892
1, 0.4863, 0.5137
1, 0.5318, 0.4682
1, 0.5174, 0.4826
1, 0.51, 0.49
1, 0.5214, 0.4786
1, 0.5047, 0.4953
1, 0.5168, 0.4832
1, 0.5229, 0.4771
1, 0.5078, 0.4922
1, 0.3788, 0.6212
1, 0.5159, 0.4841
1, 0.5525, 0.4475
1, 0.5219, 0.4781
1, 0.5192, 0.4808
1, 0.5523, 0.4477
1, 0.5452, 0.4548
1, 0.4772, 0.5228
1, 0.5047, 0.4953
1, 0.5185, 0.4815
1, 0.4636, 0.5364
1, 0.518, 0.482
1, 0.4741, 0.5259
1, 0.5071, 0.4929
1, 0.4788, 0.5212
1, 0.5231, 0.4769
1, 0.4945, 0.5055
1, 0.5099, 0.4901
1, 0.4989, 0.5011
1, 0.4777, 0.5223
1, 0.5214, 0.4786
1, 0.4847, 0.5153
1, 0.5347, 0.4653
1, 0.4991, 0.5009
1, 0.3544, 0.6456
1, 0.4279, 0.5721
1, 0.5048, 0.4952
1, 0.4875, 0.5125
1, 0.4959, 0.5041
1, 0.4949, 0.5051
1, 0.5518, 0.4482
1, 0.5132, 0.4868
1, 0.4869, 0.5131
1, 0.4747, 0.5253
1, 0.508, 0.492
1, 0.4919, 0.5081
1, 0.5057, 0.4943
1, 0.5068, 0.4932
1, 0.5029, 0.4971
1, 0.5008, 0.4992
1, 0.5227, 0.4773
1, 0.5692, 0.4308
1, 0.5134, 0.4866
1, 0.4827, 0.5173
1, 0.5003, 0.4997
1, 0.5134, 0.4866
1, 0.5029, 0.4971
1, 0.5011, 0.4989
1, 0.4846, 0.5154
1, 0.5028, 0.4972
1, 0.5151, 0.4849
1, 0.4843, 0.5157
1, 0.5182, 0.4818
1, 0.5275, 0.4725
1, 0.4928, 0.5072
1, 0.495, 0.505
1, 0.488, 0.512
1, 0.4786, 0.5214
1, 0.5219, 0.4781
1, 0.5083, 0.4917
1, 0.4987, 0.5013
1, 0.4776, 0.5224
1, 0.4897, 0.5103
1, 0.5572, 0.4428
1, 0.4861, 0.5139
1, 0.5039, 0.4961
1, 0.5183, 0.4817
1, 0.5017, 0.4983
1, 0.5209, 0.4791
1, 0.5048, 0.4952
1, 0.5492, 0.4508
1, 0.5014, 0.4986
1, 0.509, 0.491
1, 0.5905, 0.4095
1, 0.5341, 0.4659
1, 0.5409, 0.4591
1, 0.5658, 0.4342
1, 0.519, 0.481
1, 0.525, 0.475
1, 0.571, 0.429
1, 0.4996, 0.5004
1, 0.5575, 0.4425
1, 0.5144, 0.4856
1, 0.5468, 0.4532
1, 0.4912, 0.5088
1, 0.5759, 0.4241
1, 0.5217, 0.4783
1, 0.4921, 0.5079
1, 0.5276, 0.4724
1, 0.5759, 0.4241
1, 0.5246, 0.4754
1, 0.5082, 0.4918
1, 0.5662, 0.4338
1, 0.5451, 0.4549
1, 0.5527, 0.4473
1, 0.5331, 0.4669
1, 0.5412, 0.4588
1, 0.6133, 0.3867
1, 0.5732, 0.4268
1, 0.5123, 0.4877
1, 0.5178, 0.4822
1, 0.6133, 0.3867
1, 0.5352, 0.4648
1, 0.5242, 0.4758
1, 0.5191, 0.4809
1, 0.5373, 0.4627
1, 0.5463, 0.4537
1, 0.5611, 0.4389
1, 0.5385, 0.4615
1, 0.5407, 0.4593
1, 0.5279, 0.4721
1, 0.5824, 0.4176
1, 0.5522, 0.4478
1, 0.6146, 0.3854
1, 0.5407, 0.4593
1, 0.5718, 0.4282
1, 0.5272, 0.4728
1, 0.5279, 0.4721
1, 0.5428, 0.4572
1, 0.5824, 0.4176
1, 0.5593, 0.4407
1, 0.5902, 0.4098
0, 0.9785, 0.0215
1, 0.5423, 0.4577
0, 0.9785, 0.0215
1, 0.5426, 0.4574
1, 0.5681, 0.4319
0, 0.9787, 0.0213
0, 0.9783, 0.0217
1, 0.5381, 0.4619
1, 0.5458, 0.4542
1, 0.6058, 0.3942
1, 0.5198, 0.4802
1, 0.566, 0.434
1, 0.5238, 0.4762
0, 0.9785, 0.0215
1, 0.6058, 0.3942
1, 0.5506, 0.4494
1, 0.5846, 0.4154
1, 0.5381, 0.4619
1, 0.5486, 0.4514
1, 0.5334, 0.4666
1, 0.5847, 0.4153
0, 0.9789, 0.0211
1, 0.5806, 0.4194
1, 0.5345, 0.4655
1, 0.606, 0.394
1, 0.5287, 0.4713
1, 0.36, 0.64
1, 0.6282, 0.3718
1, 0.5594, 0.4406
1, 0.5008, 0.4992
1, 0.6127, 0.3873
1, 0.5992, 0.4008
1, 0.5587, 0.4413
1, 0.5635, 0.4365
1, 0.5481, 0.4519
1, 0.3785, 0.6215
1, 0.324, 0.676
1, 0.3755, 0.6245
1, 0.5867, 0.4133
0, 0.9806, 0.0194
1, 0.5363, 0.4637
1, 0.5134, 0.4866
1, 0.5297, 0.4703
1, 0.603, 0.397
1, 0.6158, 0.3842
1, 0.5273, 0.4727
1, 0.541, 0.459
1, 0.6342, 0.3658
1, 0.6314, 0.3686
1, 0.6292, 0.3708
1, 0.5064, 0.4936
1, 0.5551, 0.4449
1, 0.4938, 0.5062
1, 0.5612, 0.4388
1, 0.5318, 0.4682
1, 0.551, 0.449
1, 0.5551, 0.4449
1, 0.5318, 0.4682
1, 0.6022, 0.3978
1, 0.5414, 0.4586
1, 0.494, 0.506
1, 0.5748, 0.4252
1, 0.5269, 0.4731
1, 0.5332, 0.4668
1, 0.5216, 0.4784
1, 0.559, 0.441
1, 0.5561, 0.4439
1, 0.604, 0.396
1, 0.5549, 0.4451
1, 0.5629, 0.4371
1, 0.5362, 0.4638
1, 0.523, 0.477
1, 0.5313, 0.4687
1, 0.5146, 0.4854
1, 0.4902, 0.5098
1, 0.5216, 0.4784
1, 0.5166, 0.4834
1, 0.4934, 0.5066
1, 0.4945, 0.5055
1, 0.505, 0.495
1, 0.505, 0.495
1, 0.5557, 0.4443
1, 0.524, 0.476
1, 0.5958, 0.4042
1, 0.5502, 0.4498
1, 0.568, 0.432
1, 0.5339, 0.4661
1, 0.5345, 0.4655
1, 0.549, 0.451
1, 0.5397, 0.4603
1, 0.5376, 0.4624
1, 0.5456, 0.4544
1, 0.5461, 0.4539
1, 0.5508, 0.4492
1, 0.5385, 0.4615
1, 0.5673, 0.4327
1, 0.5305, 0.4695
1, 0.5683, 0.4317
1, 0.528, 0.472
0, 0.5234, 0.4766
0, 0.5521, 0.4479
0, 0.5027, 0.4973
0, 0.5563, 0.4437
0, 0.5027, 0.4973
0, 0.5152, 0.4848
0, 0.5232, 0.4768
0, 0.5389, 0.4611
0, 0.5028, 0.4972
0, 0.5212, 0.4788
0, 0.5071, 0.4929
0, 0.5027, 0.4973
0, 0.5079, 0.4921
0, 0.5108, 0.4892
0, 0.522, 0.478
0, 0.5332, 0.4668
0, 0.5853, 0.4147
0, 0.533, 0.467
0, 0.5463, 0.4537
0, 0.5025, 0.4975
0, 0.5107, 0.4893
0, 0.5024, 0.4976
0, 0.5022, 0.4978
0, 0.5107, 0.4893
0, 0.5138, 0.4862
0, 0.5063, 0.4937
0, 0.7018, 0.2982
0, 0.6797, 0.3203
0, 0.5579, 0.4421
0, 0.5027, 0.4973
0, 0.5107, 0.4893
0, 0.5027, 0.4973
0, 0.5222, 0.4778
0, 0.526, 0.474
0, 0.5065, 0.4935
0, 0.5071, 0.4929
0, 0.5389, 0.4611
0, 0.5107, 0.4893
0, 0.5436, 0.4564
0, 0.5107, 0.4893
0, 0.5162, 0.4838
0, 0.5028, 0.4972
0, 0.539, 0.461
0, 0.5217, 0.4783
0, 0.5106, 0.4894
0, 0.5339, 0.4661
0, 0.5051, 0.4949
0, 0.5066, 0.4934
0, 0.518, 0.482
0, 0.5548, 0.4452
0, 0.5027, 0.4973
0, 0.5008, 0.4992
0, 0.5322, 0.4678
0, 0.5025, 0.4975
0, 0.691, 0.309
0, 0.5123, 0.4877
0, 0.5063, 0.4937
0, 0.6607, 0.3393
0, 0.6607, 0.3393
0, 0.5008, 0.4992
0, 0.6985, 0.3015
0, 0.6979, 0.3021
0, 0.6606, 0.3394
0, 0.5013, 0.4987
0, 0.5007, 0.4993
0, 0.5017, 0.4983
0, 0.5007, 0.4993
0, 0.6808, 0.3192
0, 0.665, 0.335
0, 0.6835, 0.3165
0, 0.5063, 0.4937
0, 0.5141, 0.4859
0, 0.6772, 0.3228
0, 0.508, 0.492
0, 0.4996, 0.5004
0, 0.5069, 0.4931
0, 0.5008, 0.4992
0, 0.6722, 0.3278
0, 0.6979, 0.3021
0, 0.504, 0.496
0, 0.5031, 0.4969
0, 0.5156, 0.4844
0, 0.509, 0.491
0, 0.5006, 0.4994
0, 0.7495, 0.2505
0, 0.7382, 0.2618
0, 0.7475, 0.2525
0, 0.7448, 0.2552
0, 0.7454, 0.2546
0, 0.7827, 0.2173
0, 0.5976, 0.4024
0, 0.7776, 0.2224
0, 0.7478, 0.2522
0, 0.6184, 0.3816
0, 0.5907, 0.4093
0, 0.5951, 0.4049
0, 0.6026, 0.3974
0, 0.759, 0.241
0, 0.5863, 0.4137
0, 0.7619, 0.2381
0, 0.7458, 0.2542
0, 0.7483, 0.2517
0, 0.5938, 0.4062
0, 0.7439, 0.2561
0, 0.7515, 0.2485
0, 0.7429, 0.2571
0, 0.7443, 0.2557
0, 0.8042, 0.1958
0, 0.7595, 0.2405
0, 0.7412, 0.2588
0, 0.7465, 0.2535
0, 0.7477, 0.2523
0, 0.7924, 0.2076
0, 0.7474, 0.2526
0, 0.7665, 0.2335
0, 0.7747, 0.2253
0, 0.7563, 0.2437
0, 0.766, 0.234
0, 0.6998, 0.3002
0, 0.8329, 0.1671
0, 0.711, 0.289
0, 0.6383, 0.3617
0, 0.6109, 0.3891
0, 0.6368, 0.3632
0, 0.6376, 0.3624
0, 0.6817, 0.3183
0, 0.7323, 0.2677
0, 0.6254, 0.3746
0, 0.5749, 0.4251
0, 0.7357, 0.2643
0, 0.7444, 0.2556
0, 0.7465, 0.2535
0, 0.7408, 0.2592
0, 0.7322, 0.2678
0, 0.7709, 0.2291
0, 0.7384, 0.2616
0, 0.7459, 0.2541
0, 0.7405, 0.2595
0, 0.7475, 0.2525
0, 0.7709, 0.2291
0, 0.7817, 0.2183
0, 0.743, 0.257
0, 0.7432, 0.2568
0, 0.7817, 0.2183
0, 0.7466, 0.2534
0, 0.7408, 0.2592
0, 0.7492, 0.2508
0, 0.7458, 0.2542
0, 0.7471, 0.2529
0, 0.7405, 0.2595
0, 0.7476, 0.2524
0, 0.7432, 0.2568
0, 0.7817, 0.2183
0, 0.7397, 0.2603
0, 0.7626, 0.2374
0, 0.7817, 0.2183
0, 0.743, 0.257
0, 0.7465, 0.2535
0, 0.7408, 0.2592
0, 0.7459, 0.2541
0, 0.7709, 0.2291
0, 0.7709, 0.2291
0, 0.7347, 0.2653
0, 0.7383, 0.2617
0, 0.8012, 0.1988
0, 0.7817, 0.2183
0, 0.7332, 0.2668
0, 0.7744, 0.2256
0, 0.7384, 0.2616
0, 0.7464, 0.2536
0, 0.742, 0.258
0, 0.7334, 0.2666
0, 0.7709, 0.2291
0, 0.7449, 0.2551
0, 0.7371, 0.2629
0, 0.7764, 0.2236
0, 0.7441, 0.2559
0, 0.7285, 0.2715
0, 0.7341, 0.2659
0, 0.7341, 0.2659
0, 0.742, 0.258
0, 0.7878, 0.2122
0, 0.7795, 0.2205
0, 0.7318, 0.2682
0, 0.7336, 0.2664
0, 0.7384, 0.2616
0, 0.7381, 0.2619
0, 0.7942, 0.2058
0, 0.7364, 0.2636
0, 0.7355, 0.2645
0, 0.7378, 0.2622
0, 0.8006, 0.1994
0, 0.7376, 0.2624
0, 0.7351, 0.2649
0, 0.802, 0.198
0, 0.7381, 0.2619
0, 0.7774, 0.2226
0, 0.7427, 0.2573
0, 0.7617, 0.2383
0, 0.739, 0.261
0, 0.7381, 0.2619
0, 0.7358, 0.2642
0, 0.7477, 0.2523
0, 0.7483, 0.2517
0, 0.7374, 0.2626
0, 0.7757, 0.2243
0, 0.7354, 0.2646
0, 0.8017, 0.1983
0, 0.7743, 0.2257
0, 0.8023, 0.1977
0, 0.7475, 0.2525
0, 0.7716, 0.2284
0, 0.7695, 0.2305
0, 0.738, 0.262
0, 0.7816, 0.2184
0, 0.7951, 0.2049
0, 0.7393, 0.2607
0, 0.7509, 0.2491
0, 0.7393, 0.2607
0, 0.7709, 0.2291
0, 0.7384, 0.2616
0, 0.7475, 0.2525
0, 0.7571, 0.2429
0, 0.7748, 0.2252
0, 0.758, 0.242
0, 0.7464, 0.2536
0, 0.744, 0.256
0, 0.9284, 0.0716
0, 0.746, 0.254
0, 0.7817, 0.2183
0, 0.7581, 0.2419
0, 0.8456, 0.1544
0, 0.981, 0.019
1, 0.5917, 0.4083
1, 0.6185, 0.3815
1, 0.5685, 0.4315
1, 0.5517, 0.4483
1, 0.6184, 0.3816
1, 0.557, 0.443
1, 0.54, 0.46
1, 0.5975, 0.4025
0, 0.3126, 0.6874
0, 0.2885, 0.7115
0, 0.2599, 0.7401
0, 0.3297, 0.6703
0, 0.2649, 0.7351
0, 0.2757, 0.7243
0, 0.2762, 0.7238
0, 0.2619, 0.7381
0, 0.2707, 0.7293
0, 0.2564, 0.7436
0, 0.2457, 0.7543
0, 0.2461, 0.7539
0, 0.2572, 0.7428
0, 0.2522, 0.7478
0, 0.2478, 0.7522
0, 0.2441, 0.7559
0, 0.2441, 0.7559
0, 0.2614, 0.7386
0, 0.2684, 0.7316
0, 0.2628, 0.7372
0, 0.2777, 0.7223
0, 0.2672, 0.7328
0, 0.2792, 0.7208
0, 0.249, 0.751
0, 0.2592, 0.7408
0, 0.2943, 0.7057
0, 0.2687, 0.7313
0, 0.2915, 0.7085
0, 0.2667, 0.7333
0, 0.2917, 0.7083
0, 0.2684, 0.7316
0, 0.2682, 0.7318
0, 0.2816, 0.7184
0, 0.2936, 0.7064
0, 0.2724, 0.7276
0, 0.2804, 0.7196
0, 0.276, 0.724
0, 0.2582, 0.7418
0, 0.2625, 0.7375
0, 0.2758, 0.7242
0, 0.2672, 0.7328
0, 0.2591, 0.7409
0, 0.259, 0.741
0, 0.2579, 0.7421
0, 0.2566, 0.7434
0, 0.2587, 0.7413
0, 0.2597, 0.7403
0, 0.251, 0.749
0, 0.2459, 0.7541
0, 0.2477, 0.7523
0, 0.2835, 0.7165
0, 0.249, 0.751
0, 0.2815, 0.7185
0, 0.2697, 0.7303
0, 0.2591, 0.7409
0, 0.2701, 0.7299
0, 0.2954, 0.7046
0, 0.3006, 0.6994
0, 0.2936, 0.7064
0, 0.3023, 0.6977
0, 0.2891, 0.7109
0, 0.2892, 0.7108
0, 0.2646, 0.7354
0, 0.3032, 0.6968
0, 0.2782, 0.7218
0, 0.2903, 0.7097
0, 0.8378, 0.1622
0, 0.302, 0.698
0, 0.2986, 0.7014
0, 0.3108, 0.6892
0, 0.2888, 0.7112
0, 0.3059, 0.6941
0, 0.2557, 0.7443
0, 0.255, 0.745
0, 0.2558, 0.7442
0, 0.2816, 0.7184
0, 0.2546, 0.7454
0, 0.2663, 0.7337
0, 0.286, 0.714
0, 0.2664, 0.7336
0, 0.2661, 0.7339
0, 0.2605, 0.7395
0, 0.2653, 0.7347
0, 0.3032, 0.6968
0, 0.2805, 0.7195
0, 0.255, 0.745
0, 0.2656, 0.7344
0, 0.2811, 0.7189
0, 0.2557, 0.7443
0, 0.2816, 0.7184
0, 0.2558, 0.7442
0, 0.286, 0.714
0, 0.2719, 0.7281
0, 0.2663, 0.7337
0, 0.2664, 0.7336
0, 0.2546, 0.7454
0, 0.2649, 0.7351
0, 0.2832, 0.7168
0, 0.2908, 0.7092
0, 0.9891, 0.0109
1, 0.5229, 0.4771
0, 0.4109, 0.5891
0, 0.4184, 0.5816
0, 0.4211, 0.5789
0, 0.4375, 0.5625
0, 0.3874, 0.6126
0, 0.403, 0.597
0, 0.844, 0.156
0, 0.8362, 0.1638
0, 0.8328, 0.1672
0, 0.8589, 0.1411
0, 0.8442, 0.1558
0, 0.8442, 0.1558
0, 0.8332, 0.1668
0, 0.8272, 0.1728
0, 0.8434, 0.1566
0, 0.8363, 0.1637
0, 0.8362, 0.1638
0, 0.8589, 0.1411
0, 0.8363, 0.1637
0, 0.8374, 0.1626
0, 0.8434, 0.1566
0, 0.843, 0.157
0, 0.8222, 0.1778
0, 0.8328, 0.1672
0, 0.8021, 0.1979
0, 0.3617, 0.6383
0, 0.8566, 0.1434
0, 0.8552, 0.1448
0, 0.3807, 0.6193
0, 0.3847, 0.6153
0, 0.8575, 0.1425
0, 0.8684, 0.1316
0, 0.3786, 0.6214
0, 0.3762, 0.6238
0, 0.379, 0.621
0, 0.3809, 0.6191
0, 0.8629, 0.1371
0, 0.3778, 0.6222
0, 0.8631, 0.1369
0, 0.8401, 0.1599
0, 0.847, 0.153
0, 0.8723, 0.1277
0, 0.8478, 0.1522
0, 0.8498, 0.1502
0, 0.8477, 0.1523
0, 0.8575, 0.1425
0, 0.8578, 0.1422
0, 0.8579, 0.1421
0, 0.8499, 0.1501
0, 0.3931, 0.6069
0, 0.3799, 0.6201
0, 0.6724, 0.3276
0, 0.3692, 0.6308
0, 0.5334, 0.4666
0, 0.7512, 0.2488
0, 0.5369, 0.4631
0, 0.7541, 0.2459
0, 0.5351, 0.4649
0, 0.3814, 0.6186
0, 0.5323, 0.4677
0, 0.6899, 0.3101
0, 0.6803, 0.3197
0, 0.7209, 0.2791
0, 0.9917, 0.0083
0, 0.9916, 0.0084
0, 0.4024, 0.5976
0, 0.3608, 0.6392
0, 0.3695, 0.6305
0, 0.9915, 0.0085
0, 0.9916, 0.0084
0, 0.3717, 0.6283
0, 0.3705, 0.6295
0, 0.9869, 0.0131
0, 0.9869, 0.0131
0, 0.9866, 0.0134
0, 0.9743, 0.0257
0, 0.9729, 0.0271
0, 0.9866, 0.0134
0, 0.3573, 0.6427
0, 0.3707, 0.6293
0, 0.3832, 0.6168
0, 0.3707, 0.6293
0, 0.3762, 0.6238
0, 0.3807, 0.6193
0, 0.3811, 0.6189
0, 0.3756, 0.6244
0, 0.3697, 0.6303
0, 0.3598, 0.6402
0, 0.3701, 0.6299
0, 0.3692, 0.6308
0, 0.8088, 0.1912
0, 0.8088, 0.1912
0, 0.368, 0.632
0, 0.3654, 0.6346
0, 0.3642, 0.6358
0, 0.3749, 0.6251
0, 0.3732, 0.6268
0, 0.37, 0.63
0, 0.3722, 0.6278
0, 0.3753, 0.6247
0, 0.3692, 0.6308
0, 0.3692, 0.6308
0, 0.3828, 0.6172
0, 0.3828, 0.6172
0, 0.3433, 0.6567
0, 0.3566, 0.6434
0, 0.3427, 0.6573
0, 0.3372, 0.6628
0, 0.3763, 0.6237
0, 0.3629, 0.6371
0, 0.3611, 0.6389
0, 0.3611, 0.6389
0, 0.3561, 0.6439
0, 0.3354, 0.6646
0, 0.3299, 0.6701
1, 0.3163, 0.6837
1, 0.3225, 0.6775
0, 0.3421, 0.6579
0, 0.676, 0.324
0, 0.9735, 0.0265
0, 0.7026, 0.2974
0, 0.6514, 0.3486
0, 0.9735, 0.0265
0, 0.9791, 0.0209
0, 0.973, 0.027
0, 0.9739, 0.0261
0, 0.9855, 0.0145
0, 0.973, 0.027
0, 0.9737, 0.0263
0, 0.6571, 0.3429
0, 0.657, 0.343
0, 0.6567, 0.3433
0, 0.6663, 0.3337
0, 0.7055, 0.2945
0, 0.6567, 0.3433
0, 0.3363, 0.6637
0, 0.8521, 0.1479
0, 0.3354, 0.6646
1, 0.4597, 0.5403
1, 0.468, 0.532
1, 0.466, 0.534
1, 0.4771, 0.5229
1, 0.4774, 0.5226
1, 0.4712, 0.5288
1, 0.4727, 0.5273
1, 0.4722, 0.5278
1, 0.4727, 0.5273
1, 0.4678, 0.5322
1, 0.4684, 0.5316
1, 0.4775, 0.5225
1, 0.4753, 0.5247
1, 0.4573, 0.5427
1, 0.4815, 0.5185
1, 0.476, 0.524
1, 0.4736, 0.5264
1, 0.4564, 0.5436
1, 0.4949, 0.5051
1, 0.458, 0.542
1, 0.48, 0.52
1, 0.458, 0.542
1, 0.4784, 0.5216
1, 0.4755, 0.5245
1, 0.4555, 0.5445
1, 0.45, 0.55
1, 0.4574, 0.5426
1, 0.4804, 0.5196
1, 0.4555, 0.5445
1, 0.45, 0.55
1, 0.4555, 0.5445
1, 0.4531, 0.5469
1, 0.4697, 0.5303
1, 0.4727, 0.5273
1, 0.4796, 0.5204
1, 0.4752, 0.5248
1, 0.4545, 0.5455
1, 0.4564, 0.5436
1, 0.4742, 0.5258
1, 0.4741, 0.5259
1, 0.4749, 0.5251
1, 0.4737, 0.5263
1, 0.4821, 0.5179
1, 0.4752, 0.5248
1, 0.4563, 0.5437
1, 0.4574, 0.5426
1, 0.4574, 0.5426
1, 0.4574, 0.5426
1, 0.4558, 0.5442
1, 0.4606, 0.5394
1, 0.4586, 0.5414
1, 0.4603, 0.5397
1, 0.4642, 0.5358
1, 0.4593, 0.5407
1, 0.456, 0.544
1, 0.4786, 0.5214
1, 0.4631, 0.5369
1, 0.4601, 0.5399
1, 0.4583, 0.5417
1, 0.4582, 0.5418
1, 0.4642, 0.5358
1, 0.4495, 0.5505
1, 0.4544, 0.5456
1, 0.4635, 0.5365
1, 0.48, 0.52
1, 0.4498, 0.5502
1, 0.4575, 0.5425
1, 0.452, 0.548
1, 0.4561, 0.5439
1, 0.4746, 0.5254
1, 0.4568, 0.5432
1, 0.4562, 0.5438
1, 0.475, 0.525
1, 0.4759, 0.5241
1, 0.4757, 0.5243
1, 0.4584, 0.5416
1, 0.483, 0.517
1, 0.4768, 0.5232
1, 0.4783, 0.5217
1, 0.4736, 0.5264
1, 0.4782, 0.5218
1, 0.4589, 0.5411
1, 0.4668, 0.5332
1, 0.4741, 0.5259
1, 0.4587, 0.5413
1, 0.4584, 0.5416
1, 0.4642, 0.5358
1, 0.485, 0.515
1, 0.4761, 0.5239
1, 0.478, 0.522
1, 0.4574, 0.5426
1, 0.4614, 0.5386
1, 0.4586, 0.5414
1, 0.4743, 0.5257
1, 0.4642, 0.5358
1, 0.4782, 0.5218
1, 0.4783, 0.5217
1, 0.4992, 0.5008
1, 0.4581, 0.5419
1, 0.4586, 0.5414
1, 0.4587, 0.5413
1, 0.4573, 0.5427
1, 0.4783, 0.5217
1, 0.4586, 0.5414
1, 0.4814, 0.5186
1, 0.4586, 0.5414
1, 0.4575, 0.5425
1, 0.485, 0.515
1, 0.4782, 0.5218
1, 0.4725, 0.5275
1, 0.4702, 0.5298
1, 0.4514, 0.5486
1, 0.4529, 0.5471
1, 0.4542, 0.5458
1, 0.4588, 0.5412
1, 0.455, 0.545
1, 0.4723, 0.5277
1, 0.454, 0.546
1, 0.4539, 0.5461
1, 0.4543, 0.5457
1, 0.4725, 0.5275
1, 0.478, 0.522
1, 0.454, 0.546
1, 0.457, 0.543
1, 0.4778, 0.5222
1, 0.4691, 0.5309
1, 0.46, 0.54
1, 0.4562, 0.5438
1, 0.474, 0.526
1, 0.46, 0.54
1, 0.4622, 0.5378
1, 0.4528, 0.5472
1, 0.4528, 0.5472
1, 0.4701, 0.5299
1, 0.4538, 0.5462
1, 0.4751, 0.5249
1, 0.4672, 0.5328
1, 0.4593, 0.5407
1, 0.4726, 0.5274
1, 0.4674, 0.5326
1, 0.4553, 0.5447
1, 0.4622, 0.5378
1, 0.4538, 0.5462
1, 0.4723, 0.5277
1, 0.4542, 0.5458
1, 0.4542, 0.5458
1, 0.4583, 0.5417
1, 0.471, 0.529
1, 0.4701, 0.5299
1, 0.4528, 0.5472
1, 0.457, 0.543
1, 0.4522, 0.5478
1, 0.4563, 0.5437
1, 0.4566, 0.5434
1, 0.4558, 0.5442
1, 0.4582, 0.5418
1, 0.4764, 0.5236
1, 0.4528, 0.5472
1, 0.4693, 0.5307
1, 0.4694, 0.5306
1, 0.456, 0.544
1, 0.4725, 0.5275
1, 0.481, 0.519
1, 0.4568, 0.5432
1, 0.492, 0.508
1, 0.4782, 0.5218
1, 0.4559, 0.5441
1, 0.4733, 0.5267
1, 0.4717, 0.5283
1, 0.4599, 0.5401
1, 0.4668, 0.5332
1, 0.463, 0.537
1, 0.4583, 0.5417
1, 0.4582, 0.5418
1, 0.4594, 0.5406
1, 0.4783, 0.5217
1, 0.4743, 0.5257
1, 0.4572, 0.5428
1, 0.4743, 0.5257
1, 0.483, 0.517
1, 0.476, 0.524
1, 0.4573, 0.5427
1, 0.4642, 0.5358
1, 0.4767, 0.5233
1, 0.4588, 0.5412
1, 0.4754, 0.5246
1, 0.4635, 0.5365
1, 0.4739, 0.5261
1, 0.4566, 0.5434
1, 0.4559, 0.5441
1, 0.481, 0.519
1, 0.4584, 0.5416
1, 0.4584, 0.5416
1, 0.4835, 0.5165
1, 0.4572, 0.5428
1, 0.4768, 0.5232
1, 0.4756, 0.5244
1, 0.4589, 0.5411
1, 0.4776, 0.5224
1, 0.483, 0.517
1, 0.456, 0.544
1, 0.4783, 0.5217
1, 0.457, 0.543
1, 0.4615, 0.5385
1, 0.4585, 0.5415
1, 0.462, 0.538
1, 0.4739, 0.5261
1, 0.4583, 0.5417
1, 0.4743, 0.5257
1, 0.4594, 0.5406
1, 0.4605, 0.5395
1, 0.4574, 0.5426
1, 0.4593, 0.5407
1, 0.4782, 0.5218
1, 0.4603, 0.5397
1, 0.4581, 0.5419
1, 0.4583, 0.5417
1, 0.4782, 0.5218
1, 0.4575, 0.5425
1, 0.4566, 0.5434
1, 0.4608, 0.5392
1, 0.4593, 0.5407
1, 0.4735, 0.5265
1, 0.4804, 0.5196
1, 0.4574, 0.5426
1, 0.4743, 0.5257
1, 0.4606, 0.5394
1, 0.4783, 0.5217
1, 0.4601, 0.5399
1, 0.4587, 0.5413
1, 0.4572, 0.5428
1, 0.4558, 0.5442
1, 0.4584, 0.5416
1, 0.4606, 0.5394
1, 0.4584, 0.5416
1, 0.4584, 0.5416
1, 0.4772, 0.5228
1, 0.4577, 0.5423
1, 0.4608, 0.5392
1, 0.4642, 0.5358
1, 0.4787, 0.5213
1, 0.4604, 0.5396
1, 0.4575, 0.5425
1, 0.4586, 0.5414
1, 0.4771, 0.5229
1, 0.456, 0.544
1, 0.4575, 0.5425
1, 0.471, 0.529
1, 0.4794, 0.5206
1, 0.4568, 0.5432
1, 0.4525, 0.5475
1, 0.4542, 0.5458
1, 0.4557, 0.5443
1, 0.4593, 0.5407
1, 0.4672, 0.5328
1, 0.4724, 0.5276
1, 0.4921, 0.5079
1, 0.4643, 0.5357
1, 0.4749, 0.5251
1, 0.4779, 0.5221
1, 0.4527, 0.5473
1, 0.4921, 0.5079
1, 0.4841, 0.5159
1, 0.4542, 0.5458
1, 0.4736, 0.5264
1, 0.458, 0.542
1, 0.4707, 0.5293
1, 0.4668, 0.5332
1, 0.4593, 0.5407
1, 0.4698, 0.5302
1, 0.4533, 0.5467
1, 0.4841, 0.5159
1, 0.4588, 0.5412
1, 0.4539, 0.5461
1, 0.4539, 0.5461
1, 0.457, 0.543
1, 0.4565, 0.5435
1, 0.4557, 0.5443
1, 0.4725, 0.5275
1, 0.4709, 0.5291
1, 0.4534, 0.5466
1, 0.4721, 0.5279
1, 0.4527, 0.5473
1, 0.4553, 0.5447
1, 0.4495, 0.5505
1, 0.4744, 0.5256
1, 0.4689, 0.5311
1, 0.4557, 0.5443
1, 0.4538, 0.5462
1, 0.4724, 0.5276
1, 0.4884, 0.5116
1, 0.4532, 0.5468
1, 0.4559, 0.5441
1, 0.4502, 0.5498
1, 0.4542, 0.5458
1, 0.4672, 0.5328
1, 0.4689, 0.5311
1, 0.4695, 0.5305
1, 0.4926, 0.5074
1, 0.4622, 0.5378
1, 0.46, 0.54
1, 0.4557, 0.5443
1, 0.4726, 0.5274
1, 0.4529, 0.5471
1, 0.4553, 0.5447
1, 0.46, 0.54
1, 0.4533, 0.5467
1, 0.4553, 0.5447
1, 0.4736, 0.5264
1, 0.457, 0.543
1, 0.4514, 0.5486
1, 0.4794, 0.5206
1, 0.4514, 0.5486
1, 0.4701, 0.5299
1, 0.4921, 0.5079
1, 0.4541, 0.5459
1, 0.4926, 0.5074
1, 0.4541, 0.5459
1, 0.4592, 0.5408
1, 0.4528, 0.5472
1, 0.4672, 0.5328
1, 0.4688, 0.5312
1, 0.4553, 0.5447
1, 0.4701, 0.5299
1, 0.4523, 0.5477
1, 0.46, 0.54
1, 0.4503, 0.5497
1, 0.4672, 0.5328
1, 0.454, 0.546
1, 0.4557, 0.5443
1, 0.4725, 0.5275
1, 0.4724, 0.5276
1, 0.4724, 0.5276
1, 0.4502, 0.5498
1, 0.4725, 0.5275
1, 0.4701, 0.5299
1, 0.4593, 0.5407
1, 0.4724, 0.5276
1, 0.4753, 0.5247
1, 0.4724, 0.5276
1, 0.4517, 0.5483
1, 0.4794, 0.5206
1, 0.478, 0.522
1, 0.4488, 0.5512
1, 0.4553, 0.5447
1, 0.4614, 0.5386
1, 0.46, 0.54
1, 0.4557, 0.5443
1, 0.4672, 0.5328
1, 0.4739, 0.5261
1, 0.461, 0.539
1, 0.4528, 0.5472
1, 0.4735, 0.5265
1, 0.4672, 0.5328
1, 0.4543, 0.5457
1, 0.4794, 0.5206
1, 0.4724, 0.5276
1, 0.4449, 0.5551
1, 0.4559, 0.5441
1, 0.4724, 0.5276
1, 0.4724, 0.5276
1, 0.4749, 0.5251
1, 0.4724, 0.5276
1, 0.4509, 0.5491
1, 0.4795, 0.5205
1, 0.4534, 0.5466
1, 0.454, 0.546
1, 0.4724, 0.5276
1, 0.4672, 0.5328
1, 0.46, 0.54
1, 0.4495, 0.5505
1, 0.4698, 0.5302
1, 0.4725, 0.5275
1, 0.4559, 0.5441
1, 0.4528, 0.5472
1, 0.4749, 0.5251
1, 0.4724, 0.5276
1, 0.4702, 0.5298
1, 0.4672, 0.5328
1, 0.451, 0.549
1, 0.4725, 0.5275
1, 0.4542, 0.5458
1, 0.4749, 0.5251
1, 0.4539, 0.5461
1, 0.4714, 0.5286
1, 0.4921, 0.5079
1, 0.4725, 0.5275
1, 0.4553, 0.5447
1, 0.4528, 0.5472
1, 0.4508, 0.5492
1, 0.4724, 0.5276
1, 0.46, 0.54
1, 0.4714, 0.5286
1, 0.4921, 0.5079
1, 0.4719, 0.5281
1, 0.4749, 0.5251
1, 0.4736, 0.5264
1, 0.4559, 0.5441
1, 0.4543, 0.5457
1, 0.461, 0.539
1, 0.4532, 0.5468
1, 0.4542, 0.5458
1, 0.4592, 0.5408
1, 0.4547, 0.5453
1, 0.4542, 0.5458
1, 0.4565, 0.5435
1, 0.454, 0.546
1, 0.4667, 0.5333
1, 0.4539, 0.5461
1, 0.4738, 0.5262
1, 0.4515, 0.5485
1, 0.4701, 0.5299
1, 0.454, 0.546
1, 0.4749, 0.5251
1, 0.4542, 0.5458
1, 0.4672, 0.5328
1, 0.4779, 0.5221
1, 0.4749, 0.5251
1, 0.4749, 0.5251
1, 0.4926, 0.5074
1, 0.4672, 0.5328
1, 0.4566, 0.5434
1, 0.4708, 0.5292
1, 0.4714, 0.5286
1, 0.4542, 0.5458
1, 0.4725, 0.5275
1, 0.4553, 0.5447
1, 0.4754, 0.5246
1, 0.4541, 0.5459
1, 0.4746, 0.5254
1, 0.4528, 0.5472
1, 0.4695, 0.5305
1, 0.4548, 0.5452
1, 0.457, 0.543
1, 0.4689, 0.5311
1, 0.4714, 0.5286
1, 0.471, 0.529
1, 0.4568, 0.5432
1, 0.4674, 0.5326
1, 0.4588, 0.5412
1, 0.4749, 0.5251
1, 0.4701, 0.5299
1, 0.4672, 0.5328
1, 0.4724, 0.5276
1, 0.4489, 0.5511
1, 0.484, 0.516
1, 0.4569, 0.5431
1, 0.4533, 0.5467
1, 0.4545, 0.5455
1, 0.4529, 0.5471
1, 0.4515, 0.5485
1, 0.4749, 0.5251
1, 0.4921, 0.5079
1, 0.4528, 0.5472
1, 0.4725, 0.5275
1, 0.4528, 0.5472
1, 0.4539, 0.5461
1, 0.4569, 0.5431
1, 0.454, 0.546
1, 0.4593, 0.5407
1, 0.4725, 0.5275
1, 0.4667, 0.5333
1, 0.454, 0.546
1, 0.4529, 0.5471
1, 0.4565, 0.5435
1, 0.4674, 0.5326
1, 0.4724, 0.5276
1, 0.4731, 0.5269
1, 0.4688, 0.5312
1, 0.4779, 0.5221
1, 0.4529, 0.5471
1, 0.4522, 0.5478
1, 0.4681, 0.5319
1, 0.4553, 0.5447
1, 0.4528, 0.5472
1, 0.4538, 0.5462
1, 0.4724, 0.5276
1, 0.4539, 0.5461
1, 0.4542, 0.5458
1, 0.4809, 0.5191
1, 0.4701, 0.5299
1, 0.4542, 0.5458
1, 0.4557, 0.5443
1, 0.467, 0.533
1, 0.4576, 0.5424
1, 0.4557, 0.5443
1, 0.4672, 0.5328
1, 0.4701, 0.5299
1, 0.4672, 0.5328
1, 0.4674, 0.5326
1, 0.4689, 0.5311
1, 0.4724, 0.5276
1, 0.4529, 0.5471
1, 0.46, 0.54
1, 0.4528, 0.5472
1, 0.4512, 0.5488
1, 0.4542, 0.5458
1, 0.4726, 0.5274
1, 0.4557, 0.5443
1, 0.46, 0.54
1, 0.4593, 0.5407
1, 0.4557, 0.5443
1, 0.4926, 0.5074
1, 0.4593, 0.5407
1, 0.4724, 0.5276
1, 0.4525, 0.5475
1, 0.4559, 0.5441
1, 0.4724, 0.5276
1, 0.4569, 0.5431
1, 0.4674, 0.5326
1, 0.4553, 0.5447
1, 0.4674, 0.5326
1, 0.4724, 0.5276
1, 0.457, 0.543
1, 0.4557, 0.5443
1, 0.4674, 0.5326
1, 0.4751, 0.5249
1, 0.4782, 0.5218
1, 0.4785, 0.5215
1, 0.485, 0.515
1, 0.4577, 0.5423
1, 0.4991, 0.5009
1, 0.4668, 0.5332
1, 0.4603, 0.5397
1, 0.4783, 0.5217
1, 0.467, 0.533
1, 0.4737, 0.5263
1, 0.4595, 0.5405
1, 0.4564, 0.5436
1, 0.4575, 0.5425
1, 0.4575, 0.5425
1, 0.4632, 0.5368
1, 0.4589, 0.5411
1, 0.4587, 0.5413
1, 0.4768, 0.5232
1, 0.4783, 0.5217
1, 0.4583, 0.5417
1, 0.4799, 0.5201
1, 0.4603, 0.5397
1, 0.4668, 0.5332
1, 0.4782, 0.5218
1, 0.4586, 0.5414
1, 0.4598, 0.5402
1, 0.4782, 0.5218
1, 0.4767, 0.5233
1, 0.4593, 0.5407
1, 0.4601, 0.5399
1, 0.4754, 0.5246
1, 0.4744, 0.5256
1, 0.492, 0.508
1, 0.4586, 0.5414
1, 0.4635, 0.5365
1, 0.4782, 0.5218
1, 0.48, 0.52
1, 0.4604, 0.5396
1, 0.4576, 0.5424
1, 0.4668, 0.5332
1, 0.4586, 0.5414
1, 0.4765, 0.5235
1, 0.4752, 0.5248
1, 0.4782, 0.5218
1, 0.4642, 0.5358
1, 0.4603, 0.5397
1, 0.4805, 0.5195
1, 0.4782, 0.5218
1, 0.4589, 0.5411
1, 0.4596, 0.5404
1, 0.459, 0.541
1, 0.4905, 0.5095
1, 0.4546, 0.5454
1, 0.4762, 0.5238
1, 0.4591, 0.5409
1, 0.4579, 0.5421
1, 0.4559, 0.5441
1, 0.4575, 0.5425
1, 0.458, 0.542
1, 0.4728, 0.5272
1, 0.4668, 0.5332
1, 0.4603, 0.5397
1, 0.4768, 0.5232
1, 0.4607, 0.5393
1, 0.4592, 0.5408
1, 0.4783, 0.5217
1, 0.4598, 0.5402
1, 0.4575, 0.5425
1, 0.4749, 0.5251
1, 0.4806, 0.5194
1, 0.4768, 0.5232
1, 0.4741, 0.5259
1, 0.4571, 0.5429
1, 0.4739, 0.5261
1, 0.4606, 0.5394
1, 0.4736, 0.5264
1, 0.483, 0.517
1, 0.456, 0.544
1, 0.4783, 0.5217
1, 0.4562, 0.5438
1, 0.4568, 0.5432
1, 0.4739, 0.5261
1, 0.4738, 0.5262
1, 0.474, 0.526
1, 0.4695, 0.5305
1, 0.4559, 0.5441
1, 0.459, 0.541
1, 0.4739, 0.5261
1, 0.4769, 0.5231
1, 0.4704, 0.5296
1, 0.456, 0.544
1, 0.4736, 0.5264
1, 0.4574, 0.5426
1, 0.4569, 0.5431
1, 0.483, 0.517
1, 0.4564, 0.5436
1, 0.456, 0.544
1, 0.4775, 0.5225
1, 0.4781, 0.5219
1, 0.4635, 0.5365
1, 0.4734, 0.5266
1, 0.4557, 0.5443
1, 0.4744, 0.5256
1, 0.4772, 0.5228
1, 0.478, 0.522
1, 0.4791, 0.5209
1, 0.4632, 0.5368
1, 0.4556, 0.5444
1, 0.4738, 0.5262
1, 0.4738, 0.5262
1, 0.4768, 0.5232
1, 0.4949, 0.5051
1, 0.4659, 0.5341
1, 0.4478, 0.5522
1, 0.4767, 0.5233
1, 0.4464, 0.5536
1, 0.466, 0.534
1, 0.464, 0.536
1, 0.4428, 0.5572
1, 0.4388, 0.5612
1, 0.4598, 0.5402
1, 0.4566, 0.5434
1, 0.4411, 0.5589
1, 0.4548, 0.5452
1, 0.4561, 0.5439
1, 0.4344, 0.5656
1, 0.4749, 0.5251
1, 0.4628, 0.5372
1, 0.4667, 0.5333
1, 0.4651, 0.5349
1, 0.4558, 0.5442
1, 0.4808, 0.5192
1, 0.479, 0.521
1, 0.4556, 0.5444
1, 0.4657, 0.5343
1, 0.4582, 0.5418
1, 0.4731, 0.5269
1, 0.4404, 0.5596
1, 0.4424, 0.5576
1, 0.4432, 0.5568
1, 0.4373, 0.5627
1, 0.4584, 0.5416
1, 0.4434, 0.5566
1, 0.4598, 0.5402
1, 0.4567, 0.5433
1, 0.4567, 0.5433
1, 0.4565, 0.5435
1, 0.4777, 0.5223
1, 0.4562, 0.5438
1, 0.4617, 0.5383
1, 0.4739, 0.5261
1, 0.4815, 0.5185
1, 0.4786, 0.5214
1, 0.4631, 0.5369
1, 0.4609, 0.5391
1, 0.4562, 0.5438
1, 0.4785, 0.5215
1, 0.4734, 0.5266
1, 0.4785, 0.5215
1, 0.4794, 0.5206
1, 0.4746, 0.5254
1, 0.4728, 0.5272
1, 0.4596, 0.5404
1, 0.4454, 0.5546
1, 0.478, 0.522
1, 0.4619, 0.5381
1, 0.4623, 0.5377
1, 0.4735, 0.5265
1, 0.4727, 0.5273
1, 0.4805, 0.5195
1, 0.4757, 0.5243
1, 0.4833, 0.5167
1, 0.4725, 0.5275
1, 0.4745, 0.5255
1, 0.4564, 0.5436
1, 0.4878, 0.5122
1, 0.4685, 0.5315
1, 0.4761, 0.5239
1, 0.4773, 0.5227
1, 0.4801, 0.5199
1, 0.479, 0.521
1, 0.4597, 0.5403
1, 0.4625, 0.5375
1, 0.4806, 0.5194
1, 0.4747, 0.5253
1, 0.4665, 0.5335
1, 0.4858, 0.5142
1, 0.459, 0.541
1, 0.4609, 0.5391
1, 0.4725, 0.5275
1, 0.4772, 0.5228
1, 0.4825, 0.5175
1, 0.4727, 0.5273
1, 0.4725, 0.5275
1, 0.458, 0.542
1, 0.4584, 0.5416
1, 0.479, 0.521
1, 0.4807, 0.5193
1, 0.4594, 0.5406
1, 0.4576, 0.5424
1, 0.4755, 0.5245
1, 0.485, 0.515
1, 0.4573, 0.5427
1, 0.4562, 0.5438
1, 0.4575, 0.5425
1, 0.4525, 0.5475
1, 0.4567, 0.5433
1, 0.4547, 0.5453
1, 0.4575, 0.5425
1, 0.4648, 0.5352
1, 0.4604, 0.5396
1, 0.4949, 0.5051
1, 0.4949, 0.5051
1, 0.4727, 0.5273
1, 0.4585, 0.5415
1, 0.46, 0.54
1, 0.4587, 0.5413
1, 0.457, 0.543
1, 0.4619, 0.5381
1, 0.4558, 0.5442
1, 0.4721, 0.5279
1, 0.4629, 0.5371
1, 0.4502, 0.5498
1, 0.4544, 0.5456
1, 0.4599, 0.5401
1, 0.4611, 0.5389
1, 0.4752, 0.5248
1, 0.4665, 0.5335
1, 0.4718, 0.5282
1, 0.4578, 0.5422
1, 0.4601, 0.5399
1, 0.484, 0.516
1, 0.4772, 0.5228
1, 0.4776, 0.5224
1, 0.46, 0.54
1, 0.4675, 0.5325
1, 0.4611, 0.5389
1, 0.4599, 0.5401
1, 0.4586, 0.5414
1, 0.4594, 0.5406
1, 0.458, 0.542
1, 0.4603, 0.5397
1, 0.462, 0.538
1, 0.4574, 0.5426
1, 0.4609, 0.5391
1, 0.4634, 0.5366
1, 0.4614, 0.5386
1, 0.458, 0.542
1, 0.4605, 0.5395
1, 0.4605, 0.5395
1, 0.4614, 0.5386
1, 0.461, 0.539
1, 0.461, 0.539
1, 0.4623, 0.5377
1, 0.4607, 0.5393
1, 0.4814, 0.5186
1, 0.4778, 0.5222
1, 0.4712, 0.5288
1, 0.4573, 0.5427
1, 0.4739, 0.5261
1, 0.4619, 0.5381
1, 0.464, 0.536
1, 0.4614, 0.5386
1, 0.4621, 0.5379
1, 0.4635, 0.5365
1, 0.4693, 0.5307
1, 0.4649, 0.5351
1, 0.4618, 0.5382
1, 0.4603, 0.5397
1, 0.4609, 0.5391
1, 0.4636, 0.5364
1, 0.4609, 0.5391
1, 0.4856, 0.5144
1, 0.4626, 0.5374
1, 0.4575, 0.5425
1, 0.4955, 0.5045
1, 0.4711, 0.5289
1, 0.4894, 0.5106
1, 0.468, 0.532
1, 0.463, 0.537
1, 0.4837, 0.5163
1, 0.4619, 0.5381
1, 0.4793, 0.5207
1, 0.4836, 0.5164
1, 0.4814, 0.5186
1, 0.4798, 0.5202
1, 0.4816, 0.5184
1, 0.4627, 0.5373
1, 0.4782, 0.5218
1, 0.4777, 0.5223
1, 0.4664, 0.5336
1, 0.4588, 0.5412
1, 0.4597, 0.5403
1, 0.4594, 0.5406
1, 0.4652, 0.5348
1, 0.481, 0.519
1, 0.463, 0.537
1, 0.4661, 0.5339
1, 0.4618, 0.5382
1, 0.4645, 0.5355
1, 0.4799, 0.5201
1, 0.4651, 0.5349
1, 0.4632, 0.5368
1, 0.4656, 0.5344
1, 0.4703, 0.5297
1, 0.4697, 0.5303
1, 0.4723, 0.5277
1, 0.4656, 0.5344
1, 0.4699, 0.5301
1, 0.4673, 0.5327
1, 0.4696, 0.5304
1, 0.4772, 0.5228
1, 0.4617, 0.5383
1, 0.4702, 0.5298
1, 0.4766, 0.5234
1, 0.4679, 0.5321
1, 0.4664, 0.5336
1, 0.4717, 0.5283
1, 0.4753, 0.5247
1, 0.4722, 0.5278
1, 0.4791, 0.5209
1, 0.4724, 0.5276
1, 0.4904, 0.5096
1, 0.4747, 0.5253
1, 0.4695, 0.5305
1, 0.4519, 0.5481
1, 0.4729, 0.5271
1, 0.4696, 0.5304
1, 0.4742, 0.5258
1, 0.4695, 0.5305
1, 0.4707, 0.5293
1, 0.4699, 0.5301
1, 0.4656, 0.5344
1, 0.4726, 0.5274
1, 0.4655, 0.5345
1, 0.4717, 0.5283
1, 0.4673, 0.5327
1, 0.4729, 0.5271
1, 0.4744, 0.5256
1, 0.4717, 0.5283
1, 0.4587, 0.5413
1, 0.4706, 0.5294
1, 0.4949, 0.5051
1, 0.4723, 0.5277
1, 0.4447, 0.5553
1, 0.4718, 0.5282
1, 0.4835, 0.5165
1, 0.4893, 0.5107
1, 0.4871, 0.5129
1, 0.496, 0.504
1, 0.4691, 0.5309
1, 0.4763, 0.5237
1, 0.4956, 0.5044
1, 0.4932, 0.5068
1, 0.4871, 0.5129
1, 0.4949, 0.5051
1, 0.4712, 0.5288
1, 0.4975, 0.5025
1, 0.4668, 0.5332
1, 0.4925, 0.5075
1, 0.4973, 0.5027
1, 0.4746, 0.5254
1, 0.4919, 0.5081
1, 0.4871, 0.5129
1, 0.4668, 0.5332
1, 0.4701, 0.5299
1, 0.4952, 0.5048
1, 0.4848, 0.5152
1, 0.4636, 0.5364
1, 0.48, 0.52
1, 0.4669, 0.5331
1, 0.4652, 0.5348
1, 0.4744, 0.5256
1, 0.477, 0.523
1, 0.4843, 0.5157
1, 0.4671, 0.5329
1, 0.4843, 0.5157
1, 0.4947, 0.5053
1, 0.4938, 0.5062
1, 0.4922, 0.5078
1, 0.4909, 0.5091
1, 0.4916, 0.5084
1, 0.4912, 0.5088
1, 0.4917, 0.5083
1, 0.4499, 0.5501
1, 0.459, 0.541
1, 0.4729, 0.5271
1, 0.4718, 0.5282
1, 0.4499, 0.5501
1, 0.4599, 0.5401
1, 0.4741, 0.5259
1, 0.4583, 0.5417
1, 0.4524, 0.5476
1, 0.4566, 0.5434
1, 0.4499, 0.5501
1, 0.4698, 0.5302
1, 0.4727, 0.5273
1, 0.4539, 0.5461
1, 0.473, 0.527
1, 0.4698, 0.5302
1, 0.46, 0.54
1, 0.4673, 0.5327
1, 0.4787, 0.5213
1, 0.4783, 0.5217
1, 0.4747, 0.5253
1, 0.4598, 0.5402
1, 0.4558, 0.5442
1, 0.4563, 0.5437
1, 0.4866, 0.5134
1, 0.4674, 0.5326
1, 0.4536, 0.5464
1, 0.4564, 0.5436
1, 0.473, 0.527
1, 0.4614, 0.5386
1, 0.4905, 0.5095
1, 0.4768, 0.5232
1, 0.4568, 0.5432
1, 0.4529, 0.5471
1, 0.4545, 0.5455
1, 0.4843, 0.5157
1, 0.4743, 0.5257
1, 0.455, 0.545
1, 0.4786, 0.5214
1, 0.4875, 0.5125
1, 0.4728, 0.5272
1, 0.4723, 0.5277
1, 0.46, 0.54
1, 0.4955, 0.5045
1, 0.4567, 0.5433
1, 0.4768, 0.5232
1, 0.4543, 0.5457
1, 0.4768, 0.5232
1, 0.4592, 0.5408
1, 0.4662, 0.5338
1, 0.4599, 0.5401
1, 0.4936, 0.5064
1, 0.4779, 0.5221
1, 0.4597, 0.5403
1, 0.4647, 0.5353
1, 0.458, 0.542
1, 0.4594, 0.5406
1, 0.4705, 0.5295
1, 0.473, 0.527
1, 0.461, 0.539
1, 0.4571, 0.5429
1, 0.4491, 0.5509
1, 0.4553, 0.5447
1, 0.4553, 0.5447
1, 0.4611, 0.5389
1, 0.4608, 0.5392
1, 0.4516, 0.5484
1, 0.4495, 0.5505
1, 0.4551, 0.5449
1, 0.4546, 0.5454
1, 0.4536, 0.5464
1, 0.4491, 0.5509
1, 0.4769, 0.5231
1, 0.4825, 0.5175
1, 0.4588, 0.5412
1, 0.4519, 0.5481
1, 0.4584, 0.5416
1, 0.4588, 0.5412
1, 0.4626, 0.5374
1, 0.4583, 0.5417
1, 0.4489, 0.5511
1, 0.458, 0.542
1, 0.4591, 0.5409
1, 0.4573, 0.5427
0, 0.5627, 0.4373
0, 0.9785, 0.0215
0, 0.8575, 0.1425
0, 0.743, 0.257
0, 0.5028, 0.4972
0, 0.7381, 0.2619
0, 0.5071, 0.4929
0, 0.7444, 0.2556
0, 0.8434, 0.1566
0, 0.8023, 0.1977
0, 0.2805, 0.7195
0, 0.5389, 0.4611
0, 0.8434, 0.1566
0, 0.5024, 0.4976
0, 0.5107, 0.4893
0, 0.7055, 0.2945
0, 0.5107, 0.4893
0, 0.5107, 0.4893
0, 0.3611, 0.6389
0, 0.742, 0.258
0, 0.5389, 0.4611
0, 0.4109, 0.5891
0, 0.9917, 0.0083
0, 0.8222, 0.1778
0, 0.7347, 0.2653
0, 0.3814, 0.6186
0, 0.2936, 0.7064
0, 0.539, 0.461
0, 0.802, 0.198
0, 0.8328, 0.1672
0, 0.5071, 0.4929
0, 0.7571, 0.2429
0, 0.5232, 0.4768
0, 0.5028, 0.4972
0, 0.8442, 0.1558
0, 0.7465, 0.2535
0, 0.2908, 0.7092
0, 0.5123, 0.4877
0, 0.8579, 0.1421
0, 0.5323, 0.4677
0, 0.6567, 0.3433
0, 0.7827, 0.2173
0, 0.6514, 0.3486
0, 0.5232, 0.4768
0, 0.6724, 0.3276
0, 0.3807, 0.6193
0, 0.7444, 0.2556
0, 0.8374, 0.1626
0, 0.7464, 0.2536
0, 0.9783, 0.0217
0, 0.2663, 0.7337
0, 0.5853, 0.4147
0, 0.3814, 0.6186
0, 0.3023, 0.6977
0, 0.5027, 0.4973
0, 0.744, 0.256
0, 0.5007, 0.4993
0, 0.5563, 0.4437
0, 0.5141, 0.4859
0, 0.5028, 0.4972
0, 0.2546, 0.7454
0, 0.7743, 0.2257
0, 0.7464, 0.2536
0, 0.3598, 0.6402
0, 0.5853, 0.4147
0, 0.2684, 0.7316
0, 0.7444, 0.2556
0, 0.504, 0.496
0, 0.5027, 0.4973
0, 0.629, 0.371
0, 0.3108, 0.6892
0, 0.7055, 0.2945
0, 0.7478, 0.2522
0, 0.3807, 0.6193
0, 0.2816, 0.7184
0, 0.255, 0.745
0, 0.3786, 0.6214
0, 0.8575, 0.1425
0, 0.802, 0.198
0, 0.7055, 0.2945
0, 0.3108, 0.6892
0, 0.8401, 0.1599
0, 0.7492, 0.2508
0, 0.7458, 0.2542
0, 0.5563, 0.4437
0, 0.3372, 0.6628
0, 0.3717, 0.6283
0, 0.2522, 0.7478
0, 0.3126, 0.6874
0, 0.802, 0.198
0, 0.5008, 0.4992
0, 0.7412, 0.2588
0, 0.37, 0.63
0, 0.8329, 0.1671
0, 0.2888, 0.7112
0, 0.9855, 0.0145
0, 0.403, 0.597
0, 0.744, 0.256
0, 0.8088, 0.1912
0, 0.5563, 0.4437
0, 0.251, 0.749
0, 0.8575, 0.1425
0, 0.5107, 0.4893
0, 0.8042, 0.1958
0, 0.2815, 0.7185
0, 0.5028, 0.4972
0, 0.533, 0.467
0, 0.7476, 0.2524
0, 0.8222, 0.1778
0, 0.2656, 0.7344
0, 0.7477, 0.2523
0, 0.3363, 0.6637
0, 0.4211, 0.5789
0, 0.2762, 0.7238
0, 0.981, 0.019
0, 0.3814, 0.6186
0, 0.8589, 0.1411
0, 0.3809, 0.6191
0, 0.9783, 0.0217
0, 0.2805, 0.7195
0, 0.742, 0.258
0, 0.259, 0.741
0, 0.8579, 0.1421
0, 0.2777, 0.7223
0, 0.5008, 0.4992
0, 0.7209, 0.2791
0, 0.6772, 0.3228
0, 0.7448, 0.2552
0, 0.5024, 0.4976
0, 0.6607, 0.3393
0, 0.6607, 0.3393
0, 0.2792, 0.7208
0, 0.7381, 0.2619
0, 0.7381, 0.2619
0, 0.255, 0.745
0, 0.7384, 0.2616
0, 0.2936, 0.7064
0, 0.738, 0.262
0, 0.3799, 0.6201
0, 0.5007, 0.4993
0, 0.5106, 0.4894
0, 0.9891, 0.0109
0, 0.5071, 0.4929
0, 0.5106, 0.4894
0, 0.5027, 0.4973
0, 0.8478, 0.1522
0, 0.2649, 0.7351
0, 0.3354, 0.6646
0, 0.7816, 0.2184
0, 0.7384, 0.2616
0, 0.8378, 0.1622
0, 0.9735, 0.0265
0, 0.6607, 0.3393
0, 0.9743, 0.0257
0, 0.5107, 0.4893
0, 0.5107, 0.4893
0, 0.2546, 0.7454
0, 0.2597, 0.7403
0, 0.6979, 0.3021
0, 0.3814, 0.6186
0, 0.2591, 0.7409
0, 0.2908, 0.7092
0, 0.251, 0.749
0, 0.5108, 0.4892
0, 0.8363, 0.1637
0, 0.5563, 0.4437
0, 0.6797, 0.3203
0, 0.7817, 0.2183
0, 0.6724, 0.3276
0, 0.7709, 0.2291
0, 0.6571, 0.3429
0, 0.2461, 0.7539
0, 0.3006, 0.6994
0, 0.5138, 0.4862
0, 0.7381, 0.2619
0, 0.6571, 0.3429
0, 0.7381, 0.2619
0, 0.533, 0.467
0, 0.2457, 0.7543
0, 0.9891, 0.0109
0, 0.509, 0.491
0, 0.7341, 0.2659
0, 0.3753, 0.6247
0, 0.3354, 0.6646
0, 0.9917, 0.0083
0, 0.7381, 0.2619
0, 0.6309, 0.3691
0, 0.2477, 0.7523
0, 0.5217, 0.4783
0, 0.7381, 0.2619
0, 0.7412, 0.2588
0, 0.746, 0.254
0, 0.2815, 0.7185
0, 0.2557, 0.7443
0, 0.2663, 0.7337
0, 0.6109, 0.3891
0, 0.7475, 0.2525
0, 0.5027, 0.4973
0, 0.9737, 0.0263
0, 0.3126, 0.6874
0, 0.7018, 0.2982
0, 0.9785, 0.0215
0, 0.7381, 0.2619
0, 0.7448, 0.2552
0, 0.7817, 0.2183
0, 0.7878, 0.2122
0, 0.2546, 0.7454
0, 0.7477, 0.2523
0, 0.3807, 0.6193
0, 0.6663, 0.3337
0, 0.7477, 0.2523
0, 0.249, 0.751
0, 0.7393, 0.2607
0, 0.6985, 0.3015
0, 0.2804, 0.7196
0, 0.7381, 0.2619
0, 0.2591, 0.7409
0, 0.5389, 0.4611
0, 0.8579, 0.1421
0, 0.7397, 0.2603
0, 0.5853, 0.4147
0, 0.6607, 0.3393
0, 0.3433, 0.6567
0, 0.7475, 0.2525
0, 0.3807, 0.6193
0, 0.7464, 0.2536
0, 0.2954, 0.7046
0, 0.657, 0.343
0, 0.5028, 0.4972
0, 0.5389, 0.4611
0, 0.8629, 0.1371
0, 0.5389, 0.4611
0, 0.533, 0.467
0, 0.7709, 0.2291
0, 0.533, 0.467
0, 0.7464, 0.2536
0, 0.7381, 0.2619
0, 0.2936, 0.7064
0, 0.3023, 0.6977
0, 0.7709, 0.2291
0, 0.8434, 0.1566
0, 0.7477, 0.2523
0, 0.7817, 0.2183
0, 0.7347, 0.2653
0, 0.7465, 0.2535
0, 0.2758, 0.7242
0, 0.286, 0.714
0, 0.6998, 0.3002
0, 0.7795, 0.2205
0, 0.7384, 0.2616
0, 0.9891, 0.0109
0, 0.7454, 0.2546
0, 0.5025, 0.4975
0, 0.7381, 0.2619
0, 0.8332, 0.1668
0, 0.6607, 0.3393
0, 0.3617, 0.6383
0, 0.7381, 0.2619
0, 0.5028, 0.4972
0, 0.738, 0.262
0, 0.5007, 0.4993
0, 0.3814, 0.6186
0, 0.5141, 0.4859
0, 0.7448, 0.2552
0, 0.5028, 0.4972
0, 0.251, 0.749
0, 0.5024, 0.4976
0, 0.3814, 0.6186
0, 0.2777, 0.7223
0, 0.7381, 0.2619
0, 0.7817, 0.2183
0, 0.2986, 0.7014
0, 0.3023, 0.6977
0, 0.8401, 0.1599
0, 0.8575, 0.1425
0, 0.3717, 0.6283
0, 0.2591, 0.7409
0, 0.2614, 0.7386
0, 0.973, 0.027
0, 0.2758, 0.7242
0, 0.5389, 0.4611
0, 0.2777, 0.7223
0, 0.981, 0.019
0, 0.6722, 0.3278
0, 0.5028, 0.4972
0, 0.7381, 0.2619
0, 0.3598, 0.6402
0, 0.742, 0.258
0, 0.5063, 0.4937
0, 0.249, 0.751
0, 0.3807, 0.6193
0, 0.6835, 0.3165
0, 0.7477, 0.2523
0, 0.2558, 0.7442
0, 0.3006, 0.6994
0, 0.8088, 0.1912
0, 0.2441, 0.7559
0, 0.7716, 0.2284
0, 0.2815, 0.7185
0, 0.5108, 0.4892
0, 0.6797, 0.3203
0, 0.6607, 0.3393
0, 0.2625, 0.7375
0, 0.9917, 0.0083
0, 0.3372, 0.6628
0, 0.7018, 0.2982
0, 0.631, 0.369
0, 0.5107, 0.4893
0, 0.6571, 0.3429
0, 0.7483, 0.2517
0, 0.2614, 0.7386
0, 0.7408, 0.2592
0, 0.3814, 0.6186
0, 0.7323, 0.2677
0, 0.286, 0.714
0, 0.5066, 0.4934
0, 0.2591, 0.7409
0, 0.2614, 0.7386
0, 0.7444, 0.2556
0, 0.5007, 0.4993
0, 0.6772, 0.3228
0, 0.3598, 0.6402
0, 0.5025, 0.4975
0, 0.3786, 0.6214
0, 0.2805, 0.7195
0, 0.5107, 0.4893
0, 0.7441, 0.2559
0, 0.368, 0.632
0, 0.7443, 0.2557
0, 0.6607, 0.3393
0, 0.691, 0.309
0, 0.5563, 0.4437
0, 0.8579, 0.1421
0, 0.7384, 0.2616
0, 0.2684, 0.7316
0, 0.255, 0.745
0, 0.8332, 0.1668
0, 0.7381, 0.2619
0, 0.8579, 0.1421
0, 0.7709, 0.2291
0, 0.5863, 0.4137
0, 0.5025, 0.4975
0, 0.6571, 0.3429
0, 0.5107, 0.4893
0, 0.7364, 0.2636
0, 0.5853, 0.4147
0, 0.7408, 0.2592
0, 0.249, 0.751
0, 0.7743, 0.2257
0, 0.286, 0.714
0, 0.8566, 0.1434
0, 0.6321, 0.3679
0, 0.8328, 0.1672
0, 0.7492, 0.2508
0, 0.7477, 0.2523
0, 0.8401, 0.1599
0, 0.2546, 0.7454
0, 0.6607, 0.3393
0, 0.5028, 0.4972
0, 0.9735, 0.0265
0, 0.5334, 0.4666
0, 0.5234, 0.4766
0, 0.6724, 0.3276
0, 0.7448, 0.2552
0, 0.8434, 0.1566
0, 0.3611, 0.6389
0, 0.5008, 0.4992
0, 0.2614, 0.7386
0, 0.7619, 0.2381
0, 0.3006, 0.6994
0, 0.3126, 0.6874
0, 0.2664, 0.7336
0, 0.3617, 0.6383
0, 0.5024, 0.4976
0, 0.9855, 0.0145
0, 0.2649, 0.7351
0, 0.981, 0.019
0, 0.3108, 0.6892
0, 0.8442, 0.1558
0, 0.2591, 0.7409
0, 0.5232, 0.4768
0, 0.37, 0.63
0, 0.5007, 0.4993
0, 0.5027, 0.4973
0, 0.2661, 0.7339
0, 0.7924, 0.2076
0, 0.7743, 0.2257
0, 0.6797, 0.3203
0, 0.6724, 0.3276
0, 0.5027, 0.4973
0, 0.2591, 0.7409
0, 0.9785, 0.0215
0, 0.5008, 0.4992
0, 0.3023, 0.6977
0, 0.7458, 0.2542
0, 0.2758, 0.7242
0, 0.3363, 0.6637
0, 0.8631, 0.1369
0, 0.2461, 0.7539
0, 0.5107, 0.4893
0, 0.7432, 0.2568
0, 0.3799, 0.6201
0, 0.7376, 0.2624
0, 0.2628, 0.7372
0, 0.8589, 0.1411
0, 0.8579, 0.1421
0, 0.2649, 0.7351
0, 0.2649, 0.7351
0, 0.7817, 0.2183
0, 0.2546, 0.7454
0, 0.2614, 0.7386
0, 0.2667, 0.7333
0, 0.7408, 0.2592
0, 0.8478, 0.1522
0, 0.5069, 0.4931
0, 0.7341, 0.2659
0, 0.8552, 0.1448
0, 0.4109, 0.5891
0, 0.249, 0.751
0, 0.2441, 0.7559
0, 0.802, 0.198
0, 0.5027, 0.4973
0, 0.5107, 0.4893
0, 0.8363, 0.1637
0, 0.7492, 0.2508
0, 0.8088, 0.1912
0, 0.3126, 0.6874
0, 0.7381, 0.2619
0, 0.3931, 0.6069
0, 0.7443, 0.2557
0, 0.7743, 0.2257
0, 0.3006, 0.6994
0, 0.286, 0.714
0, 0.533, 0.467
0, 0.844, 0.156
0, 0.6724, 0.3276
0, 0.7381, 0.2619
0, 0.7474, 0.2526
0, 0.5028, 0.4972
0, 0.981, 0.019
0, 0.6663, 0.3337
0, 0.2614, 0.7386
0, 0.5017, 0.4983
0, 0.7465, 0.2535
0, 0.249, 0.751
0, 0.7405, 0.2595
0, 0.7743, 0.2257
0, 0.37, 0.63
0, 0.7355, 0.2645
0, 0.7827, 0.2173
0, 0.5028, 0.4972
0, 0.7774, 0.2226
0, 0.9917, 0.0083
0, 0.7541, 0.2459
0, 0.9866, 0.0134
0, 0.7026, 0.2974
0, 0.9735, 0.0265
0, 0.7458, 0.2542
0, 0.9806, 0.0194
0, 0.2891, 0.7109
0, 0.5222, 0.4778
0, 0.5028, 0.4972
0, 0.7476, 0.2524
0, 0.8552, 0.1448
0, 0.7448, 0.2552
0, 0.2758, 0.7242
0, 0.7341, 0.2659
0, 0.3692, 0.6308
0, 0.2719, 0.7281
0, 0.2805, 0.7195
0, 0.3807, 0.6193
0, 0.5027, 0.4973
0, 0.2591, 0.7409
0, 0.7512, 0.2488
0, 0.6607, 0.3393
0, 0.5027, 0.4973
0, 0.5007, 0.4993
0, 0.7334, 0.2666
0, 0.5028, 0.4972
0, 0.3108, 0.6892
0, 0.249, 0.751
0, 0.8684, 0.1316
0, 0.6808, 0.3192
0, 0.8021, 0.1979
0, 0.2758, 0.7242
0, 0.2805, 0.7195
0, 0.2908, 0.7092
0, 0.249, 0.751
0, 0.7477, 0.2523
0, 0.6607, 0.3393
0, 0.665, 0.335
0, 0.509, 0.491
0, 0.7393, 0.2607
0, 0.5389, 0.4611
0, 0.5563, 0.4437
0, 0.8579, 0.1421
0, 0.7444, 0.2556
0, 0.7018, 0.2982
0, 0.691, 0.309
0, 0.6985, 0.3015
0, 0.7743, 0.2257
0, 0.7432, 0.2568
0, 0.3354, 0.6646
0, 0.522, 0.478
0, 0.5217, 0.4783
0, 0.7405, 0.2595
0, 0.8363, 0.1637
0, 0.5332, 0.4668
0, 0.9735, 0.0265
0, 0.7393, 0.2607
0, 0.7439, 0.2561
0, 0.2719, 0.7281
0, 0.743, 0.257
0, 0.7444, 0.2556
0, 0.286, 0.714
0, 0.2628, 0.7372
0, 0.7384, 0.2616
0, 0.3749, 0.6251
0, 0.5141, 0.4859
0, 0.2614, 0.7386
0, 0.3433, 0.6567
0, 0.286, 0.714
0, 0.5141, 0.4859
0, 0.844, 0.156
0, 0.7429, 0.2571
0, 0.5027, 0.4973
0, 0.5107, 0.4893
0, 0.973, 0.027
0, 0.5013, 0.4987
0, 0.7341, 0.2659
0, 0.2684, 0.7316
0, 0.3108, 0.6892
0, 0.7475, 0.2525
0, 0.5563, 0.4437
0, 0.8363, 0.1637
0, 0.7816, 0.2184
0, 0.2707, 0.7293
0, 0.5106, 0.4894
0, 0.7743, 0.2257
0, 0.3363, 0.6637
0, 0.8088, 0.1912
0, 0.5217, 0.4783
0, 0.3654, 0.6346
0, 0.631, 0.369
0, 0.8552, 0.1448
0, 0.3707, 0.6293
0, 0.6724, 0.3276
0, 0.3807, 0.6193
0, 0.3847, 0.6153
0, 0.2816, 0.7184
0, 0.7483, 0.2517
0, 0.3753, 0.6247
0, 0.7405, 0.2595
0, 0.5007, 0.4993
0, 0.5069, 0.4931
0, 0.8362, 0.1638
0, 0.9785, 0.0215
0, 0.2684, 0.7316
0, 0.2461, 0.7539
0, 0.6724, 0.3276
0, 0.539, 0.461
0, 0.7827, 0.2173
0, 0.6607, 0.3393
0, 0.3799, 0.6201
0, 0.7055, 0.2945
0, 0.3692, 0.6308
0, 0.7026, 0.2974
0, 0.5563, 0.4437
0, 0.7571, 0.2429
0, 0.8362, 0.1638
0, 0.6797, 0.3203
0, 0.6607, 0.3393
0, 0.5066, 0.4934
0, 0.758, 0.242
0, 0.7384, 0.2616
0, 0.802, 0.198
0, 0.539, 0.461
0, 0.2719, 0.7281
0, 0.8575, 0.1425
0, 0.7924, 0.2076
0, 0.8088, 0.1912
0, 0.7475, 0.2525
0, 0.9917, 0.0083
0, 0.5025, 0.4975
0, 0.5332, 0.4668
0, 0.8723, 0.1277
0, 0.5028, 0.4972
0, 0.7393, 0.2607
0, 0.8723, 0.1277
0, 0.7393, 0.2607
0, 0.368, 0.632
0, 0.5008, 0.4992
0, 0.8328, 0.1672
0, 0.7665, 0.2335
0, 0.7581, 0.2419
0, 0.5107, 0.4893
0, 0.5141, 0.4859
0, 0.2558, 0.7442
0, 0.251, 0.749
0, 0.759, 0.241
0, 0.9785, 0.0215
0, 0.2664, 0.7336
0, 0.2758, 0.7242
0, 0.8328, 0.1672
0, 0.7476, 0.2524
0, 0.2628, 0.7372
0, 0.2684, 0.7316
0, 0.7055, 0.2945
0, 0.255, 0.745
0, 0.8478, 0.1522
0, 0.8723, 0.1277
0, 0.3874, 0.6126
0, 0.3762, 0.6238
0, 0.5234, 0.4766
0, 0.518, 0.482
0, 0.629, 0.371
0, 0.7384, 0.2616
0, 0.5234, 0.4766
0, 0.3617, 0.6383
0, 0.7465, 0.2535
0, 0.2804, 0.7196
0, 0.2672, 0.7328
0, 0.7444, 0.2556
0, 0.7709, 0.2291
0, 0.981, 0.019
0, 0.5141, 0.4859
0, 0.6607, 0.3393
0, 0.7408, 0.2592
0, 0.8088, 0.1912
0, 0.8552, 0.1448
0, 0.533, 0.467
0, 0.7465, 0.2535
0, 0.7817, 0.2183
0, 0.5066, 0.4934
0, 0.5027, 0.4973
0, 0.631, 0.369
0, 0.2805, 0.7195
0, 0.802, 0.198
0, 0.3617, 0.6383
0, 0.2558, 0.7442
0, 0.7364, 0.2636
0, 0.8575, 0.1425
0, 0.368, 0.632
0, 0.844, 0.156
0, 0.9806, 0.0194
0, 0.7817, 0.2183
0, 0.2614, 0.7386
0, 0.7476, 0.2524
0, 0.665, 0.335
0, 0.539, 0.461
0, 0.3299, 0.6701
0, 0.7026, 0.2974
0, 0.5079, 0.4921
0, 0.539, 0.461
0, 0.2591, 0.7409
0, 0.7464, 0.2536
0, 0.6607, 0.3393
0, 0.3722, 0.6278
0, 0.5028, 0.4972
0, 0.5853, 0.4147
0, 0.7458, 0.2542
0, 0.676, 0.324
0, 0.368, 0.632
0, 0.3756, 0.6244
0, 0.5107, 0.4893
0, 0.5024, 0.4976
0, 0.5025, 0.4975
0, 0.5107, 0.4893
0, 0.7432, 0.2568
0, 0.8478, 0.1522
0, 0.5027, 0.4973
0, 0.7475, 0.2525
0, 0.2672, 0.7328
0, 0.5028, 0.4972
0, 0.8442, 0.1558
0, 0.286, 0.714
0, 0.3847, 0.6153
0, 0.2758, 0.7242
0, 0.9891, 0.0109
0, 0.2664, 0.7336
0, 0.7381, 0.2619
0, 0.7743, 0.2257
0, 0.7393, 0.2607
0, 0.5563, 0.4437
0, 0.2614, 0.7386
0, 0.8723, 0.1277
0, 0.8023, 0.1977
0, 0.8088, 0.1912
0, 0.9866, 0.0134
0, 0.3807, 0.6193
0, 0.8328, 0.1672
0, 0.8575, 0.1425
0, 0.3032, 0.6968
0, 0.8328, 0.1672
0, 0.691, 0.309
0, 0.8552, 0.1448
0, 0.843, 0.157
0, 0.5028, 0.4972
0, 0.8442, 0.1558
0, 0.2661, 0.7339
0, 0.7747, 0.2253
0, 0.8723, 0.1277
0, 0.5521, 0.4479
0, 0.7429, 0.2571
0, 0.2656, 0.7344
0, 0.7444, 0.2556
0, 0.5563, 0.4437
0, 0.8442, 0.1558
0, 0.7444, 0.2556
0, 0.539, 0.461
0, 0.2684, 0.7316
0, 0.3617, 0.6383
0, 0.981, 0.019
0, 0.7817, 0.2183
0, 0.2816, 0.7184
0, 0.2649, 0.7351
0, 0.7475, 0.2525
0, 0.7476, 0.2524
0, 0.2557, 0.7443
0, 0.3126, 0.6874
0, 0.5028, 0.4972
0, 0.2457, 0.7543
0, 0.3611, 0.6389
0, 0.2816, 0.7184
0, 0.533, 0.467
0, 0.5027, 0.4973
0, 0.8328, 0.1672
0, 0.5548, 0.4452
0, 0.249, 0.751
0, 0.2614, 0.7386
0, 0.2663, 0.7337
0, 0.7382, 0.2618
0, 0.6109, 0.3891
0, 0.5323, 0.4677
0, 0.7381, 0.2619
0, 0.5024, 0.4976
0, 0.2805, 0.7195
0, 0.7709, 0.2291
0, 0.6026, 0.3974
0, 0.5217, 0.4783
0, 0.7458, 0.2542
0, 0.5323, 0.4677
0, 0.5107, 0.4893
0, 0.691, 0.309
0, 0.981, 0.019
0, 0.7743, 0.2257
0, 0.8328, 0.1672
0, 0.3354, 0.6646
0, 0.5107, 0.4893
0, 0.631, 0.369
0, 0.3707, 0.6293
0, 0.7443, 0.2557
0, 0.7817, 0.2183
0, 0.2625, 0.7375
0, 0.8401, 0.1599
0, 0.3828, 0.6172
0, 0.9916, 0.0084
0, 0.5069, 0.4931
0, 0.5025, 0.4975
0, 0.7581, 0.2419
0, 0.6835, 0.3165
0, 0.3814, 0.6186
0, 0.5234, 0.4766
0, 0.7816, 0.2184
0, 0.2672, 0.7328
0, 0.6985, 0.3015
0, 0.3617, 0.6383
0, 0.5563, 0.4437
0, 0.2684, 0.7316
0, 0.255, 0.745
0, 0.6835, 0.3165
0, 0.533, 0.467
0, 0.3756, 0.6244
0, 0.5025, 0.4975
0, 0.7743, 0.2257
0, 0.5025, 0.4975
0, 0.8499, 0.1501
0, 0.7454, 0.2546
0, 0.7458, 0.2542
0, 0.5563, 0.4437
0, 0.8023, 0.1977
0, 0.5024, 0.4976
0, 0.2441, 0.7559
0, 0.844, 0.156
0, 0.5007, 0.4993
0, 0.9891, 0.0109
0, 0.5436, 0.4564
0, 0.8521, 0.1479
0, 0.8498, 0.1502
0, 0.5106, 0.4894
0, 0.5027, 0.4973
0, 0.7477, 0.2523
0, 0.3617, 0.6383
0, 0.5141, 0.4859
0, 0.7471, 0.2529
0, 0.629, 0.371
0, 0.2724, 0.7276
0, 0.3692, 0.6308
0, 0.2625, 0.7375
0, 0.2986, 0.7014
0, 0.7381, 0.2619
0, 0.2628, 0.7372
0, 0.5389, 0.4611
0, 0.7405, 0.2595
0, 0.2587, 0.7413
0, 0.3807, 0.6193
0, 0.6607, 0.3393
0, 0.5008, 0.4992
0, 0.5106, 0.4894
0, 0.2908, 0.7092
0, 0.509, 0.491
0, 0.3108, 0.6892
0, 0.3832, 0.6168
0, 0.2558, 0.7442
0, 0.7384, 0.2616
0, 0.2757, 0.7243
0, 0.6724, 0.3276
0, 0.5332, 0.4668
0, 0.3847, 0.6153
0, 0.7381, 0.2619
0, 0.2805, 0.7195
0, 0.2672, 0.7328
0, 0.9917, 0.0083
0, 0.5563, 0.4437
0, 0.2457, 0.7543
0, 0.6998, 0.3002
0, 0.5332, 0.4668
0, 0.6607, 0.3393
0, 0.533, 0.467
0, 0.9917, 0.0083
0, 0.6985, 0.3015
0, 0.7816, 0.2184
0, 0.2986, 0.7014
0, 0.5141, 0.4859
0, 0.2614, 0.7386
0, 0.5028, 0.4972
0, 0.8552, 0.1448
0, 0.2777, 0.7223
0, 0.8021, 0.1979
0, 0.5217, 0.4783
0, 0.7444, 0.2556
0, 0.2557, 0.7443
0, 0.5234, 0.4766
0, 0.2667, 0.7333
0, 0.3707, 0.6293
0, 0.2815, 0.7185
0, 0.4996, 0.5004
0, 0.3598, 0.6402
0, 0.7477, 0.2523
0, 0.2558, 0.7442
0, 0.3814, 0.6186
0, 0.3126, 0.6874
0, 0.7464, 0.2536
0, 0.8579, 0.1421
0, 0.7371, 0.2629
0, 0.8723, 0.1277
0, 0.286, 0.714
0, 0.5007, 0.4993
0, 0.3807, 0.6193
0, 0.7464, 0.2536
0, 0.7471, 0.2529
0, 0.2661, 0.7339
0, 0.249, 0.751
0, 0.7816, 0.2184
0, 0.742, 0.258
0, 0.5013, 0.4987
0, 0.8328, 0.1672
0, 0.657, 0.343
0, 0.7476, 0.2524
0, 0.7464, 0.2536
0, 0.6998, 0.3002
0, 0.2457, 0.7543
0, 0.2591, 0.7409
0, 0.7448, 0.2552
0, 0.2684, 0.7316
0, 0.7695, 0.2305
0, 0.7444, 0.2556
0, 0.8552, 0.1448
0, 0.5548, 0.4452
0, 0.2628, 0.7372
0, 0.7364, 0.2636
0, 0.5234, 0.4766
0, 0.5107, 0.4893
0, 0.2614, 0.7386
0, 0.7464, 0.2536
0, 0.6607, 0.3393
0, 0.5024, 0.4976
0, 0.7475, 0.2525
0, 0.5106, 0.4894
0, 0.3756, 0.6244
0, 0.3126, 0.6874
0, 0.7774, 0.2226
0, 0.6979, 0.3021
0, 0.7512, 0.2488
0, 0.8362, 0.1638
0, 0.5008, 0.4992
0, 0.8629, 0.1371
0, 0.7475, 0.2525
0, 0.2816, 0.7184
0, 0.7464, 0.2536
0, 0.3023, 0.6977
0, 0.3807, 0.6193
0, 0.7571, 0.2429
0, 0.742, 0.258
0, 0.5017, 0.4983
0, 0.6514, 0.3486
0, 0.2664, 0.7336
0, 0.3126, 0.6874
0, 0.5389, 0.4611
0, 0.6607, 0.3393
0, 0.5436, 0.4564
0, 0.403, 0.597
0, 0.403, 0.597
0, 0.509, 0.491
0, 0.5106, 0.4894
0, 0.8589, 0.1411
0, 0.3032, 0.6968
0, 0.7209, 0.2791
0, 0.5334, 0.4666
0, 0.6567, 0.3433
0, 0.3126, 0.6874
0, 0.7444, 0.2556
0, 0.7483, 0.2517
0, 0.2663, 0.7337
0, 0.8589, 0.1411
0, 0.2663, 0.7337
0, 0.3611, 0.6389
0, 0.8401, 0.1599
0, 0.8042, 0.1958
0, 0.6899, 0.3101
0, 0.7471, 0.2529
0, 0.7429, 0.2571
0, 0.5141, 0.4859
0, 0.8328, 0.1672
0, 0.7408, 0.2592
0, 0.6514, 0.3486
0, 0.711, 0.289
0, 0.5976, 0.4024
0, 0.5069, 0.4931
0, 0.8579, 0.1421
0, 0.2672, 0.7328
0, 0.2888, 0.7112
0, 0.3828, 0.6172
0, 0.2457, 0.7543
0, 0.2614, 0.7386
0, 0.249, 0.751
0, 0.7464, 0.2536
0, 0.7209, 0.2791
0, 0.802, 0.198
0, 0.7757, 0.2243
0, 0.8328, 0.1672
0, 0.522, 0.478
0, 0.9866, 0.0134
0, 0.5027, 0.4973
0, 0.2614, 0.7386
0, 0.7408, 0.2592
0, 0.4109, 0.5891
0, 0.2891, 0.7109
0, 0.249, 0.751
0, 0.533, 0.467
0, 0.8374, 0.1626
0, 0.7381, 0.2619
0, 0.6607, 0.3393
0, 0.5027, 0.4973
0, 0.7464, 0.2536
0, 0.2558, 0.7442
0, 0.5108, 0.4892
0, 0.3126, 0.6874
0, 0.7393, 0.2607
0, 0.7827, 0.2173
0, 0.5028, 0.4972
0, 0.2684, 0.7316
0, 0.3828, 0.6172
0, 0.3807, 0.6193
0, 0.9855, 0.0145
0, 0.5141, 0.4859
0, 0.533, 0.467
0, 0.7817, 0.2183
0, 0.7795, 0.2205
0, 0.6607, 0.3393
0, 0.5069, 0.4931
0, 0.2663, 0.7337
0, 0.7432, 0.2568
0, 0.7381, 0.2619
0, 0.7474, 0.2526
0, 0.7347, 0.2653
0, 0.504, 0.496
0, 0.7709, 0.2291
0, 0.539, 0.461
0, 0.6998, 0.3002
0, 0.3108, 0.6892
0, 0.8021, 0.1979
0, 0.2441, 0.7559
0, 0.7747, 0.2253
0, 0.8566, 0.1434
0, 0.2441, 0.7559
0, 0.742, 0.258
0, 0.7619, 0.2381
0, 0.533, 0.467
0, 0.711, 0.289
0, 0.3023, 0.6977
0, 0.711, 0.289
0, 0.7571, 0.2429
0, 0.2656, 0.7344
0, 0.3931, 0.6069
0, 0.7563, 0.2437
0, 0.7774, 0.2226
0, 0.8374, 0.1626
0, 0.7341, 0.2659
0, 0.7381, 0.2619
0, 0.5007, 0.4993
0, 0.5024, 0.4976
0, 0.6607, 0.3393
0, 0.7382, 0.2618
0, 0.742, 0.258
0, 0.2558, 0.7442
0, 0.8088, 0.1912
0, 0.2936, 0.7064
0, 0.2758, 0.7242
0, 0.2804, 0.7196
0, 0.7816, 0.2184
0, 0.5123, 0.4877
0, 0.3814, 0.6186
0, 0.2522, 0.7478
0, 0.2457, 0.7543
0, 0.7444, 0.2556
0, 0.2816, 0.7184
0, 0.7477, 0.2523
0, 0.2917, 0.7083
0, 0.5024, 0.4976
0, 0.2441, 0.7559
0, 0.3433, 0.6567
0, 0.3642, 0.6358
0, 0.249, 0.751
0, 0.7393, 0.2607
0, 0.7744, 0.2256
0, 0.2672, 0.7328
0, 0.7464, 0.2536
0, 0.2908, 0.7092
0, 0.368, 0.632
0, 0.7817, 0.2183
0, 0.6607, 0.3393
0, 0.7878, 0.2122
0, 0.3023, 0.6977
0, 0.5853, 0.4147
0, 0.711, 0.289
0, 0.2579, 0.7421
0, 0.7381, 0.2619
0, 0.259, 0.741
0, 0.2758, 0.7242
0, 0.2546, 0.7454
0, 0.2546, 0.7454
0, 0.5027, 0.4973
0, 0.7381, 0.2619
0, 0.7617, 0.2383
0, 0.3701, 0.6299
0, 0.6607, 0.3393
0, 0.7464, 0.2536
0, 0.746, 0.254
0, 0.7408, 0.2592
0, 0.6797, 0.3203
0, 0.3707, 0.6293
0, 0.2664, 0.7336
0, 0.539, 0.461
0, 0.5232, 0.4768
0, 0.2832, 0.7168
0, 0.2758, 0.7242
0, 0.8478, 0.1522
0, 0.7483, 0.2517
0, 0.2664, 0.7336
0, 0.3433, 0.6567
0, 0.3611, 0.6389
0, 0.8328, 0.1672
0, 0.5027, 0.4973
0, 0.7474, 0.2526
0, 0.3617, 0.6383
0, 0.7381, 0.2619
0, 0.7381, 0.2619
0, 0.302, 0.698
0, 0.6607, 0.3393
0, 0.2701, 0.7299
0, 0.7795, 0.2205
0, 0.7384, 0.2616
0, 0.2461, 0.7539
0, 0.7347, 0.2653
0, 0.3299, 0.6701
0, 0.5071, 0.4929
0, 0.8566, 0.1434
0, 0.7382, 0.2618
0, 0.5232, 0.4768
0, 0.9916, 0.0084
0, 0.7465, 0.2535
0, 0.7432, 0.2568
0, 0.2441, 0.7559
0, 0.3617, 0.6383
0, 0.2804, 0.7196
0, 0.2649, 0.7351
0, 0.7408, 0.2592
0, 0.6607, 0.3393
0, 0.6571, 0.3429
0, 0.3756, 0.6244
0, 0.6797, 0.3203
0, 0.5436, 0.4564
0, 0.533, 0.467
0, 0.631, 0.369
0, 0.7924, 0.2076
0, 0.7743, 0.2257
0, 0.7408, 0.2592
0, 0.631, 0.369
0, 0.5951, 0.4049
0, 0.6607, 0.3393
0, 0.9891, 0.0109
0, 0.6808, 0.3192
0, 0.6109, 0.3891
0, 0.7347, 0.2653
0, 0.7774, 0.2226
0, 0.742, 0.258
0, 0.9783, 0.0217
0, 0.5234, 0.4766
0, 0.7443, 0.2557
0, 0.5563, 0.4437
0, 0.2558, 0.7442
0, 0.5107, 0.4893
0, 0.2661, 0.7339
0, 0.2986, 0.7014
0, 0.2649, 0.7351
0, 0.6607, 0.3393
0, 0.5369, 0.4631
0, 0.5141, 0.4859
0, 0.973, 0.027
0, 0.5138, 0.4862
0, 0.5107, 0.4893
0, 0.7475, 0.2525
0, 0.5008, 0.4992
0, 0.7743, 0.2257
0, 0.759, 0.241
0, 0.5389, 0.4611
0, 0.8478, 0.1522
0, 0.7743, 0.2257
0, 0.711, 0.289
0, 0.7817, 0.2183
0, 0.2888, 0.7112
0, 0.3598, 0.6402
0, 0.742, 0.258
0, 0.7492, 0.2508
0, 0.6571, 0.3429
0, 0.8023, 0.1977
0, 0.2684, 0.7316
0, 0.2936, 0.7064
0, 0.7571, 0.2429
0, 0.8589, 0.1411
0, 0.7334, 0.2666
0, 0.2614, 0.7386
0, 0.2546, 0.7454
0, 0.7055, 0.2945
0, 0.3756, 0.6244
0, 0.8566, 0.1434
0, 0.7018, 0.2982
0, 0.5027, 0.4973
0, 0.6607, 0.3393
0, 0.3756, 0.6244
0, 0.7816, 0.2184
0, 0.5389, 0.4611
0, 0.3126, 0.6874
0, 0.2649, 0.7351
0, 0.2917, 0.7083
0, 0.249, 0.751
0, 0.3828, 0.6172
0, 0.2457, 0.7543
0, 0.8362, 0.1638
0, 0.2684, 0.7316
0, 0.8723, 0.1277
0, 0.802, 0.198
0, 0.7475, 0.2525
0, 0.6797, 0.3203
0, 0.9866, 0.0134
0, 0.2461, 0.7539
0, 0.2908, 0.7092
0, 0.3832, 0.6168
0, 0.2986, 0.7014
0, 0.7439, 0.2561
0, 0.7444, 0.2556
0, 0.37, 0.63
0, 0.2672, 0.7328
0, 0.6109, 0.3891
0, 0.5123, 0.4877
0, 0.8088, 0.1912
0, 0.5107, 0.4893
0, 0.7408, 0.2592
0, 0.6985, 0.3015
0, 0.8332, 0.1668
0, 0.7354, 0.2646
0, 0.2936, 0.7064
0, 0.2628, 0.7372
0, 0.286, 0.714
0, 0.5107, 0.4893
0, 0.5007, 0.4993
0, 0.7743, 0.2257
0, 0.3828, 0.6172
0, 0.522, 0.478
0, 0.5107, 0.4893
0, 0.7444, 0.2556
0, 0.5107, 0.4893
0, 0.6607, 0.3393
0, 0.7427, 0.2573
0, 0.302, 0.698
0, 0.7444, 0.2556
0, 0.8566, 0.1434
0, 0.2664, 0.7336
0, 0.255, 0.745
0, 0.2804, 0.7196
0, 0.8329, 0.1671
0, 0.3756, 0.6244
0, 0.37, 0.63
0, 0.3611, 0.6389
0, 0.5071, 0.4929
0, 0.5563, 0.4437
0, 0.8328, 0.1672
0, 0.9917, 0.0083
0, 0.7581, 0.2419
0, 0.255, 0.745
0, 0.8579, 0.1421
0, 0.6663, 0.3337
0, 0.2457, 0.7543
0, 0.7571, 0.2429
0, 0.7465, 0.2535
0, 0.255, 0.745
0, 0.7459, 0.2541
0, 0.7743, 0.2257
0, 0.5108, 0.4892
0, 0.8575, 0.1425
0, 0.2522, 0.7478
0, 0.8363, 0.1637
0, 0.8629, 0.1371
0, 0.5339, 0.4661
0, 0.3722, 0.6278
0, 0.2777, 0.7223
0, 0.7478, 0.2522
0, 0.2628, 0.7372
0, 0.2591, 0.7409
0, 0.8579, 0.1421
0, 0.5027, 0.4973
0, 0.2591, 0.7409
0, 0.5107, 0.4893
0, 0.9917, 0.0083
0, 0.2888, 0.7112
0, 0.7384, 0.2616
0, 0.5234, 0.4766
0, 0.8378, 0.1622
0, 0.7055, 0.2945
0, 0.676, 0.324
0, 0.2649, 0.7351
0, 0.2758, 0.7242
0, 0.7384, 0.2616
0, 0.3126, 0.6874
0, 0.2587, 0.7413
0, 0.7475, 0.2525
0, 0.5069, 0.4931
0, 0.7429, 0.2571
0, 0.2619, 0.7381
0, 0.759, 0.241
0, 0.5027, 0.4973
0, 0.5027, 0.4973
0, 0.5563, 0.4437
0, 0.8723, 0.1277
0, 0.7055, 0.2945
0, 0.2891, 0.7109
0, 0.7382, 0.2618
0, 0.5007, 0.4993
0, 0.3433, 0.6567
0, 0.2815, 0.7185
0, 0.8401, 0.1599
0, 0.7571, 0.2429
0, 0.7439, 0.2561
0, 0.2522, 0.7478
0, 0.8629, 0.1371
0, 0.5548, 0.4452
0, 0.2804, 0.7196
0, 0.8328, 0.1672
0, 0.2522, 0.7478
0, 0.7571, 0.2429
0, 0.7381, 0.2619
0, 0.5079, 0.4921
0, 0.286, 0.714
0, 0.8456, 0.1544
0, 0.2661, 0.7339
0, 0.3433, 0.6567
0, 0.3814, 0.6186
0, 0.8042, 0.1958
0, 0.368, 0.632
0, 0.5071, 0.4929
0, 0.6607, 0.3393
0, 0.5027, 0.4973
0, 0.3786, 0.6214
0, 0.8629, 0.1371
0, 0.2719, 0.7281
0, 0.2719, 0.7281
0, 0.5107, 0.4893
0, 0.7432, 0.2568
0, 0.3617, 0.6383
0, 0.8629, 0.1371
0, 0.7408, 0.2592
0, 0.3059, 0.6941
0, 0.5521, 0.4479
0, 0.7465, 0.2535
0, 0.8363, 0.1637
0, 0.5028, 0.4972
0, 0.7474, 0.2526
0, 0.9917, 0.0083
0, 0.7817, 0.2183
0, 0.6722, 0.3278
0, 0.2614, 0.7386
0, 0.8332, 0.1668
0, 0.5323, 0.4677
0, 0.6607, 0.3393
0, 0.6109, 0.3891
0, 0.3722, 0.6278
0, 0.7382, 0.2618
0, 0.6835, 0.3165
0, 0.5212, 0.4788
0, 0.5007, 0.4993
0, 0.5027, 0.4973
0, 0.2564, 0.7436
0, 0.5008, 0.4992
0, 0.5063, 0.4937
0, 0.6722, 0.3278
0, 0.3108, 0.6892
0, 0.2792, 0.7208
0, 0.2546, 0.7454
0, 0.7018, 0.2982
0, 0.5389, 0.4611
0, 0.7492, 0.2508
0, 0.249, 0.751
0, 0.8499, 0.1501
0, 0.8575, 0.1425
0, 0.3354, 0.6646
0, 0.539, 0.461
0, 0.2777, 0.7223
0, 0.2558, 0.7442
0, 0.7408, 0.2592
0, 0.2832, 0.7168
0, 0.7477, 0.2523
0, 0.8362, 0.1638
0, 0.2664, 0.7336
0, 0.7776, 0.2224
0, 0.6998, 0.3002
0, 0.5156, 0.4844
0, 0.6663, 0.3337
0, 0.8566, 0.1434
0, 0.2614, 0.7386
0, 0.3108, 0.6892
0, 0.7364, 0.2636
0, 0.5069, 0.4931
0, 0.8723, 0.1277
0, 0.5069, 0.4931
0, 0.533, 0.467
0, 0.5007, 0.4993
0, 0.302, 0.698
0, 0.3762, 0.6238
0, 0.9891, 0.0109
0, 0.9855, 0.0145
0, 0.255, 0.745
0, 0.7285, 0.2715
0, 0.9916, 0.0084
0, 0.8362, 0.1638
0, 0.5107, 0.4893
0, 0.7055, 0.2945
0, 0.539, 0.461
0, 0.5222, 0.4778
0, 0.5025, 0.4975
0, 0.2805, 0.7195
0, 0.7816, 0.2184
0, 0.631, 0.369
0, 0.3786, 0.6214
0, 0.8566, 0.1434
0, 0.7382, 0.2618
0, 0.7432, 0.2568
0, 0.7476, 0.2524
0, 0.7475, 0.2525
0, 0.2649, 0.7351
0, 0.3847, 0.6153
0, 0.973, 0.027
0, 0.7381, 0.2619
0, 0.738, 0.262
0, 0.8456, 0.1544
0, 0.7743, 0.2257
0, 0.5323, 0.4677
0, 0.7405, 0.2595
0, 0.3722, 0.6278
0, 0.5025, 0.4975
0, 0.249, 0.751
0, 0.9891, 0.0109
0, 0.3611, 0.6389
0, 0.7757, 0.2243
0, 0.7322, 0.2678
0, 0.631, 0.369
0, 0.8629, 0.1371
0, 0.3756, 0.6244
0, 0.744, 0.256
0, 0.7381, 0.2619
0, 0.5006, 0.4994
0, 0.9917, 0.0083
0, 0.5106, 0.4894
0, 0.2663, 0.7337
0, 0.8328, 0.1672
0, 0.3573, 0.6427
0, 0.6607, 0.3393
0, 0.7474, 0.2526
0, 0.7464, 0.2536
0, 0.2441, 0.7559
0, 0.7354, 0.2646
0, 0.5141, 0.4859
0, 0.6514, 0.3486
0, 0.8362, 0.1638
0, 0.8575, 0.1425
0, 0.2461, 0.7539
0, 0.2684, 0.7316
0, 0.6797, 0.3203
0, 0.7827, 0.2173
0, 0.2646, 0.7354
0, 0.7464, 0.2536
0, 0.8328, 0.1672
0, 0.7393, 0.2607
0, 0.259, 0.741
0, 0.533, 0.467
0, 0.8575, 0.1425
0, 0.6607, 0.3393
0, 0.7408, 0.2592
0, 0.5107, 0.4893
0, 0.7429, 0.2571
0, 0.7475, 0.2525
0, 0.2461, 0.7539
0, 0.3006, 0.6994
0, 0.7475, 0.2525
0, 0.3006, 0.6994
0, 0.8328, 0.1672
0, 0.5463, 0.4537
0, 0.5436, 0.4564
0, 0.2591, 0.7409
0, 0.6772, 0.3228
0, 0.5563, 0.4437
0, 0.6797, 0.3203
0, 0.9785, 0.0215
0, 0.3697, 0.6303
0, 0.9891, 0.0109
0, 0.3126, 0.6874
0, 0.5066, 0.4934
0, 0.5007, 0.4993
0, 0.7381, 0.2619
0, 0.631, 0.369
0, 0.7458, 0.2542
0, 0.2792, 0.7208
0, 0.5107, 0.4893
0, 0.7427, 0.2573
0, 0.711, 0.289
0, 0.2546, 0.7454
0, 0.2558, 0.7442
0, 0.3433, 0.6567
0, 0.2591, 0.7409
0, 0.2816, 0.7184
0, 0.7432, 0.2568
0, 0.5027, 0.4973
0, 0.6607, 0.3393
0, 0.2936, 0.7064
0, 0.7483, 0.2517
0, 0.7393, 0.2607
0, 0.3617, 0.6383
0, 0.7571, 0.2429
0, 0.2619, 0.7381
0, 0.7619, 0.2381
0, 0.7376, 0.2624
0, 0.2684, 0.7316
0, 0.5389, 0.4611
0, 0.5025, 0.4975
0, 0.8374, 0.1626
0, 0.7817, 0.2183
0, 0.5028, 0.4972
0, 0.8006, 0.1994
0, 0.3753, 0.6247
0, 0.251, 0.749
0, 0.7382, 0.2618
0, 0.7464, 0.2536
0, 0.7384, 0.2616
0, 0.5323, 0.4677
0, 0.8362, 0.1638
0, 0.249, 0.751
0, 0.2792, 0.7208
0, 0.8088, 0.1912
0, 0.3786, 0.6214
0, 0.249, 0.751
0, 0.2805, 0.7195
0, 0.2558, 0.7442
0, 0.2707, 0.7293
0, 0.6724, 0.3276
0, 0.7444, 0.2556
0, 0.7464, 0.2536
0, 0.2592, 0.7408
