0, 0.6047, 0.3953
0, 0.2968, 0.7032
0, 0.4746, 0.5254
0, 0.4638, 0.5362
0, 0.8097, 0.1903
0, 0.9854, 0.0146
0, 0.9786, 0.0214
0, 0.9577, 0.0423
0, 0.8537, 0.1463
0, 0.5325, 0.4675
0, 0.9786, 0.0214
0, 0.7211, 0.2789
0, 0.8771, 0.1229
0, 0.8066, 0.1934
0, 0.1736, 0.8264
0, 0.9171, 0.0829
0, 0.6357, 0.3643
0, 0.9686, 0.0314
0, 0.1459, 0.8541
0, 0.8665, 0.1335
0, 0.6487, 0.3513
0, 0.7926, 0.2074
0, 0.1577, 0.8423
0, 0.3643, 0.6357
0, 0.9718, 0.0282
0, 0.8783, 0.1217
0, 0.9712, 0.0288
0, 0.6112, 0.3888
0, 0.6507, 0.3493
0, 0.8889, 0.1111
0, 0.8244, 0.1756
0, 0.9965, 0.0035
0, 0.5527, 0.4473
0, 0.9579, 0.0421
0, 0.9935, 0.0065
0, 0.955, 0.045
0, 0.9798, 0.0202
0, 0.8135, 0.1865
0, 0.88, 0.12
0, 0.9554, 0.0446
0, 0.4053, 0.5947
0, 0.8716, 0.1284
0, 0.8831, 0.1169
0, 0.9523, 0.0477
0, 0.4011, 0.5989
0, 0.7637, 0.2363
0, 0.7169, 0.2831
0, 0.7656, 0.2344
0, 0.7758, 0.2242
0, 0.5135, 0.4865
0, 0.917, 0.083
0, 0.6149, 0.3851
0, 0.7128, 0.2872
0, 0.7223, 0.2777
0, 0.6725, 0.3275
0, 0.5953, 0.4047
0, 0.6662, 0.3338
0, 0.8834, 0.1166
0, 0.5927, 0.4073
0, 0.5322, 0.4678
0, 0.6075, 0.3925
0, 0.8005, 0.1995
0, 0.9743, 0.0257
0, 0.9534, 0.0466
0, 0.3896, 0.6104
0, 0.9774, 0.0226
1, 0.3862, 0.6138
0, 0.9774, 0.0226
0, 0.753, 0.247
0, 0.4871, 0.5129
0, 0.9952, 0.0048
0, 0.8176, 0.1824
0, 0.6956, 0.3044
0, 0.9274, 0.0726
0, 0.9197, 0.0803
0, 0.4629, 0.5371
0, 0.8563, 0.1437
0, 0.6487, 0.3513
0, 0.4209, 0.5791
0, 0.7795, 0.2205
0, 0.8866, 0.1134
0, 0.6892, 0.3108
1, 0.4938, 0.5062
0, 0.4593, 0.5407
1, 0.3134, 0.6866
1, 0.3163, 0.6837
0, 0.8283, 0.1717
1, 0.3231, 0.6769
0, 0.6837, 0.3163
1, 0.2776, 0.7224
1, 0.3206, 0.6794
0, 0.3368, 0.6632
0, 0.9691, 0.0309
0, 0.9605, 0.0395
0, 0.9757, 0.0243
1, 0.9827, 0.0173
1, 0.9823, 0.0177
0, 0.6935, 0.3065
1, 0.9823, 0.0177
0, 0.7494, 0.2506
0, 0.7311, 0.2689
1, 0.9915, 0.0085
1, 0.9915, 0.0085
0, 0.9859, 0.0141
0, 0.6656, 0.3344
1, 0.9827, 0.0173
0, 0.9892, 0.0108
0, 0.9575, 0.0425
0, 0.9865, 0.0135
1, 0.3663, 0.6337
1, 0.356, 0.644
0, 0.9826, 0.0174
0, 0.9776, 0.0224
0, 0.9911, 0.0089
0, 0.9704, 0.0296
0, 0.9859, 0.0141
0, 0.7503, 0.2497
0, 0.8113, 0.1887
0, 0.9942, 0.0058
0, 0.9783, 0.0217
0, 0.9874, 0.0126
1, 0.8742, 0.1258
0, 0.8027, 0.1973
0, 0.843, 0.157
0, 0.7365, 0.2635
0, 0.9798, 0.0202
0, 0.6994, 0.3006
0, 0.7012, 0.2988
0, 0.6821, 0.3179
0, 0.5144, 0.4856
0, 0.502, 0.498
1, 0.3134, 0.6866
1, 0.9915, 0.0085
1, 0.9823, 0.0177
1, 0.356, 0.644
1, 0.9915, 0.0085
1, 0.4938, 0.5062
1, 0.8742, 0.1258
1, 0.3206, 0.6794
1, 0.9823, 0.0177
1, 0.9823, 0.0177
1, 0.9915, 0.0085
1, 0.8742, 0.1258
1, 0.356, 0.644
1, 0.9915, 0.0085
1, 0.4938, 0.5062
1, 0.9823, 0.0177
1, 0.4938, 0.5062
1, 0.4938, 0.5062
1, 0.4938, 0.5062
1, 0.9823, 0.0177
1, 0.9823, 0.0177
1, 0.4938, 0.5062
1, 0.4938, 0.5062
1, 0.9823, 0.0177
1, 0.4938, 0.5062
1, 0.4938, 0.5062
1, 0.4938, 0.5062
1, 0.9823, 0.0177
1, 0.9915, 0.0085
1, 0.8742, 0.1258
1, 0.3206, 0.6794
1, 0.3231, 0.6769
1, 0.4938, 0.5062
1, 0.2776, 0.7224
1, 0.9915, 0.0085
1, 0.9915, 0.0085
1, 0.4938, 0.5062
1, 0.4938, 0.5062
1, 0.4938, 0.5062
1, 0.9915, 0.0085
1, 0.4938, 0.5062
1, 0.9915, 0.0085
1, 0.9827, 0.0173
1, 0.9823, 0.0177
1, 0.3231, 0.6769
1, 0.4938, 0.5062
1, 0.9823, 0.0177
1, 0.3163, 0.6837
1, 0.9915, 0.0085
1, 0.3206, 0.6794
1, 0.8742, 0.1258
1, 0.356, 0.644
1, 0.3206, 0.6794
1, 0.9823, 0.0177
1, 0.9823, 0.0177
1, 0.3231, 0.6769
1, 0.9915, 0.0085
1, 0.356, 0.644
1, 0.3663, 0.6337
1, 0.3206, 0.6794
1, 0.3134, 0.6866
1, 0.9823, 0.0177
1, 0.2776, 0.7224
1, 0.9827, 0.0173
1, 0.3206, 0.6794
1, 0.356, 0.644
1, 0.4938, 0.5062
1, 0.3134, 0.6866
1, 0.8742, 0.1258
1, 0.9823, 0.0177
1, 0.356, 0.644
1, 0.8742, 0.1258
1, 0.4938, 0.5062
1, 0.4938, 0.5062
1, 0.3206, 0.6794
1, 0.3134, 0.6866
1, 0.4938, 0.5062
1, 0.4938, 0.5062
1, 0.3134, 0.6866
1, 0.9823, 0.0177
1, 0.9823, 0.0177
1, 0.2776, 0.7224
1, 0.9823, 0.0177
1, 0.4938, 0.5062
1, 0.3163, 0.6837
1, 0.9823, 0.0177
1, 0.3206, 0.6794
1, 0.356, 0.644
1, 0.9823, 0.0177
1, 0.9915, 0.0085
1, 0.356, 0.644
1, 0.4938, 0.5062
1, 0.9915, 0.0085
1, 0.9823, 0.0177
1, 0.9915, 0.0085
1, 0.4938, 0.5062
1, 0.356, 0.644
1, 0.4938, 0.5062
1, 0.9915, 0.0085
