0, 0.7027, 0.2973
0, 0.7034, 0.2966
0, 0.7432, 0.2568
0, 0.9773, 0.0227
0, 0.8814, 0.1186
0, 0.7007, 0.2993
0, 0.7625, 0.2375
0, 0.7185, 0.2815
0, 0.8929, 0.1071
0, 0.7366, 0.2634
0, 0.8253, 0.1747
0, 0.8894, 0.1106
0, 0.6242, 0.3758
0, 0.7471, 0.2529
0, 0.736, 0.264
0, 0.8826, 0.1174
0, 0.7161, 0.2839
0, 0.887, 0.113
0, 0.7607, 0.2393
0, 0.876, 0.124
0, 0.7361, 0.2639
0, 0.7232, 0.2768
0, 0.7624, 0.2376
0, 0.9998, 0.0002
0, 0.9498, 0.0502
0, 0.7363, 0.2637
0, 0.8323, 0.1677
0, 0.7218, 0.2782
0, 0.8235, 0.1765
0, 0.9999, 0.0001
0, 0.9761, 0.0239
0, 0.7579, 0.2421
0, 0.7237, 0.2763
0, 0.9749, 0.0251
0, 0.7366, 0.2634
0, 0.9792, 0.0208
0, 0.7358, 0.2642
0, 0.9414, 0.0586
0, 0.9663, 0.0337
0, 0.8709, 0.1291
0, 0.7977, 0.2023
0, 0.6659, 0.3341
0, 0.8874, 0.1126
0, 0.9761, 0.0239
0, 0.8549, 0.1451
0, 0.9126, 0.0874
0, 0.9663, 0.0337
0, 0.9498, 0.0502
0, 0.762, 0.238
0, 0.7842, 0.2158
0, 0.7665, 0.2335
0, 0.7556, 0.2444
0, 0.7788, 0.2212
0, 0.7669, 0.2331
0, 0.7762, 0.2238
0, 0.7836, 0.2164
0, 0.7607, 0.2393
0, 0.7752, 0.2248
0, 0.7675, 0.2325
0, 0.7524, 0.2476
0, 0.9778, 0.0222
0, 0.7085, 0.2915
0, 0.7619, 0.2381
0, 0.7166, 0.2834
0, 0.8812, 0.1188
0, 0.7272, 0.2728
0, 0.759, 0.241
0, 0.6435, 0.3565
0, 0.7562, 0.2438
0, 0.7453, 0.2547
0, 0.7753, 0.2247
0, 0.7826, 0.2174
0, 0.7754, 0.2246
0, 0.7562, 0.2438
0, 0.7828, 0.2172
0, 0.6821, 0.3179
0, 0.7349, 0.2651
0, 0.7771863636363636, 0.22281363636363635
0, 0.7758863636363637, 0.22411363636363635
0, 0.98, 0.02
0, 0.9799, 0.0201
0, 0.7784863636363636, 0.22151363636363636
0, 0.9798, 0.0202
0, 0.9796, 0.0204
0, 0.6439333333333334, 0.35606666666666664
0, 0.6756863636363636, 0.32431363636363636
0, 0.6781333333333333, 0.32186666666666663
0, 0.6706333333333333, 0.32936666666666664
0, 0.6290333333333333, 0.37096666666666667
0, 0.6745863636363636, 0.32541363636363635
0, 0.5308333333333333, 0.4691666666666667
0, 0.7763863636363636, 0.22361363636363635
0, 0.7754863636363636, 0.22451363636363636
0, 0.8022333333333334, 0.19776666666666667
0, 0.9047, 0.0953
0, 0.7994, 0.2006
0, 0.8543830303030303, 0.14561696969696972
0, 0.9273776119402984, 0.07262238805970149
0, 0.9206776119402984, 0.0793223880597015
0, 0.9522, 0.0478
0, 0.9211776119402985, 0.0788223880597015
0, 0.8730580303030303, 0.12694196969696972
0, 0.9286776119402984, 0.0713223880597015
0, 0.8048133333333333, 0.19518666666666667
0, 0.7213216666666666, 0.2786783333333333
0, 0.9532, 0.0468
0, 0.9442, 0.0558
0, 0.6590866666666666, 0.34091333333333335
0, 0.6536196969696969, 0.346380303030303
0, 0.7559196969696969, 0.244080303030303
0, 0.7536196969696969, 0.246380303030303
0, 0.7310863636363636, 0.26891363636363635
0, 0.6718396969696969, 0.328160303030303
0, 0.976, 0.024
0, 0.6978216666666667, 0.3021783333333333
0, 0.9776, 0.0224
0, 0.9896, 0.0104
0, 0.8947466666666667, 0.10525333333333332
0, 0.8570996969696969, 0.14290030303030304
0, 0.9782, 0.0218
0, 0.5914666666666667, 0.4085333333333333
0, 0.5995466666666667, 0.4004533333333333
0, 0.9777, 0.0223
0, 0.9799, 0.0201
0, 0.9812, 0.0188
0, 0.9805, 0.0195
0, 0.9799, 0.0201
0, 0.9786, 0.0214
0, 0.9812, 0.0188
0, 0.9793, 0.0207
0, 0.9799, 0.0201
0, 0.9773, 0.0227
0, 0.9805, 0.0195
0, 0.7482196969696969, 0.251780303030303
0, 0.746919696969697, 0.253080303030303
0, 0.9813, 0.0187
0, 0.9806, 0.0194
0, 0.9805, 0.0195
0, 0.9774, 0.0226
0, 0.7407863636363636, 0.25921363636363637
0, 0.7515196969696969, 0.248480303030303
0, 0.7407863636363636, 0.25921363636363637
0, 0.7638196969696969, 0.236180303030303
0, 0.7444863636363636, 0.25551363636363633
0, 0.7694196969696969, 0.230580303030303
0, 0.7795863636363636, 0.22041363636363634
0, 0.904799696969697, 0.09520030303030302
0, 0.7636863636363636, 0.23631363636363636
0, 0.7407863636363636, 0.25921363636363637
0, 0.7563196969696969, 0.243680303030303
0, 0.7291, 0.2709
0, 0.6610333333333333, 0.33896666666666664
0, 0.722819696969697, 0.277180303030303
0, 0.9063996969696969, 0.09360030303030303
0, 0.9787, 0.0213
0, 0.9801, 0.0199
0, 0.7429, 0.2571
0, 0.6186, 0.3814
0, 0.763, 0.237
0, 0.7482, 0.2518
0, 0.7246, 0.2754
0, 0.7482, 0.2518
0, 0.7419, 0.2581
0, 0.7419, 0.2581
0, 0.7614, 0.2386
0, 0.8291, 0.1709
0, 0.8291, 0.1709
0, 0.9294, 0.0706
0, 0.7041333333333333, 0.29586666666666667
0, 0.7754863636363636, 0.22451363636363636
0, 0.6695333333333333, 0.33046666666666663
0, 0.8973, 0.1027
0, 0.692519696969697, 0.307480303030303
0, 0.7308863636363636, 0.26911363636363633
0, 0.6922196969696969, 0.307780303030303
0, 0.8663996969696969, 0.13360030303030304
0, 0.6897196969696969, 0.310280303030303
0, 0.7024196969696969, 0.29758030303030303
0, 0.709619696969697, 0.290380303030303
0, 0.9999, 0.0001
0, 0.7455863636363637, 0.25441363636363634
0, 0.6980196969696969, 0.301980303030303
0, 0.9172, 0.0828
0, 0.7662, 0.2338
0, 0.7515, 0.2485
0, 0.7708, 0.2292
0, 0.7457, 0.2543
0, 0.6624333333333333, 0.3375666666666666
0, 0.7423, 0.2577
0, 0.8369863636363636, 0.16301363636363636
0, 0.7686863636363636, 0.23131363636363636
0, 0.8407863636363636, 0.15921363636363636
0, 0.709619696969697, 0.290380303030303
0, 0.7303863636363636, 0.26961363636363633
0, 0.7535863636363636, 0.24641363636363636
0, 0.7502863636363636, 0.24971363636363636
0, 0.6675, 0.3325
0, 0.9339, 0.0661
0, 0.6835, 0.3165
0, 0.7387, 0.2613
0, 0.7700863636363636, 0.22991363636363635
0, 0.7187333333333333, 0.28126666666666666
0, 0.999, 0.001
0, 0.7263, 0.2737
0, 0.8869, 0.1131
0, 0.8412, 0.1588
0, 0.9999, 0.0001
0, 0.8081, 0.1919
0, 0.9999, 0.0001
0, 0.9022, 0.0978
0, 0.8625, 0.1375
0, 0.8711, 0.1289
0, 0.8685, 0.1315
0, 0.8685, 0.1315
0, 0.8685, 0.1315
0, 0.8783, 0.1217
0, 0.9823, 0.0177
0, 0.9953, 0.0047
0, 0.9823, 0.0177
0, 0.977, 0.023
0, 0.9968, 0.0032
0, 0.9968, 0.0032
0, 0.9811700000000001, 0.01883
0, 0.8794, 0.1206
0, 0.9811700000000001, 0.01883
0, 0.883, 0.117
0, 0.9914, 0.0086
0, 0.9911, 0.0089
0, 0.9929, 0.0071
0, 0.9916, 0.0084
0, 0.97657, 0.02343
0, 0.97657, 0.02343
0, 0.96765, 0.03235
0, 0.96775, 0.03225
0, 0.97657, 0.02343
0, 0.96845, 0.03155
0, 0.93915, 0.06085
0, 0.8838799999999999, 0.11612
0, 0.96695, 0.03305
0, 0.8981, 0.1019
0, 0.976, 0.024
0, 0.9807, 0.0193
0, 0.9735, 0.0265
0, 0.9807, 0.0193
0, 0.9737, 0.0263
0, 0.927, 0.073
0, 0.9589, 0.0411
0, 0.9589, 0.0411
0, 0.9605, 0.0395
0, 0.9759, 0.0241
0, 0.9807, 0.0193
0, 0.9807, 0.0193
0, 0.8621, 0.1379
0, 0.9814, 0.0186
0, 0.9814, 0.0186
0, 0.94047, 0.05952999999999999
0, 0.9406700000000001, 0.059329999999999994
0, 0.954, 0.046
0, 0.9165, 0.0835
0, 0.92568, 0.07432000000000001
0, 0.8651, 0.1349
0, 0.9099, 0.0901
0, 0.867, 0.133
0, 0.9272, 0.0728
0, 0.8887, 0.1113
0, 0.8079083333333333, 0.19209166666666666
0, 0.8531549999999999, 0.146845
0, 0.9391, 0.0609
0, 0.9391, 0.0609
0, 0.8776, 0.1224
0, 0.8689333333333332, 0.13106666666666666
0, 0.8202283333333333, 0.17977166666666666
0, 0.9405, 0.0595
0, 0.9254, 0.0746
0, 0.9362, 0.0638
0, 0.8577333333333332, 0.14226666666666665
0, 0.90304, 0.09695999999999999
0, 0.8718, 0.1282
0, 0.9744700000000001, 0.02553
0, 0.9386, 0.0614
0, 0.927, 0.073
0, 0.8462200000000001, 0.15378
0, 0.9361, 0.0639
0, 0.91038, 0.08962
0, 0.8391333333333332, 0.16086666666666669
0, 0.9084399999999999, 0.09156
0, 0.9387, 0.0613
0, 0.90827, 0.09172999999999999
0, 0.9281, 0.0719
0, 0.9145, 0.0855
0, 0.9388, 0.0612
0, 0.9388, 0.0612
0, 0.9237, 0.0763
0, 0.8535, 0.1465
0, 0.9103700000000001, 0.08963
0, 0.9365, 0.0635
0, 0.7127283333333333, 0.28727166666666665
0, 0.9385, 0.0615
0, 0.9311, 0.0689
0, 0.9281, 0.0719
0, 0.7882083333333333, 0.21179166666666668
0, 0.8114, 0.1886
0, 0.8915, 0.1085
0, 0.8988, 0.1012
0, 0.8246, 0.1754
0, 0.8893, 0.1107
0, 0.8917, 0.1083
0, 0.9272, 0.0728
0, 0.87608, 0.12392
0, 0.9281, 0.0719
0, 0.9061, 0.0939
0, 0.7453, 0.2547
0, 0.9873700000000001, 0.012629999999999999
0, 0.8897, 0.1103
0, 0.92248, 0.07752
0, 0.9383, 0.0617
0, 0.9293, 0.0707
0, 0.90248, 0.09752000000000001
0, 0.9293, 0.0707
0, 0.9383, 0.0617
0, 0.9313799999999999, 0.06862
0, 0.9259799999999999, 0.07402
0, 0.9293, 0.0707
0, 0.9383, 0.0617
0, 0.8909799999999999, 0.10902
0, 0.7315, 0.2685
0, 0.9299, 0.0701
0, 0.9223, 0.0777
0, 0.9198, 0.0802
0, 0.9082, 0.0918
0, 0.8491, 0.1509
0, 0.9000799999999999, 0.09992000000000001
0, 0.8904799999999999, 0.10952
0, 0.9315, 0.0685
0, 0.9406, 0.0594
0, 0.9383, 0.0617
0, 0.9391, 0.0609
0, 0.8275, 0.1725
0, 0.8774799999999999, 0.12252
0, 0.8945, 0.1055
0, 0.9298, 0.0702
0, 0.9401, 0.0599
0, 0.7044, 0.2956
0, 0.9315, 0.0685
0, 0.7977, 0.2023
0, 0.8036, 0.1964
0, 0.8933, 0.1067
0, 0.7489, 0.2511
0, 0.9401, 0.0599
0, 0.92448, 0.07552
0, 0.82688, 0.17312
0, 0.8896799999999999, 0.11032
0, 0.9259799999999999, 0.07402
0, 0.8759, 0.1241
0, 0.9346, 0.0654
0, 0.8966799999999999, 0.10332000000000001
0, 0.8818, 0.1182
0, 0.9412, 0.0588
0, 0.8233, 0.1767
0, 0.8203, 0.1797
0, 0.9393, 0.0607
0, 0.8865, 0.1135
0, 0.8906799999999999, 0.10932
0, 0.83968, 0.16032000000000002
0, 0.9219799999999999, 0.07802
0, 0.9186799999999999, 0.08132
0, 0.9186799999999999, 0.08132
0, 0.83968, 0.16032000000000002
0, 0.9000799999999999, 0.09992000000000001
0, 0.8621, 0.1379
0, 0.9186799999999999, 0.08132
0, 0.9155, 0.0845
0, 0.8998799999999999, 0.10012
0, 0.8621, 0.1379
0, 0.9098799999999999, 0.09012
0, 0.91958, 0.08042
0, 0.7540533333333332, 0.24594666666666667
0, 0.9176, 0.0824
0, 0.9318, 0.0682
0, 0.8930799999999999, 0.10692
0, 0.8915799999999999, 0.10842
0, 0.8910799999999999, 0.10892
0, 0.9286, 0.0714
0, 0.9010799999999999, 0.09892000000000001
0, 0.9176, 0.0824
0, 0.8920799999999999, 0.10792
0, 0.89848, 0.10152
0, 0.8907799999999999, 0.10922
0, 0.9277, 0.0723
0, 0.8748799999999999, 0.12512
0, 0.8588, 0.1412
0, 0.8122, 0.1878
0, 0.7074083333333333, 0.2925916666666667
0, 0.9256, 0.0744
0, 0.8898, 0.1102
0, 0.8629, 0.1371
0, 0.9263, 0.0737
0, 0.9379, 0.0621
0, 0.6444, 0.3556
0, 0.9256, 0.0744
0, 0.9287, 0.0713
0, 0.9521, 0.0479
0, 0.915, 0.085
0, 0.7844, 0.2156
0, 0.9493, 0.0507
0, 0.8725, 0.1275
0, 0.9265, 0.0735
0, 0.871, 0.129
0, 0.9077, 0.0923
0, 0.8497, 0.1503
0, 0.9207, 0.0793
0, 0.9223, 0.0777
0, 0.8508, 0.1492
0, 0.9216, 0.0784
0, 0.9599, 0.0401
0, 0.8903, 0.1097
0, 0.8931, 0.1069
0, 0.9181, 0.0819
0, 0.9777, 0.0223
0, 0.8644, 0.1356
0, 0.8696200000000001, 0.13038
0, 0.9791, 0.0209
0, 0.9092, 0.0908
0, 0.9803, 0.0197
0, 0.9662, 0.0338
0, 0.9364, 0.0636
0, 0.9535, 0.0465
0, 0.9555, 0.0445
0, 0.4365, 0.5635
0, 0.9518, 0.0482
0, 0.9783, 0.0217
1, 0.2659, 0.7341
0, 0.9656, 0.0344
0, 0.9519, 0.0481
0, 0.79022, 0.20978000000000002
0, 0.4199, 0.5801
0, 0.9753, 0.0247
0, 0.9514, 0.0486
0, 0.9256, 0.0744
0, 0.9784, 0.0216
0, 0.979, 0.021
0, 0.8908, 0.1092
0, 0.8493, 0.1507
1, 0.0118, 0.9882
0, 0.9462, 0.0538
0, 0.9753, 0.0247
0, 0.3928, 0.6072
0, 0.9252, 0.0748
0, 0.9797, 0.0203
0, 0.9805, 0.0195
0, 0.9788, 0.0212
0, 0.9041, 0.0959
0, 0.9789, 0.0211
0, 0.80442, 0.19558
0, 0.9805, 0.0195
0, 0.9756, 0.0244
0, 0.84762, 0.15238
0, 0.9787, 0.0213
0, 0.9633, 0.0367
0, 0.9716, 0.0284
0, 0.9835, 0.0165
0, 0.9834, 0.0166
0, 0.9787, 0.0213
0, 0.9683, 0.0317
0, 0.952, 0.048
0, 0.88982, 0.11018
0, 0.88792, 0.11208
0, 0.9669, 0.0331
0, 0.8648, 0.1352
0, 0.9671, 0.0329
0, 0.7098, 0.2902
1, 0.0093, 0.9907
0, 0.9813, 0.0187
0, 0.9712, 0.0288
1, 0.0093, 0.9907
1, 0.3028, 0.6972
0, 0.9813, 0.0187
0, 0.8618, 0.1382
0, 0.9805, 0.0195
0, 0.9557, 0.0443
0, 0.9824, 0.0176
0, 0.961, 0.039
0, 0.84, 0.16
0, 0.9579, 0.0421
0, 0.9122, 0.0878
0, 0.9244, 0.0756
0, 0.9716, 0.0284
0, 0.9295, 0.0705
0, 0.9329, 0.0671
0, 0.9805, 0.0195
0, 0.9397, 0.0603
0, 0.9824, 0.0176
0, 0.9835, 0.0165
0, 0.9724, 0.0276
0, 0.9618, 0.0382
0, 0.9253, 0.0747
0, 0.9805, 0.0195
0, 0.9824, 0.0176
0, 0.8745, 0.1255
0, 0.8208200000000001, 0.17918
0, 0.8452, 0.1548
0, 0.9024, 0.0976
0, 0.8423, 0.1577
0, 0.7755, 0.2245
0, 0.887, 0.113
0, 0.8400200000000001, 0.15997999999999998
1, 0.1425, 0.8575
0, 0.9022, 0.0978
0, 0.8132, 0.1868
0, 0.9216, 0.0784
0, 0.3129, 0.6871
0, 0.8927, 0.1073
1, 0.1427, 0.8573
0, 0.69202, 0.30798000000000003
0, 0.8957, 0.1043
0, 0.889, 0.111
0, 0.8561200000000001, 0.14388
0, 0.8495, 0.1505
0, 0.8064, 0.1936
0, 0.64142, 0.35858
0, 0.6404, 0.3596
0, 0.8957, 0.1043
0, 0.9054, 0.0946
0, 0.6775, 0.3225
0, 0.3177, 0.6823
1, 0.1835, 0.8165
1, 0.1989, 0.8011
1, 0.184, 0.816
1, 0.1808, 0.8192
1, 0.2065, 0.7935
1, 0.2057, 0.7943
1, 0.2062, 0.7938
1, 0.1994, 0.8006
1, 0.1505, 0.8495
1, 0.0037, 0.9963
1, 0.0009, 0.9991
1, 0.0037, 0.9963
1, 0.0034, 0.9966
1, 0.0115, 0.9885
1, 0.0172, 0.9828
1, 0.0139, 0.9861
1, 0.0204, 0.9796
1, 0.0107, 0.9893
1, 0.0189, 0.9811
1, 0.011, 0.989
1, 0.0104, 0.9896
1, 0.011, 0.989
1, 0.0099, 0.9901
1, 0.0142, 0.9858
1, 0.0094, 0.9906
1, 0.0126, 0.9874
1, 0.0153, 0.9847
1, 0.0154, 0.9846
1, 0.0101, 0.9899
1, 0.0132, 0.9868
1, 0.0156, 0.9844
1, 0.011, 0.989
1, 0.0168, 0.9832
1, 0.0131, 0.9869
1, 0.0154, 0.9846
1, 0.0148, 0.9852
1, 0.019, 0.981
0, 0.9893, 0.0107
0, 0.8981570991197856, 0.10184290088021432
0, 0.9094570991197856, 0.09054290088021431
0, 0.9971, 0.0029
0, 0.9961, 0.0039
0, 0.9966, 0.0034
0, 0.9962, 0.0038
0, 0.9257, 0.0743
0, 0.9257, 0.0743
0, 0.8934776119402984, 0.10652238805970149
0, 0.8948776119402985, 0.1051223880597015
0, 0.9167, 0.0833
0, 0.9057776119402985, 0.0942223880597015
0, 0.8906570991197855, 0.1093429008802143
0, 0.9040570991197856, 0.09594290088021432
0, 0.9947, 0.0053
0, 0.9911794871794871, 0.00882051282051282
0, 0.9963, 0.0037
0, 0.9979, 0.0021
0, 0.9961, 0.0039
0, 0.9963, 0.0037
0, 0.9766794871794872, 0.02332051282051282
0, 0.9798794871794871, 0.02012051282051282
0, 0.9937794871794872, 0.00622051282051282
0, 0.9955, 0.0045
0, 0.9948, 0.0052
0, 0.9966, 0.0034
0, 0.9885794871794871, 0.01142051282051282
0, 0.9962, 0.0038
0, 0.9877, 0.0123
0, 0.9955, 0.0045
0, 0.9993, 0.0007
0, 0.8632, 0.1368
0, 0.9867, 0.0133
0, 0.9947, 0.0053
1, 0.9947, 0.0053
1, 0.9947, 0.0053
0, 0.9833, 0.0167
0, 0.996, 0.004
0, 0.9948, 0.0052
0, 0.9962, 0.0038
0, 0.9961, 0.0039
0, 0.9962, 0.0038
0, 0.9064776119402984, 0.09352238805970149
0, 0.8375570991197856, 0.1624429008802143
1, 0.9947, 0.0053
0, 0.8566, 0.1434
0, 0.9940794871794871, 0.00592051282051282
0, 0.996, 0.004
0, 0.9955, 0.0045
0, 0.9927, 0.0073
0, 0.8677520991197857, 0.1322479008802143
0, 0.9004726119402985, 0.09952738805970149
0, 0.8568570991197856, 0.1431429008802143
0, 0.9587794871794871, 0.04122051282051282
0, 0.9400776119402985, 0.059922388059701494
0, 0.9962, 0.0038
0, 0.9106, 0.0894
0, 0.9947, 0.0053
0, 0.9103, 0.0897
0, 0.9965, 0.0035
0, 0.9155, 0.0845
0, 0.9962, 0.0038
0, 0.9955, 0.0045
0, 0.8949, 0.1051
0, 0.9921794871794871, 0.00782051282051282
0, 0.9375776119402984, 0.062422388059701496
0, 0.9951, 0.0049
0, 0.9051776119402984, 0.0948223880597015
1, 0.9961, 0.0039
1, 0.9962, 0.0038
0, 0.853, 0.147
0, 0.9955, 0.0045
0, 0.9962, 0.0038
0, 0.8567, 0.1433
0, 0.9744794871794871, 0.02552051282051282
0, 0.8792776119402984, 0.12072238805970148
0, 0.9951, 0.0049
0, 0.9947, 0.0053
0, 0.9947, 0.0053
0, 0.9741570991197855, 0.025842900880214313
1, 0.9947, 0.0053
0, 0.8574, 0.1426
0, 0.8444776119402985, 0.15552238805970148
0, 0.9295, 0.0705
0, 0.9962, 0.0038
0, 0.9255570991197856, 0.07444290088021431
0, 0.9998, 0.0002
0, 0.7096570991197857, 0.2903429008802143
0, 0.9492570991197855, 0.050742900880214305
0, 0.9955, 0.0045
0, 0.9962, 0.0038
0, 0.9962, 0.0038
0, 0.9343, 0.0657
0, 0.9962, 0.0038
0, 0.9955, 0.0045
0, 0.8323570991197856, 0.1676429008802143
0, 0.996, 0.004
0, 0.9889794871794871, 0.01102051282051282
0, 0.9517950000000001, 0.048205
0, 0.9947, 0.0053
0, 0.8405570991197856, 0.1594429008802143
0, 0.9134570991197856, 0.08654290088021431
0, 0.9962, 0.0038
0, 0.9833, 0.0167
0, 0.9928794871794872, 0.007120512820512821
0, 0.9962, 0.0038
0, 0.9927794871794872, 0.00722051282051282
0, 0.9962, 0.0038
0, 0.9947, 0.0053
0, 0.9955, 0.0045
0, 0.8483, 0.1517
1, 0.0584, 0.9416
1, 0.0162, 0.9838
0, 0.9961, 0.0039
1, 0.0546, 0.9454
1, 0.0579, 0.9421
0, 0.8965570991197855, 0.10344290088021431
1, 0.0665, 0.9335
1, 0.057, 0.943
1, 0.0825, 0.9175
1, 0.0696, 0.9304
1, 0.0546, 0.9454
1, 0.056, 0.944
0, 0.9963, 0.0037
0, 0.9927, 0.0073
0, 0.9948, 0.0052
0, 0.9884, 0.0116
0, 0.979, 0.021
0, 0.9905, 0.0095
0, 0.9901, 0.0099
0, 0.9891, 0.0109
0, 0.9903, 0.0097
0, 0.9952, 0.0048
0, 0.9935, 0.0065
0, 0.9936, 0.0064
0, 0.9889, 0.0111
0, 0.9907, 0.0093
0, 0.9963, 0.0037
0, 0.9948, 0.0052
0, 0.9963, 0.0037
0, 0.9789, 0.0211
0, 0.9853, 0.0147
0, 0.9948, 0.0052
0, 0.9963, 0.0037
0, 0.9906, 0.0094
0, 0.9963, 0.0037
0, 0.9964, 0.0036
0, 0.7766570991197856, 0.2233429008802143
0, 0.9119776119402985, 0.0880223880597015
0, 0.9226, 0.0774
0, 0.9212, 0.0788
0, 0.8992776119402984, 0.10072238805970149
0, 0.9226, 0.0774
0, 0.9002776119402984, 0.09972238805970149
0, 0.9002776119402984, 0.09972238805970149
0, 0.8998570991197855, 0.10014290088021431
1, 0.0352, 0.9648
0, 0.9126776119402984, 0.0873223880597015
0, 0.9964, 0.0036
0, 0.9593776119402985, 0.04062238805970149
0, 0.9994, 0.0006
0, 0.9985, 0.0015
0, 1.0, 0.0
0, 0.9115776119402984, 0.0884223880597015
0, 0.9418, 0.0582
0, 0.9992, 0.0008
0, 0.9864776119402985, 0.013522388059701492
0, 0.8862570991197856, 0.1137429008802143
0, 0.9792794871794871, 0.02072051282051282
0, 0.9600570991197855, 0.03994290088021431
0, 0.9660794871794871, 0.03392051282051282
0, 0.9901, 0.0099
0, 0.9542794871794871, 0.045720512820512815
0, 0.9942794871794871, 0.0057205128205128205
0, 0.9939, 0.0061
0, 0.9877794871794872, 0.01222051282051282
0, 0.9971, 0.0029
0, 0.9971, 0.0029
0, 0.9971, 0.0029
0, 0.9969, 0.0031
0, 0.9976, 0.0024
0, 0.9966, 0.0034
0, 0.9316, 0.0684
1, 0.9803794871794871, 0.01962051282051282
0, 0.9843, 0.0157
0, 0.9951, 0.0049
0, 0.9271, 0.0729
0, 1.0, 0.0
0, 1.0, 0.0
0, 1.0, 0.0
0, 0.9238, 0.0762
0, 0.8848520991197857, 0.1151479008802143
0, 0.9225, 0.0775
0, 0.9683, 0.0317
0, 0.9999794871794871, 2.0512820512820512e-05
0, 0.9999794871794871, 2.0512820512820512e-05
0, 0.9999794871794871, 2.0512820512820512e-05
0, 0.8082776119402986, 0.1917223880597015
0, 0.931, 0.069
0, 0.851865432453119, 0.14813456754688098
0, 0.8676570991197856, 0.1323429008802143
0, 0.8940570991197856, 0.1059429008802143
0, 0.8724570991197855, 0.1275429008802143
0, 0.9490570991197855, 0.05094290088021431
0, 0.8968570991197856, 0.1031429008802143
0, 0.8875570991197855, 0.1124429008802143
0, 0.9277, 0.0723
0, 0.9187, 0.0813
0, 0.9957, 0.0043
0, 0.8521520991197856, 0.1478479008802143
0, 0.9809, 0.0191
0, 0.9318, 0.0682
0, 0.9794, 0.0206
0, 0.979, 0.021
0, 0.9037, 0.0963
0, 0.9949, 0.0051
0, 0.9779, 0.0221
0, 0.9049570991197856, 0.09504290088021432
0, 0.8760570991197856, 0.1239429008802143
0, 0.8810570991197856, 0.11894290088021431
0, 0.9555570991197856, 0.044442900880214305
0, 0.8698798577404752, 0.13012014225952465
0, 0.9061970991197857, 0.09380290088021433
0, 0.8641798577404752, 0.13582014225952463
0, 0.9622798577404752, 0.03772014225952466
0, 0.8962, 0.1038
0, 0.9455, 0.0545
0, 0.8924, 0.1076
0, 0.8898, 0.1102
0, 0.8962, 0.1038
0, 0.924, 0.076
0, 0.9026200000000001, 0.09738
0, 0.8875, 0.1125
0, 0.9135, 0.0865
0, 0.9121, 0.0879
0, 0.9733, 0.0267
0, 0.61752, 0.38248000000000004
0, 0.9363, 0.0637
0, 0.8414, 0.1586
0, 0.8362, 0.1638
0, 0.9669, 0.0331
1, 0.01, 0.99
1, 0.01, 0.99
