1, 0.6538, 0.3462
1, 0.6539, 0.3461
1, 0.6538, 0.3462
1, 0.6533, 0.3467
1, 0.6529, 0.3471
1, 0.6537, 0.3463
1, 0.6536, 0.3464
1, 0.6537, 0.3463
1, 0.6539, 0.3461
1, 0.6539, 0.3461
1, 0.6537, 0.3463
1, 0.6539, 0.3461
1, 0.6537, 0.3463
1, 0.6537, 0.3463
1, 0.654, 0.346
1, 0.6535, 0.3465
1, 0.6537, 0.3463
1, 0.6539, 0.3461
1, 0.6537, 0.3463
1, 0.654, 0.346
1, 0.6537, 0.3463
1, 0.6539, 0.3461
1, 0.6525, 0.3475
1, 0.6543, 0.3457
1, 0.6537, 0.3463
1, 0.6537, 0.3463
1, 0.6537, 0.3463
1, 0.6537, 0.3463
1, 0.6539, 0.3461
1, 0.6537, 0.3463
1, 0.6537, 0.3463
1, 0.6538, 0.3462
1, 0.029, 0.971
1, 0.6515, 0.3485
1, 0.6539, 0.3461
1, 0.6531, 0.3469
1, 0.6538, 0.3462
1, 0.6624, 0.3376
1, 0.6529, 0.3471
1, 0.654, 0.346
1, 0.6542, 0.3458
1, 0.6538, 0.3462
1, 0.6542, 0.3458
1, 0.6544, 0.3456
1, 0.6541, 0.3459
1, 0.6539, 0.3461
1, 0.6544, 0.3456
1, 0.6541, 0.3459
1, 0.654, 0.346
1, 0.654, 0.346
1, 0.654, 0.346
1, 0.6542, 0.3458
1, 0.6538, 0.3462
1, 0.6541, 0.3459
1, 0.6541, 0.3459
1, 0.6538, 0.3462
1, 0.6536, 0.3464
1, 0.6538, 0.3462
1, 0.6536, 0.3464
1, 0.6538, 0.3462
1, 0.6545, 0.3455
1, 0.6537, 0.3463
1, 0.6535, 0.3465
1, 0.6543, 0.3457
1, 0.6537, 0.3463
1, 0.653, 0.347
1, 0.6539, 0.3461
1, 0.6536, 0.3464
1, 0.6533, 0.3467
1, 0.6533, 0.3467
1, 0.6532, 0.3468
1, 0.6537, 0.3463
1, 0.6535, 0.3465
1, 0.6538, 0.3462
1, 0.6537, 0.3463
1, 0.6538, 0.3462
1, 0.6535, 0.3465
1, 0.6538, 0.3462
1, 0.6527, 0.3473
1, 0.6525, 0.3475
1, 0.6525, 0.3475
1, 0.6527, 0.3473
1, 0.6534, 0.3466
1, 0.6527, 0.3473
1, 0.6534, 0.3466
1, 0.6527, 0.3473
1, 0.6526, 0.3474
1, 0.6526, 0.3474
1, 0.6529, 0.3471
1, 0.6538, 0.3462
1, 0.6537, 0.3463
1, 0.6534, 0.3466
1, 0.6526, 0.3474
1, 0.6526, 0.3474
1, 0.6527, 0.3473
1, 0.6531, 0.3469
1, 0.6525, 0.3475
1, 0.6527, 0.3473
1, 0.6527, 0.3473
1, 0.6534, 0.3466
1, 0.6532, 0.3468
1, 0.6526, 0.3474
1, 0.6525, 0.3475
1, 0.6534, 0.3466
1, 0.6526, 0.3474
1, 0.6538, 0.3462
1, 0.653, 0.347
1, 0.6531, 0.3469
1, 0.654, 0.346
1, 0.6536, 0.3464
1, 0.6539, 0.3461
1, 0.6527, 0.3473
1, 0.653, 0.347
1, 0.6531, 0.3469
1, 0.6529, 0.3471
1, 0.6539, 0.3461
1, 0.6543, 0.3457
1, 0.6531, 0.3469
1, 0.6536, 0.3464
1, 0.6534, 0.3466
1, 0.6528, 0.3472
1, 0.6536, 0.3464
1, 0.6533, 0.3467
1, 0.653, 0.347
1, 0.6534, 0.3466
1, 0.6535, 0.3465
1, 0.6536, 0.3464
1, 0.6537, 0.3463
1, 0.6539, 0.3461
1, 0.6539, 0.3461
1, 0.6539, 0.3461
1, 0.6536, 0.3464
1, 0.6532, 0.3468
1, 0.654, 0.346
1, 0.6536, 0.3464
1, 0.6541, 0.3459
1, 0.6538, 0.3462
1, 0.6537, 0.3463
1, 0.654, 0.346
1, 0.6529, 0.3471
1, 0.654, 0.346
1, 0.6538, 0.3462
1, 0.6538, 0.3462
1, 0.6542, 0.3458
1, 0.6536, 0.3464
1, 0.654, 0.346
1, 0.6544, 0.3456
1, 0.6537, 0.3463
1, 0.6532, 0.3468
1, 0.6532, 0.3468
1, 0.6532, 0.3468
1, 0.6535, 0.3465
1, 0.6535, 0.3465
1, 0.6532, 0.3468
1, 0.6532, 0.3468
1, 0.6535, 0.3465
1, 0.6532, 0.3468
1, 0.6535, 0.3465
1, 0.6532, 0.3468
1, 0.6541, 0.3459
1, 0.6532, 0.3468
1, 0.6535, 0.3465
1, 0.6532, 0.3468
1, 0.6532, 0.3468
1, 0.6536, 0.3464
1, 0.6532, 0.3468
1, 0.6532, 0.3468
1, 0.6532, 0.3468
1, 0.6532, 0.3468
1, 0.6542, 0.3458
1, 0.6532, 0.3468
1, 0.6532, 0.3468
1, 0.6532, 0.3468
1, 0.6535, 0.3465
1, 0.6532, 0.3468
1, 0.6532, 0.3468
1, 0.6537, 0.3463
1, 0.654, 0.346
1, 0.653, 0.347
1, 0.6531, 0.3469
1, 0.6523, 0.3477
1, 0.6536, 0.3464
1, 0.6541, 0.3459
1, 0.6538, 0.3462
1, 0.654, 0.346
1, 0.6538, 0.3462
1, 0.6521, 0.3479
1, 0.6538, 0.3462
1, 0.6543, 0.3457
1, 0.6536, 0.3464
1, 0.6537, 0.3463
0, 0.9162, 0.0838
1, 0.653, 0.347
1, 0.6536, 0.3464
1, 0.6536, 0.3464
1, 0.6536, 0.3464
1, 0.6531, 0.3469
1, 0.6533, 0.3467
0, 0.9163, 0.0837
1, 0.6531, 0.3469
1, 0.6531, 0.3469
1, 0.654, 0.346
1, 0.6536, 0.3464
1, 0.6538, 0.3462
1, 0.6539, 0.3461
1, 0.6529, 0.3471
1, 0.654, 0.346
1, 0.6531, 0.3469
1, 0.6535, 0.3465
1, 0.6529, 0.3471
0, 0.9162, 0.0838
1, 0.6531, 0.3469
1, 0.6535, 0.3465
1, 0.6539, 0.3461
1, 0.6539, 0.3461
0, 0.9161, 0.0839
1, 0.6529, 0.3471
1, 0.6531, 0.3469
1, 0.6536, 0.3464
1, 0.6532, 0.3468
1, 0.6527, 0.3473
1, 0.6519, 0.3481
1, 0.6537, 0.3463
1, 0.6535, 0.3465
1, 0.6535, 0.3465
1, 0.6531, 0.3469
1, 0.6533, 0.3467
1, 0.654, 0.346
1, 0.6535, 0.3465
1, 0.6535, 0.3465
1, 0.6538, 0.3462
1, 0.6543, 0.3457
1, 0.6532, 0.3468
1, 0.654, 0.346
1, 0.6536, 0.3464
1, 0.6531, 0.3469
1, 0.6544, 0.3456
1, 0.653, 0.347
1, 0.6535, 0.3465
1, 0.6533, 0.3467
1, 0.6531, 0.3469
1, 0.6541, 0.3459
1, 0.6539, 0.3461
1, 0.6544, 0.3456
1, 0.6529, 0.3471
1, 0.6543, 0.3457
1, 0.6532, 0.3468
1, 0.6532, 0.3468
1, 0.6529, 0.3471
1, 0.6535, 0.3465
1, 0.653, 0.347
1, 0.6541, 0.3459
1, 0.6542, 0.3458
1, 0.6515, 0.3485
1, 0.6529, 0.3471
1, 0.6536, 0.3464
1, 0.6544, 0.3456
0, 0.9156, 0.0844
1, 0.6534, 0.3466
1, 0.6542, 0.3458
1, 0.6534, 0.3466
1, 0.653, 0.347
1, 0.654, 0.346
1, 0.6535, 0.3465
1, 0.654, 0.346
1, 0.6531, 0.3469
1, 0.6531, 0.3469
1, 0.6542, 0.3458
1, 0.6529, 0.3471
1, 0.6542, 0.3458
1, 0.6529, 0.3471
1, 0.6536, 0.3464
1, 0.6534, 0.3466
1, 0.6531, 0.3469
1, 0.6542, 0.3458
1, 0.6529, 0.3471
1, 0.6534, 0.3466
1, 0.654, 0.346
1, 0.653, 0.347
1, 0.6535, 0.3465
1, 0.6529, 0.3471
1, 0.6542, 0.3458
1, 0.6537, 0.3463
1, 0.6534, 0.3466
1, 0.6521, 0.3479
1, 0.6527, 0.3473
1, 0.654, 0.346
1, 0.6531, 0.3469
1, 0.6543, 0.3457
1, 0.6531, 0.3469
1, 0.6525, 0.3475
1, 0.6542, 0.3458
0, 0.9156, 0.0844
1, 0.653, 0.347
1, 0.6536, 0.3464
1, 0.6534, 0.3466
1, 0.6536, 0.3464
1, 0.6535, 0.3465
1, 0.6535, 0.3465
1, 0.6539, 0.3461
1, 0.6531, 0.3469
1, 0.6536, 0.3464
1, 0.6542, 0.3458
1, 0.6531, 0.3469
1, 0.6529, 0.3471
1, 0.6537, 0.3463
1, 0.6531, 0.3469
1, 0.6521, 0.3479
1, 0.6535, 0.3465
1, 0.6534, 0.3466
1, 0.6524, 0.3476
1, 0.6535, 0.3465
1, 0.654, 0.346
1, 0.6532, 0.3468
1, 0.6542, 0.3458
1, 0.6535, 0.3465
1, 0.6534, 0.3466
0, 0.9159, 0.0841
0, 0.9162, 0.0838
1, 0.6539, 0.3461
1, 0.6536, 0.3464
1, 0.6537, 0.3463
1, 0.6541, 0.3459
1, 0.6536, 0.3464
1, 0.653, 0.347
1, 0.6535, 0.3465
1, 0.6532, 0.3468
1, 0.6529, 0.3471
1, 0.6544, 0.3456
1, 0.6543, 0.3457
1, 0.6535, 0.3465
1, 0.6537, 0.3463
1, 0.6542, 0.3458
1, 0.6535, 0.3465
1, 0.6542, 0.3458
1, 0.6529, 0.3471
1, 0.6534, 0.3466
1, 0.653, 0.347
1, 0.6531, 0.3469
1, 0.653, 0.347
1, 0.6533, 0.3467
1, 0.6529, 0.3471
1, 0.6517, 0.3483
1, 0.6542, 0.3458
1, 0.6543, 0.3457
1, 0.6531, 0.3469
1, 0.6529, 0.3471
1, 0.6542, 0.3458
1, 0.6534, 0.3466
1, 0.6543, 0.3457
1, 0.6532, 0.3468
1, 0.6539, 0.3461
1, 0.6536, 0.3464
1, 0.6534, 0.3466
1, 0.653, 0.347
1, 0.6536, 0.3464
1, 0.6529, 0.3471
1, 0.654, 0.346
1, 0.6531, 0.3469
1, 0.6524, 0.3476
1, 0.6535, 0.3465
1, 0.6537, 0.3463
1, 0.6534, 0.3466
1, 0.6537, 0.3463
1, 0.6527, 0.3473
1, 0.6535, 0.3465
1, 0.6543, 0.3457
1, 0.6541, 0.3459
0, 0.9159, 0.0841
1, 0.6535, 0.3465
1, 0.6537, 0.3463
1, 0.6542, 0.3458
1, 0.6531, 0.3469
1, 0.6536, 0.3464
1, 0.6531, 0.3469
1, 0.6542, 0.3458
1, 0.6539, 0.3461
1, 0.6525, 0.3475
1, 0.6536, 0.3464
1, 0.6536, 0.3464
0, 0.9162, 0.0838
1, 0.6535, 0.3465
1, 0.6535, 0.3465
1, 0.6537, 0.3463
1, 0.6534, 0.3466
1, 0.6535, 0.3465
0, 0.9152, 0.0848
1, 0.6537, 0.3463
1, 0.6539, 0.3461
1, 0.6538, 0.3462
1, 0.6527, 0.3473
1, 0.6538, 0.3462
1, 0.6539, 0.3461
1, 0.6536, 0.3464
1, 0.6535, 0.3465
1, 0.6539, 0.3461
1, 0.6535, 0.3465
1, 0.6537, 0.3463
1, 0.6541, 0.3459
1, 0.6537, 0.3463
1, 0.6537, 0.3463
1, 0.6533, 0.3467
1, 0.654, 0.346
1, 0.6537, 0.3463
1, 0.6508, 0.3492
1, 0.6533, 0.3467
1, 0.6539, 0.3461
1, 0.654, 0.346
1, 0.6535, 0.3465
1, 0.6537, 0.3463
1, 0.6516, 0.3484
1, 0.6536, 0.3464
1, 0.6533, 0.3467
0, 0.9162, 0.0838
1, 0.6535, 0.3465
1, 0.6536, 0.3464
1, 0.6537, 0.3463
1, 0.654, 0.346
1, 0.6531, 0.3469
1, 0.6537, 0.3463
0, 0.9163, 0.0837
1, 0.654, 0.346
1, 0.6538, 0.3462
1, 0.6538, 0.3462
1, 0.6536, 0.3464
1, 0.6538, 0.3462
1, 0.654, 0.346
0, 0.9162, 0.0838
1, 0.6536, 0.3464
1, 0.6521, 0.3479
1, 0.6531, 0.3469
1, 0.6529, 0.3471
1, 0.6538, 0.3462
1, 0.6533, 0.3467
1, 0.6531, 0.3469
1, 0.6536, 0.3464
1, 0.6536, 0.3464
1, 0.6539, 0.3461
1, 0.6543, 0.3457
1, 0.653, 0.347
1, 0.6536, 0.3464
1, 0.6535, 0.3465
1, 0.6531, 0.3469
1, 0.6543, 0.3457
1, 0.6539, 0.3461
1, 0.6536, 0.3464
1, 0.6538, 0.3462
1, 0.6531, 0.3469
1, 0.6536, 0.3464
1, 0.654, 0.346
1, 0.6529, 0.3471
1, 0.6533, 0.3467
1, 0.6536, 0.3464
1, 0.653, 0.347
0, 0.9162, 0.0838
1, 0.6539, 0.3461
1, 0.6535, 0.3465
1, 0.6536, 0.3464
0, 0.9162, 0.0838
1, 0.6543, 0.3457
1, 0.6531, 0.3469
1, 0.654, 0.346
1, 0.6531, 0.3469
1, 0.6527, 0.3473
1, 0.6531, 0.3469
1, 0.6535, 0.3465
1, 0.6529, 0.3471
1, 0.6537, 0.3463
1, 0.6533, 0.3467
1, 0.6535, 0.3465
1, 0.6533, 0.3467
1, 0.6519, 0.3481
1, 0.6532, 0.3468
1, 0.6536, 0.3464
1, 0.6524, 0.3476
0, 0.9159, 0.0841
1, 0.6526, 0.3474
1, 0.6534, 0.3466
1, 0.6536, 0.3464
1, 0.6526, 0.3474
1, 0.6531, 0.3469
1, 0.653, 0.347
1, 0.6526, 0.3474
1, 0.6536, 0.3464
1, 0.6529, 0.3471
1, 0.6529, 0.3471
1, 0.6531, 0.3469
1, 0.6539, 0.3461
0, 0.9162, 0.0838
1, 0.6527, 0.3473
1, 0.6536, 0.3464
1, 0.6539, 0.3461
1, 0.6526, 0.3474
1, 0.6527, 0.3473
1, 0.6526, 0.3474
1, 0.6524, 0.3476
1, 0.653, 0.347
0, 0.9162, 0.0838
1, 0.6531, 0.3469
1, 0.6531, 0.3469
1, 0.6532, 0.3468
0, 0.9162, 0.0838
1, 0.654, 0.346
1, 0.6531, 0.3469
0, 0.9162, 0.0838
1, 0.6536, 0.3464
1, 0.6528, 0.3472
1, 0.6528, 0.3472
1, 0.6524, 0.3476
1, 0.6535, 0.3465
1, 0.6524, 0.3476
1, 0.6516, 0.3484
0, 0.9161, 0.0839
1, 0.6531, 0.3469
1, 0.6536, 0.3464
1, 0.6526, 0.3474
1, 0.6532, 0.3468
1, 0.6531, 0.3469
1, 0.6529, 0.3471
1, 0.6527, 0.3473
1, 0.6537, 0.3463
1, 0.6538, 0.3462
1, 0.6524, 0.3476
0, 0.9161, 0.0839
1, 0.6529, 0.3471
1, 0.6532, 0.3468
1, 0.6535, 0.3465
1, 0.6536, 0.3464
1, 0.6531, 0.3469
1, 0.6526, 0.3474
1, 0.6529, 0.3471
1, 0.6523, 0.3477
0, 0.9162, 0.0838
1, 0.6526, 0.3474
1, 0.6532, 0.3468
1, 0.6532, 0.3468
1, 0.6516, 0.3484
1, 0.6526, 0.3474
1, 0.6522, 0.3478
1, 0.653, 0.347
1, 0.6514, 0.3486
1, 0.6531, 0.3469
1, 0.653, 0.347
1, 0.653, 0.347
1, 0.6532, 0.3468
1, 0.6526, 0.3474
1, 0.6536, 0.3464
0, 0.9162, 0.0838
1, 0.6526, 0.3474
1, 0.6539, 0.3461
0, 0.9159, 0.0841
1, 0.6526, 0.3474
1, 0.6531, 0.3469
1, 0.6524, 0.3476
1, 0.6529, 0.3471
1, 0.653, 0.347
0, 0.916, 0.084
1, 0.6539, 0.3461
1, 0.6531, 0.3469
0, 0.9163, 0.0837
1, 0.6534, 0.3466
1, 0.6529, 0.3471
1, 0.6536, 0.3464
1, 0.6534, 0.3466
1, 0.6516, 0.3484
1, 0.6532, 0.3468
1, 0.6535, 0.3465
1, 0.653, 0.347
1, 0.6531, 0.3469
1, 0.6526, 0.3474
1, 0.6531, 0.3469
1, 0.6536, 0.3464
1, 0.6531, 0.3469
1, 0.653, 0.347
0, 0.916, 0.084
1, 0.6534, 0.3466
1, 0.6525, 0.3475
1, 0.6526, 0.3474
1, 0.6524, 0.3476
1, 0.6536, 0.3464
1, 0.6528, 0.3472
1, 0.6531, 0.3469
1, 0.6536, 0.3464
1, 0.6529, 0.3471
1, 0.6526, 0.3474
1, 0.6527, 0.3473
1, 0.6534, 0.3466
1, 0.6537, 0.3463
1, 0.6518, 0.3482
1, 0.6527, 0.3473
1, 0.6531, 0.3469
1, 0.6526, 0.3474
1, 0.6529, 0.3471
1, 0.6529, 0.3471
1, 0.6531, 0.3469
1, 0.6529, 0.3471
1, 0.6527, 0.3473
1, 0.6531, 0.3469
1, 0.6534, 0.3466
1, 0.6524, 0.3476
1, 0.6526, 0.3474
1, 0.653, 0.347
1, 0.6528, 0.3472
1, 0.6524, 0.3476
1, 0.6536, 0.3464
1, 0.6529, 0.3471
1, 0.6531, 0.3469
1, 0.6529, 0.3471
1, 0.6516, 0.3484
1, 0.6536, 0.3464
1, 0.654, 0.346
1, 0.6531, 0.3469
1, 0.6534, 0.3466
1, 0.6534, 0.3466
1, 0.653, 0.347
1, 0.6532, 0.3468
1, 0.6536, 0.3464
1, 0.6534, 0.3466
1, 0.6532, 0.3468
0, 0.9162, 0.0838
1, 0.6531, 0.3469
1, 0.6531, 0.3469
0, 0.9161, 0.0839
1, 0.6531, 0.3469
1, 0.6526, 0.3474
1, 0.653, 0.347
1, 0.6532, 0.3468
1, 0.6532, 0.3468
1, 0.6534, 0.3466
0, 0.9162, 0.0838
0, 0.9163, 0.0837
1, 0.6531, 0.3469
1, 0.6526, 0.3474
1, 0.6524, 0.3476
0, 0.9162, 0.0838
1, 0.6532, 0.3468
1, 0.6532, 0.3468
1, 0.6527, 0.3473
1, 0.6535, 0.3465
1, 0.6539, 0.3461
1, 0.6528, 0.3472
1, 0.6518, 0.3482
1, 0.6536, 0.3464
1, 0.6536, 0.3464
1, 0.6525, 0.3475
1, 0.6526, 0.3474
0, 0.9162, 0.0838
1, 0.6526, 0.3474
1, 0.6535, 0.3465
1, 0.6534, 0.3466
1, 0.6536, 0.3464
1, 0.6536, 0.3464
1, 0.6524, 0.3476
1, 0.6532, 0.3468
1, 0.6532, 0.3468
1, 0.6539, 0.3461
1, 0.6536, 0.3464
1, 0.6531, 0.3469
1, 0.653, 0.347
1, 0.6535, 0.3465
1, 0.6526, 0.3474
1, 0.6534, 0.3466
1, 0.6532, 0.3468
1, 0.6531, 0.3469
1, 0.6531, 0.3469
1, 0.6536, 0.3464
0, 0.9162, 0.0838
1, 0.6536, 0.3464
1, 0.6527, 0.3473
1, 0.653, 0.347
1, 0.6527, 0.3473
1, 0.6532, 0.3468
1, 0.6535, 0.3465
1, 0.6518, 0.3482
1, 0.6531, 0.3469
1, 0.6535, 0.3465
1, 0.6536, 0.3464
1, 0.6531, 0.3469
1, 0.653, 0.347
1, 0.6532, 0.3468
1, 0.6534, 0.3466
0, 0.9161, 0.0839
1, 0.6537, 0.3463
0, 0.9162, 0.0838
0, 0.9163, 0.0837
1, 0.6536, 0.3464
0, 0.9161, 0.0839
1, 0.6532, 0.3468
1, 0.6537, 0.3463
1, 0.6535, 0.3465
1, 0.6536, 0.3464
1, 0.6534, 0.3466
1, 0.6527, 0.3473
1, 0.6538, 0.3462
1, 0.6537, 0.3463
1, 0.653, 0.347
1, 0.6536, 0.3464
1, 0.6531, 0.3469
1, 0.6526, 0.3474
1, 0.6536, 0.3464
1, 0.6538, 0.3462
1, 0.6529, 0.3471
1, 0.6529, 0.3471
1, 0.6535, 0.3465
1, 0.6531, 0.3469
1, 0.6537, 0.3463
1, 0.6532, 0.3468
1, 0.6536, 0.3464
0, 0.9161, 0.0839
1, 0.6531, 0.3469
1, 0.6539, 0.3461
1, 0.6532, 0.3468
1, 0.653, 0.347
1, 0.6539, 0.3461
0, 0.9162, 0.0838
1, 0.6531, 0.3469
0, 0.9159, 0.0841
1, 0.6528, 0.3472
1, 0.6528, 0.3472
1, 0.6536, 0.3464
0, 0.9162, 0.0838
1, 0.6526, 0.3474
0, 0.9159, 0.0841
1, 0.6536, 0.3464
1, 0.6526, 0.3474
0, 0.9162, 0.0838
1, 0.653, 0.347
1, 0.6532, 0.3468
1, 0.6543, 0.3457
1, 0.6539, 0.3461
1, 0.6535, 0.3465
1, 0.6526, 0.3474
1, 0.654, 0.346
1, 0.6534, 0.3466
1, 0.6519, 0.3481
1, 0.6536, 0.3464
1, 0.654, 0.346
1, 0.6533, 0.3467
1, 0.6538, 0.3462
1, 0.6536, 0.3464
1, 0.6539, 0.3461
1, 0.6537, 0.3463
1, 0.6541, 0.3459
1, 0.6535, 0.3465
1, 0.6536, 0.3464
1, 0.6537, 0.3463
1, 0.6535, 0.3465
1, 0.6537, 0.3463
1, 0.6535, 0.3465
1, 0.6536, 0.3464
0, 0.9161, 0.0839
1, 0.6531, 0.3469
1, 0.653, 0.347
1, 0.6529, 0.3471
1, 0.6533, 0.3467
1, 0.6531, 0.3469
1, 0.6535, 0.3465
0, 0.9163, 0.0837
1, 0.6535, 0.3465
1, 0.6537, 0.3463
1, 0.654, 0.346
1, 0.6541, 0.3459
0, 0.9162, 0.0838
1, 0.6519, 0.3481
1, 0.6533, 0.3467
1, 0.6533, 0.3467
1, 0.6541, 0.3459
1, 0.6536, 0.3464
1, 0.6535, 0.3465
0, 0.9162, 0.0838
1, 0.6539, 0.3461
1, 0.6537, 0.3463
1, 0.6538, 0.3462
1, 0.6535, 0.3465
1, 0.6536, 0.3464
1, 0.6532, 0.3468
1, 0.6537, 0.3463
1, 0.6535, 0.3465
1, 0.6539, 0.3461
1, 0.6527, 0.3473
1, 0.6536, 0.3464
1, 0.6536, 0.3464
1, 0.6535, 0.3465
1, 0.6535, 0.3465
1, 0.6537, 0.3463
1, 0.6533, 0.3467
1, 0.6537, 0.3463
1, 0.653, 0.347
1, 0.6535, 0.3465
1, 0.6533, 0.3467
1, 0.6536, 0.3464
1, 0.654, 0.346
1, 0.6536, 0.3464
1, 0.6533, 0.3467
1, 0.6533, 0.3467
1, 0.6536, 0.3464
1, 0.654, 0.346
1, 0.6537, 0.3463
1, 0.6537, 0.3463
1, 0.6532, 0.3468
1, 0.6537, 0.3463
1, 0.6537, 0.3463
1, 0.6527, 0.3473
0, 0.9152, 0.0848
1, 0.6516, 0.3484
1, 0.6535, 0.3465
1, 0.6535, 0.3465
0, 0.9162, 0.0838
1, 0.6537, 0.3463
1, 0.6537, 0.3463
1, 0.6536, 0.3464
1, 0.6539, 0.3461
1, 0.651, 0.349
1, 0.6536, 0.3464
1, 0.6539, 0.3461
1, 0.6539, 0.3461
1, 0.6536, 0.3464
1, 0.653, 0.347
1, 0.654, 0.346
1, 0.6539, 0.3461
1, 0.6542, 0.3458
1, 0.6534, 0.3466
1, 0.6529, 0.3471
1, 0.6544, 0.3456
1, 0.6525, 0.3475
1, 0.6535, 0.3465
1, 0.6534, 0.3466
1, 0.6542, 0.3458
1, 0.6529, 0.3471
1, 0.6533, 0.3467
1, 0.6535, 0.3465
1, 0.6542, 0.3458
1, 0.6531, 0.3469
0, 0.9156, 0.0844
1, 0.6531, 0.3469
1, 0.6537, 0.3463
1, 0.6543, 0.3457
1, 0.6536, 0.3464
1, 0.6535, 0.3465
1, 0.6542, 0.3458
1, 0.6535, 0.3465
1, 0.6532, 0.3468
1, 0.653, 0.347
1, 0.6535, 0.3465
1, 0.654, 0.346
1, 0.6539, 0.3461
1, 0.653, 0.347
1, 0.6531, 0.3469
1, 0.653, 0.347
0, 0.9157, 0.0843
1, 0.6529, 0.3471
1, 0.6518, 0.3482
1, 0.6536, 0.3464
1, 0.6535, 0.3465
1, 0.6542, 0.3458
1, 0.6535, 0.3465
1, 0.6536, 0.3464
1, 0.6535, 0.3465
1, 0.6529, 0.3471
1, 0.6535, 0.3465
1, 0.6529, 0.3471
1, 0.6537, 0.3463
1, 0.6536, 0.3464
1, 0.6536, 0.3464
1, 0.6544, 0.3456
1, 0.6531, 0.3469
1, 0.6515, 0.3485
1, 0.6539, 0.3461
1, 0.6543, 0.3457
1, 0.6531, 0.3469
1, 0.6529, 0.3471
1, 0.6529, 0.3471
1, 0.6537, 0.3463
1, 0.6531, 0.3469
0, 0.9155, 0.0845
1, 0.6531, 0.3469
1, 0.6535, 0.3465
1, 0.6534, 0.3466
1, 0.6531, 0.3469
1, 0.654, 0.346
1, 0.6544, 0.3456
1, 0.653, 0.347
1, 0.6535, 0.3465
0, 0.9161, 0.0839
1, 0.6533, 0.3467
1, 0.6535, 0.3465
1, 0.6524, 0.3476
1, 0.6526, 0.3474
1, 0.6536, 0.3464
1, 0.6531, 0.3469
1, 0.6536, 0.3464
1, 0.6543, 0.3457
1, 0.6532, 0.3468
1, 0.653, 0.347
1, 0.6537, 0.3463
1, 0.6535, 0.3465
1, 0.6536, 0.3464
1, 0.6527, 0.3473
1, 0.6539, 0.3461
1, 0.652, 0.348
1, 0.6537, 0.3463
1, 0.6535, 0.3465
1, 0.6531, 0.3469
1, 0.6541, 0.3459
1, 0.6535, 0.3465
1, 0.6534, 0.3466
1, 0.6536, 0.3464
1, 0.6531, 0.3469
1, 0.6533, 0.3467
1, 0.6531, 0.3469
1, 0.6537, 0.3463
1, 0.6531, 0.3469
1, 0.6536, 0.3464
0, 0.9162, 0.0838
1, 0.6533, 0.3467
0, 0.9162, 0.0838
1, 0.6529, 0.3471
1, 0.6531, 0.3469
1, 0.6536, 0.3464
1, 0.6538, 0.3462
1, 0.654, 0.346
1, 0.6529, 0.3471
1, 0.6532, 0.3468
1, 0.6531, 0.3469
1, 0.6542, 0.3458
1, 0.6535, 0.3465
1, 0.6535, 0.3465
1, 0.6527, 0.3473
1, 0.654, 0.346
1, 0.6519, 0.3481
1, 0.6544, 0.3456
1, 0.6536, 0.3464
1, 0.6531, 0.3469
1, 0.6535, 0.3465
1, 0.6536, 0.3464
1, 0.6539, 0.3461
1, 0.6536, 0.3464
1, 0.6539, 0.3461
0, 0.9147, 0.0853
1, 0.6536, 0.3464
1, 0.6535, 0.3465
1, 0.6537, 0.3463
1, 0.6539, 0.3461
1, 0.6541, 0.3459
1, 0.6538, 0.3462
1, 0.6534, 0.3466
1, 0.654, 0.346
1, 0.6537, 0.3463
1, 0.654, 0.346
1, 0.6533, 0.3467
1, 0.6536, 0.3464
1, 0.6527, 0.3473
1, 0.6535, 0.3465
1, 0.654, 0.346
1, 0.6537, 0.3463
1, 0.6533, 0.3467
1, 0.6539, 0.3461
1, 0.6535, 0.3465
1, 0.6537, 0.3463
0, 0.9163, 0.0837
1, 0.6538, 0.3462
1, 0.654, 0.346
1, 0.6502, 0.3498
1, 0.6537, 0.3463
1, 0.6533, 0.3467
1, 0.654, 0.346
1, 0.6535, 0.3465
1, 0.6533, 0.3467
1, 0.6535, 0.3465
1, 0.6533, 0.3467
1, 0.6536, 0.3464
1, 0.6535, 0.3465
1, 0.6533, 0.3467
1, 0.6536, 0.3464
1, 0.6541, 0.3459
1, 0.6516, 0.3484
1, 0.6533, 0.3467
1, 0.6536, 0.3464
1, 0.6537, 0.3463
1, 0.6533, 0.3467
1, 0.6533, 0.3467
1, 0.6533, 0.3467
1, 0.6536, 0.3464
1, 0.6537, 0.3463
1, 0.654, 0.346
1, 0.654, 0.346
1, 0.6537, 0.3463
1, 0.6537, 0.3463
1, 0.6537, 0.3463
1, 0.6538, 0.3462
1, 0.6537, 0.3463
1, 0.654, 0.346
1, 0.6531, 0.3469
0, 0.9162, 0.0838
1, 0.6536, 0.3464
1, 0.6538, 0.3462
1, 0.6535, 0.3465
1, 0.6529, 0.3471
1, 0.6531, 0.3469
1, 0.6536, 0.3464
0, 0.9163, 0.0837
1, 0.6536, 0.3464
1, 0.6536, 0.3464
1, 0.6538, 0.3462
1, 0.654, 0.346
1, 0.6538, 0.3462
1, 0.6536, 0.3464
1, 0.6531, 0.3469
1, 0.6531, 0.3469
1, 0.654, 0.346
1, 0.6521, 0.3479
1, 0.653, 0.347
1, 0.654, 0.346
1, 0.6538, 0.3462
1, 0.6533, 0.3467
1, 0.6543, 0.3457
1, 0.6539, 0.3461
1, 0.6537, 0.3463
1, 0.6532, 0.3468
1, 0.6519, 0.3481
1, 0.6536, 0.3464
1, 0.6538, 0.3462
1, 0.6535, 0.3465
1, 0.654, 0.346
1, 0.6531, 0.3469
1, 0.6529, 0.3471
1, 0.6535, 0.3465
1, 0.6535, 0.3465
1, 0.6536, 0.3464
1, 0.6543, 0.3457
1, 0.654, 0.346
1, 0.6533, 0.3467
1, 0.653, 0.347
1, 0.6535, 0.3465
1, 0.6537, 0.3463
1, 0.6531, 0.3469
1, 0.6528, 0.3472
0, 0.9163, 0.0837
1, 0.6539, 0.3461
1, 0.6536, 0.3464
1, 0.6542, 0.3458
1, 0.6531, 0.3469
1, 0.6533, 0.3467
1, 0.6542, 0.3458
0, 0.9163, 0.0837
1, 0.6534, 0.3466
1, 0.6533, 0.3467
1, 0.6542, 0.3458
1, 0.6539, 0.3461
1, 0.6526, 0.3474
1, 0.653, 0.347
1, 0.6535, 0.3465
1, 0.6516, 0.3484
1, 0.6539, 0.3461
1, 0.6536, 0.3464
1, 0.6537, 0.3463
1, 0.6537, 0.3463
1, 0.6537, 0.3463
1, 0.6535, 0.3465
1, 0.654, 0.346
1, 0.6538, 0.3462
1, 0.654, 0.346
1, 0.6537, 0.3463
1, 0.6532, 0.3468
1, 0.654, 0.346
1, 0.6533, 0.3467
1, 0.6527, 0.3473
1, 0.6541, 0.3459
1, 0.654, 0.346
1, 0.654, 0.346
1, 0.6537, 0.3463
1, 0.6541, 0.3459
1, 0.6536, 0.3464
1, 0.6533, 0.3467
1, 0.6532, 0.3468
1, 0.6535, 0.3465
1, 0.6535, 0.3465
1, 0.6535, 0.3465
1, 0.6538, 0.3462
1, 0.6533, 0.3467
0, 0.9147, 0.0853
1, 0.654, 0.346
1, 0.6532, 0.3468
1, 0.6534, 0.3466
1, 0.654, 0.346
1, 0.6538, 0.3462
1, 0.6537, 0.3463
1, 0.6537, 0.3463
1, 0.6535, 0.3465
1, 0.6536, 0.3464
1, 0.6532, 0.3468
1, 0.6539, 0.3461
1, 0.6537, 0.3463
1, 0.6537, 0.3463
1, 0.6536, 0.3464
1, 0.6538, 0.3462
1, 0.6502, 0.3498
0, 0.9162, 0.0838
1, 0.6541, 0.3459
1, 0.6537, 0.3463
1, 0.6533, 0.3467
1, 0.6537, 0.3463
1, 0.6521, 0.3479
1, 0.6538, 0.3462
1, 0.6539, 0.3461
1, 0.6536, 0.3464
1, 0.6535, 0.3465
1, 0.6541, 0.3459
1, 0.6536, 0.3464
0, 0.9162, 0.0838
1, 0.6537, 0.3463
1, 0.654, 0.346
1, 0.6537, 0.3463
1, 0.6537, 0.3463
1, 0.6533, 0.3467
1, 0.6538, 0.3462
1, 0.6538, 0.3462
0, 0.9162, 0.0838
1, 0.6535, 0.3465
1, 0.6535, 0.3465
1, 0.6535, 0.3465
1, 0.653, 0.347
1, 0.6536, 0.3464
1, 0.6537, 0.3463
1, 0.6524, 0.3476
1, 0.653, 0.347
1, 0.6531, 0.3469
0, 0.9159, 0.0841
1, 0.6531, 0.3469
1, 0.6535, 0.3465
0, 0.9162, 0.0838
1, 0.6534, 0.3466
1, 0.6528, 0.3472
1, 0.6536, 0.3464
1, 0.6536, 0.3464
1, 0.6526, 0.3474
1, 0.6534, 0.3466
1, 0.6539, 0.3461
0, 0.9162, 0.0838
1, 0.6529, 0.3471
0, 0.9159, 0.0841
1, 0.653, 0.347
1, 0.6524, 0.3476
0, 0.9163, 0.0837
1, 0.6534, 0.3466
1, 0.6528, 0.3472
1, 0.6532, 0.3468
1, 0.6526, 0.3474
1, 0.6532, 0.3468
0, 0.9163, 0.0837
1, 0.6536, 0.3464
1, 0.6535, 0.3465
1, 0.6526, 0.3474
1, 0.6532, 0.3468
1, 0.6536, 0.3464
1, 0.6539, 0.3461
1, 0.6536, 0.3464
1, 0.6535, 0.3465
0, 0.916, 0.084
1, 0.6535, 0.3465
1, 0.6536, 0.3464
1, 0.6539, 0.3461
1, 0.6537, 0.3463
0, 0.9163, 0.0837
1, 0.6526, 0.3474
1, 0.653, 0.347
0, 0.9159, 0.0841
1, 0.6535, 0.3465
1, 0.6527, 0.3473
0, 0.916, 0.084
1, 0.6527, 0.3473
1, 0.6536, 0.3464
1, 0.6532, 0.3468
1, 0.6531, 0.3469
1, 0.6532, 0.3468
0, 0.9162, 0.0838
1, 0.6526, 0.3474
1, 0.653, 0.347
1, 0.6524, 0.3476
1, 0.6534, 0.3466
1, 0.6531, 0.3469
1, 0.653, 0.347
1, 0.6528, 0.3472
1, 0.6536, 0.3464
1, 0.6535, 0.3465
1, 0.6539, 0.3461
1, 0.6539, 0.3461
0, 0.9162, 0.0838
0, 0.9159, 0.0841
1, 0.6531, 0.3469
1, 0.6536, 0.3464
1, 0.6534, 0.3466
1, 0.6531, 0.3469
1, 0.6532, 0.3468
1, 0.6531, 0.3469
1, 0.6528, 0.3472
1, 0.6532, 0.3468
1, 0.6526, 0.3474
1, 0.6533, 0.3467
0, 0.9159, 0.0841
0, 0.9161, 0.0839
1, 0.6526, 0.3474
1, 0.653, 0.347
1, 0.6526, 0.3474
1, 0.6524, 0.3476
1, 0.6539, 0.3461
1, 0.6532, 0.3468
1, 0.6539, 0.3461
0, 0.916, 0.084
1, 0.6534, 0.3466
1, 0.6529, 0.3471
1, 0.6534, 0.3466
1, 0.6534, 0.3466
1, 0.6535, 0.3465
1, 0.6527, 0.3473
1, 0.6526, 0.3474
0, 0.9162, 0.0838
0, 0.9162, 0.0838
0, 0.916, 0.084
1, 0.6527, 0.3473
1, 0.6536, 0.3464
1, 0.6534, 0.3466
1, 0.6518, 0.3482
1, 0.6528, 0.3472
1, 0.6536, 0.3464
1, 0.6534, 0.3466
1, 0.6524, 0.3476
0, 0.916, 0.084
1, 0.6527, 0.3473
1, 0.6536, 0.3464
1, 0.6516, 0.3484
1, 0.6531, 0.3469
1, 0.6539, 0.3461
1, 0.6527, 0.3473
1, 0.6537, 0.3463
0, 0.9159, 0.0841
1, 0.6534, 0.3466
1, 0.6535, 0.3465
1, 0.6536, 0.3464
1, 0.6525, 0.3475
1, 0.6531, 0.3469
1, 0.6518, 0.3482
1, 0.6526, 0.3474
1, 0.6536, 0.3464
0, 0.916, 0.084
1, 0.6527, 0.3473
0, 0.9159, 0.0841
1, 0.6534, 0.3466
1, 0.6531, 0.3469
1, 0.6529, 0.3471
1, 0.6526, 0.3474
1, 0.6526, 0.3474
1, 0.653, 0.347
1, 0.6534, 0.3466
1, 0.6534, 0.3466
1, 0.6531, 0.3469
1, 0.6536, 0.3464
1, 0.6539, 0.3461
1, 0.6539, 0.3461
1, 0.6532, 0.3468
0, 0.916, 0.084
1, 0.6536, 0.3464
1, 0.6525, 0.3475
0, 0.9161, 0.0839
1, 0.6531, 0.3469
1, 0.6536, 0.3464
1, 0.6531, 0.3469
1, 0.6535, 0.3465
1, 0.6532, 0.3468
1, 0.6537, 0.3463
1, 0.6536, 0.3464
1, 0.6532, 0.3468
1, 0.6536, 0.3464
1, 0.6527, 0.3473
0, 0.9161, 0.0839
1, 0.6534, 0.3466
1, 0.653, 0.347
1, 0.6536, 0.3464
1, 0.6531, 0.3469
1, 0.6528, 0.3472
1, 0.6536, 0.3464
1, 0.6531, 0.3469
1, 0.6532, 0.3468
1, 0.6529, 0.3471
0, 0.9162, 0.0838
1, 0.6531, 0.3469
1, 0.6532, 0.3468
1, 0.6532, 0.3468
1, 0.6536, 0.3464
0, 0.9161, 0.0839
1, 0.6536, 0.3464
1, 0.6531, 0.3469
1, 0.6532, 0.3468
1, 0.653, 0.347
1, 0.6536, 0.3464
0, 0.9161, 0.0839
1, 0.6526, 0.3474
1, 0.653, 0.347
1, 0.6528, 0.3472
1, 0.6531, 0.3469
1, 0.6536, 0.3464
1, 0.6525, 0.3475
1, 0.6529, 0.3471
1, 0.6531, 0.3469
1, 0.6526, 0.3474
1, 0.6536, 0.3464
1, 0.6536, 0.3464
1, 0.6524, 0.3476
1, 0.6526, 0.3474
1, 0.6531, 0.3469
1, 0.6539, 0.3461
1, 0.6531, 0.3469
1, 0.653, 0.347
1, 0.6529, 0.3471
1, 0.6526, 0.3474
1, 0.6526, 0.3474
1, 0.653, 0.347
1, 0.6531, 0.3469
1, 0.6531, 0.3469
1, 0.6536, 0.3464
1, 0.6531, 0.3469
1, 0.6526, 0.3474
1, 0.6526, 0.3474
1, 0.653, 0.347
1, 0.6524, 0.3476
1, 0.6539, 0.3461
1, 0.6526, 0.3474
1, 0.6524, 0.3476
1, 0.653, 0.347
1, 0.6539, 0.3461
1, 0.6535, 0.3465
1, 0.6526, 0.3474
1, 0.6531, 0.3469
0, 0.9161, 0.0839
1, 0.6526, 0.3474
1, 0.6534, 0.3466
0, 0.9163, 0.0837
1, 0.6518, 0.3482
1, 0.6536, 0.3464
1, 0.6526, 0.3474
1, 0.6532, 0.3468
1, 0.6524, 0.3476
1, 0.6518, 0.3482
1, 0.6529, 0.3471
1, 0.6534, 0.3466
1, 0.6536, 0.3464
1, 0.6532, 0.3468
1, 0.6538, 0.3462
1, 0.6532, 0.3468
0, 0.9162, 0.0838
1, 0.6539, 0.3461
1, 0.6525, 0.3475
0, 0.9161, 0.0839
1, 0.6532, 0.3468
1, 0.6526, 0.3474
1, 0.6532, 0.3468
1, 0.6526, 0.3474
1, 0.6527, 0.3473
1, 0.6524, 0.3476
0, 0.9162, 0.0838
1, 0.6531, 0.3469
0, 0.9155, 0.0845
1, 0.6532, 0.3468
1, 0.6529, 0.3471
1, 0.6526, 0.3474
1, 0.6534, 0.3466
1, 0.6524, 0.3476
1, 0.6531, 0.3469
1, 0.6522, 0.3478
1, 0.6527, 0.3473
1, 0.653, 0.347
1, 0.6531, 0.3469
1, 0.6536, 0.3464
1, 0.6531, 0.3469
1, 0.6516, 0.3484
1, 0.6536, 0.3464
1, 0.6531, 0.3469
1, 0.6535, 0.3465
1, 0.6535, 0.3465
0, 0.9163, 0.0837
1, 0.6528, 0.3472
1, 0.6528, 0.3472
0, 0.9162, 0.0838
1, 0.6531, 0.3469
1, 0.6536, 0.3464
1, 0.6527, 0.3473
1, 0.6534, 0.3466
1, 0.6532, 0.3468
1, 0.6534, 0.3466
1, 0.6535, 0.3465
1, 0.6528, 0.3472
1, 0.653, 0.347
1, 0.6536, 0.3464
1, 0.6527, 0.3473
1, 0.6526, 0.3474
1, 0.6529, 0.3471
1, 0.6526, 0.3474
1, 0.6529, 0.3471
1, 0.6531, 0.3469
1, 0.6518, 0.3482
1, 0.6527, 0.3473
1, 0.6526, 0.3474
1, 0.6527, 0.3473
1, 0.6532, 0.3468
1, 0.6531, 0.3469
1, 0.6524, 0.3476
1, 0.6532, 0.3468
1, 0.6536, 0.3464
1, 0.6536, 0.3464
1, 0.6526, 0.3474
0, 0.9161, 0.0839
1, 0.6526, 0.3474
1, 0.6534, 0.3466
1, 0.6536, 0.3464
1, 0.6539, 0.3461
1, 0.6531, 0.3469
1, 0.6524, 0.3476
1, 0.6538, 0.3462
1, 0.653, 0.347
1, 0.6529, 0.3471
1, 0.6526, 0.3474
1, 0.653, 0.347
1, 0.6513, 0.3487
1, 0.653, 0.347
1, 0.6534, 0.3466
1, 0.6532, 0.3468
1, 0.6536, 0.3464
1, 0.6531, 0.3469
1, 0.6531, 0.3469
1, 0.6521, 0.3479
1, 0.6539, 0.3461
1, 0.6529, 0.3471
0, 0.9162, 0.0838
1, 0.6528, 0.3472
1, 0.6536, 0.3464
1, 0.6532, 0.3468
1, 0.6531, 0.3469
1, 0.6524, 0.3476
1, 0.653, 0.347
1, 0.6536, 0.3464
1, 0.6529, 0.3471
1, 0.6531, 0.3469
1, 0.6532, 0.3468
0, 0.9162, 0.0838
1, 0.6529, 0.3471
1, 0.6531, 0.3469
1, 0.6531, 0.3469
1, 0.6526, 0.3474
1, 0.6534, 0.3466
1, 0.6536, 0.3464
1, 0.6538, 0.3462
1, 0.6518, 0.3482
1, 0.653, 0.347
1, 0.6531, 0.3469
1, 0.6536, 0.3464
1, 0.6536, 0.3464
1, 0.6526, 0.3474
1, 0.6531, 0.3469
1, 0.6526, 0.3474
1, 0.6536, 0.3464
0, 0.9163, 0.0837
1, 0.6531, 0.3469
1, 0.653, 0.347
1, 0.6524, 0.3476
1, 0.6534, 0.3466
1, 0.6526, 0.3474
1, 0.6532, 0.3468
1, 0.6526, 0.3474
1, 0.6539, 0.3461
1, 0.6535, 0.3465
1, 0.6531, 0.3469
1, 0.653, 0.347
1, 0.653, 0.347
1, 0.6526, 0.3474
1, 0.6526, 0.3474
0, 0.9162, 0.0838
1, 0.6531, 0.3469
1, 0.6531, 0.3469
1, 0.6529, 0.3471
1, 0.6536, 0.3464
1, 0.6526, 0.3474
1, 0.6527, 0.3473
1, 0.653, 0.347
1, 0.6535, 0.3465
1, 0.6526, 0.3474
1, 0.6518, 0.3482
1, 0.653, 0.347
1, 0.6527, 0.3473
1, 0.6531, 0.3469
1, 0.6523, 0.3477
1, 0.6527, 0.3473
1, 0.6532, 0.3468
1, 0.6524, 0.3476
1, 0.6524, 0.3476
0, 0.9163, 0.0837
1, 0.6536, 0.3464
1, 0.6526, 0.3474
1, 0.6539, 0.3461
1, 0.6536, 0.3464
1, 0.6526, 0.3474
1, 0.6526, 0.3474
1, 0.6534, 0.3466
1, 0.6531, 0.3469
1, 0.653, 0.347
1, 0.6528, 0.3472
1, 0.6527, 0.3473
1, 0.6531, 0.3469
1, 0.6535, 0.3465
1, 0.653, 0.347
1, 0.653, 0.347
1, 0.6536, 0.3464
1, 0.6529, 0.3471
1, 0.6526, 0.3474
1, 0.6539, 0.3461
1, 0.6529, 0.3471
1, 0.6531, 0.3469
1, 0.6534, 0.3466
1, 0.6536, 0.3464
1, 0.6524, 0.3476
1, 0.6531, 0.3469
1, 0.6518, 0.3482
1, 0.6524, 0.3476
1, 0.6539, 0.3461
1, 0.6539, 0.3461
1, 0.6526, 0.3474
1, 0.6532, 0.3468
1, 0.6527, 0.3473
1, 0.6534, 0.3466
1, 0.6532, 0.3468
1, 0.6518, 0.3482
1, 0.653, 0.347
1, 0.6534, 0.3466
1, 0.6527, 0.3473
1, 0.653, 0.347
0, 0.9161, 0.0839
1, 0.6528, 0.3472
1, 0.6527, 0.3473
1, 0.6527, 0.3473
1, 0.6531, 0.3469
1, 0.6527, 0.3473
1, 0.6524, 0.3476
1, 0.6535, 0.3465
1, 0.6524, 0.3476
1, 0.6518, 0.3482
1, 0.6526, 0.3474
1, 0.6526, 0.3474
1, 0.6526, 0.3474
1, 0.6532, 0.3468
1, 0.653, 0.347
1, 0.6539, 0.3461
1, 0.6534, 0.3466
1, 0.6539, 0.3461
0, 0.9161, 0.0839
0, 0.9162, 0.0838
1, 0.6531, 0.3469
1, 0.6532, 0.3468
1, 0.6536, 0.3464
1, 0.6531, 0.3469
0, 0.9162, 0.0838
1, 0.6531, 0.3469
1, 0.6532, 0.3468
0, 0.9163, 0.0837
1, 0.6526, 0.3474
1, 0.6526, 0.3474
0, 0.9161, 0.0839
1, 0.6532, 0.3468
1, 0.6529, 0.3471
1, 0.6533, 0.3467
0, 0.9163, 0.0837
1, 0.6529, 0.3471
1, 0.6537, 0.3463
1, 0.6532, 0.3468
1, 0.6536, 0.3464
1, 0.6536, 0.3464
1, 0.6532, 0.3468
1, 0.6535, 0.3465
1, 0.6528, 0.3472
1, 0.6536, 0.3464
1, 0.6527, 0.3473
0, 0.9163, 0.0837
1, 0.6536, 0.3464
1, 0.6524, 0.3476
1, 0.6536, 0.3464
1, 0.6524, 0.3476
1, 0.6532, 0.3468
1, 0.6535, 0.3465
1, 0.6526, 0.3474
1, 0.6516, 0.3484
1, 0.6534, 0.3466
1, 0.6516, 0.3484
1, 0.6536, 0.3464
1, 0.6536, 0.3464
1, 0.6534, 0.3466
1, 0.653, 0.347
1, 0.6534, 0.3466
1, 0.6529, 0.3471
1, 0.6536, 0.3464
1, 0.6532, 0.3468
1, 0.6532, 0.3468
1, 0.6531, 0.3469
1, 0.6531, 0.3469
1, 0.6536, 0.3464
1, 0.6535, 0.3465
1, 0.6536, 0.3464
1, 0.6536, 0.3464
1, 0.6528, 0.3472
1, 0.6531, 0.3469
1, 0.6524, 0.3476
1, 0.6531, 0.3469
1, 0.6529, 0.3471
1, 0.6536, 0.3464
1, 0.6532, 0.3468
1, 0.6529, 0.3471
1, 0.6532, 0.3468
1, 0.653, 0.347
1, 0.6531, 0.3469
0, 0.9161, 0.0839
1, 0.6531, 0.3469
0, 0.9161, 0.0839
1, 0.6536, 0.3464
1, 0.6531, 0.3469
1, 0.6531, 0.3469
1, 0.653, 0.347
1, 0.6529, 0.3471
1, 0.6535, 0.3465
1, 0.6531, 0.3469
1, 0.6534, 0.3466
1, 0.6532, 0.3468
1, 0.6526, 0.3474
0, 0.9162, 0.0838
1, 0.653, 0.347
1, 0.6531, 0.3469
0, 0.9162, 0.0838
1, 0.6528, 0.3472
1, 0.653, 0.347
1, 0.6526, 0.3474
1, 0.6536, 0.3464
1, 0.6532, 0.3468
1, 0.6524, 0.3476
1, 0.6531, 0.3469
0, 0.9162, 0.0838
1, 0.6524, 0.3476
1, 0.6526, 0.3474
1, 0.6531, 0.3469
1, 0.6536, 0.3464
1, 0.6527, 0.3473
1, 0.6524, 0.3476
1, 0.6536, 0.3464
1, 0.6532, 0.3468
0, 0.9163, 0.0837
1, 0.6531, 0.3469
1, 0.6532, 0.3468
1, 0.6539, 0.3461
1, 0.6531, 0.3469
1, 0.6518, 0.3482
1, 0.6536, 0.3464
1, 0.6534, 0.3466
0, 0.9162, 0.0838
1, 0.6531, 0.3469
1, 0.6534, 0.3466
1, 0.653, 0.347
1, 0.6526, 0.3474
1, 0.6532, 0.3468
1, 0.653, 0.347
1, 0.6534, 0.3466
1, 0.653, 0.347
1, 0.6536, 0.3464
1, 0.6527, 0.3473
1, 0.6526, 0.3474
1, 0.6529, 0.3471
1, 0.6518, 0.3482
1, 0.6531, 0.3469
1, 0.6526, 0.3474
1, 0.6531, 0.3469
1, 0.6531, 0.3469
1, 0.6526, 0.3474
1, 0.6536, 0.3464
1, 0.6536, 0.3464
1, 0.6534, 0.3466
1, 0.6534, 0.3466
1, 0.6526, 0.3474
1, 0.6537, 0.3463
1, 0.6531, 0.3469
1, 0.6526, 0.3474
1, 0.6524, 0.3476
1, 0.6529, 0.3471
0, 0.9163, 0.0837
1, 0.6531, 0.3469
1, 0.653, 0.347
1, 0.6529, 0.3471
1, 0.6534, 0.3466
1, 0.6531, 0.3469
1, 0.6527, 0.3473
1, 0.6527, 0.3473
1, 0.6539, 0.3461
0, 0.9162, 0.0838
1, 0.6518, 0.3482
1, 0.6531, 0.3469
1, 0.6518, 0.3482
1, 0.6527, 0.3473
1, 0.6531, 0.3469
1, 0.6532, 0.3468
1, 0.6536, 0.3464
1, 0.6526, 0.3474
0, 0.9161, 0.0839
1, 0.653, 0.347
0, 0.9161, 0.0839
1, 0.6535, 0.3465
1, 0.6531, 0.3469
1, 0.6527, 0.3473
1, 0.6537, 0.3463
1, 0.6526, 0.3474
0, 0.9162, 0.0838
1, 0.653, 0.347
1, 0.6531, 0.3469
1, 0.6524, 0.3476
1, 0.6535, 0.3465
1, 0.6534, 0.3466
1, 0.6532, 0.3468
1, 0.6526, 0.3474
1, 0.6526, 0.3474
0, 0.9163, 0.0837
1, 0.6526, 0.3474
1, 0.6537, 0.3463
1, 0.6534, 0.3466
1, 0.6534, 0.3466
1, 0.6532, 0.3468
1, 0.653, 0.347
1, 0.6524, 0.3476
1, 0.6539, 0.3461
1, 0.6539, 0.3461
1, 0.6532, 0.3468
1, 0.6535, 0.3465
0, 0.9161, 0.0839
1, 0.6526, 0.3474
1, 0.6535, 0.3465
1, 0.6539, 0.3461
1, 0.6536, 0.3464
1, 0.6535, 0.3465
1, 0.6527, 0.3473
1, 0.6536, 0.3464
1, 0.6531, 0.3469
1, 0.6534, 0.3466
1, 0.6532, 0.3468
1, 0.6536, 0.3464
1, 0.6526, 0.3474
1, 0.653, 0.347
1, 0.6535, 0.3465
1, 0.6536, 0.3464
1, 0.6535, 0.3465
1, 0.6524, 0.3476
1, 0.6538, 0.3462
0, 0.9163, 0.0837
1, 0.6526, 0.3474
1, 0.6531, 0.3469
1, 0.6539, 0.3461
1, 0.6528, 0.3472
1, 0.6531, 0.3469
1, 0.6526, 0.3474
1, 0.6532, 0.3468
1, 0.6535, 0.3465
1, 0.6529, 0.3471
1, 0.6534, 0.3466
1, 0.653, 0.347
1, 0.6529, 0.3471
1, 0.6536, 0.3464
1, 0.6539, 0.3461
1, 0.6534, 0.3466
1, 0.6531, 0.3469
1, 0.6531, 0.3469
1, 0.6527, 0.3473
1, 0.6527, 0.3473
1, 0.6524, 0.3476
1, 0.6536, 0.3464
1, 0.6518, 0.3482
1, 0.6526, 0.3474
1, 0.6536, 0.3464
1, 0.6527, 0.3473
1, 0.6531, 0.3469
1, 0.6524, 0.3476
1, 0.6531, 0.3469
1, 0.6526, 0.3474
1, 0.6531, 0.3469
1, 0.6531, 0.3469
1, 0.6516, 0.3484
1, 0.6534, 0.3466
1, 0.6539, 0.3461
1, 0.6534, 0.3466
1, 0.653, 0.347
1, 0.6531, 0.3469
1, 0.6535, 0.3465
1, 0.6529, 0.3471
1, 0.6528, 0.3472
1, 0.6531, 0.3469
1, 0.6534, 0.3466
0, 0.9161, 0.0839
1, 0.6526, 0.3474
1, 0.6529, 0.3471
1, 0.6531, 0.3469
1, 0.6536, 0.3464
1, 0.6524, 0.3476
1, 0.6528, 0.3472
1, 0.6532, 0.3468
1, 0.6528, 0.3472
1, 0.6534, 0.3466
1, 0.6531, 0.3469
1, 0.6526, 0.3474
1, 0.6525, 0.3475
1, 0.6531, 0.3469
1, 0.6516, 0.3484
0, 0.9162, 0.0838
1, 0.6531, 0.3469
1, 0.6526, 0.3474
1, 0.6539, 0.3461
1, 0.653, 0.347
1, 0.6532, 0.3468
1, 0.6536, 0.3464
1, 0.6526, 0.3474
1, 0.6529, 0.3471
1, 0.6535, 0.3465
1, 0.6525, 0.3475
1, 0.6526, 0.3474
1, 0.6532, 0.3468
1, 0.6531, 0.3469
1, 0.6531, 0.3469
1, 0.6536, 0.3464
1, 0.653, 0.347
1, 0.6532, 0.3468
1, 0.6529, 0.3471
0, 0.9162, 0.0838
1, 0.6536, 0.3464
1, 0.6526, 0.3474
1, 0.6525, 0.3475
1, 0.653, 0.347
1, 0.6524, 0.3476
0, 0.9158, 0.0842
0, 0.9163, 0.0837
1, 0.6536, 0.3464
1, 0.6531, 0.3469
1, 0.653, 0.347
1, 0.6516, 0.3484
0, 0.9162, 0.0838
0, 0.9158, 0.0842
1, 0.6524, 0.3476
1, 0.6539, 0.3461
1, 0.6531, 0.3469
1, 0.6525, 0.3475
1, 0.6535, 0.3465
1, 0.6527, 0.3473
1, 0.6535, 0.3465
1, 0.6532, 0.3468
1, 0.653, 0.347
1, 0.6532, 0.3468
0, 0.9162, 0.0838
1, 0.653, 0.347
1, 0.6532, 0.3468
1, 0.6524, 0.3476
1, 0.6536, 0.3464
1, 0.6531, 0.3469
0, 0.9159, 0.0841
1, 0.6523, 0.3477
1, 0.6534, 0.3466
1, 0.6528, 0.3472
0, 0.9162, 0.0838
1, 0.6524, 0.3476
1, 0.6531, 0.3469
1, 0.653, 0.347
1, 0.6516, 0.3484
1, 0.6529, 0.3471
0, 0.9162, 0.0838
1, 0.653, 0.347
1, 0.6532, 0.3468
1, 0.6526, 0.3474
1, 0.6523, 0.3477
1, 0.6534, 0.3466
0, 0.9161, 0.0839
1, 0.6527, 0.3473
1, 0.6536, 0.3464
1, 0.6531, 0.3469
1, 0.6529, 0.3471
1, 0.6526, 0.3474
1, 0.6527, 0.3473
1, 0.6528, 0.3472
1, 0.6526, 0.3474
1, 0.6532, 0.3468
1, 0.6535, 0.3465
1, 0.6523, 0.3477
1, 0.6531, 0.3469
1, 0.6529, 0.3471
1, 0.6526, 0.3474
1, 0.6534, 0.3466
1, 0.6524, 0.3476
0, 0.9162, 0.0838
0, 0.9159, 0.0841
1, 0.653, 0.347
1, 0.6532, 0.3468
1, 0.6531, 0.3469
1, 0.6529, 0.3471
1, 0.6529, 0.3471
1, 0.6526, 0.3474
1, 0.6523, 0.3477
1, 0.6531, 0.3469
1, 0.6524, 0.3476
1, 0.6536, 0.3464
1, 0.6527, 0.3473
1, 0.6526, 0.3474
1, 0.6532, 0.3468
0, 0.9162, 0.0838
1, 0.6531, 0.3469
1, 0.6526, 0.3474
1, 0.6531, 0.3469
1, 0.6532, 0.3468
1, 0.6539, 0.3461
1, 0.6518, 0.3482
1, 0.6531, 0.3469
1, 0.6536, 0.3464
1, 0.6526, 0.3474
0, 0.9158, 0.0842
1, 0.6539, 0.3461
1, 0.6539, 0.3461
1, 0.6526, 0.3474
0, 0.9161, 0.0839
1, 0.6536, 0.3464
1, 0.6536, 0.3464
1, 0.6531, 0.3469
1, 0.6526, 0.3474
1, 0.6526, 0.3474
1, 0.6534, 0.3466
1, 0.653, 0.347
1, 0.6528, 0.3472
1, 0.6524, 0.3476
1, 0.6534, 0.3466
1, 0.6536, 0.3464
0, 0.916, 0.084
1, 0.6531, 0.3469
1, 0.6535, 0.3465
1, 0.653, 0.347
1, 0.6526, 0.3474
1, 0.6524, 0.3476
1, 0.6531, 0.3469
1, 0.6528, 0.3472
1, 0.6528, 0.3472
1, 0.653, 0.347
1, 0.6529, 0.3471
1, 0.6532, 0.3468
0, 0.9159, 0.0841
0, 0.9162, 0.0838
1, 0.6531, 0.3469
1, 0.6531, 0.3469
1, 0.6526, 0.3474
1, 0.6529, 0.3471
1, 0.6529, 0.3471
1, 0.6531, 0.3469
1, 0.6526, 0.3474
1, 0.6536, 0.3464
1, 0.6531, 0.3469
1, 0.6534, 0.3466
1, 0.6531, 0.3469
1, 0.6532, 0.3468
1, 0.6536, 0.3464
1, 0.6532, 0.3468
1, 0.6524, 0.3476
0, 0.9162, 0.0838
1, 0.6516, 0.3484
1, 0.6526, 0.3474
1, 0.6539, 0.3461
1, 0.653, 0.347
1, 0.6536, 0.3464
0, 0.9162, 0.0838
1, 0.6531, 0.3469
1, 0.6526, 0.3474
1, 0.6536, 0.3464
1, 0.6536, 0.3464
1, 0.6528, 0.3472
1, 0.6526, 0.3474
1, 0.653, 0.347
0, 0.9159, 0.0841
1, 0.6532, 0.3468
1, 0.6524, 0.3476
1, 0.6527, 0.3473
1, 0.653, 0.347
1, 0.6539, 0.3461
1, 0.6526, 0.3474
1, 0.6524, 0.3476
1, 0.6527, 0.3473
1, 0.6518, 0.3482
1, 0.6531, 0.3469
1, 0.653, 0.347
1, 0.653, 0.347
1, 0.6526, 0.3474
1, 0.6536, 0.3464
0, 0.916, 0.084
1, 0.6539, 0.3461
0, 0.9163, 0.0837
1, 0.6532, 0.3468
1, 0.6535, 0.3465
0, 0.9163, 0.0837
1, 0.653, 0.347
1, 0.6524, 0.3476
1, 0.6526, 0.3474
1, 0.6528, 0.3472
1, 0.6539, 0.3461
1, 0.6526, 0.3474
1, 0.6532, 0.3468
0, 0.9159, 0.0841
1, 0.6531, 0.3469
1, 0.6535, 0.3465
1, 0.6526, 0.3474
1, 0.6535, 0.3465
1, 0.6529, 0.3471
1, 0.6526, 0.3474
1, 0.6532, 0.3468
1, 0.6534, 0.3466
1, 0.6536, 0.3464
1, 0.6531, 0.3469
1, 0.6532, 0.3468
1, 0.6531, 0.3469
0, 0.916, 0.084
1, 0.6526, 0.3474
1, 0.6526, 0.3474
1, 0.6536, 0.3464
1, 0.6535, 0.3465
1, 0.6531, 0.3469
1, 0.6532, 0.3468
1, 0.6527, 0.3473
1, 0.6516, 0.3484
1, 0.6531, 0.3469
0, 0.9159, 0.0841
1, 0.6531, 0.3469
0, 0.916, 0.084
1, 0.6532, 0.3468
1, 0.653, 0.347
0, 0.9159, 0.0841
0, 0.9162, 0.0838
1, 0.6534, 0.3466
1, 0.6525, 0.3475
0, 0.916, 0.084
1, 0.6539, 0.3461
1, 0.6526, 0.3474
0, 0.9163, 0.0837
0, 0.9159, 0.0841
1, 0.6536, 0.3464
1, 0.6532, 0.3468
1, 0.6535, 0.3465
1, 0.6537, 0.3463
0, 0.916, 0.084
1, 0.6536, 0.3464
1, 0.651, 0.349
1, 0.6531, 0.3469
1, 0.6527, 0.3473
1, 0.6526, 0.3474
1, 0.6536, 0.3464
1, 0.6531, 0.3469
0, 0.916, 0.084
1, 0.6526, 0.3474
1, 0.6532, 0.3468
1, 0.6531, 0.3469
1, 0.6536, 0.3464
1, 0.6531, 0.3469
1, 0.6529, 0.3471
1, 0.6529, 0.3471
1, 0.6526, 0.3474
1, 0.6528, 0.3472
1, 0.6531, 0.3469
1, 0.6533, 0.3467
1, 0.6536, 0.3464
1, 0.6532, 0.3468
1, 0.6529, 0.3471
1, 0.6531, 0.3469
0, 0.9161, 0.0839
1, 0.6528, 0.3472
1, 0.653, 0.347
1, 0.653, 0.347
1, 0.6532, 0.3468
1, 0.6526, 0.3474
1, 0.6528, 0.3472
0, 0.9161, 0.0839
1, 0.6527, 0.3473
1, 0.653, 0.347
1, 0.6532, 0.3468
1, 0.6528, 0.3472
1, 0.6526, 0.3474
1, 0.6536, 0.3464
1, 0.6528, 0.3472
1, 0.6532, 0.3468
1, 0.6529, 0.3471
1, 0.6526, 0.3474
1, 0.6536, 0.3464
1, 0.6526, 0.3474
1, 0.6524, 0.3476
1, 0.6526, 0.3474
1, 0.653, 0.347
1, 0.6539, 0.3461
1, 0.6526, 0.3474
1, 0.6525, 0.3475
1, 0.6531, 0.3469
1, 0.6529, 0.3471
1, 0.6529, 0.3471
1, 0.6534, 0.3466
1, 0.6534, 0.3466
1, 0.653, 0.347
1, 0.6536, 0.3464
1, 0.6532, 0.3468
1, 0.6531, 0.3469
1, 0.6532, 0.3468
1, 0.6532, 0.3468
1, 0.6536, 0.3464
1, 0.6536, 0.3464
1, 0.6536, 0.3464
1, 0.6539, 0.3461
1, 0.6536, 0.3464
1, 0.6536, 0.3464
1, 0.6521, 0.3479
1, 0.6531, 0.3469
1, 0.6531, 0.3469
1, 0.6528, 0.3472
1, 0.6534, 0.3466
1, 0.6512, 0.3488
1, 0.6536, 0.3464
1, 0.6536, 0.3464
1, 0.6518, 0.3482
1, 0.653, 0.347
1, 0.6534, 0.3466
1, 0.6536, 0.3464
1, 0.6536, 0.3464
1, 0.6537, 0.3463
1, 0.6527, 0.3473
1, 0.6531, 0.3469
1, 0.6526, 0.3474
1, 0.6528, 0.3472
1, 0.6526, 0.3474
1, 0.6531, 0.3469
1, 0.6529, 0.3471
1, 0.6527, 0.3473
1, 0.653, 0.347
1, 0.6526, 0.3474
1, 0.653, 0.347
1, 0.6529, 0.3471
1, 0.6529, 0.3471
1, 0.6529, 0.3471
1, 0.6536, 0.3464
1, 0.6537, 0.3463
1, 0.6531, 0.3469
1, 0.6526, 0.3474
1, 0.6518, 0.3482
1, 0.6531, 0.3469
1, 0.6536, 0.3464
0, 0.9162, 0.0838
1, 0.6531, 0.3469
1, 0.6531, 0.3469
1, 0.6532, 0.3468
1, 0.6536, 0.3464
1, 0.6526, 0.3474
1, 0.6534, 0.3466
1, 0.6536, 0.3464
1, 0.6536, 0.3464
1, 0.653, 0.347
1, 0.6531, 0.3469
1, 0.6534, 0.3466
1, 0.6531, 0.3469
1, 0.6526, 0.3474
1, 0.6531, 0.3469
1, 0.6531, 0.3469
1, 0.6535, 0.3465
1, 0.6526, 0.3474
1, 0.6532, 0.3468
1, 0.6524, 0.3476
1, 0.653, 0.347
1, 0.653, 0.347
1, 0.653, 0.347
1, 0.6539, 0.3461
1, 0.6531, 0.3469
1, 0.6539, 0.3461
1, 0.6523, 0.3477
1, 0.6531, 0.3469
1, 0.6527, 0.3473
1, 0.6532, 0.3468
1, 0.6531, 0.3469
1, 0.6531, 0.3469
1, 0.6535, 0.3465
1, 0.6534, 0.3466
0, 0.9162, 0.0838
1, 0.6526, 0.3474
1, 0.6539, 0.3461
1, 0.6526, 0.3474
1, 0.6526, 0.3474
1, 0.6536, 0.3464
1, 0.6524, 0.3476
1, 0.6526, 0.3474
1, 0.6524, 0.3476
1, 0.6531, 0.3469
1, 0.6532, 0.3468
1, 0.6526, 0.3474
0, 0.9161, 0.0839
1, 0.6535, 0.3465
1, 0.6526, 0.3474
1, 0.6526, 0.3474
1, 0.6534, 0.3466
1, 0.6524, 0.3476
0, 0.9163, 0.0837
1, 0.6536, 0.3464
1, 0.6537, 0.3463
1, 0.6539, 0.3461
1, 0.6539, 0.3461
1, 0.6538, 0.3462
1, 0.6535, 0.3465
1, 0.6532, 0.3468
1, 0.6528, 0.3472
1, 0.6534, 0.3466
1, 0.6527, 0.3473
1, 0.6526, 0.3474
1, 0.6536, 0.3464
1, 0.6539, 0.3461
1, 0.6526, 0.3474
0, 0.9161, 0.0839
1, 0.6526, 0.3474
1, 0.6518, 0.3482
1, 0.6537, 0.3463
1, 0.6536, 0.3464
1, 0.6531, 0.3469
1, 0.6524, 0.3476
1, 0.6538, 0.3462
1, 0.6534, 0.3466
1, 0.6532, 0.3468
1, 0.6529, 0.3471
1, 0.653, 0.347
1, 0.6534, 0.3466
1, 0.6536, 0.3464
1, 0.6535, 0.3465
1, 0.6531, 0.3469
1, 0.6531, 0.3469
1, 0.6528, 0.3472
1, 0.6532, 0.3468
1, 0.6538, 0.3462
1, 0.6526, 0.3474
1, 0.6524, 0.3476
1, 0.6536, 0.3464
1, 0.6525, 0.3475
1, 0.6531, 0.3469
1, 0.6526, 0.3474
1, 0.6524, 0.3476
1, 0.6531, 0.3469
1, 0.6534, 0.3466
1, 0.6526, 0.3474
1, 0.6529, 0.3471
1, 0.6539, 0.3461
1, 0.6538, 0.3462
1, 0.6535, 0.3465
1, 0.6526, 0.3474
1, 0.6532, 0.3468
1, 0.6539, 0.3461
1, 0.6531, 0.3469
1, 0.6524, 0.3476
1, 0.6539, 0.3461
1, 0.6526, 0.3474
1, 0.653, 0.347
1, 0.6527, 0.3473
1, 0.6527, 0.3473
0, 0.9162, 0.0838
1, 0.6536, 0.3464
1, 0.6531, 0.3469
1, 0.6538, 0.3462
1, 0.6539, 0.3461
1, 0.6534, 0.3466
1, 0.6527, 0.3473
1, 0.6531, 0.3469
1, 0.6537, 0.3463
1, 0.6536, 0.3464
1, 0.6534, 0.3466
1, 0.653, 0.347
1, 0.6534, 0.3466
1, 0.6524, 0.3476
1, 0.6521, 0.3479
1, 0.6539, 0.3461
1, 0.6536, 0.3464
1, 0.6536, 0.3464
1, 0.6536, 0.3464
1, 0.6533, 0.3467
1, 0.6535, 0.3465
1, 0.6538, 0.3462
1, 0.6543, 0.3457
1, 0.6537, 0.3463
1, 0.6535, 0.3465
0, 0.9162, 0.0838
1, 0.654, 0.346
1, 0.6536, 0.3464
1, 0.6529, 0.3471
1, 0.6538, 0.3462
0, 0.9163, 0.0837
1, 0.654, 0.346
1, 0.6531, 0.3469
1, 0.6538, 0.3462
1, 0.654, 0.346
1, 0.6531, 0.3469
1, 0.6538, 0.3462
1, 0.653, 0.347
1, 0.6531, 0.3469
1, 0.6531, 0.3469
1, 0.6537, 0.3463
1, 0.6534, 0.3466
1, 0.6539, 0.3461
1, 0.6535, 0.3465
1, 0.654, 0.346
1, 0.6536, 0.3464
1, 0.6539, 0.3461
1, 0.6536, 0.3464
1, 0.6537, 0.3463
1, 0.6535, 0.3465
0, 0.9161, 0.0839
1, 0.6538, 0.3462
1, 0.6537, 0.3463
0, 0.9161, 0.0839
1, 0.6541, 0.3459
1, 0.6531, 0.3469
1, 0.654, 0.346
1, 0.6541, 0.3459
1, 0.6535, 0.3465
1, 0.6533, 0.3467
1, 0.654, 0.346
1, 0.6535, 0.3465
1, 0.6542, 0.3458
1, 0.6536, 0.3464
1, 0.6536, 0.3464
1, 0.6535, 0.3465
1, 0.653, 0.347
1, 0.6537, 0.3463
1, 0.6535, 0.3465
0, 0.9159, 0.0841
1, 0.6535, 0.3465
1, 0.6518, 0.3482
1, 0.6531, 0.3469
1, 0.6529, 0.3471
1, 0.6537, 0.3463
1, 0.6535, 0.3465
1, 0.6544, 0.3456
1, 0.6535, 0.3465
1, 0.654, 0.346
1, 0.6537, 0.3463
1, 0.6537, 0.3463
1, 0.6535, 0.3465
1, 0.6535, 0.3465
1, 0.6531, 0.3469
1, 0.6536, 0.3464
1, 0.6539, 0.3461
1, 0.6535, 0.3465
1, 0.6541, 0.3459
1, 0.6535, 0.3465
1, 0.6537, 0.3463
1, 0.6535, 0.3465
1, 0.6532, 0.3468
1, 0.6539, 0.3461
1, 0.6529, 0.3471
1, 0.6537, 0.3463
0, 0.9163, 0.0837
1, 0.6524, 0.3476
1, 0.6536, 0.3464
1, 0.6542, 0.3458
1, 0.6531, 0.3469
1, 0.654, 0.346
1, 0.6522, 0.3478
1, 0.6536, 0.3464
1, 0.6543, 0.3457
1, 0.6536, 0.3464
1, 0.654, 0.346
1, 0.6535, 0.3465
1, 0.6535, 0.3465
1, 0.6532, 0.3468
1, 0.6535, 0.3465
1, 0.6536, 0.3464
1, 0.6533, 0.3467
1, 0.6536, 0.3464
1, 0.653, 0.347
1, 0.6537, 0.3463
1, 0.6531, 0.3469
0, 0.9162, 0.0838
1, 0.6533, 0.3467
1, 0.6531, 0.3469
1, 0.6529, 0.3471
1, 0.6531, 0.3469
1, 0.6537, 0.3463
1, 0.6542, 0.3458
1, 0.6531, 0.3469
0, 0.9162, 0.0838
1, 0.6539, 0.3461
1, 0.6536, 0.3464
1, 0.6526, 0.3474
1, 0.6535, 0.3465
1, 0.6529, 0.3471
1, 0.6539, 0.3461
1, 0.6532, 0.3468
1, 0.6535, 0.3465
1, 0.6519, 0.3481
1, 0.6531, 0.3469
1, 0.6533, 0.3467
1, 0.6538, 0.3462
1, 0.654, 0.346
1, 0.6536, 0.3464
1, 0.6531, 0.3469
1, 0.6529, 0.3471
1, 0.6539, 0.3461
1, 0.654, 0.346
1, 0.6543, 0.3457
1, 0.6536, 0.3464
1, 0.6535, 0.3465
1, 0.6537, 0.3463
1, 0.6525, 0.3475
1, 0.6535, 0.3465
0, 0.9161, 0.0839
1, 0.6535, 0.3465
1, 0.653, 0.347
1, 0.6531, 0.3469
1, 0.6531, 0.3469
1, 0.6533, 0.3467
1, 0.6529, 0.3471
0, 0.9162, 0.0838
1, 0.6544, 0.3456
1, 0.6532, 0.3468
1, 0.6535, 0.3465
1, 0.6535, 0.3465
1, 0.6542, 0.3458
1, 0.6543, 0.3457
1, 0.6535, 0.3465
1, 0.6524, 0.3476
1, 0.6531, 0.3469
1, 0.6537, 0.3463
1, 0.6535, 0.3465
0, 0.9157, 0.0843
1, 0.6535, 0.3465
1, 0.6532, 0.3468
1, 0.6542, 0.3458
1, 0.6536, 0.3464
1, 0.653, 0.347
1, 0.6542, 0.3458
1, 0.6535, 0.3465
1, 0.6528, 0.3472
1, 0.654, 0.346
1, 0.6534, 0.3466
1, 0.6518, 0.3482
1, 0.6536, 0.3464
1, 0.6542, 0.3458
1, 0.6534, 0.3466
1, 0.654, 0.346
1, 0.6535, 0.3465
1, 0.6531, 0.3469
1, 0.6539, 0.3461
1, 0.653, 0.347
1, 0.6535, 0.3465
1, 0.6529, 0.3471
1, 0.6543, 0.3457
1, 0.6535, 0.3465
1, 0.6542, 0.3458
1, 0.6539, 0.3461
1, 0.6542, 0.3458
1, 0.6529, 0.3471
1, 0.654, 0.346
1, 0.6533, 0.3467
1, 0.6529, 0.3471
1, 0.6531, 0.3469
1, 0.6536, 0.3464
1, 0.653, 0.347
0, 0.9156, 0.0844
1, 0.6537, 0.3463
1, 0.6535, 0.3465
1, 0.6531, 0.3469
1, 0.6531, 0.3469
1, 0.6522, 0.3478
1, 0.6533, 0.3467
1, 0.6531, 0.3469
1, 0.6535, 0.3465
1, 0.653, 0.347
1, 0.6542, 0.3458
1, 0.6529, 0.3471
0, 0.9162, 0.0838
1, 0.6531, 0.3469
1, 0.654, 0.346
1, 0.6539, 0.3461
0, 0.9161, 0.0839
1, 0.6533, 0.3467
1, 0.6532, 0.3468
1, 0.6535, 0.3465
1, 0.6535, 0.3465
1, 0.6526, 0.3474
1, 0.6539, 0.3461
1, 0.653, 0.347
1, 0.6536, 0.3464
1, 0.6531, 0.3469
1, 0.654, 0.346
1, 0.6537, 0.3463
1, 0.6535, 0.3465
1, 0.6543, 0.3457
1, 0.6535, 0.3465
1, 0.6536, 0.3464
1, 0.653, 0.347
1, 0.6544, 0.3456
1, 0.6531, 0.3469
1, 0.6535, 0.3465
0, 0.9157, 0.0843
1, 0.6529, 0.3471
1, 0.6532, 0.3468
1, 0.6534, 0.3466
1, 0.6523, 0.3477
1, 0.653, 0.347
1, 0.6535, 0.3465
1, 0.6543, 0.3457
1, 0.6543, 0.3457
1, 0.6535, 0.3465
1, 0.6534, 0.3466
1, 0.6531, 0.3469
1, 0.6542, 0.3458
1, 0.6535, 0.3465
1, 0.6535, 0.3465
1, 0.653, 0.347
1, 0.654, 0.346
0, 0.9161, 0.0839
1, 0.6529, 0.3471
1, 0.6537, 0.3463
1, 0.654, 0.346
1, 0.6531, 0.3469
1, 0.6518, 0.3482
1, 0.6529, 0.3471
1, 0.6544, 0.3456
1, 0.6536, 0.3464
1, 0.6533, 0.3467
1, 0.6536, 0.3464
1, 0.6535, 0.3465
1, 0.6542, 0.3458
1, 0.6535, 0.3465
1, 0.653, 0.347
1, 0.6542, 0.3458
1, 0.6542, 0.3458
1, 0.6539, 0.3461
1, 0.6542, 0.3458
1, 0.6536, 0.3464
1, 0.6539, 0.3461
1, 0.6534, 0.3466
1, 0.6529, 0.3471
1, 0.654, 0.346
1, 0.6533, 0.3467
1, 0.6539, 0.3461
1, 0.6542, 0.3458
1, 0.6535, 0.3465
1, 0.6535, 0.3465
1, 0.6535, 0.3465
1, 0.6533, 0.3467
1, 0.6531, 0.3469
1, 0.6535, 0.3465
1, 0.6535, 0.3465
0, 0.9162, 0.0838
1, 0.6519, 0.3481
1, 0.6541, 0.3459
1, 0.6525, 0.3475
1, 0.6533, 0.3467
1, 0.6538, 0.3462
1, 0.6535, 0.3465
1, 0.653, 0.347
1, 0.6535, 0.3465
1, 0.6537, 0.3463
1, 0.6537, 0.3463
1, 0.6536, 0.3464
1, 0.6533, 0.3467
0, 0.9163, 0.0837
1, 0.6539, 0.3461
1, 0.6536, 0.3464
1, 0.6544, 0.3456
1, 0.6537, 0.3463
1, 0.6542, 0.3458
1, 0.6536, 0.3464
1, 0.6531, 0.3469
1, 0.6529, 0.3471
0, 0.9162, 0.0838
1, 0.6533, 0.3467
1, 0.654, 0.346
1, 0.6536, 0.3464
1, 0.6533, 0.3467
1, 0.6538, 0.3462
1, 0.6536, 0.3464
1, 0.6536, 0.3464
1, 0.654, 0.346
1, 0.6538, 0.3462
1, 0.6535, 0.3465
1, 0.6535, 0.3465
1, 0.6537, 0.3463
1, 0.653, 0.347
1, 0.6521, 0.3479
1, 0.6538, 0.3462
1, 0.6529, 0.3471
1, 0.6536, 0.3464
1, 0.654, 0.346
1, 0.6544, 0.3456
1, 0.6531, 0.3469
0, 0.9162, 0.0838
1, 0.6538, 0.3462
1, 0.6539, 0.3461
1, 0.6531, 0.3469
1, 0.6536, 0.3464
1, 0.6543, 0.3457
1, 0.6535, 0.3465
1, 0.6536, 0.3464
1, 0.6537, 0.3463
1, 0.654, 0.346
1, 0.6531, 0.3469
1, 0.6531, 0.3469
1, 0.6531, 0.3469
1, 0.6539, 0.3461
1, 0.6534, 0.3466
1, 0.6535, 0.3465
1, 0.6537, 0.3463
1, 0.6537, 0.3463
1, 0.6537, 0.3463
1, 0.6531, 0.3469
1, 0.6532, 0.3468
0, 0.9163, 0.0837
1, 0.6536, 0.3464
1, 0.6536, 0.3464
1, 0.6535, 0.3465
1, 0.6535, 0.3465
1, 0.6536, 0.3464
1, 0.6535, 0.3465
1, 0.6536, 0.3464
1, 0.6524, 0.3476
1, 0.6535, 0.3465
1, 0.6541, 0.3459
1, 0.6517, 0.3483
1, 0.6529, 0.3471
1, 0.6544, 0.3456
0, 0.9156, 0.0844
1, 0.6527, 0.3473
1, 0.6537, 0.3463
1, 0.6535, 0.3465
1, 0.6537, 0.3463
1, 0.6538, 0.3462
1, 0.652, 0.348
1, 0.6536, 0.3464
1, 0.6529, 0.3471
1, 0.6537, 0.3463
1, 0.6531, 0.3469
1, 0.6536, 0.3464
1, 0.6534, 0.3466
1, 0.6535, 0.3465
1, 0.6533, 0.3467
1, 0.6536, 0.3464
1, 0.6534, 0.3466
1, 0.653, 0.347
1, 0.6535, 0.3465
1, 0.6529, 0.3471
1, 0.6536, 0.3464
1, 0.6533, 0.3467
1, 0.6535, 0.3465
1, 0.6542, 0.3458
1, 0.6537, 0.3463
1, 0.6531, 0.3469
1, 0.653, 0.347
1, 0.6539, 0.3461
1, 0.654, 0.346
1, 0.6522, 0.3478
0, 0.9159, 0.0841
1, 0.6536, 0.3464
1, 0.6543, 0.3457
1, 0.6531, 0.3469
1, 0.6529, 0.3471
1, 0.6529, 0.3471
1, 0.6535, 0.3465
1, 0.6541, 0.3459
1, 0.6531, 0.3469
1, 0.6543, 0.3457
1, 0.6535, 0.3465
1, 0.6515, 0.3485
1, 0.6543, 0.3457
1, 0.6536, 0.3464
1, 0.6536, 0.3464
1, 0.6533, 0.3467
1, 0.6531, 0.3469
0, 0.9156, 0.0844
1, 0.6536, 0.3464
1, 0.6526, 0.3474
1, 0.6537, 0.3463
1, 0.6535, 0.3465
1, 0.6531, 0.3469
1, 0.6529, 0.3471
1, 0.6531, 0.3469
1, 0.6537, 0.3463
1, 0.6531, 0.3469
1, 0.6529, 0.3471
1, 0.6543, 0.3457
1, 0.653, 0.347
1, 0.6543, 0.3457
1, 0.6542, 0.3458
1, 0.6535, 0.3465
1, 0.6524, 0.3476
1, 0.6534, 0.3466
1, 0.6536, 0.3464
1, 0.6542, 0.3458
1, 0.6531, 0.3469
1, 0.6531, 0.3469
1, 0.6527, 0.3473
1, 0.6542, 0.3458
1, 0.6536, 0.3464
1, 0.6531, 0.3469
1, 0.6543, 0.3457
1, 0.6535, 0.3465
1, 0.6535, 0.3465
1, 0.6537, 0.3463
1, 0.6537, 0.3463
1, 0.6536, 0.3464
1, 0.6536, 0.3464
1, 0.6534, 0.3466
1, 0.6524, 0.3476
1, 0.6535, 0.3465
1, 0.6536, 0.3464
1, 0.6526, 0.3474
1, 0.6536, 0.3464
1, 0.6537, 0.3463
1, 0.6536, 0.3464
1, 0.6531, 0.3469
1, 0.6536, 0.3464
1, 0.6521, 0.3479
1, 0.6543, 0.3457
1, 0.6539, 0.3461
1, 0.6533, 0.3467
1, 0.6527, 0.3473
1, 0.6536, 0.3464
1, 0.6515, 0.3485
1, 0.6537, 0.3463
1, 0.6536, 0.3464
1, 0.6535, 0.3465
1, 0.6537, 0.3463
1, 0.654, 0.346
1, 0.6529, 0.3471
1, 0.6535, 0.3465
1, 0.6535, 0.3465
1, 0.6537, 0.3463
1, 0.6531, 0.3469
1, 0.6531, 0.3469
1, 0.6538, 0.3462
1, 0.6535, 0.3465
1, 0.6537, 0.3463
1, 0.6529, 0.3471
1, 0.6535, 0.3465
1, 0.6532, 0.3468
1, 0.6536, 0.3464
0, 0.9157, 0.0843
1, 0.6536, 0.3464
1, 0.6531, 0.3469
1, 0.6531, 0.3469
1, 0.6529, 0.3471
1, 0.6531, 0.3469
1, 0.6537, 0.3463
1, 0.6536, 0.3464
1, 0.6531, 0.3469
1, 0.6543, 0.3457
1, 0.6541, 0.3459
1, 0.6537, 0.3463
1, 0.6535, 0.3465
0, 0.9162, 0.0838
1, 0.6536, 0.3464
1, 0.6535, 0.3465
1, 0.6536, 0.3464
1, 0.6537, 0.3463
1, 0.6536, 0.3464
1, 0.6535, 0.3465
1, 0.6536, 0.3464
1, 0.6536, 0.3464
1, 0.6537, 0.3463
1, 0.6536, 0.3464
1, 0.6541, 0.3459
1, 0.6535, 0.3465
1, 0.6534, 0.3466
1, 0.6532, 0.3468
1, 0.6543, 0.3457
1, 0.6534, 0.3466
1, 0.6539, 0.3461
1, 0.6547, 0.3453
1, 0.6541, 0.3459
1, 0.6522, 0.3478
1, 0.6525, 0.3475
1, 0.6533, 0.3467
1, 0.6537, 0.3463
1, 0.6537, 0.3463
1, 0.6531, 0.3469
1, 0.6535, 0.3465
1, 0.6531, 0.3469
1, 0.653, 0.347
1, 0.6538, 0.3462
1, 0.6531, 0.3469
1, 0.6538, 0.3462
1, 0.6528, 0.3472
1, 0.6535, 0.3465
1, 0.6533, 0.3467
1, 0.6536, 0.3464
1, 0.6529, 0.3471
1, 0.6538, 0.3462
1, 0.6529, 0.3471
1, 0.6528, 0.3472
1, 0.653, 0.347
1, 0.653, 0.347
1, 0.6535, 0.3465
0, 1.0, 0.0
0, 1.0, 0.0
0, 1.0, 0.0
0, 1.0, 0.0
0, 1.0, 0.0
0, 1.0, 0.0
0, 1.0, 0.0
0, 1.0, 0.0
0, 1.0, 0.0
0, 1.0, 0.0
0, 1.0, 0.0
0, 1.0, 0.0
0, 1.0, 0.0
0, 1.0, 0.0
0, 1.0, 0.0
0, 1.0, 0.0
0, 1.0, 0.0
0, 1.0, 0.0
0, 1.0, 0.0
0, 1.0, 0.0
0, 1.0, 0.0
0, 1.0, 0.0
0, 1.0, 0.0
0, 1.0, 0.0
0, 1.0, 0.0
0, 1.0, 0.0
0, 0.9993, 0.0007
0, 1.0, 0.0
0, 0.9994, 0.0006
0, 0.9995, 0.0005
0, 0.9996, 0.0004
0, 0.9996, 0.0004
0, 0.9995, 0.0005
0, 0.9998, 0.0002
0, 0.9995, 0.0005
0, 0.9996, 0.0004
0, 1.0, 0.0
0, 1.0, 0.0
0, 1.0, 0.0
0, 1.0, 0.0
0, 1.0, 0.0
0, 0.9999, 0.0001
0, 0.9997, 0.0003
0, 1.0, 0.0
0, 1.0, 0.0
0, 1.0, 0.0
0, 1.0, 0.0
0, 1.0, 0.0
0, 0.9996, 0.0004
0, 1.0, 0.0
0, 1.0, 0.0
0, 0.9999, 0.0001
0, 1.0, 0.0
0, 1.0, 0.0
0, 1.0, 0.0
0, 1.0, 0.0
0, 1.0, 0.0
0, 1.0, 0.0
0, 1.0, 0.0
0, 1.0, 0.0
0, 0.9996, 0.0004
0, 0.9996, 0.0004
0, 0.9996, 0.0004
0, 0.9996, 0.0004
1, 0.6536, 0.3464
1, 0.6536, 0.3464
1, 0.6535, 0.3465
1, 0.6532, 0.3468
1, 0.6535, 0.3465
1, 0.6526, 0.3474
1, 0.6536, 0.3464
1, 0.6527, 0.3473
1, 0.6535, 0.3465
1, 0.6535, 0.3465
1, 0.6538, 0.3462
1, 0.6534, 0.3466
1, 0.6543, 0.3457
1, 0.6536, 0.3464
1, 0.6534, 0.3466
1, 0.6531, 0.3469
1, 0.6536, 0.3464
1, 0.6537, 0.3463
1, 0.6537, 0.3463
1, 0.653, 0.347
1, 0.6534, 0.3466
1, 0.6536, 0.3464
1, 0.6531, 0.3469
1, 0.6535, 0.3465
1, 0.6527, 0.3473
1, 0.6537, 0.3463
1, 0.653, 0.347
1, 0.6537, 0.3463
1, 0.6531, 0.3469
1, 0.6537, 0.3463
1, 0.6532, 0.3468
1, 0.6202, 0.3798
1, 0.6204, 0.3796
1, 0.6202, 0.3798
1, 0.6198, 0.3802
1, 0.62, 0.38
1, 0.6203, 0.3797
1, 0.6202, 0.3798
1, 0.62, 0.38
1, 0.62, 0.38
1, 0.62, 0.38
1, 0.6202, 0.3798
1, 0.6202, 0.3798
1, 0.62, 0.38
1, 0.6535, 0.3465
1, 0.6539, 0.3461
1, 0.6535, 0.3465
1, 0.6535, 0.3465
1, 0.6536, 0.3464
1, 0.6536, 0.3464
1, 0.6197, 0.3803
1, 0.62, 0.38
1, 0.6202, 0.3798
1, 0.6536, 0.3464
1, 0.6536, 0.3464
1, 0.6534, 0.3466
1, 0.6536, 0.3464
1, 0.653, 0.347
1, 0.6535, 0.3465
1, 0.6534, 0.3466
1, 0.6535, 0.3465
1, 0.6536, 0.3464
1, 0.6542, 0.3458
1, 0.653, 0.347
1, 0.6536, 0.3464
1, 0.6536, 0.3464
1, 0.6539, 0.3461
1, 0.6525, 0.3475
1, 0.6525, 0.3475
1, 0.6533, 0.3467
1, 0.6533, 0.3467
1, 0.6533, 0.3467
1, 0.6532, 0.3468
1, 0.6538, 0.3462
1, 0.653, 0.347
1, 0.653, 0.347
1, 0.6534, 0.3466
1, 0.6532, 0.3468
1, 0.653, 0.347
1, 0.652, 0.348
1, 0.653, 0.347
1, 0.653, 0.347
1, 0.6526, 0.3474
1, 0.6529, 0.3471
1, 0.653, 0.347
1, 0.6532, 0.3468
1, 0.653, 0.347
1, 0.6529, 0.3471
1, 0.6535, 0.3465
1, 0.6533, 0.3467
1, 0.6538, 0.3462
1, 0.6534, 0.3466
1, 0.6537, 0.3463
1, 0.6531, 0.3469
1, 0.6535, 0.3465
1, 0.6534, 0.3466
1, 0.6534, 0.3466
1, 0.6535, 0.3465
1, 0.6533, 0.3467
1, 0.6534, 0.3466
1, 0.6536, 0.3464
1, 0.6537, 0.3463
1, 0.6536, 0.3464
1, 0.6542, 0.3458
1, 0.6537, 0.3463
1, 0.6531, 0.3469
1, 0.6536, 0.3464
1, 0.6532, 0.3468
1, 0.6533, 0.3467
1, 0.6525, 0.3475
1, 0.6526, 0.3474
1, 0.6537, 0.3463
1, 0.6535, 0.3465
1, 0.6536, 0.3464
1, 0.6536, 0.3464
1, 0.6525, 0.3475
1, 0.6533, 0.3467
1, 0.6529, 0.3471
1, 0.6534, 0.3466
1, 0.6534, 0.3466
1, 0.6536, 0.3464
1, 0.6536, 0.3464
1, 0.6536, 0.3464
1, 0.6527, 0.3473
1, 0.6538, 0.3462
1, 0.6528, 0.3472
1, 0.653, 0.347
1, 0.653, 0.347
1, 0.6523, 0.3477
1, 0.653, 0.347
1, 0.6534, 0.3466
1, 0.6533, 0.3467
1, 0.6533, 0.3467
1, 0.6533, 0.3467
1, 0.6533, 0.3467
1, 0.6535, 0.3465
1, 0.6536, 0.3464
1, 0.6532, 0.3468
1, 0.6534, 0.3466
1, 0.6534, 0.3466
1, 0.6534, 0.3466
1, 0.6532, 0.3468
1, 0.6534, 0.3466
1, 0.6539, 0.3461
1, 0.6528, 0.3472
1, 0.6534, 0.3466
1, 0.6532, 0.3468
1, 0.6534, 0.3466
1, 0.6536, 0.3464
1, 0.6535, 0.3465
1, 0.6534, 0.3466
1, 0.6537, 0.3463
1, 0.6536, 0.3464
1, 0.6536, 0.3464
1, 0.6536, 0.3464
1, 0.6536, 0.3464
1, 0.6531, 0.3469
1, 0.6533, 0.3467
1, 0.6527, 0.3473
1, 0.6535, 0.3465
1, 0.6538, 0.3462
1, 0.6533, 0.3467
1, 0.6533, 0.3467
1, 0.6535, 0.3465
1, 0.6534, 0.3466
1, 0.6538, 0.3462
1, 0.6535, 0.3465
1, 0.6532, 0.3468
1, 0.6535, 0.3465
1, 0.6532, 0.3468
1, 0.6537, 0.3463
1, 0.6534, 0.3466
1, 0.6534, 0.3466
1, 0.6536, 0.3464
1, 0.6533, 0.3467
1, 0.6535, 0.3465
1, 0.6537, 0.3463
1, 0.6534, 0.3466
1, 0.6534, 0.3466
1, 0.6537, 0.3463
1, 0.6534, 0.3466
1, 0.6534, 0.3466
1, 0.6535, 0.3465
1, 0.6536, 0.3464
1, 0.6536, 0.3464
1, 0.6533, 0.3467
1, 0.6533, 0.3467
1, 0.6536, 0.3464
1, 0.6533, 0.3467
1, 0.6534, 0.3466
1, 0.6534, 0.3466
1, 0.6538, 0.3462
1, 0.6534, 0.3466
1, 0.6531, 0.3469
1, 0.6531, 0.3469
1, 0.6535, 0.3465
1, 0.6535, 0.3465
1, 0.6531, 0.3469
1, 0.6537, 0.3463
1, 0.6536, 0.3464
1, 0.6542, 0.3458
1, 0.6533, 0.3467
1, 0.6537, 0.3463
1, 0.6538, 0.3462
1, 0.6535, 0.3465
1, 0.6535, 0.3465
1, 0.6534, 0.3466
1, 0.6533, 0.3467
1, 0.6533, 0.3467
1, 0.6535, 0.3465
1, 0.6537, 0.3463
1, 0.6537, 0.3463
1, 0.6533, 0.3467
1, 0.6533, 0.3467
1, 0.6537, 0.3463
1, 0.6543, 0.3457
1, 0.6534, 0.3466
1, 0.6536, 0.3464
1, 0.6537, 0.3463
1, 0.6547, 0.3453
1, 0.6541, 0.3459
1, 0.6528, 0.3472
1, 0.6541, 0.3459
1, 0.6537, 0.3463
1, 0.6536, 0.3464
1, 0.6538, 0.3462
1, 0.6535, 0.3465
1, 0.6537, 0.3463
1, 0.6201, 0.3799
1, 0.6195, 0.3805
1, 0.6201, 0.3799
1, 0.6201, 0.3799
1, 0.6193, 0.3807
1, 0.6195, 0.3805
1, 0.6195, 0.3805
1, 0.6201, 0.3799
1, 0.6538, 0.3462
1, 0.6529, 0.3471
1, 0.6537, 0.3463
1, 0.6536, 0.3464
1, 0.6537, 0.3463
1, 0.6529, 0.3471
1, 0.6536, 0.3464
1, 0.6538, 0.3462
1, 0.6539, 0.3461
1, 0.6536, 0.3464
1, 0.6543, 0.3457
1, 0.6529, 0.3471
1, 0.6535, 0.3465
1, 0.6536, 0.3464
1, 0.6537, 0.3463
1, 0.6541, 0.3459
1, 0.6542, 0.3458
1, 0.6531, 0.3469
1, 0.6534, 0.3466
1, 0.6536, 0.3464
1, 0.6525, 0.3475
1, 0.6534, 0.3466
1, 0.6544, 0.3456
1, 0.655, 0.345
1, 0.6536, 0.3464
1, 0.6537, 0.3463
1, 0.6542, 0.3458
1, 0.6537, 0.3463
1, 0.6545, 0.3455
1, 0.6539, 0.3461
1, 0.6546, 0.3454
1, 0.6551, 0.3449
1, 0.6535, 0.3465
1, 0.6538, 0.3462
1, 0.6536, 0.3464
1, 0.6537, 0.3463
1, 0.6529, 0.3471
1, 0.6539, 0.3461
1, 0.6543, 0.3457
1, 0.6537, 0.3463
1, 0.6529, 0.3471
1, 0.6541, 0.3459
1, 0.6537, 0.3463
1, 0.6539, 0.3461
1, 0.6538, 0.3462
1, 0.6532, 0.3468
1, 0.6532, 0.3468
1, 0.653, 0.347
1, 0.6532, 0.3468
1, 0.6532, 0.3468
1, 0.6537, 0.3463
1, 0.654, 0.346
1, 0.6527, 0.3473
1, 0.6526, 0.3474
1, 0.6522, 0.3478
1, 0.653, 0.347
1, 0.6534, 0.3466
1, 0.6546, 0.3454
1, 0.653, 0.347
1, 0.6534, 0.3466
1, 0.6201, 0.3799
1, 0.6195, 0.3805
1, 0.6201, 0.3799
1, 0.6194, 0.3806
1, 0.6193, 0.3807
1, 0.6201, 0.3799
1, 0.6195, 0.3805
1, 0.6201, 0.3799
1, 0.6195, 0.3805
1, 0.6197, 0.3803
1, 0.6201, 0.3799
1, 0.6201, 0.3799
1, 0.62, 0.38
1, 0.62, 0.38
1, 0.6194, 0.3806
1, 0.6534, 0.3466
1, 0.6529, 0.3471
1, 0.6538, 0.3462
1, 0.6542, 0.3458
1, 0.6536, 0.3464
1, 0.6532, 0.3468
1, 0.653, 0.347
1, 0.6532, 0.3468
1, 0.6536, 0.3464
1, 0.6519, 0.3481
1, 0.6538, 0.3462
1, 0.653, 0.347
1, 0.6534, 0.3466
1, 0.6537, 0.3463
1, 0.654, 0.346
1, 0.6532, 0.3468
1, 0.6546, 0.3454
1, 0.6532, 0.3468
1, 0.6532, 0.3468
1, 0.6532, 0.3468
1, 0.653, 0.347
1, 0.6532, 0.3468
1, 0.6537, 0.3463
1, 0.6533, 0.3467
1, 0.6538, 0.3462
1, 0.6536, 0.3464
1, 0.6533, 0.3467
1, 0.6538, 0.3462
1, 0.6542, 0.3458
1, 0.6534, 0.3466
1, 0.6532, 0.3468
1, 0.654, 0.346
1, 0.6537, 0.3463
1, 0.6537, 0.3463
1, 0.6538, 0.3462
1, 0.653, 0.347
1, 0.6537, 0.3463
1, 0.6535, 0.3465
1, 0.6539, 0.3461
1, 0.6529, 0.3471
1, 0.6537, 0.3463
1, 0.6536, 0.3464
1, 0.6537, 0.3463
1, 0.654, 0.346
1, 0.6534, 0.3466
1, 0.6538, 0.3462
1, 0.6536, 0.3464
1, 0.6542, 0.3458
1, 0.6538, 0.3462
1, 0.6536, 0.3464
1, 0.6537, 0.3463
1, 0.6534, 0.3466
1, 0.6537, 0.3463
1, 0.6538, 0.3462
1, 0.6538, 0.3462
1, 0.6541, 0.3459
1, 0.6536, 0.3464
1, 0.6539, 0.3461
1, 0.6544, 0.3456
1, 0.6538, 0.3462
1, 0.6538, 0.3462
1, 0.6529, 0.3471
1, 0.6532, 0.3468
1, 0.6537, 0.3463
1, 0.6533, 0.3467
1, 0.6538, 0.3462
1, 0.6532, 0.3468
1, 0.6538, 0.3462
1, 0.6539, 0.3461
1, 0.6537, 0.3463
1, 0.6529, 0.3471
1, 0.6199, 0.3801
1, 0.6535, 0.3465
1, 0.6529, 0.3471
1, 0.6536, 0.3464
1, 0.6537, 0.3463
1, 0.6535, 0.3465
1, 0.6533, 0.3467
1, 0.6535, 0.3465
1, 0.6538, 0.3462
1, 0.6538, 0.3462
1, 0.6525, 0.3475
1, 0.6527, 0.3473
1, 0.6527, 0.3473
1, 0.6534, 0.3466
1, 0.6537, 0.3463
1, 0.6533, 0.3467
1, 0.6538, 0.3462
1, 0.6535, 0.3465
1, 0.6538, 0.3462
1, 0.6537, 0.3463
1, 0.653, 0.347
1, 0.6534, 0.3466
1, 0.6536, 0.3464
1, 0.6534, 0.3466
1, 0.6534, 0.3466
1, 0.6536, 0.3464
1, 0.6538, 0.3462
1, 0.6536, 0.3464
1, 0.6536, 0.3464
1, 0.6533, 0.3467
1, 0.6537, 0.3463
1, 0.6528, 0.3472
1, 0.6528, 0.3472
1, 0.6536, 0.3464
1, 0.6536, 0.3464
1, 0.6535, 0.3465
1, 0.6529, 0.3471
1, 0.6528, 0.3472
1, 0.6528, 0.3472
1, 0.6533, 0.3467
1, 0.6536, 0.3464
1, 0.6529, 0.3471
1, 0.6529, 0.3471
1, 0.6529, 0.3471
1, 0.6533, 0.3467
1, 0.6532, 0.3468
1, 0.6528, 0.3472
1, 0.6528, 0.3472
1, 0.6528, 0.3472
1, 0.6531, 0.3469
1, 0.6529, 0.3471
1, 0.6532, 0.3468
1, 0.653, 0.347
1, 0.6529, 0.3471
1, 0.6528, 0.3472
1, 0.6535, 0.3465
1, 0.6528, 0.3472
1, 0.6536, 0.3464
1, 0.6528, 0.3472
1, 0.6529, 0.3471
1, 0.6528, 0.3472
1, 0.6528, 0.3472
1, 0.6526, 0.3474
1, 0.6533, 0.3467
1, 0.6534, 0.3466
1, 0.6536, 0.3464
1, 0.6535, 0.3465
1, 0.6536, 0.3464
1, 0.6536, 0.3464
1, 0.6536, 0.3464
1, 0.6536, 0.3464
1, 0.6536, 0.3464
1, 0.6537, 0.3463
1, 0.6534, 0.3466
1, 0.6536, 0.3464
1, 0.6535, 0.3465
1, 0.6532, 0.3468
1, 0.6534, 0.3466
1, 0.6537, 0.3463
1, 0.6535, 0.3465
1, 0.6529, 0.3471
1, 0.6536, 0.3464
1, 0.6538, 0.3462
1, 0.6533, 0.3467
1, 0.653, 0.347
1, 0.6529, 0.3471
1, 0.6529, 0.3471
1, 0.6534, 0.3466
1, 0.6539, 0.3461
1, 0.6547, 0.3453
1, 0.6535, 0.3465
1, 0.6533, 0.3467
1, 0.6538, 0.3462
1, 0.6529, 0.3471
1, 0.653, 0.347
1, 0.6538, 0.3462
1, 0.6536, 0.3464
1, 0.6525, 0.3475
1, 0.653, 0.347
1, 0.6531, 0.3469
1, 0.6525, 0.3475
1, 0.6534, 0.3466
1, 0.6525, 0.3475
1, 0.6532, 0.3468
1, 0.6526, 0.3474
1, 0.6526, 0.3474
1, 0.6537, 0.3463
1, 0.6527, 0.3473
1, 0.6525, 0.3475
1, 0.6525, 0.3475
1, 0.6532, 0.3468
1, 0.6534, 0.3466
1, 0.6531, 0.3469
1, 0.6533, 0.3467
1, 0.6533, 0.3467
1, 0.6524, 0.3476
1, 0.653, 0.347
1, 0.6533, 0.3467
1, 0.6526, 0.3474
1, 0.6532, 0.3468
1, 0.6525, 0.3475
1, 0.6524, 0.3476
1, 0.6524, 0.3476
1, 0.6526, 0.3474
1, 0.6524, 0.3476
1, 0.6526, 0.3474
1, 0.6526, 0.3474
1, 0.6526, 0.3474
1, 0.6535, 0.3465
1, 0.653, 0.347
1, 0.6533, 0.3467
1, 0.6526, 0.3474
1, 0.6532, 0.3468
1, 0.6535, 0.3465
1, 0.6529, 0.3471
1, 0.6532, 0.3468
1, 0.6522, 0.3478
1, 0.6533, 0.3467
1, 0.6537, 0.3463
1, 0.653, 0.347
1, 0.653, 0.347
1, 0.6535, 0.3465
1, 0.6533, 0.3467
1, 0.6535, 0.3465
1, 0.6529, 0.3471
1, 0.6531, 0.3469
1, 0.6537, 0.3463
1, 0.6535, 0.3465
1, 0.6532, 0.3468
1, 0.6533, 0.3467
1, 0.6536, 0.3464
1, 0.6539, 0.3461
1, 0.6529, 0.3471
1, 0.6529, 0.3471
1, 0.6537, 0.3463
1, 0.6535, 0.3465
1, 0.654, 0.346
1, 0.6535, 0.3465
1, 0.6535, 0.3465
1, 0.6532, 0.3468
1, 0.6543, 0.3457
1, 0.6538, 0.3462
1, 0.6533, 0.3467
1, 0.6529, 0.3471
1, 0.653, 0.347
1, 0.654, 0.346
1, 0.6536, 0.3464
1, 0.6533, 0.3467
1, 0.6532, 0.3468
1, 0.6535, 0.3465
1, 0.6537, 0.3463
1, 0.6549, 0.3451
1, 0.6534, 0.3466
1, 0.6535, 0.3465
1, 0.6535, 0.3465
1, 0.6537, 0.3463
1, 0.6535, 0.3465
1, 0.6535, 0.3465
1, 0.6533, 0.3467
1, 0.6534, 0.3466
1, 0.6534, 0.3466
1, 0.6538, 0.3462
1, 0.6534, 0.3466
1, 0.6538, 0.3462
1, 0.6527, 0.3473
1, 0.6534, 0.3466
1, 0.6533, 0.3467
1, 0.6534, 0.3466
1, 0.6529, 0.3471
1, 0.653, 0.347
1, 0.6534, 0.3466
1, 0.653, 0.347
1, 0.6534, 0.3466
1, 0.6536, 0.3464
1, 0.6535, 0.3465
1, 0.6533, 0.3467
1, 0.6533, 0.3467
1, 0.6534, 0.3466
1, 0.6538, 0.3462
1, 0.6533, 0.3467
1, 0.6528, 0.3472
1, 0.6537, 0.3463
1, 0.6534, 0.3466
1, 0.653, 0.347
1, 0.6542, 0.3458
1, 0.6535, 0.3465
1, 0.6535, 0.3465
1, 0.6534, 0.3466
1, 0.6534, 0.3466
1, 0.6534, 0.3466
1, 0.6534, 0.3466
1, 0.6535, 0.3465
1, 0.6533, 0.3467
1, 0.6534, 0.3466
1, 0.6534, 0.3466
1, 0.6531, 0.3469
1, 0.6533, 0.3467
1, 0.6534, 0.3466
1, 0.6534, 0.3466
1, 0.6533, 0.3467
1, 0.6534, 0.3466
1, 0.6535, 0.3465
1, 0.6535, 0.3465
1, 0.6535, 0.3465
1, 0.6534, 0.3466
1, 0.6533, 0.3467
1, 0.6534, 0.3466
1, 0.6534, 0.3466
1, 0.6529, 0.3471
1, 0.6536, 0.3464
1, 0.6534, 0.3466
1, 0.6535, 0.3465
1, 0.6533, 0.3467
1, 0.6536, 0.3464
1, 0.6533, 0.3467
1, 0.6527, 0.3473
1, 0.653, 0.347
1, 0.6536, 0.3464
1, 0.6536, 0.3464
1, 0.6532, 0.3468
1, 0.6533, 0.3467
1, 0.6536, 0.3464
1, 0.6529, 0.3471
1, 0.6538, 0.3462
1, 0.6536, 0.3464
1, 0.6537, 0.3463
1, 0.6534, 0.3466
1, 0.6537, 0.3463
1, 0.6538, 0.3462
1, 0.6535, 0.3465
1, 0.6535, 0.3465
1, 0.653, 0.347
1, 0.6536, 0.3464
1, 0.6528, 0.3472
1, 0.6536, 0.3464
1, 0.6531, 0.3469
1, 0.6537, 0.3463
1, 0.6529, 0.3471
1, 0.6536, 0.3464
1, 0.6542, 0.3458
1, 0.6536, 0.3464
1, 0.6537, 0.3463
1, 0.6529, 0.3471
1, 0.6535, 0.3465
1, 0.6518, 0.3482
1, 0.6528, 0.3472
1, 0.6539, 0.3461
1, 0.6531, 0.3469
1, 0.6537, 0.3463
1, 0.6535, 0.3465
1, 0.6535, 0.3465
1, 0.6534, 0.3466
1, 0.6534, 0.3466
1, 0.6534, 0.3466
1, 0.6531, 0.3469
1, 0.6535, 0.3465
1, 0.6534, 0.3466
1, 0.6534, 0.3466
1, 0.653, 0.347
1, 0.6535, 0.3465
1, 0.6531, 0.3469
1, 0.6534, 0.3466
1, 0.6534, 0.3466
1, 0.653, 0.347
1, 0.6534, 0.3466
1, 0.6529, 0.3471
1, 0.6536, 0.3464
1, 0.6536, 0.3464
1, 0.6534, 0.3466
1, 0.6528, 0.3472
1, 0.6531, 0.3469
1, 0.6534, 0.3466
1, 0.6536, 0.3464
1, 0.6532, 0.3468
1, 0.6533, 0.3467
1, 0.6536, 0.3464
1, 0.6535, 0.3465
1, 0.6533, 0.3467
1, 0.6537, 0.3463
1, 0.6536, 0.3464
1, 0.6534, 0.3466
1, 0.6534, 0.3466
1, 0.6541, 0.3459
1, 0.6527, 0.3473
1, 0.6535, 0.3465
1, 0.6535, 0.3465
1, 0.6535, 0.3465
1, 0.6534, 0.3466
1, 0.6534, 0.3466
1, 0.6536, 0.3464
1, 0.6533, 0.3467
1, 0.6534, 0.3466
1, 0.6535, 0.3465
1, 0.654, 0.346
1, 0.653, 0.347
1, 0.6534, 0.3466
1, 0.6535, 0.3465
1, 0.6534, 0.3466
1, 0.6535, 0.3465
1, 0.6537, 0.3463
1, 0.6535, 0.3465
1, 0.6534, 0.3466
1, 0.6535, 0.3465
1, 0.6534, 0.3466
1, 0.6534, 0.3466
1, 0.6534, 0.3466
1, 0.6537, 0.3463
1, 0.6534, 0.3466
1, 0.6534, 0.3466
1, 0.6541, 0.3459
1, 0.6531, 0.3469
1, 0.6538, 0.3462
1, 0.6533, 0.3467
1, 0.6535, 0.3465
1, 0.6541, 0.3459
1, 0.6536, 0.3464
1, 0.6536, 0.3464
1, 0.6542, 0.3458
1, 0.6535, 0.3465
1, 0.653, 0.347
1, 0.6532, 0.3468
1, 0.6531, 0.3469
1, 0.6534, 0.3466
1, 0.653, 0.347
1, 0.6541, 0.3459
1, 0.6534, 0.3466
1, 0.653, 0.347
1, 0.6534, 0.3466
1, 0.6535, 0.3465
1, 0.654, 0.346
1, 0.6537, 0.3463
1, 0.6538, 0.3462
1, 0.654, 0.346
1, 0.6534, 0.3466
1, 0.6532, 0.3468
1, 0.6531, 0.3469
1, 0.653, 0.347
1, 0.6536, 0.3464
1, 0.6533, 0.3467
1, 0.6531, 0.3469
1, 0.6537, 0.3463
1, 0.654, 0.346
1, 0.6538, 0.3462
1, 0.6525, 0.3475
1, 0.6535, 0.3465
1, 0.6532, 0.3468
1, 0.6536, 0.3464
1, 0.6541, 0.3459
1, 0.6535, 0.3465
1, 0.6536, 0.3464
1, 0.6535, 0.3465
1, 0.6536, 0.3464
1, 0.6538, 0.3462
1, 0.6536, 0.3464
1, 0.6533, 0.3467
1, 0.6538, 0.3462
1, 0.6529, 0.3471
1, 0.6535, 0.3465
1, 0.653, 0.347
1, 0.6538, 0.3462
1, 0.6529, 0.3471
1, 0.6535, 0.3465
1, 0.6525, 0.3475
1, 0.6532, 0.3468
1, 0.6545, 0.3455
1, 0.6534, 0.3466
1, 0.653, 0.347
1, 0.6526, 0.3474
1, 0.6533, 0.3467
1, 0.6532, 0.3468
1, 0.6533, 0.3467
1, 0.6533, 0.3467
1, 0.6539, 0.3461
1, 0.6537, 0.3463
1, 0.6532, 0.3468
1, 0.653, 0.347
1, 0.6529, 0.3471
1, 0.6534, 0.3466
1, 0.6527, 0.3473
1, 0.6523, 0.3477
1, 0.6537, 0.3463
1, 0.6539, 0.3461
1, 0.653, 0.347
1, 0.6536, 0.3464
1, 0.6533, 0.3467
1, 0.6529, 0.3471
1, 0.6537, 0.3463
1, 0.6535, 0.3465
1, 0.6532, 0.3468
1, 0.6535, 0.3465
1, 0.6526, 0.3474
1, 0.653, 0.347
1, 0.6526, 0.3474
1, 0.6537, 0.3463
1, 0.6534, 0.3466
1, 0.6534, 0.3466
1, 0.6537, 0.3463
1, 0.6527, 0.3473
1, 0.6524, 0.3476
1, 0.6538, 0.3462
1, 0.6536, 0.3464
1, 0.6528, 0.3472
1, 0.6541, 0.3459
1, 0.6536, 0.3464
1, 0.6535, 0.3465
1, 0.6529, 0.3471
1, 0.6534, 0.3466
1, 0.6544, 0.3456
1, 0.6532, 0.3468
1, 0.6533, 0.3467
1, 0.6534, 0.3466
1, 0.6539, 0.3461
1, 0.6544, 0.3456
1, 0.6537, 0.3463
1, 0.6531, 0.3469
1, 0.654, 0.346
1, 0.6532, 0.3468
1, 0.654, 0.346
1, 0.6538, 0.3462
1, 0.6536, 0.3464
1, 0.6534, 0.3466
1, 0.6532, 0.3468
1, 0.6534, 0.3466
1, 0.6529, 0.3471
1, 0.6529, 0.3471
1, 0.6543, 0.3457
1, 0.6534, 0.3466
1, 0.6534, 0.3466
1, 0.6526, 0.3474
1, 0.6527, 0.3473
1, 0.6534, 0.3466
1, 0.6533, 0.3467
1, 0.6536, 0.3464
1, 0.6542, 0.3458
1, 0.654, 0.346
1, 0.6534, 0.3466
1, 0.6531, 0.3469
1, 0.6534, 0.3466
1, 0.6534, 0.3466
1, 0.6532, 0.3468
1, 0.6535, 0.3465
1, 0.6531, 0.3469
1, 0.6534, 0.3466
1, 0.6534, 0.3466
1, 0.6535, 0.3465
1, 0.6532, 0.3468
1, 0.654, 0.346
1, 0.6531, 0.3469
1, 0.6532, 0.3468
1, 0.6533, 0.3467
1, 0.6532, 0.3468
1, 0.6532, 0.3468
1, 0.6533, 0.3467
1, 0.6533, 0.3467
1, 0.6533, 0.3467
1, 0.6534, 0.3466
1, 0.6536, 0.3464
1, 0.653, 0.347
1, 0.6532, 0.3468
1, 0.6539, 0.3461
1, 0.6535, 0.3465
1, 0.6534, 0.3466
1, 0.6531, 0.3469
1, 0.6534, 0.3466
1, 0.6533, 0.3467
1, 0.6532, 0.3468
1, 0.6535, 0.3465
1, 0.6532, 0.3468
1, 0.6533, 0.3467
1, 0.6532, 0.3468
1, 0.6532, 0.3468
1, 0.6535, 0.3465
1, 0.653, 0.347
1, 0.6528, 0.3472
1, 0.6535, 0.3465
1, 0.6533, 0.3467
1, 0.6533, 0.3467
1, 0.6532, 0.3468
1, 0.6535, 0.3465
1, 0.6534, 0.3466
1, 0.6535, 0.3465
1, 0.6528, 0.3472
1, 0.6533, 0.3467
1, 0.6533, 0.3467
1, 0.6533, 0.3467
1, 0.6532, 0.3468
1, 0.6529, 0.3471
1, 0.6532, 0.3468
1, 0.6534, 0.3466
1, 0.6532, 0.3468
1, 0.6534, 0.3466
1, 0.6533, 0.3467
1, 0.6533, 0.3467
1, 0.653, 0.347
1, 0.6529, 0.3471
1, 0.6538, 0.3462
1, 0.6529, 0.3471
1, 0.6529, 0.3471
1, 0.6532, 0.3468
1, 0.6532, 0.3468
1, 0.6537, 0.3463
1, 0.6527, 0.3473
1, 0.6529, 0.3471
1, 0.6535, 0.3465
1, 0.6529, 0.3471
1, 0.6528, 0.3472
1, 0.6533, 0.3467
1, 0.654, 0.346
1, 0.6534, 0.3466
1, 0.6535, 0.3465
1, 0.653, 0.347
1, 0.6532, 0.3468
1, 0.6535, 0.3465
1, 0.6532, 0.3468
1, 0.6533, 0.3467
1, 0.654, 0.346
1, 0.6522, 0.3478
1, 0.654, 0.346
1, 0.6534, 0.3466
1, 0.653, 0.347
1, 0.6533, 0.3467
1, 0.6531, 0.3469
1, 0.6538, 0.3462
1, 0.6536, 0.3464
1, 0.6536, 0.3464
1, 0.6538, 0.3462
1, 0.6538, 0.3462
1, 0.6539, 0.3461
1, 0.654, 0.346
1, 0.6533, 0.3467
1, 0.6532, 0.3468
1, 0.6528, 0.3472
1, 0.6532, 0.3468
1, 0.6533, 0.3467
1, 0.6534, 0.3466
1, 0.6533, 0.3467
1, 0.6532, 0.3468
1, 0.6541, 0.3459
1, 0.6533, 0.3467
1, 0.6528, 0.3472
1, 0.6536, 0.3464
1, 0.6535, 0.3465
1, 0.6527, 0.3473
1, 0.6538, 0.3462
1, 0.6535, 0.3465
1, 0.6538, 0.3462
1, 0.6531, 0.3469
1, 0.6537, 0.3463
1, 0.6533, 0.3467
1, 0.6525, 0.3475
1, 0.6523, 0.3477
1, 0.6533, 0.3467
1, 0.6537, 0.3463
1, 0.6534, 0.3466
1, 0.6532, 0.3468
1, 0.6532, 0.3468
1, 0.6537, 0.3463
1, 0.6535, 0.3465
1, 0.654, 0.346
1, 0.6529, 0.3471
1, 0.6527, 0.3473
1, 0.653, 0.347
1, 0.6545, 0.3455
1, 0.6533, 0.3467
1, 0.6534, 0.3466
1, 0.6524, 0.3476
1, 0.6532, 0.3468
1, 0.6532, 0.3468
1, 0.6532, 0.3468
1, 0.6532, 0.3468
1, 0.6532, 0.3468
1, 0.6535, 0.3465
1, 0.6533, 0.3467
1, 0.6532, 0.3468
1, 0.6537, 0.3463
1, 0.6537, 0.3463
1, 0.6532, 0.3468
1, 0.6528, 0.3472
1, 0.6532, 0.3468
1, 0.6534, 0.3466
1, 0.6535, 0.3465
1, 0.6534, 0.3466
1, 0.6533, 0.3467
1, 0.6534, 0.3466
1, 0.6532, 0.3468
1, 0.6534, 0.3466
1, 0.6534, 0.3466
1, 0.6534, 0.3466
1, 0.6534, 0.3466
1, 0.6532, 0.3468
1, 0.6534, 0.3466
1, 0.6536, 0.3464
1, 0.6527, 0.3473
1, 0.6532, 0.3468
1, 0.6533, 0.3467
1, 0.6535, 0.3465
1, 0.6533, 0.3467
1, 0.6529, 0.3471
1, 0.6533, 0.3467
1, 0.6536, 0.3464
1, 0.6532, 0.3468
1, 0.6533, 0.3467
1, 0.6532, 0.3468
1, 0.6532, 0.3468
1, 0.6536, 0.3464
1, 0.6536, 0.3464
1, 0.6537, 0.3463
1, 0.6534, 0.3466
1, 0.6536, 0.3464
1, 0.6548, 0.3452
1, 0.6538, 0.3462
1, 0.6526, 0.3474
1, 0.6536, 0.3464
1, 0.6534, 0.3466
1, 0.6535, 0.3465
1, 0.6537, 0.3463
1, 0.6537, 0.3463
1, 0.653, 0.347
1, 0.6535, 0.3465
1, 0.6535, 0.3465
1, 0.6536, 0.3464
1, 0.6534, 0.3466
1, 0.6536, 0.3464
1, 0.6534, 0.3466
1, 0.6532, 0.3468
1, 0.6533, 0.3467
1, 0.6534, 0.3466
1, 0.6531, 0.3469
1, 0.6533, 0.3467
1, 0.6532, 0.3468
1, 0.6531, 0.3469
1, 0.654, 0.346
1, 0.6541, 0.3459
1, 0.6541, 0.3459
1, 0.6535, 0.3465
1, 0.653, 0.347
1, 0.6533, 0.3467
1, 0.6534, 0.3466
1, 0.6529, 0.3471
1, 0.6528, 0.3472
1, 0.6529, 0.3471
1, 0.6527, 0.3473
1, 0.6531, 0.3469
1, 0.6537, 0.3463
1, 0.6531, 0.3469
1, 0.6534, 0.3466
1, 0.6538, 0.3462
1, 0.6534, 0.3466
1, 0.6536, 0.3464
1, 0.6534, 0.3466
1, 0.6526, 0.3474
1, 0.6541, 0.3459
1, 0.6541, 0.3459
1, 0.654, 0.346
1, 0.6529, 0.3471
1, 0.6538, 0.3462
1, 0.653, 0.347
1, 0.6537, 0.3463
1, 0.6537, 0.3463
1, 0.6528, 0.3472
1, 0.6527, 0.3473
1, 0.6531, 0.3469
1, 0.6541, 0.3459
1, 0.6532, 0.3468
1, 0.6532, 0.3468
1, 0.6534, 0.3466
1, 0.654, 0.346
1, 0.6534, 0.3466
1, 0.6536, 0.3464
1, 0.6541, 0.3459
1, 0.6536, 0.3464
1, 0.6528, 0.3472
1, 0.6538, 0.3462
1, 0.6536, 0.3464
1, 0.6529, 0.3471
1, 0.6534, 0.3466
1, 0.6536, 0.3464
1, 0.6536, 0.3464
1, 0.6539, 0.3461
1, 0.6536, 0.3464
1, 0.6538, 0.3462
1, 0.6541, 0.3459
1, 0.6539, 0.3461
1, 0.6537, 0.3463
1, 0.6536, 0.3464
1, 0.6538, 0.3462
1, 0.6532, 0.3468
1, 0.6528, 0.3472
1, 0.6531, 0.3469
1, 0.6533, 0.3467
1, 0.6538, 0.3462
1, 0.6525, 0.3475
1, 0.653, 0.347
1, 0.6541, 0.3459
1, 0.6534, 0.3466
1, 0.6536, 0.3464
1, 0.6535, 0.3465
1, 0.6534, 0.3466
1, 0.6534, 0.3466
1, 0.6534, 0.3466
1, 0.6533, 0.3467
1, 0.6536, 0.3464
1, 0.653, 0.347
1, 0.6538, 0.3462
1, 0.6533, 0.3467
1, 0.6537, 0.3463
1, 0.6534, 0.3466
1, 0.6539, 0.3461
1, 0.6536, 0.3464
1, 0.6534, 0.3466
1, 0.6532, 0.3468
1, 0.6527, 0.3473
1, 0.6529, 0.3471
1, 0.6536, 0.3464
1, 0.6536, 0.3464
1, 0.6538, 0.3462
1, 0.6535, 0.3465
1, 0.6533, 0.3467
1, 0.6536, 0.3464
1, 0.6532, 0.3468
1, 0.6531, 0.3469
1, 0.6538, 0.3462
1, 0.6534, 0.3466
1, 0.6536, 0.3464
1, 0.6535, 0.3465
1, 0.6537, 0.3463
1, 0.6534, 0.3466
1, 0.6539, 0.3461
1, 0.6531, 0.3469
1, 0.6534, 0.3466
1, 0.6528, 0.3472
1, 0.6531, 0.3469
1, 0.6534, 0.3466
1, 0.6534, 0.3466
1, 0.6535, 0.3465
1, 0.6533, 0.3467
1, 0.6541, 0.3459
1, 0.6531, 0.3469
1, 0.6532, 0.3468
1, 0.6538, 0.3462
1, 0.6535, 0.3465
1, 0.6533, 0.3467
1, 0.6541, 0.3459
1, 0.6539, 0.3461
1, 0.6538, 0.3462
1, 0.6529, 0.3471
1, 0.6532, 0.3468
1, 0.6536, 0.3464
1, 0.6537, 0.3463
1, 0.6536, 0.3464
1, 0.6532, 0.3468
1, 0.6536, 0.3464
1, 0.6531, 0.3469
1, 0.6538, 0.3462
1, 0.6535, 0.3465
1, 0.6536, 0.3464
1, 0.654, 0.346
1, 0.653, 0.347
1, 0.6534, 0.3466
1, 0.6535, 0.3465
1, 0.6531, 0.3469
1, 0.6538, 0.3462
1, 0.6534, 0.3466
1, 0.6536, 0.3464
1, 0.6534, 0.3466
1, 0.653, 0.347
1, 0.6536, 0.3464
1, 0.6541, 0.3459
1, 0.6534, 0.3466
1, 0.6538, 0.3462
1, 0.6542, 0.3458
1, 0.6536, 0.3464
1, 0.6535, 0.3465
1, 0.6529, 0.3471
1, 0.6532, 0.3468
1, 0.6535, 0.3465
1, 0.6528, 0.3472
1, 0.6535, 0.3465
1, 0.6537, 0.3463
1, 0.6538, 0.3462
1, 0.6531, 0.3469
1, 0.6536, 0.3464
1, 0.6534, 0.3466
1, 0.6534, 0.3466
1, 0.654, 0.346
1, 0.6536, 0.3464
1, 0.6534, 0.3466
1, 0.654, 0.346
1, 0.6531, 0.3469
1, 0.6532, 0.3468
1, 0.6535, 0.3465
1, 0.6538, 0.3462
1, 0.6527, 0.3473
1, 0.6534, 0.3466
1, 0.6535, 0.3465
1, 0.6535, 0.3465
1, 0.6534, 0.3466
1, 0.6534, 0.3466
1, 0.6535, 0.3465
1, 0.6534, 0.3466
1, 0.6534, 0.3466
1, 0.6534, 0.3466
1, 0.6531, 0.3469
1, 0.6532, 0.3468
1, 0.653, 0.347
1, 0.6533, 0.3467
1, 0.653, 0.347
1, 0.6528, 0.3472
1, 0.6533, 0.3467
1, 0.6533, 0.3467
1, 0.6532, 0.3468
1, 0.6535, 0.3465
1, 0.653, 0.347
1, 0.6532, 0.3468
1, 0.6532, 0.3468
1, 0.6528, 0.3472
1, 0.6535, 0.3465
1, 0.6533, 0.3467
1, 0.6533, 0.3467
1, 0.6536, 0.3464
1, 0.6533, 0.3467
1, 0.6531, 0.3469
1, 0.6521, 0.3479
1, 0.6533, 0.3467
1, 0.653, 0.347
1, 0.6533, 0.3467
1, 0.6535, 0.3465
1, 0.6518, 0.3482
1, 0.6535, 0.3465
1, 0.6528, 0.3472
1, 0.6532, 0.3468
1, 0.6536, 0.3464
1, 0.6533, 0.3467
1, 0.6532, 0.3468
1, 0.6531, 0.3469
1, 0.6535, 0.3465
1, 0.653, 0.347
1, 0.6531, 0.3469
1, 0.6532, 0.3468
1, 0.6534, 0.3466
1, 0.6533, 0.3467
1, 0.653, 0.347
1, 0.6535, 0.3465
1, 0.6527, 0.3473
1, 0.6532, 0.3468
1, 0.6532, 0.3468
1, 0.6536, 0.3464
1, 0.6532, 0.3468
1, 0.6528, 0.3472
1, 0.6534, 0.3466
1, 0.6532, 0.3468
1, 0.6534, 0.3466
1, 0.6534, 0.3466
1, 0.6535, 0.3465
1, 0.6534, 0.3466
1, 0.6541, 0.3459
1, 0.653, 0.347
1, 0.6536, 0.3464
1, 0.6532, 0.3468
1, 0.6531, 0.3469
1, 0.6538, 0.3462
1, 0.6534, 0.3466
1, 0.6532, 0.3468
1, 0.6529, 0.3471
1, 0.6532, 0.3468
1, 0.6538, 0.3462
1, 0.6538, 0.3462
1, 0.6521, 0.3479
1, 0.6539, 0.3461
1, 0.6538, 0.3462
1, 0.6536, 0.3464
1, 0.6538, 0.3462
1, 0.653, 0.347
1, 0.6547, 0.3453
1, 0.6539, 0.3461
1, 0.6535, 0.3465
1, 0.6533, 0.3467
1, 0.6529, 0.3471
1, 0.6525, 0.3475
1, 0.6535, 0.3465
1, 0.6532, 0.3468
1, 0.6532, 0.3468
1, 0.6536, 0.3464
1, 0.6547, 0.3453
1, 0.6538, 0.3462
1, 0.6531, 0.3469
1, 0.6537, 0.3463
1, 0.6537, 0.3463
1, 0.6536, 0.3464
1, 0.6543, 0.3457
1, 0.6536, 0.3464
1, 0.6542, 0.3458
1, 0.6534, 0.3466
1, 0.6534, 0.3466
1, 0.6534, 0.3466
1, 0.6537, 0.3463
1, 0.6534, 0.3466
1, 0.653, 0.347
1, 0.6535, 0.3465
1, 0.6535, 0.3465
1, 0.6529, 0.3471
1, 0.6534, 0.3466
1, 0.6534, 0.3466
1, 0.6534, 0.3466
1, 0.6537, 0.3463
1, 0.6537, 0.3463
1, 0.6532, 0.3468
1, 0.6527, 0.3473
1, 0.6537, 0.3463
1, 0.6527, 0.3473
1, 0.6547, 0.3453
1, 0.6536, 0.3464
1, 0.653, 0.347
1, 0.6526, 0.3474
1, 0.6526, 0.3474
1, 0.653, 0.347
1, 0.6536, 0.3464
1, 0.6523, 0.3477
1, 0.6526, 0.3474
1, 0.6536, 0.3464
1, 0.6535, 0.3465
1, 0.6535, 0.3465
1, 0.6535, 0.3465
1, 0.6526, 0.3474
1, 0.6533, 0.3467
1, 0.6533, 0.3467
1, 0.6539, 0.3461
1, 0.6534, 0.3466
1, 0.6523, 0.3477
1, 0.6534, 0.3466
1, 0.6529, 0.3471
1, 0.6526, 0.3474
1, 0.6537, 0.3463
1, 0.6531, 0.3469
1, 0.6535, 0.3465
1, 0.6537, 0.3463
1, 0.6536, 0.3464
1, 0.6537, 0.3463
1, 0.6537, 0.3463
1, 0.6541, 0.3459
1, 0.6534, 0.3466
1, 0.6539, 0.3461
1, 0.6526, 0.3474
1, 0.6533, 0.3467
1, 0.6521, 0.3479
1, 0.6534, 0.3466
1, 0.6533, 0.3467
1, 0.6536, 0.3464
1, 0.6534, 0.3466
1, 0.6536, 0.3464
1, 0.6532, 0.3468
1, 0.6535, 0.3465
1, 0.6532, 0.3468
1, 0.6538, 0.3462
1, 0.653, 0.347
1, 0.6527, 0.3473
1, 0.6527, 0.3473
1, 0.6513, 0.3487
1, 0.6534, 0.3466
1, 0.6529, 0.3471
1, 0.6533, 0.3467
1, 0.6535, 0.3465
1, 0.6531, 0.3469
1, 0.6532, 0.3468
1, 0.6532, 0.3468
1, 0.6537, 0.3463
1, 0.6534, 0.3466
1, 0.6533, 0.3467
1, 0.6537, 0.3463
1, 0.6533, 0.3467
1, 0.653, 0.347
1, 0.6532, 0.3468
1, 0.6538, 0.3462
1, 0.653, 0.347
1, 0.6537, 0.3463
1, 0.6526, 0.3474
1, 0.6547, 0.3453
1, 0.6537, 0.3463
1, 0.6534, 0.3466
1, 0.6537, 0.3463
1, 0.6531, 0.3469
1, 0.6534, 0.3466
1, 0.6532, 0.3468
1, 0.6537, 0.3463
1, 0.6528, 0.3472
1, 0.6534, 0.3466
1, 0.6521, 0.3479
1, 0.6528, 0.3472
1, 0.6535, 0.3465
1, 0.6537, 0.3463
1, 0.6534, 0.3466
1, 0.6536, 0.3464
1, 0.6535, 0.3465
1, 0.6537, 0.3463
1, 0.6532, 0.3468
1, 0.6531, 0.3469
1, 0.6537, 0.3463
1, 0.6521, 0.3479
1, 0.6528, 0.3472
1, 0.6534, 0.3466
1, 0.6537, 0.3463
1, 0.6535, 0.3465
1, 0.6532, 0.3468
1, 0.6534, 0.3466
1, 0.6535, 0.3465
1, 0.6537, 0.3463
1, 0.6528, 0.3472
1, 0.6536, 0.3464
1, 0.6534, 0.3466
1, 0.6534, 0.3466
1, 0.6536, 0.3464
1, 0.6535, 0.3465
1, 0.6534, 0.3466
1, 0.6535, 0.3465
1, 0.6535, 0.3465
1, 0.6534, 0.3466
1, 0.6534, 0.3466
1, 0.6534, 0.3466
1, 0.6536, 0.3464
1, 0.6534, 0.3466
1, 0.6534, 0.3466
1, 0.6535, 0.3465
1, 0.6534, 0.3466
1, 0.6534, 0.3466
1, 0.6534, 0.3466
1, 0.6535, 0.3465
1, 0.6534, 0.3466
1, 0.6534, 0.3466
1, 0.6534, 0.3466
1, 0.6534, 0.3466
1, 0.6534, 0.3466
1, 0.6536, 0.3464
1, 0.6543, 0.3457
1, 0.6542, 0.3458
1, 0.6535, 0.3465
1, 0.6533, 0.3467
1, 0.653, 0.347
1, 0.653, 0.347
1, 0.6527, 0.3473
1, 0.6527, 0.3473
1, 0.653, 0.347
1, 0.6541, 0.3459
1, 0.6542, 0.3458
1, 0.6531, 0.3469
1, 0.6524, 0.3476
1, 0.6538, 0.3462
1, 0.6529, 0.3471
1, 0.6541, 0.3459
1, 0.654, 0.346
1, 0.6531, 0.3469
1, 0.6538, 0.3462
1, 0.6535, 0.3465
1, 0.6534, 0.3466
1, 0.6536, 0.3464
1, 0.6532, 0.3468
1, 0.6535, 0.3465
1, 0.6534, 0.3466
1, 0.653, 0.347
1, 0.653, 0.347
1, 0.6537, 0.3463
1, 0.653, 0.347
1, 0.6537, 0.3463
1, 0.6538, 0.3462
1, 0.6535, 0.3465
1, 0.6532, 0.3468
1, 0.6535, 0.3465
1, 0.6533, 0.3467
1, 0.6539, 0.3461
1, 0.653, 0.347
1, 0.6534, 0.3466
1, 0.6529, 0.3471
1, 0.653, 0.347
1, 0.6535, 0.3465
1, 0.653, 0.347
1, 0.6532, 0.3468
1, 0.6529, 0.3471
1, 0.6528, 0.3472
1, 0.6536, 0.3464
1, 0.6527, 0.3473
1, 0.653, 0.347
1, 0.6525, 0.3475
1, 0.652, 0.348
1, 0.6535, 0.3465
1, 0.6536, 0.3464
1, 0.6521, 0.3479
1, 0.653, 0.347
1, 0.6534, 0.3466
1, 0.6519, 0.3481
1, 0.6529, 0.3471
1, 0.652, 0.348
1, 0.6519, 0.3481
1, 0.652, 0.348
1, 0.6538, 0.3462
1, 0.6521, 0.3479
1, 0.653, 0.347
1, 0.652, 0.348
1, 0.6531, 0.3469
1, 0.6529, 0.3471
1, 0.6536, 0.3464
1, 0.6521, 0.3479
1, 0.6519, 0.3481
1, 0.6536, 0.3464
1, 0.653, 0.347
1, 0.6534, 0.3466
1, 0.6539, 0.3461
1, 0.6533, 0.3467
1, 0.6521, 0.3479
1, 0.6521, 0.3479
1, 0.652, 0.348
1, 0.6538, 0.3462
1, 0.6521, 0.3479
1, 0.6521, 0.3479
1, 0.6537, 0.3463
1, 0.652, 0.348
1, 0.6519, 0.3481
1, 0.6532, 0.3468
1, 0.6529, 0.3471
1, 0.6539, 0.3461
1, 0.6532, 0.3468
1, 0.6535, 0.3465
1, 0.6535, 0.3465
1, 0.6536, 0.3464
1, 0.6535, 0.3465
1, 0.6534, 0.3466
1, 0.6522, 0.3478
1, 0.6529, 0.3471
1, 0.6533, 0.3467
1, 0.6539, 0.3461
1, 0.6533, 0.3467
1, 0.6543, 0.3457
1, 0.6531, 0.3469
1, 0.654, 0.346
1, 0.6533, 0.3467
1, 0.6529, 0.3471
1, 0.6538, 0.3462
1, 0.6533, 0.3467
1, 0.6536, 0.3464
1, 0.6524, 0.3476
1, 0.6535, 0.3465
1, 0.653, 0.347
1, 0.6542, 0.3458
1, 0.6539, 0.3461
1, 0.6534, 0.3466
1, 0.6535, 0.3465
1, 0.653, 0.347
1, 0.6538, 0.3462
1, 0.6534, 0.3466
1, 0.653, 0.347
1, 0.6533, 0.3467
1, 0.6534, 0.3466
1, 0.6533, 0.3467
1, 0.6528, 0.3472
1, 0.6533, 0.3467
1, 0.6537, 0.3463
1, 0.6537, 0.3463
1, 0.6534, 0.3466
1, 0.653, 0.347
1, 0.6528, 0.3472
1, 0.6535, 0.3465
1, 0.6528, 0.3472
1, 0.6534, 0.3466
1, 0.6533, 0.3467
1, 0.6537, 0.3463
1, 0.6534, 0.3466
1, 0.653, 0.347
1, 0.653, 0.347
1, 0.6526, 0.3474
1, 0.6534, 0.3466
1, 0.6535, 0.3465
1, 0.6534, 0.3466
1, 0.6534, 0.3466
1, 0.6535, 0.3465
1, 0.6534, 0.3466
1, 0.653, 0.347
1, 0.6535, 0.3465
1, 0.6533, 0.3467
1, 0.653, 0.347
1, 0.6535, 0.3465
1, 0.6531, 0.3469
1, 0.6535, 0.3465
1, 0.6534, 0.3466
1, 0.653, 0.347
1, 0.6532, 0.3468
1, 0.6535, 0.3465
1, 0.6534, 0.3466
1, 0.6527, 0.3473
1, 0.6543, 0.3457
1, 0.653, 0.347
1, 0.6541, 0.3459
1, 0.6533, 0.3467
1, 0.6534, 0.3466
1, 0.6536, 0.3464
1, 0.6536, 0.3464
1, 0.6529, 0.3471
1, 0.6536, 0.3464
1, 0.6536, 0.3464
1, 0.6536, 0.3464
1, 0.6529, 0.3471
1, 0.6525, 0.3475
1, 0.6536, 0.3464
0, 0.9369, 0.0631
0, 0.9362, 0.0638
0, 0.937, 0.063
0, 0.9369, 0.0631
0, 0.937, 0.063
0, 0.9409, 0.0591
0, 0.9371, 0.0629
0, 0.9371, 0.0629
0, 0.9411, 0.0589
0, 0.9411, 0.0589
0, 0.941, 0.059
0, 0.9411, 0.0589
0, 0.941, 0.059
0, 0.9406, 0.0594
0, 0.9405, 0.0595
0, 0.9411, 0.0589
0, 0.9412, 0.0588
0, 0.9409, 0.0591
0, 0.9409, 0.0591
0, 0.941, 0.059
0, 0.941, 0.059
0, 0.941, 0.059
0, 0.9409, 0.0591
0, 0.9405, 0.0595
0, 0.941, 0.059
0, 0.9409, 0.0591
0, 0.9403, 0.0597
0, 0.9409, 0.0591
0, 0.941, 0.059
0, 0.941, 0.059
0, 0.9412, 0.0588
0, 0.941, 0.059
0, 0.9409, 0.0591
0, 0.941, 0.059
0, 0.941, 0.059
0, 0.941, 0.059
0, 0.9411, 0.0589
0, 0.9408, 0.0592
0, 0.9411, 0.0589
0, 0.941, 0.059
0, 0.941, 0.059
0, 0.9411, 0.0589
0, 0.9411, 0.0589
1, 0.5792, 0.4208
1, 0.5636, 0.4364
1, 0.5791, 0.4209
1, 0.5791, 0.4209
1, 0.6563, 0.3437
1, 0.6563, 0.3437
1, 0.6565, 0.3435
1, 0.6514, 0.3486
1, 0.6525, 0.3475
1, 0.5632, 0.4368
1, 0.652, 0.348
1, 0.6525, 0.3475
1, 0.6556, 0.3444
1, 0.657, 0.343
1, 0.6513, 0.3487
1, 0.5598, 0.4402
1, 0.6521, 0.3479
1, 0.5792, 0.4208
1, 0.6535, 0.3465
1, 0.5786, 0.4214
1, 0.6524, 0.3476
1, 0.6516, 0.3484
1, 0.6564, 0.3436
1, 0.5613, 0.4387
0, 0.9989, 0.0011
0, 0.9999, 0.0001
0, 0.9999, 0.0001
0, 0.9999, 0.0001
0, 0.9999, 0.0001
0, 0.9996, 0.0004
0, 0.9993, 0.0007
0, 1.0, 0.0
0, 0.9993, 0.0007
0, 1.0, 0.0
0, 1.0, 0.0
0, 1.0, 0.0
0, 1.0, 0.0
0, 1.0, 0.0
0, 1.0, 0.0
0, 1.0, 0.0
0, 1.0, 0.0
0, 1.0, 0.0
0, 1.0, 0.0
0, 0.9983, 0.0017
0, 1.0, 0.0
0, 1.0, 0.0
0, 1.0, 0.0
0, 1.0, 0.0
0, 1.0, 0.0
0, 1.0, 0.0
0, 1.0, 0.0
0, 1.0, 0.0
0, 1.0, 0.0
0, 1.0, 0.0
0, 1.0, 0.0
0, 1.0, 0.0
0, 1.0, 0.0
0, 1.0, 0.0
0, 1.0, 0.0
0, 1.0, 0.0
0, 1.0, 0.0
0, 0.9988, 0.0012
0, 0.9999, 0.0001
0, 0.9996, 0.0004
0, 0.9995, 0.0005
0, 0.9991, 0.0009
0, 0.999, 0.001
0, 0.994, 0.006
0, 0.9947, 0.0053
0, 0.9949, 0.0051
0, 0.9948, 0.0052
0, 0.9949, 0.0051
0, 0.9949, 0.0051
0, 0.9948, 0.0052
0, 0.9945, 0.0055
0, 0.9949, 0.0051
0, 0.9947, 0.0053
0, 0.9947, 0.0053
0, 0.9948, 0.0052
0, 0.9948, 0.0052
0, 0.9948, 0.0052
0, 0.9949, 0.0051
0, 0.9949, 0.0051
0, 0.9949, 0.0051
0, 0.9948, 0.0052
0, 0.9948, 0.0052
0, 0.9949, 0.0051
0, 0.9948, 0.0052
0, 0.9947, 0.0053
0, 0.9942, 0.0058
0, 0.9948, 0.0052
0, 0.9948, 0.0052
0, 0.9948, 0.0052
0, 0.9952, 0.0048
0, 0.9948, 0.0052
0, 0.9948, 0.0052
0, 0.9949, 0.0051
0, 0.9948, 0.0052
0, 0.9948, 0.0052
0, 0.9949, 0.0051
0, 0.9948, 0.0052
0, 0.9947, 0.0053
0, 0.9947, 0.0053
0, 0.9949, 0.0051
0, 0.9948, 0.0052
0, 0.9948, 0.0052
0, 0.9948, 0.0052
0, 0.9945, 0.0055
0, 0.9948, 0.0052
0, 0.9947, 0.0053
0, 0.9947, 0.0053
0, 0.9948, 0.0052
0, 0.9947, 0.0053
0, 0.9949, 0.0051
0, 0.9947, 0.0053
0, 0.9948, 0.0052
0, 0.9949, 0.0051
0, 0.9945, 0.0055
0, 0.996, 0.004
0, 0.9952, 0.0048
0, 0.9964, 0.0036
0, 0.9953, 0.0047
0, 0.9955, 0.0045
0, 0.9961, 0.0039
0, 0.9963, 0.0037
0, 0.9964, 0.0036
0, 0.9955, 0.0045
0, 0.9956, 0.0044
0, 0.9961, 0.0039
0, 0.9963, 0.0037
0, 0.9955, 0.0045
0, 0.9952, 0.0048
0, 0.9964, 0.0036
0, 0.9962, 0.0038
0, 0.9962, 0.0038
0, 0.9952, 0.0048
0, 1.0, 0.0
0, 0.9999, 0.0001
0, 0.9997, 0.0003
0, 0.9999, 0.0001
0, 0.9999, 0.0001
0, 0.9999, 0.0001
0, 0.9997, 0.0003
0, 0.9998, 0.0002
0, 0.9999, 0.0001
0, 0.9999, 0.0001
0, 0.9997, 0.0003
0, 0.9999, 0.0001
0, 0.9997, 0.0003
0, 0.9999, 0.0001
0, 0.9999, 0.0001
0, 0.9999, 0.0001
0, 0.9999, 0.0001
0, 0.9999, 0.0001
0, 0.9999, 0.0001
0, 0.9999, 0.0001
0, 0.9998, 0.0002
0, 0.9997, 0.0003
0, 0.9998, 0.0002
0, 0.9999, 0.0001
0, 0.9999, 0.0001
0, 0.9999, 0.0001
0, 0.9999, 0.0001
0, 0.9998, 0.0002
0, 0.9999, 0.0001
0, 0.9996, 0.0004
0, 0.9999, 0.0001
0, 0.9999, 0.0001
0, 0.9999, 0.0001
0, 0.9998, 0.0002
0, 0.9997, 0.0003
0, 0.9998, 0.0002
0, 0.9999, 0.0001
0, 0.9999, 0.0001
0, 0.9999, 0.0001
0, 0.9998, 0.0002
0, 0.9997, 0.0003
0, 0.9999, 0.0001
0, 0.9998, 0.0002
0, 0.9999, 0.0001
0, 0.9997, 0.0003
0, 0.9999, 0.0001
0, 0.9998, 0.0002
0, 0.9999, 0.0001
0, 0.9996, 0.0004
0, 0.9999, 0.0001
0, 0.9999, 0.0001
0, 0.9998, 0.0002
0, 0.9999, 0.0001
0, 0.9997, 0.0003
0, 0.9999, 0.0001
0, 1.0, 0.0
0, 0.9998, 0.0002
0, 0.9999, 0.0001
0, 0.9998, 0.0002
0, 0.9999, 0.0001
0, 0.9999, 0.0001
0, 0.9999, 0.0001
0, 0.9999, 0.0001
0, 0.9999, 0.0001
0, 0.9999, 0.0001
0, 0.9999, 0.0001
0, 0.9999, 0.0001
0, 0.9999, 0.0001
0, 0.9999, 0.0001
0, 0.9999, 0.0001
0, 0.9999, 0.0001
0, 0.9999, 0.0001
0, 0.9998, 0.0002
0, 0.9999, 0.0001
0, 0.9999, 0.0001
0, 0.9999, 0.0001
0, 0.9998, 0.0002
0, 0.9999, 0.0001
0, 0.9998, 0.0002
0, 0.9999, 0.0001
0, 0.9999, 0.0001
0, 0.9999, 0.0001
0, 0.9999, 0.0001
0, 0.9999, 0.0001
0, 0.9999, 0.0001
0, 0.9999, 0.0001
0, 0.9999, 0.0001
0, 0.9999, 0.0001
0, 0.9999, 0.0001
0, 0.9999, 0.0001
0, 0.9999, 0.0001
0, 0.9999, 0.0001
0, 0.9999, 0.0001
0, 0.9998, 0.0002
0, 0.9998, 0.0002
0, 0.9999, 0.0001
0, 0.9999, 0.0001
0, 0.9998, 0.0002
0, 0.9999, 0.0001
0, 0.9999, 0.0001
0, 0.9999, 0.0001
0, 0.9999, 0.0001
0, 0.9999, 0.0001
0, 0.9999, 0.0001
0, 0.9999, 0.0001
0, 1.0, 0.0
0, 0.9999, 0.0001
0, 1.0, 0.0
0, 0.9999, 0.0001
0, 0.9999, 0.0001
0, 0.9999, 0.0001
0, 0.9999, 0.0001
0, 0.9999, 0.0001
0, 0.9998, 0.0002
0, 0.9999, 0.0001
0, 0.9999, 0.0001
0, 0.9999, 0.0001
0, 0.9999, 0.0001
0, 0.9998, 0.0002
0, 0.9998, 0.0002
0, 0.9999, 0.0001
0, 0.9999, 0.0001
0, 0.9998, 0.0002
0, 0.9999, 0.0001
0, 0.9999, 0.0001
0, 0.9999, 0.0001
0, 0.9997, 0.0003
0, 0.9999, 0.0001
0, 0.9998, 0.0002
0, 0.9999, 0.0001
0, 0.9998, 0.0002
0, 0.9998, 0.0002
0, 0.9999, 0.0001
0, 0.9999, 0.0001
0, 0.9999, 0.0001
0, 0.9999, 0.0001
0, 0.9996, 0.0004
0, 0.9999, 0.0001
0, 0.9996, 0.0004
0, 0.9999, 0.0001
0, 0.9999, 0.0001
0, 0.9996, 0.0004
0, 0.9999, 0.0001
0, 0.9999, 0.0001
0, 0.9999, 0.0001
0, 0.9996, 0.0004
0, 0.9999, 0.0001
0, 0.9999, 0.0001
0, 0.9999, 0.0001
0, 0.9999, 0.0001
0, 0.9998, 0.0002
0, 0.9998, 0.0002
0, 0.9999, 0.0001
0, 0.9999, 0.0001
0, 0.9999, 0.0001
0, 0.9999, 0.0001
0, 0.9999, 0.0001
0, 0.9996, 0.0004
0, 0.9999, 0.0001
0, 0.9996, 0.0004
0, 0.9999, 0.0001
0, 0.9996, 0.0004
0, 0.9996, 0.0004
0, 0.9999, 0.0001
0, 0.9999, 0.0001
0, 0.9999, 0.0001
0, 0.9999, 0.0001
0, 0.9999, 0.0001
0, 0.9999, 0.0001
0, 0.9996, 0.0004
0, 0.9996, 0.0004
0, 0.9996, 0.0004
0, 0.9996, 0.0004
0, 0.9999, 0.0001
0, 0.9999, 0.0001
0, 0.9999, 0.0001
0, 0.9999, 0.0001
0, 0.9999, 0.0001
0, 0.9996, 0.0004
0, 0.9998, 0.0002
0, 0.9998, 0.0002
0, 0.9999, 0.0001
0, 0.9999, 0.0001
0, 0.9999, 0.0001
0, 0.9999, 0.0001
0, 0.9999, 0.0001
0, 0.9999, 0.0001
0, 0.9999, 0.0001
0, 0.9999, 0.0001
0, 0.9999, 0.0001
0, 0.9998, 0.0002
0, 0.9999, 0.0001
0, 0.9999, 0.0001
0, 0.9999, 0.0001
0, 0.9998, 0.0002
0, 0.9996, 0.0004
0, 0.9997, 0.0003
0, 0.9999, 0.0001
0, 0.9999, 0.0001
0, 0.9996, 0.0004
0, 0.9999, 0.0001
0, 0.9999, 0.0001
0, 0.9999, 0.0001
0, 0.9996, 0.0004
0, 0.9999, 0.0001
0, 0.9999, 0.0001
0, 0.9999, 0.0001
0, 0.9999, 0.0001
0, 0.9999, 0.0001
0, 0.9999, 0.0001
0, 0.9996, 0.0004
0, 0.9999, 0.0001
0, 0.9999, 0.0001
0, 0.9999, 0.0001
0, 0.9998, 0.0002
0, 0.9996, 0.0004
0, 0.9999, 0.0001
0, 0.9997, 0.0003
0, 0.9996, 0.0004
0, 0.9996, 0.0004
0, 0.9999, 0.0001
0, 0.9999, 0.0001
0, 0.9999, 0.0001
0, 0.9996, 0.0004
0, 0.9996, 0.0004
0, 0.9999, 0.0001
0, 0.9999, 0.0001
0, 0.9996, 0.0004
0, 0.9999, 0.0001
0, 0.9998, 0.0002
0, 0.9999, 0.0001
0, 0.9998, 0.0002
0, 0.9999, 0.0001
0, 0.9999, 0.0001
0, 0.9999, 0.0001
0, 0.9996, 0.0004
0, 0.9998, 0.0002
0, 0.9999, 0.0001
1, 0.9861, 0.0139
1, 0.9837, 0.0163
1, 0.9856, 0.0144
1, 0.9828, 0.0172
1, 0.9832, 0.0168
1, 0.9832, 0.0168
1, 0.9833, 0.0167
0, 1.0, 0.0
1, 0.9826, 0.0174
1, 0.9837, 0.0163
1, 0.9858, 0.0142
0, 1.0, 0.0
1, 0.9829, 0.0171
0, 0.9995, 0.0005
0, 0.9999, 0.0001
0, 0.9995, 0.0005
0, 0.9998, 0.0002
0, 0.9995, 0.0005
0, 0.9995, 0.0005
0, 0.9993, 0.0007
1, 0.9837, 0.0163
1, 0.9829, 0.0171
1, 0.9836, 0.0164
1, 0.9818, 0.0182
1, 0.983, 0.017
1, 0.9829, 0.0171
1, 0.9822, 0.0178
1, 0.9829, 0.0171
1, 0.9831, 0.0169
1, 0.9838, 0.0162
1, 0.9823, 0.0177
1, 0.9831, 0.0169
1, 0.983, 0.017
1, 0.9826, 0.0174
1, 0.9836, 0.0164
1, 0.9827, 0.0173
1, 0.9828, 0.0172
1, 0.9838, 0.0162
1, 0.9825, 0.0175
1, 0.9819, 0.0181
1, 0.9835, 0.0165
1, 0.9836, 0.0164
1, 0.9837, 0.0163
1, 0.9826, 0.0174
1, 0.9837, 0.0163
1, 0.9838, 0.0162
1, 0.9837, 0.0163
1, 0.9834, 0.0166
1, 0.9858, 0.0142
1, 0.9829, 0.0171
1, 0.9835, 0.0165
1, 0.9838, 0.0162
1, 0.9829, 0.0171
1, 0.9838, 0.0162
1, 0.9823, 0.0177
1, 0.9831, 0.0169
1, 0.9829, 0.0171
1, 0.9831, 0.0169
1, 0.9825, 0.0175
1, 0.9833, 0.0167
1, 0.9827, 0.0173
1, 0.9822, 0.0178
1, 0.9824, 0.0176
1, 0.9831, 0.0169
1, 0.9833, 0.0167
1, 0.983, 0.017
1, 0.9836, 0.0164
1, 0.9839, 0.0161
1, 0.9844, 0.0156
1, 0.986, 0.014
1, 0.9832, 0.0168
0, 1.0, 0.0
0, 1.0, 0.0
0, 0.9996, 0.0004
0, 0.9992, 0.0008
0, 0.9986, 0.0014
0, 0.9988, 0.0012
0, 0.9987, 0.0013
1, 0.9818, 0.0182
1, 0.9838, 0.0162
1, 0.9831, 0.0169
1, 0.9838, 0.0162
1, 0.9837, 0.0163
1, 0.9836, 0.0164
1, 0.9836, 0.0164
1, 0.9836, 0.0164
1, 0.9836, 0.0164
1, 0.9838, 0.0162
1, 0.983, 0.017
1, 0.9831, 0.0169
1, 0.9831, 0.0169
1, 0.9813, 0.0187
1, 0.9829, 0.0171
1, 0.9828, 0.0172
1, 0.9834, 0.0166
1, 0.983, 0.017
1, 0.9819, 0.0181
1, 0.9829, 0.0171
1, 0.9827, 0.0173
1, 0.9826, 0.0174
1, 0.9819, 0.0181
1, 0.9837, 0.0163
1, 0.9832, 0.0168
1, 0.989, 0.011
1, 0.9857, 0.0143
1, 0.9853, 0.0147
1, 0.9858, 0.0142
1, 0.989, 0.011
1, 0.986, 0.014
1, 0.9889, 0.0111
1, 0.989, 0.011
1, 0.9856, 0.0144
1, 0.9856, 0.0144
1, 0.986, 0.014
1, 0.9857, 0.0143
0, 0.9995, 0.0005
0, 0.9999, 0.0001
0, 1.0, 0.0
0, 0.9999, 0.0001
0, 0.9997, 0.0003
0, 1.0, 0.0
0, 1.0, 0.0
0, 1.0, 0.0
0, 0.9998, 0.0002
0, 1.0, 0.0
1, 0.6549, 0.3451
1, 0.6546, 0.3454
1, 0.6547, 0.3453
1, 0.6548, 0.3452
1, 0.6545, 0.3455
1, 0.6529, 0.3471
1, 0.6548, 0.3452
1, 0.6556, 0.3444
1, 0.6551, 0.3449
1, 0.6551, 0.3449
1, 0.6554, 0.3446
1, 0.6543, 0.3457
1, 0.6547, 0.3453
1, 0.6556, 0.3444
1, 0.6546, 0.3454
1, 0.6538, 0.3462
1, 0.6546, 0.3454
1, 0.6548, 0.3452
1, 0.6547, 0.3453
1, 0.6542, 0.3458
1, 0.6545, 0.3455
1, 0.6549, 0.3451
1, 0.6546, 0.3454
1, 0.6547, 0.3453
1, 0.6538, 0.3462
1, 0.6548, 0.3452
1, 0.6535, 0.3465
1, 0.6541, 0.3459
1, 0.6546, 0.3454
1, 0.6548, 0.3452
1, 0.6546, 0.3454
1, 0.6548, 0.3452
1, 0.6548, 0.3452
1, 0.6547, 0.3453
1, 0.6546, 0.3454
1, 0.6548, 0.3452
1, 0.6545, 0.3455
1, 0.6541, 0.3459
1, 0.6547, 0.3453
1, 0.6548, 0.3452
1, 0.6547, 0.3453
1, 0.6547, 0.3453
1, 0.6547, 0.3453
1, 0.9446, 0.0554
1, 0.9859, 0.0141
1, 0.9852, 0.0148
1, 0.9453, 0.0547
1, 0.9858, 0.0142
1, 0.9858, 0.0142
1, 0.986, 0.014
1, 0.9858, 0.0142
1, 0.9858, 0.0142
0, 0.9993, 0.0007
1, 0.9839, 0.0161
1, 0.985, 0.015
1, 0.9839, 0.0161
1, 0.9826, 0.0174
1, 0.984, 0.016
1, 0.9851, 0.0149
1, 0.9866, 0.0134
1, 0.9866, 0.0134
1, 0.9866, 0.0134
1, 0.9866, 0.0134
1, 0.9863, 0.0137
1, 0.9862, 0.0138
1, 0.9864, 0.0136
1, 0.9862, 0.0138
1, 0.9864, 0.0136
1, 0.9861, 0.0139
1, 0.9862, 0.0138
1, 0.9864, 0.0136
1, 0.9841, 0.0159
1, 0.9864, 0.0136
1, 0.9864, 0.0136
1, 0.9865, 0.0135
1, 0.9864, 0.0136
1, 0.9864, 0.0136
1, 0.9851, 0.0149
1, 0.9868, 0.0132
1, 0.9869, 0.0131
0, 0.9882, 0.0118
1, 0.9844, 0.0156
1, 0.9851, 0.0149
1, 0.7099, 0.2901
1, 0.7099, 0.2901
1, 0.7097, 0.2903
1, 0.7094, 0.2906
1, 0.7097, 0.2903
1, 0.7095, 0.2905
1, 0.71, 0.29
1, 0.7097, 0.2903
1, 0.71, 0.29
1, 0.7095, 0.2905
1, 0.7098, 0.2902
1, 0.7077, 0.2923
1, 0.7099, 0.2901
1, 0.7099, 0.2901
1, 0.7097, 0.2903
1, 0.7097, 0.2903
1, 0.7086, 0.2914
1, 0.7092, 0.2908
1, 0.7096, 0.2904
1, 0.7094, 0.2906
1, 0.7087, 0.2913
1, 0.7093, 0.2907
1, 0.7089, 0.2911
1, 0.7086, 0.2914
1, 0.7086, 0.2914
1, 0.7094, 0.2906
1, 0.7094, 0.2906
1, 0.7092, 0.2908
1, 0.7096, 0.2904
1, 0.7094, 0.2906
1, 0.7094, 0.2906
1, 0.7094, 0.2906
1, 0.7094, 0.2906
1, 0.7096, 0.2904
1, 0.7098, 0.2902
1, 0.7092, 0.2908
1, 0.7086, 0.2914
1, 0.7092, 0.2908
1, 0.7096, 0.2904
1, 0.7098, 0.2902
1, 0.7093, 0.2907
1, 0.7087, 0.2913
1, 0.7087, 0.2913
1, 0.7086, 0.2914
1, 0.7086, 0.2914
1, 0.7087, 0.2913
1, 0.7096, 0.2904
1, 0.7099, 0.2901
1, 0.71, 0.29
1, 0.7096, 0.2904
1, 0.7082, 0.2918
1, 0.7101, 0.2899
1, 0.7095, 0.2905
1, 0.71, 0.29
1, 0.7092, 0.2908
1, 0.7095, 0.2905
1, 0.7097, 0.2903
1, 0.7097, 0.2903
1, 0.7079, 0.2921
1, 0.7098, 0.2902
1, 0.7099, 0.2901
1, 0.7099, 0.2901
1, 0.71, 0.29
1, 0.7099, 0.2901
1, 0.7077, 0.2923
1, 0.71, 0.29
1, 0.7099, 0.2901
1, 0.71, 0.29
1, 0.7094, 0.2906
1, 0.7087, 0.2913
1, 0.7098, 0.2902
1, 0.7087, 0.2913
1, 0.7099, 0.2901
1, 0.7094, 0.2906
1, 0.7087, 0.2913
1, 0.7097, 0.2903
1, 0.7094, 0.2906
1, 0.7098, 0.2902
1, 0.7089, 0.2911
1, 0.7098, 0.2902
1, 0.7086, 0.2914
1, 0.7085, 0.2915
1, 0.7097, 0.2903
1, 0.7094, 0.2906
1, 0.7094, 0.2906
1, 0.7099, 0.2901
1, 0.7094, 0.2906
1, 0.7086, 0.2914
1, 0.7092, 0.2908
1, 0.7085, 0.2915
1, 0.7095, 0.2905
1, 0.7085, 0.2915
1, 0.7094, 0.2906
1, 0.7095, 0.2905
1, 0.7095, 0.2905
1, 0.7085, 0.2915
1, 0.7086, 0.2914
1, 0.7098, 0.2902
1, 0.7085, 0.2915
1, 0.7092, 0.2908
1, 0.7094, 0.2906
1, 0.7089, 0.2911
1, 0.7094, 0.2906
1, 0.7094, 0.2906
1, 0.7089, 0.2911
1, 0.7094, 0.2906
1, 0.7086, 0.2914
1, 0.7089, 0.2911
1, 0.7089, 0.2911
1, 0.7094, 0.2906
1, 0.7086, 0.2914
1, 0.7094, 0.2906
1, 0.7094, 0.2906
1, 0.7094, 0.2906
1, 0.7094, 0.2906
1, 0.7094, 0.2906
1, 0.7089, 0.2911
1, 0.7094, 0.2906
1, 0.7094, 0.2906
1, 0.7094, 0.2906
1, 0.7094, 0.2906
1, 0.7094, 0.2906
1, 0.7094, 0.2906
1, 0.7092, 0.2908
1, 0.7094, 0.2906
1, 0.7093, 0.2907
1, 0.7094, 0.2906
1, 0.7094, 0.2906
1, 0.7094, 0.2906
1, 0.7094, 0.2906
1, 0.7092, 0.2908
1, 0.7094, 0.2906
1, 0.7096, 0.2904
1, 0.7094, 0.2906
1, 0.7086, 0.2914
1, 0.7087, 0.2913
1, 0.7095, 0.2905
1, 0.7086, 0.2914
1, 0.7094, 0.2906
1, 0.71, 0.29
1, 0.7096, 0.2904
1, 0.7086, 0.2914
1, 0.7086, 0.2914
1, 0.7096, 0.2904
1, 0.7099, 0.2901
1, 0.7094, 0.2906
1, 0.7085, 0.2915
1, 0.7094, 0.2906
1, 0.7086, 0.2914
1, 0.7094, 0.2906
1, 0.7086, 0.2914
1, 0.7099, 0.2901
1, 0.7092, 0.2908
1, 0.7093, 0.2907
1, 0.7094, 0.2906
1, 0.7096, 0.2904
1, 0.7098, 0.2902
1, 0.7099, 0.2901
1, 0.7099, 0.2901
1, 0.7099, 0.2901
1, 0.7087, 0.2913
1, 0.7094, 0.2906
1, 0.7094, 0.2906
1, 0.7094, 0.2906
1, 0.7089, 0.2911
1, 0.7094, 0.2906
1, 0.7094, 0.2906
1, 0.7094, 0.2906
1, 0.7089, 0.2911
1, 0.7094, 0.2906
1, 0.7093, 0.2907
1, 0.7094, 0.2906
1, 0.7089, 0.2911
1, 0.7094, 0.2906
1, 0.7094, 0.2906
1, 0.7092, 0.2908
1, 0.7093, 0.2907
1, 0.7094, 0.2906
1, 0.7094, 0.2906
1, 0.7099, 0.2901
1, 0.7099, 0.2901
1, 0.7096, 0.2904
1, 0.71, 0.29
1, 0.7104, 0.2896
1, 0.7101, 0.2899
1, 0.7097, 0.2903
1, 0.7097, 0.2903
1, 0.7094, 0.2906
1, 0.7097, 0.2903
1, 0.7094, 0.2906
1, 0.71, 0.29
1, 0.7094, 0.2906
1, 0.7097, 0.2903
1, 0.7101, 0.2899
1, 0.7096, 0.2904
1, 0.71, 0.29
1, 0.71, 0.29
1, 0.7099, 0.2901
1, 0.71, 0.29
1, 0.7099, 0.2901
1, 0.7093, 0.2907
1, 0.71, 0.29
1, 0.7092, 0.2908
1, 0.7095, 0.2905
1, 0.7096, 0.2904
1, 0.9846, 0.0154
1, 0.9872, 0.0128
1, 0.987, 0.013
1, 0.9858, 0.0142
1, 0.9874, 0.0126
1, 0.9846, 0.0154
1, 0.9876, 0.0124
1, 0.9872, 0.0128
1, 0.9876, 0.0124
1, 0.9872, 0.0128
1, 0.9839, 0.0161
1, 0.9873, 0.0127
1, 0.9874, 0.0126
1, 0.9878, 0.0122
1, 0.9873, 0.0127
1, 0.9867, 0.0133
1, 0.9875, 0.0125
1, 0.9873, 0.0127
0, 0.9876, 0.0124
1, 0.9879, 0.0121
1, 0.9859, 0.0141
1, 0.9845, 0.0155
0, 0.9884, 0.0116
0, 0.988, 0.012
1, 0.9839, 0.0161
1, 0.9905, 0.0095
1, 0.9884, 0.0116
1, 0.9904, 0.0096
1, 0.9904, 0.0096
1, 0.9909, 0.0091
1, 0.9883, 0.0117
1, 0.9903, 0.0097
1, 0.9903, 0.0097
1, 0.9903, 0.0097
1, 0.9913, 0.0087
1, 0.9883, 0.0117
1, 0.9903, 0.0097
1, 0.9904, 0.0096
1, 0.9902, 0.0098
1, 0.9904, 0.0096
1, 0.9902, 0.0098
1, 0.9903, 0.0097
1, 0.9904, 0.0096
1, 0.991, 0.009
1, 0.9909, 0.0091
