0, 0.9077, 0.0923
0, 0.9202, 0.0798
0, 0.9175, 0.0825
0, 0.9197, 0.0803
0, 0.9222, 0.0778
0, 0.9212, 0.0788
0, 0.9209, 0.0791
0, 0.8579, 0.1421
0, 0.9217, 0.0783
0, 0.8896, 0.1104
0, 0.9174, 0.0826
0, 0.9155, 0.0845
0, 0.9202, 0.0798
0, 0.921, 0.079
0, 0.9192, 0.0808
0, 0.9204, 0.0796
0, 0.9196, 0.0804
0, 0.9195, 0.0805
0, 0.9192, 0.0808
0, 0.9205, 0.0795
0, 0.9193, 0.0807
0, 0.9222, 0.0778
0, 0.92, 0.08
0, 0.9206, 0.0794
0, 0.9193, 0.0807
0, 0.9195, 0.0805
0, 0.9194, 0.0806
0, 0.9222, 0.0778
0, 0.8911, 0.1089
0, 0.9067, 0.0933
0, 0.9042, 0.0958
0, 0.9035, 0.0965
0, 0.9026, 0.0974
0, 0.8978, 0.1022
0, 0.8922, 0.1078
0, 0.8934, 0.1066
0, 0.9055, 0.0945
0, 0.9045, 0.0955
0, 0.9046, 0.0954
0, 0.9038, 0.0962
0, 0.9071, 0.0929
0, 0.921, 0.079
0, 0.9201, 0.0799
0, 0.9201, 0.0799
0, 0.9196, 0.0804
0, 0.9201, 0.0799
0, 0.9207, 0.0793
0, 0.9194, 0.0806
0, 0.9201, 0.0799
0, 0.9201, 0.0799
0, 0.9204, 0.0796
0, 0.9195, 0.0805
0, 0.9197, 0.0803
0, 0.9196, 0.0804
0, 0.9207, 0.0793
0, 0.9208, 0.0792
0, 0.9196, 0.0804
0, 0.9199, 0.0801
0, 0.9196, 0.0804
0, 0.9201, 0.0799
0, 0.9196, 0.0804
0, 0.9196, 0.0804
0, 0.9207, 0.0793
0, 0.9207, 0.0793
0, 0.9194, 0.0806
0, 0.9207, 0.0793
0, 0.9205, 0.0795
0, 0.9223, 0.0777
0, 0.9225, 0.0775
0, 0.9175, 0.0825
0, 0.9219, 0.0781
0, 0.9196, 0.0804
0, 0.9212, 0.0788
0, 0.9207, 0.0793
0, 0.9085, 0.0915
0, 0.9205, 0.0795
0, 0.9214, 0.0786
0, 0.921, 0.079
0, 0.9268, 0.0732
0, 0.9135, 0.0865
0, 0.9137, 0.0863
0, 0.9137, 0.0863
0, 0.9137, 0.0863
0, 0.9179, 0.0821
0, 0.9135, 0.0865
0, 0.914, 0.086
0, 0.9138, 0.0862
0, 0.9138, 0.0862
0, 0.9138, 0.0862
0, 0.9141, 0.0859
0, 0.9142, 0.0858
0, 0.9145, 0.0855
0, 0.9143, 0.0857
0, 0.9139, 0.0861
0, 0.9141, 0.0859
0, 0.9144, 0.0856
0, 0.915, 0.085
0, 0.9146, 0.0854
0, 0.9142, 0.0858
0, 0.9146, 0.0854
0, 0.914, 0.086
0, 0.9137, 0.0863
0, 0.914, 0.086
0, 0.9142, 0.0858
0, 0.9146, 0.0854
0, 0.9135, 0.0865
0, 0.9142, 0.0858
0, 0.9142, 0.0858
0, 0.9145, 0.0855
0, 0.9133, 0.0867
0, 0.9143, 0.0857
0, 0.9145, 0.0855
0, 0.9135, 0.0865
0, 0.9144, 0.0856
0, 0.9143, 0.0857
0, 0.9141, 0.0859
0, 0.9146, 0.0854
0, 0.9146, 0.0854
0, 0.9146, 0.0854
0, 0.9142, 0.0858
0, 0.9142, 0.0858
0, 0.9146, 0.0854
0, 0.9146, 0.0854
0, 0.9146, 0.0854
0, 0.9143, 0.0857
0, 0.916, 0.084
0, 0.9142, 0.0858
0, 0.9146, 0.0854
0, 0.9145, 0.0855
0, 0.9138, 0.0862
0, 0.9144, 0.0856
0, 0.9141, 0.0859
0, 0.9145, 0.0855
0, 0.9143, 0.0857
0, 0.9134, 0.0866
0, 0.9135, 0.0865
0, 0.9142, 0.0858
0, 0.9146, 0.0854
0, 0.9142, 0.0858
0, 0.9146, 0.0854
0, 0.9133, 0.0867
0, 0.914, 0.086
0, 0.9143, 0.0857
0, 0.9146, 0.0854
0, 0.9143, 0.0857
0, 0.9146, 0.0854
0, 0.9146, 0.0854
0, 0.9143, 0.0857
0, 0.9146, 0.0854
0, 0.9147, 0.0853
0, 0.9146, 0.0854
0, 0.9134, 0.0866
0, 0.9144, 0.0856
0, 0.9146, 0.0854
0, 0.9148, 0.0852
0, 0.9117, 0.0883
0, 0.9099, 0.0901
0, 0.9126, 0.0874
0, 0.9149, 0.0851
0, 0.9169, 0.0831
0, 0.9125, 0.0875
0, 0.9115, 0.0885
0, 0.9143, 0.0857
0, 0.9128, 0.0872
0, 0.9119, 0.0881
0, 0.9101, 0.0899
0, 0.9118, 0.0882
0, 0.912, 0.088
0, 0.9102, 0.0898
0, 0.9101, 0.0899
0, 0.9101, 0.0899
0, 0.9103, 0.0897
0, 0.9103, 0.0897
0, 0.9136, 0.0864
0, 0.9135, 0.0865
0, 0.912, 0.088
0, 0.9144, 0.0856
0, 0.9144, 0.0856
0, 0.9138, 0.0862
0, 0.9141, 0.0859
0, 0.9131, 0.0869
0, 0.9126, 0.0874
0, 0.9137, 0.0863
0, 0.9151, 0.0849
0, 0.9131, 0.0869
0, 0.9137, 0.0863
0, 0.914, 0.086
0, 0.9123, 0.0877
0, 0.9131, 0.0869
0, 0.911, 0.089
0, 0.9126, 0.0874
0, 0.9152, 0.0848
0, 0.9147, 0.0853
0, 0.9109, 0.0891
0, 0.9148, 0.0852
0, 0.9147, 0.0853
0, 0.9018, 0.0982
0, 0.9165, 0.0835
0, 0.9115, 0.0885
0, 0.9139, 0.0861
0, 0.9155, 0.0845
0, 0.9131, 0.0869
0, 0.9135, 0.0865
0, 0.9128, 0.0872
0, 0.9175, 0.0825
0, 0.9174, 0.0826
0, 0.9146, 0.0854
0, 0.9153, 0.0847
0, 0.9124, 0.0876
0, 0.9132, 0.0868
0, 0.9135, 0.0865
0, 0.9117, 0.0883
0, 0.9133, 0.0867
0, 0.9135, 0.0865
0, 0.9125, 0.0875
0, 0.912, 0.088
0, 0.9132, 0.0868
0, 0.9127, 0.0873
0, 0.9143, 0.0857
0, 0.9134, 0.0866
0, 0.9135, 0.0865
0, 0.9125, 0.0875
0, 0.9111, 0.0889
0, 0.9122, 0.0878
0, 0.9124, 0.0876
0, 0.9156, 0.0844
0, 0.9128, 0.0872
0, 0.9116, 0.0884
0, 0.9134, 0.0866
0, 0.9132, 0.0868
0, 0.9142, 0.0858
0, 0.9148, 0.0852
0, 0.9126, 0.0874
0, 0.9133, 0.0867
0, 0.9138, 0.0862
0, 0.913, 0.087
0, 0.9132, 0.0868
0, 0.9129, 0.0871
0, 0.9128, 0.0872
0, 0.9126, 0.0874
0, 0.9068, 0.0932
0, 0.9062, 0.0938
0, 0.9081, 0.0919
0, 0.9092, 0.0908
0, 0.9107, 0.0893
0, 0.8612, 0.1388
0, 0.9079, 0.0921
0, 0.9088, 0.0912
0, 0.9081, 0.0919
0, 0.9066, 0.0934
0, 0.9077, 0.0923
0, 0.9067, 0.0933
0, 0.91, 0.09
0, 0.9067, 0.0933
0, 0.8961, 0.1039
0, 0.9113, 0.0887
0, 0.9083, 0.0917
0, 0.91, 0.09
0, 0.9097, 0.0903
0, 0.916, 0.084
0, 0.9096, 0.0904
0, 0.9102, 0.0898
0, 0.9068, 0.0932
0, 0.9113, 0.0887
0, 0.9113, 0.0887
0, 0.9084, 0.0916
0, 0.9068, 0.0932
0, 0.9108, 0.0892
0, 0.9093, 0.0907
0, 0.9086, 0.0914
0, 0.9077, 0.0923
0, 0.9071, 0.0929
0, 0.9097, 0.0903
0, 0.9077, 0.0923
0, 0.8878, 0.1122
0, 0.909, 0.091
0, 0.9074, 0.0926
0, 0.9076, 0.0924
0, 0.9076, 0.0924
0, 0.9082, 0.0918
0, 0.9108, 0.0892
0, 0.9193, 0.0807
0, 0.9167, 0.0833
0, 0.9177, 0.0823
0, 0.9109, 0.0891
0, 0.92, 0.08
0, 0.9156, 0.0844
0, 0.916, 0.084
0, 0.9149, 0.0851
0, 0.9124, 0.0876
0, 0.9133, 0.0867
0, 0.9133, 0.0867
0, 0.9124, 0.0876
0, 0.9145, 0.0855
0, 0.9164, 0.0836
0, 0.9154, 0.0846
0, 0.9131, 0.0869
0, 0.9168, 0.0832
0, 0.9147, 0.0853
0, 0.9158, 0.0842
0, 0.9068, 0.0932
0, 0.9027, 0.0973
0, 0.9094, 0.0906
0, 0.9049, 0.0951
0, 0.9041, 0.0959
0, 0.9011, 0.0989
0, 0.9011, 0.0989
0, 0.9011, 0.0989
0, 0.9011, 0.0989
0, 0.9011, 0.0989
0, 0.9011, 0.0989
0, 0.9011, 0.0989
0, 0.9011, 0.0989
0, 0.9013, 0.0987
0, 0.9011, 0.0989
0, 0.9011, 0.0989
0, 0.9011, 0.0989
0, 0.9021, 0.0979
0, 0.9021, 0.0979
0, 0.9021, 0.0979
0, 0.9013, 0.0987
0, 0.9021, 0.0979
0, 0.9021, 0.0979
0, 0.9021, 0.0979
0, 0.9021, 0.0979
0, 0.9021, 0.0979
0, 0.9021, 0.0979
0, 0.9021, 0.0979
0, 0.9021, 0.0979
0, 0.9026, 0.0974
0, 0.9025, 0.0975
0, 0.9012, 0.0988
0, 0.9058, 0.0942
0, 0.904, 0.096
0, 0.9024, 0.0976
0, 0.9025, 0.0975
0, 0.9012, 0.0988
0, 0.9026, 0.0974
0, 0.9025, 0.0975
0, 0.9027, 0.0973
0, 0.9012, 0.0988
0, 0.9022, 0.0978
0, 0.9029, 0.0971
0, 0.9022, 0.0978
0, 0.8997, 0.1003
0, 0.9054, 0.0946
0, 0.901, 0.099
0, 0.9009, 0.0991
0, 0.901, 0.099
0, 0.902, 0.098
0, 0.9065, 0.0935
0, 0.901, 0.099
0, 0.9015, 0.0985
0, 0.8754, 0.1246
0, 0.8949, 0.1051
0, 0.9042, 0.0958
0, 0.9046, 0.0954
0, 0.9083, 0.0917
0, 0.894, 0.106
0, 0.9092, 0.0908
0, 0.8938, 0.1062
0, 0.8948, 0.1052
0, 0.8946, 0.1054
0, 0.8928, 0.1072
0, 0.9039, 0.0961
0, 0.9021, 0.0979
0, 0.9039, 0.0961
0, 0.8473, 0.1527
0, 0.9028, 0.0972
0, 0.9012, 0.0988
0, 0.9022, 0.0978
0, 0.9077, 0.0923
0, 0.8475, 0.1525
0, 0.9032, 0.0968
0, 0.9027, 0.0973
0, 0.9031, 0.0969
0, 0.902, 0.098
0, 0.9041, 0.0959
0, 0.9045, 0.0955
0, 0.9021, 0.0979
0, 0.9027, 0.0973
0, 0.9059, 0.0941
0, 0.9053, 0.0947
0, 0.8977, 0.1023
0, 0.9055, 0.0945
0, 0.9029, 0.0971
0, 0.9083, 0.0917
0, 0.9028, 0.0972
0, 0.9055, 0.0945
0, 0.9043, 0.0957
0, 0.9047, 0.0953
0, 0.9026, 0.0974
0, 0.9014, 0.0986
0, 0.9055, 0.0945
0, 0.9018, 0.0982
0, 0.902, 0.098
0, 0.9024, 0.0976
0, 0.9017, 0.0983
0, 0.9074, 0.0926
0, 0.8931, 0.1069
0, 0.9034, 0.0966
0, 0.901, 0.099
0, 0.903, 0.097
0, 0.9035, 0.0965
0, 0.9028, 0.0972
0, 0.9076, 0.0924
0, 0.907, 0.093
0, 0.904, 0.096
0, 0.9058, 0.0942
0, 0.9065, 0.0935
0, 0.9027, 0.0973
0, 0.9039, 0.0961
0, 0.9042, 0.0958
0, 0.9039, 0.0961
0, 0.9034, 0.0966
0, 0.9053, 0.0947
0, 0.9036, 0.0964
0, 0.9059, 0.0941
0, 0.9021, 0.0979
0, 0.9063, 0.0937
0, 0.9128, 0.0872
0, 0.8971, 0.1029
0, 0.9036, 0.0964
0, 0.9098, 0.0902
0, 0.9273, 0.0727
1, 0.8138, 0.1862
0, 0.9019, 0.0981
1, 0.8054, 0.1946
0, 0.9049, 0.0951
0, 0.8975, 0.1025
0, 0.9036, 0.0964
0, 0.8995, 0.1005
0, 0.9015, 0.0985
0, 0.8987, 0.1013
0, 0.9025, 0.0975
0, 0.894, 0.106
0, 0.8956, 0.1044
0, 0.8944, 0.1056
0, 0.8993, 0.1007
1, 0.802, 0.198
1, 0.8097, 0.1903
0, 0.8951, 0.1049
0, 0.8931, 0.1069
1, 0.8075, 0.1925
0, 0.8968, 0.1032
0, 0.9007, 0.0993
0, 0.8302, 0.1698
1, 0.0341, 0.9659
0, 0.3565, 0.6435
0, 0.8194, 0.1806
0, 0.867, 0.133
1, 0.0467, 0.9533
0, 0.8035, 0.1965
0, 0.8669, 0.1331
0, 0.8306, 0.1694
0, 0.8207, 0.1793
0, 0.829, 0.171
1, 0.0186, 0.9814
0, 0.8194, 0.1806
0, 0.871, 0.129
0, 0.8696, 0.1304
0, 0.8708, 0.1292
0, 0.8716, 0.1284
0, 0.8713, 0.1287
0, 0.8719, 0.1281
0, 0.8725, 0.1275
0, 0.8716, 0.1284
0, 0.8717, 0.1283
0, 0.9031, 0.0969
0, 0.8716, 0.1284
0, 0.8229, 0.1771
0, 0.82, 0.18
0, 0.3169, 0.6831
0, 0.8213, 0.1787
0, 0.8162, 0.1838
0, 0.8166, 0.1834
0, 0.8213, 0.1787
0, 0.8161, 0.1839
0, 0.8139, 0.1861
0, 0.8212, 0.1788
0, 0.8059, 0.1941
0, 0.8175, 0.1825
0, 0.7988, 0.2012
0, 0.8314, 0.1686
0, 0.8284, 0.1716
0, 0.8286, 0.1714
0, 0.8286, 0.1714
0, 0.8278, 0.1722
0, 0.829, 0.171
0, 0.8286, 0.1714
0, 0.8286, 0.1714
0, 0.8297, 0.1703
0, 0.8285, 0.1715
0, 0.9635, 0.0365
0, 0.8304, 0.1696
0, 0.8291, 0.1709
0, 0.8291, 0.1709
0, 0.8312, 0.1688
0, 0.8287, 0.1713
0, 0.8297, 0.1703
0, 0.8285, 0.1715
0, 0.8308, 0.1692
0, 0.8298, 0.1702
0, 0.8313, 0.1687
0, 0.8298, 0.1702
0, 0.8311, 0.1689
0, 0.8288, 0.1712
0, 0.8312, 0.1688
0, 0.8295, 0.1705
1, 0.7996, 0.2004
0, 0.829, 0.171
0, 0.8289, 0.1711
0, 0.8313, 0.1687
0, 0.8292, 0.1708
0, 0.962, 0.038
0, 0.8287, 0.1713
0, 0.8294, 0.1706
0, 0.9027, 0.0973
0, 0.9004, 0.0996
0, 0.9024, 0.0976
0, 0.8278, 0.1722
0, 0.8292, 0.1708
0, 0.903, 0.097
0, 0.8255, 0.1745
0, 0.83, 0.17
0, 0.9031, 0.0969
0, 0.902, 0.098
0, 0.9037, 0.0963
0, 0.902, 0.098
0, 0.8899, 0.1101
0, 0.902, 0.098
0, 0.9036, 0.0964
0, 0.8943, 0.1057
0, 0.9039, 0.0961
0, 0.9035, 0.0965
0, 0.9027, 0.0973
0, 0.9037, 0.0963
0, 0.904, 0.096
0, 0.9022, 0.0978
0, 0.9042, 0.0958
0, 0.9036, 0.0964
0, 0.905, 0.095
0, 0.9036, 0.0964
0, 0.8239, 0.1761
0, 0.824, 0.176
0, 0.8265, 0.1735
0, 0.8265, 0.1735
0, 0.9032, 0.0968
0, 0.8209, 0.1791
0, 0.8234, 0.1766
0, 0.8995, 0.1005
0, 0.8208, 0.1792
0, 0.8237, 0.1763
0, 0.8218, 0.1782
0, 0.8212, 0.1788
0, 0.825, 0.175
0, 0.8291, 0.1709
0, 0.8227, 0.1773
0, 0.9021, 0.0979
0, 0.8799, 0.1201
0, 0.9039, 0.0961
0, 0.9016, 0.0984
0, 0.9037, 0.0963
0, 0.9042, 0.0958
0, 0.9038, 0.0962
0, 0.9035, 0.0965
0, 0.8273, 0.1727
0, 0.8251, 0.1749
0, 0.8222, 0.1778
0, 0.8136, 0.1864
0, 0.9033, 0.0967
0, 0.9043, 0.0957
0, 0.8287, 0.1713
0, 0.8287, 0.1713
0, 0.9033, 0.0967
0, 0.2678, 0.7322
0, 0.9022, 0.0978
0, 0.9027, 0.0973
0, 0.8244, 0.1756
0, 0.9048, 0.0952
0, 0.8241, 0.1759
0, 0.8993, 0.1007
0, 0.9038, 0.0962
0, 0.9042, 0.0958
0, 0.9048, 0.0952
0, 0.902, 0.098
0, 0.904, 0.096
0, 0.9032, 0.0968
0, 0.9048, 0.0952
0, 0.9022, 0.0978
0, 0.8308, 0.1692
0, 0.9024, 0.0976
0, 0.869, 0.131
0, 0.9015, 0.0985
0, 0.9032, 0.0968
0, 0.8294, 0.1706
0, 0.9025, 0.0975
0, 0.8304, 0.1696
0, 0.9038, 0.0962
0, 0.9024, 0.0976
0, 0.3552, 0.6448
0, 0.9029, 0.0971
0, 0.8249, 0.1751
0, 0.8203, 0.1797
0, 0.8179, 0.1821
0, 0.8187, 0.1813
0, 0.8201, 0.1799
0, 0.8836, 0.1164
0, 0.8271, 0.1729
0, 0.8291, 0.1709
0, 0.8295, 0.1705
0, 0.8263, 0.1737
0, 0.8293, 0.1707
0, 0.8287, 0.1713
0, 0.3655, 0.6345
0, 0.8242, 0.1758
1, 0.0013, 0.9987
0, 0.8207, 0.1793
0, 0.8297, 0.1703
0, 0.8299, 0.1701
0, 0.828, 0.172
0, 0.8259, 0.1741
0, 0.9409, 0.0591
0, 0.4359, 0.5641
0, 0.8016, 0.1984
0, 0.2508, 0.7492
0, 0.8283, 0.1717
0, 0.8259, 0.1741
0, 0.8277, 0.1723
0, 0.8277, 0.1723
0, 0.8276, 0.1724
0, 0.8276, 0.1724
0, 0.8276, 0.1724
0, 0.8277, 0.1723
0, 0.8276, 0.1724
0, 0.8277, 0.1723
0, 0.8277, 0.1723
0, 0.8276, 0.1724
0, 0.8288, 0.1712
0, 0.8277, 0.1723
0, 0.8288, 0.1712
0, 0.8253, 0.1747
0, 0.8252, 0.1748
0, 0.8252, 0.1748
0, 0.8253, 0.1747
0, 0.8252, 0.1748
0, 0.8253, 0.1747
0, 0.8253, 0.1747
0, 0.8253, 0.1747
0, 0.8252, 0.1748
0, 0.8252, 0.1748
0, 0.8253, 0.1747
0, 0.9019, 0.0981
0, 0.9036, 0.0964
0, 0.9024, 0.0976
0, 0.9026, 0.0974
0, 0.9032, 0.0968
0, 0.9022, 0.0978
0, 0.9019, 0.0981
0, 0.9024, 0.0976
0, 0.9036, 0.0964
0, 0.9036, 0.0964
0, 0.9024, 0.0976
0, 0.9019, 0.0981
0, 0.9471, 0.0529
0, 0.8106, 0.1894
0, 0.8013, 0.1987
0, 0.8271, 0.1729
0, 0.8124, 0.1876
0, 0.3431, 0.6569
0, 0.8255, 0.1745
0, 0.8241, 0.1759
1, 0.8293, 0.1707
0, 0.8292, 0.1708
0, 0.8291, 0.1709
0, 0.8736, 0.1264
0, 0.8237, 0.1763
0, 0.8709, 0.1291
0, 0.8275, 0.1725
0, 0.8081, 0.1919
0, 0.8722, 0.1278
0, 0.8714, 0.1286
0, 0.8736, 0.1264
0, 0.8165, 0.1835
0, 0.8711, 0.1289
0, 0.8742, 0.1258
0, 0.8714, 0.1286
0, 0.8719, 0.1281
0, 0.8289, 0.1711
0, 0.8735, 0.1265
0, 0.8734, 0.1266
0, 0.3593, 0.6407
0, 0.8265, 0.1735
0, 0.825, 0.175
0, 0.9031, 0.0969
0, 0.9033, 0.0967
0, 0.9038, 0.0962
0, 0.8261, 0.1739
0, 0.8243, 0.1757
0, 0.8288, 0.1712
0, 0.8275, 0.1725
0, 0.8295, 0.1705
0, 0.8229, 0.1771
0, 0.8166, 0.1834
0, 0.9627, 0.0373
0, 0.8067, 0.1933
1, 0.8261, 0.1739
0, 0.8203, 0.1797
0, 0.8169, 0.1831
0, 0.8286, 0.1714
0, 0.8693, 0.1307
0, 0.8228, 0.1772
0, 0.8103, 0.1897
0, 0.8264, 0.1736
1, 0.8332, 0.1668
1, 0.8331, 0.1669
1, 0.8311, 0.1689
1, 0.8281, 0.1719
0, 0.8302, 0.1698
0, 0.8301, 0.1699
0, 0.4645, 0.5355
0, 0.8302, 0.1698
0, 0.8304, 0.1696
0, 0.8302, 0.1698
0, 0.8276, 0.1724
0, 0.8288, 0.1712
0, 0.8591, 0.1409
0, 0.8612, 0.1388
0, 0.8289, 0.1711
0, 0.8284, 0.1716
0, 0.8179, 0.1821
0, 0.8267, 0.1733
0, 0.8239, 0.1761
0, 0.8193, 0.1807
0, 0.8284, 0.1716
0, 0.8026, 0.1974
0, 0.8185, 0.1815
0, 0.8246, 0.1754
0, 0.8273, 0.1727
0, 0.8201, 0.1799
0, 0.8186, 0.1814
0, 0.8157, 0.1843
0, 0.8169, 0.1831
0, 0.7966, 0.2034
0, 0.8217, 0.1783
0, 0.8302, 0.1698
0, 0.8276, 0.1724
0, 0.8297, 0.1703
0, 0.8287, 0.1713
0, 0.8285, 0.1715
0, 0.8297, 0.1703
0, 0.8301, 0.1699
0, 0.8227, 0.1773
0, 0.8299, 0.1701
0, 0.8293, 0.1707
1, 0.0021, 0.9979
0, 0.8735, 0.1265
0, 0.8176, 0.1824
0, 0.8158, 0.1842
0, 0.8629, 0.1371
0, 0.8703, 0.1297
0, 0.8703, 0.1297
0, 0.8292, 0.1708
0, 0.8609, 0.1391
0, 0.8625, 0.1375
0, 0.8717, 0.1283
0, 0.8305, 0.1695
0, 0.8633, 0.1367
0, 0.8691, 0.1309
0, 0.8229, 0.1771
0, 0.8202, 0.1798
0, 0.822, 0.178
0, 0.8178, 0.1822
0, 0.8192, 0.1808
0, 0.8652, 0.1348
0, 0.8294, 0.1706
0, 0.8289, 0.1711
0, 0.8295, 0.1705
0, 0.8285, 0.1715
0, 0.8285, 0.1715
0, 0.8289, 0.1711
0, 0.8287, 0.1713
0, 0.8288, 0.1712
0, 0.2832, 0.7168
0, 0.8261, 0.1739
0, 0.8293, 0.1707
0, 0.8282, 0.1718
0, 0.8295, 0.1705
0, 0.828, 0.172
0, 0.8278, 0.1722
0, 0.8282, 0.1718
0, 0.8265, 0.1735
0, 0.8284, 0.1716
0, 0.8282, 0.1718
0, 0.8282, 0.1718
0, 0.8266, 0.1734
0, 0.8291, 0.1709
0, 0.829, 0.171
0, 0.8283, 0.1717
0, 0.829, 0.171
0, 0.8282, 0.1718
0, 0.8293, 0.1707
0, 0.8279, 0.1721
0, 0.8281, 0.1719
0, 0.8287, 0.1713
0, 0.8282, 0.1718
0, 0.8281, 0.1719
0, 0.8278, 0.1722
0, 0.8266, 0.1734
0, 0.8281, 0.1719
0, 0.8265, 0.1735
0, 0.8289, 0.1711
0, 0.8289, 0.1711
0, 0.829, 0.171
0, 0.8313, 0.1687
0, 0.8303, 0.1697
0, 0.8283, 0.1717
0, 0.8279, 0.1721
0, 0.8283, 0.1717
0, 0.8303, 0.1697
0, 0.8278, 0.1722
0, 0.8282, 0.1718
0, 0.828, 0.172
0, 0.8283, 0.1717
0, 0.8291, 0.1709
0, 0.8284, 0.1716
0, 0.8281, 0.1719
0, 0.8293, 0.1707
0, 0.8279, 0.1721
0, 0.8284, 0.1716
0, 0.8282, 0.1718
0, 0.8278, 0.1722
0, 0.8278, 0.1722
0, 0.8282, 0.1718
0, 0.8282, 0.1718
0, 0.8278, 0.1722
0, 0.8265, 0.1735
0, 0.8302, 0.1698
0, 0.828, 0.172
0, 0.8284, 0.1716
0, 0.8281, 0.1719
0, 0.829, 0.171
0, 0.8267, 0.1733
0, 0.8282, 0.1718
0, 0.829, 0.171
0, 0.8291, 0.1709
0, 0.8284, 0.1716
0, 0.8281, 0.1719
0, 0.8267, 0.1733
0, 0.8282, 0.1718
0, 0.8285, 0.1715
0, 0.8202, 0.1798
0, 0.8035, 0.1965
0, 0.8232, 0.1768
0, 0.8852, 0.1148
0, 0.8748, 0.1252
0, 0.8191, 0.1809
0, 0.8177, 0.1823
0, 0.8216, 0.1784
0, 0.8211, 0.1789
1, 0.0114, 0.9886
0, 0.8169, 0.1831
0, 0.8189, 0.1811
0, 0.8202, 0.1798
0, 0.8437, 0.1563
1, 0.8177, 0.1823
1, 0.8186, 0.1814
1, 0.8174, 0.1826
1, 0.8191, 0.1809
1, 0.8212, 0.1788
1, 0.8169, 0.1831
1, 0.818, 0.182
1, 0.8183, 0.1817
1, 0.8039, 0.1961
1, 0.8171, 0.1829
1, 0.8201, 0.1799
1, 0.8218, 0.1782
1, 0.8196, 0.1804
1, 0.0201, 0.9799
1, 0.0627, 0.9373
1, 0.8145, 0.1855
1, 0.816, 0.184
1, 0.047, 0.953
1, 0.8201, 0.1799
1, 0.049, 0.951
1, 0.8205, 0.1795
1, 0.8201, 0.1799
1, 0.8266, 0.1734
1, 0.8204, 0.1796
1, 0.8182, 0.1818
1, 0.8034, 0.1966
1, 0.8137, 0.1863
1, 0.8155, 0.1845
1, 0.8179, 0.1821
1, 0.8202, 0.1798
1, 0.8181, 0.1819
1, 0.8188, 0.1812
1, 0.82, 0.18
1, 0.8153, 0.1847
0, 0.8637, 0.1363
1, 0.8211, 0.1789
0, 0.8668, 0.1332
1, 0.8181, 0.1819
1, 0.82, 0.18
1, 0.8211, 0.1789
1, 0.8201, 0.1799
1, 0.818, 0.182
1, 0.8204, 0.1796
1, 0.82, 0.18
1, 0.0326, 0.9674
1, 0.8179, 0.1821
0, 0.868, 0.132
1, 0.8179, 0.1821
1, 0.8155, 0.1845
1, 0.818, 0.182
1, 0.8204, 0.1796
1, 0.8128, 0.1872
1, 0.818, 0.182
1, 0.8203, 0.1797
1, 0.8179, 0.1821
1, 0.82, 0.18
1, 0.0323, 0.9677
0, 0.9026, 0.0974
1, 0.8181, 0.1819
1, 0.818, 0.182
1, 0.818, 0.182
1, 0.8179, 0.1821
0, 0.8848, 0.1152
0, 0.9353, 0.0647
0, 0.855, 0.145
0, 0.943, 0.057
0, 0.9763, 0.0237
0, 0.9526, 0.0474
0, 0.8189, 0.1811
0, 0.877, 0.123
0, 0.8145, 0.1855
1, 0.8692, 0.1308
1, 0.8712, 0.1288
1, 0.8336, 0.1664
1, 0.8326, 0.1674
0, 0.8803, 0.1197
0, 0.9354, 0.0646
0, 0.9378, 0.0622
0, 0.9413, 0.0587
0, 0.9411, 0.0589
0, 0.8184, 0.1816
0, 0.888, 0.112
0, 0.8899, 0.1101
0, 0.9424, 0.0576
0, 0.9408, 0.0592
0, 0.9393, 0.0607
0, 0.9417, 0.0583
0, 0.937, 0.063
0, 0.9401, 0.0599
0, 0.9402, 0.0598
0, 0.9424, 0.0576
0, 0.9403, 0.0597
0, 0.9402, 0.0598
0, 0.9413, 0.0587
0, 0.9423, 0.0577
0, 0.9534, 0.0466
0, 0.9403, 0.0597
0, 0.9422, 0.0578
0, 0.9422, 0.0578
0, 0.9401, 0.0599
0, 0.9403, 0.0597
0, 0.9401, 0.0599
0, 0.9422, 0.0578
0, 0.9414, 0.0586
0, 0.9422, 0.0578
0, 0.9425, 0.0575
0, 0.9375, 0.0625
0, 0.8817, 0.1183
0, 0.8431, 0.1569
0, 0.8831, 0.1169
0, 0.8077, 0.1923
0, 0.8846, 0.1154
0, 0.8848, 0.1152
0, 0.8867, 0.1133
0, 0.8165, 0.1835
0, 0.8101, 0.1899
0, 0.8867, 0.1133
0, 0.8165, 0.1835
0, 0.8441, 0.1559
0, 0.2715, 0.7285
0, 0.211, 0.789
0, 0.9349, 0.0651
0, 0.8867, 0.1133
0, 0.2735, 0.7265
0, 0.8861, 0.1139
0, 0.8338, 0.1662
0, 0.8867, 0.1133
0, 0.8834, 0.1166
0, 0.8137, 0.1863
0, 0.7399, 0.2601
0, 0.8908, 0.1092
0, 0.8855, 0.1145
0, 0.9801, 0.0199
0, 0.9785, 0.0215
0, 0.8104, 0.1896
0, 0.889, 0.111
0, 0.9878, 0.0122
0, 0.8889, 0.1111
0, 0.8076, 0.1924
0, 0.4406, 0.5594
0, 0.8018, 0.1982
0, 0.8834, 0.1166
0, 0.8867, 0.1133
0, 0.8076, 0.1924
0, 0.8834, 0.1166
0, 0.8783, 0.1217
0, 0.8867, 0.1133
0, 0.8138, 0.1862
0, 0.876, 0.124
0, 0.888, 0.112
0, 0.8832, 0.1168
0, 0.8153, 0.1847
0, 0.8195, 0.1805
0, 0.8153, 0.1847
0, 0.8153, 0.1847
0, 0.8849, 0.1151
0, 0.8936, 0.1064
0, 0.818, 0.182
0, 0.9268, 0.0732
0, 0.8836, 0.1164
0, 0.8964, 0.1036
0, 0.9785, 0.0215
0, 0.4731, 0.5269
0, 0.8174, 0.1826
0, 0.8876, 0.1124
1, 0.8064, 0.1936
1, 0.8151, 0.1849
0, 0.8119, 0.1881
0, 0.8875, 0.1125
0, 0.8845, 0.1155
0, 0.8855, 0.1145
0, 0.8845, 0.1155
0, 0.8867, 0.1133
0, 0.9683, 0.0317
0, 0.9669, 0.0331
0, 0.9559, 0.0441
0, 0.9544, 0.0456
0, 0.9531, 0.0469
0, 0.9643, 0.0357
0, 0.9639, 0.0361
1, 0.8864, 0.1136
0, 0.8689, 0.1311
0, 0.8864, 0.1136
0, 0.8874, 0.1126
0, 0.8862, 0.1138
0, 0.894, 0.106
0, 0.8862, 0.1138
0, 0.8844, 0.1156
1, 0.8827, 0.1173
0, 0.8865, 0.1135
0, 0.8848, 0.1152
0, 0.1714, 0.8286
0, 0.8846, 0.1154
0, 0.8785, 0.1215
0, 0.2637, 0.7363
0, 0.8855, 0.1145
0, 0.8834, 0.1166
0, 0.8714, 0.1286
0, 0.8858, 0.1142
0, 0.9893, 0.0107
0, 0.9767, 0.0233
0, 0.8859, 0.1141
0, 0.8868, 0.1132
0, 0.8858, 0.1142
0, 0.8855, 0.1145
0, 0.8738, 0.1262
0, 0.879, 0.121
0, 0.8868, 0.1132
0, 0.8888, 0.1112
0, 0.8868, 0.1132
0, 0.8858, 0.1142
0, 0.8868, 0.1132
0, 0.8863, 0.1137
0, 0.8868, 0.1132
0, 0.8866, 0.1134
0, 0.8867, 0.1133
0, 0.8866, 0.1134
0, 0.8868, 0.1132
0, 0.9783, 0.0217
0, 0.8868, 0.1132
0, 0.8281, 0.1719
0, 0.887, 0.113
0, 0.3455, 0.6545
0, 0.2867, 0.7133
0, 0.8851, 0.1149
0, 0.2072, 0.7928
1, 0.8813, 0.1187
0, 0.8868, 0.1132
1, 0.0038, 0.9962
0, 0.8903, 0.1097
0, 0.4255, 0.5745
0, 0.8799, 0.1201
0, 0.8799, 0.1201
0, 0.883, 0.117
0, 0.8801, 0.1199
0, 0.8851, 0.1149
1, 0.0097, 0.9903
0, 0.2475, 0.7525
0, 0.1817, 0.8183
0, 0.1771, 0.8229
0, 0.2021, 0.7979
0, 0.19, 0.81
0, 0.2021, 0.7979
0, 0.1552, 0.8448
0, 0.1864, 0.8136
0, 0.236, 0.764
0, 0.2396, 0.7604
0, 0.2422, 0.7578
0, 0.2249, 0.7751
0, 0.2989, 0.7011
0, 0.2282, 0.7718
0, 0.2378, 0.7622
0, 0.2353, 0.7647
0, 0.2352, 0.7648
0, 0.3476, 0.6524
0, 0.2835, 0.7165
0, 0.2949, 0.7051
0, 0.2873, 0.7127
0, 0.2948, 0.7052
1, 0.0255, 0.9745
1, 0.0056, 0.9944
1, 0.0218, 0.9782
1, 0.0221, 0.9779
1, 0.0246, 0.9754
1, 0.0282, 0.9718
1, 0.0283, 0.9717
1, 0.0367, 0.9633
1, 0.0238, 0.9762
1, 0.0245, 0.9755
1, 0.0281, 0.9719
1, 0.0054, 0.9946
1, 0.0366, 0.9634
1, 0.0229, 0.9771
1, 0.0172, 0.9828
1, 0.0242, 0.9758
1, 0.0243, 0.9757
1, 0.0349, 0.9651
1, 0.0226, 0.9774
1, 0.0231, 0.9769
1, 0.028, 0.972
1, 0.0238, 0.9762
1, 0.0175, 0.9825
1, 0.0066, 0.9934
1, 0.0121, 0.9879
