0, 0.2437, 0.7563
1, 0.1721, 0.8279
1, 0.1718, 0.8282
1, 0.1716, 0.8284
1, 0.7583, 0.2417
1, 0.7572, 0.2428
1, 0.7404, 0.2596
1, 0.7525, 0.2475
1, 0.7623, 0.2377
1, 0.7455, 0.2545
1, 0.7597, 0.2403
1, 0.7528, 0.2472
1, 0.7661, 0.2339
1, 0.7613, 0.2387
1, 0.7651, 0.2349
1, 0.7378, 0.2622
1, 0.765, 0.235
1, 0.7568, 0.2432
1, 0.7463, 0.2537
1, 0.7507, 0.2493
1, 0.7511, 0.2489
1, 0.7419, 0.2581
1, 0.7375, 0.2625
1, 0.7423, 0.2577
1, 0.7595, 0.2405
1, 0.7527, 0.2473
1, 0.7371, 0.2629
1, 0.7492, 0.2508
1, 0.7454, 0.2546
1, 0.7452, 0.2548
1, 0.76, 0.24
1, 0.7411, 0.2589
1, 0.7452, 0.2548
1, 0.7452, 0.2548
1, 0.76, 0.24
1, 0.7452, 0.2548
1, 0.7531, 0.2469
1, 0.7504, 0.2496
1, 0.7597, 0.2403
1, 0.7537, 0.2463
1, 0.7537, 0.2463
1, 0.7482, 0.2518
1, 0.7349, 0.2651
1, 0.7537, 0.2463
1, 0.7462, 0.2538
1, 0.7549, 0.2451
1, 0.7518, 0.2482
1, 0.7334, 0.2666
1, 0.7538, 0.2462
1, 0.7484, 0.2516
1, 0.7619, 0.2381
1, 0.7311, 0.2689
1, 0.7525, 0.2475
1, 0.7595, 0.2405
1, 0.7619, 0.2381
1, 0.7485, 0.2515
1, 0.7566, 0.2434
1, 0.7583, 0.2417
1, 0.753, 0.247
1, 0.757, 0.243
1, 0.76, 0.24
1, 0.7548, 0.2452
1, 0.7352, 0.2648
1, 0.7575, 0.2425
1, 0.7412, 0.2588
1, 0.7327, 0.2673
1, 0.7422, 0.2578
1, 0.7553, 0.2447
1, 0.7517, 0.2483
1, 0.7538, 0.2462
1, 0.7546, 0.2454
1, 0.7532, 0.2468
1, 0.7525, 0.2475
1, 0.7489, 0.2511
1, 0.7433, 0.2567
1, 0.7418, 0.2582
1, 0.7546, 0.2454
1, 0.7466, 0.2534
1, 0.7486, 0.2514
1, 0.7537, 0.2463
1, 0.7546, 0.2454
1, 0.7518, 0.2482
1, 0.7535, 0.2465
1, 0.7537, 0.2463
1, 0.753, 0.247
1, 0.7301, 0.2699
1, 0.7448, 0.2552
1, 0.7472, 0.2528
1, 0.7523, 0.2477
1, 0.748, 0.252
1, 0.7399, 0.2601
1, 0.7448, 0.2552
1, 0.7361, 0.2639
1, 0.7423, 0.2577
1, 0.7465, 0.2535
1, 0.7371, 0.2629
1, 0.7472, 0.2528
1, 0.7481, 0.2519
1, 0.7448, 0.2552
1, 0.753, 0.247
1, 0.7541, 0.2459
1, 0.7456, 0.2544
1, 0.7427, 0.2573
1, 0.7336, 0.2664
1, 0.7464, 0.2536
1, 0.747, 0.253
1, 0.7423, 0.2577
1, 0.7475, 0.2525
1, 0.7371, 0.2629
1, 0.753, 0.247
1, 0.7504, 0.2496
1, 0.7415, 0.2585
1, 0.7525, 0.2475
1, 0.7467, 0.2533
1, 0.745, 0.255
1, 0.7481, 0.2519
1, 0.7484, 0.2516
1, 0.7448, 0.2552
1, 0.7514, 0.2486
1, 0.7515, 0.2485
1, 0.75, 0.25
1, 0.7527, 0.2473
1, 0.7489, 0.2511
1, 0.7398, 0.2602
1, 0.7318, 0.2682
1, 0.7384, 0.2616
1, 0.7292, 0.2708
1, 0.7489, 0.2511
1, 0.7313, 0.2687
1, 0.7529, 0.2471
1, 0.753, 0.247
1, 0.7447, 0.2553
1, 0.7377, 0.2623
1, 0.742, 0.258
1, 0.7433, 0.2567
1, 0.7515, 0.2485
1, 0.748, 0.252
1, 0.748, 0.252
1, 0.7515, 0.2485
1, 0.7425, 0.2575
1, 0.7466, 0.2534
1, 0.754, 0.246
1, 0.7607, 0.2393
1, 0.7541, 0.2459
1, 0.7604, 0.2396
1, 0.7505, 0.2495
1, 0.7507, 0.2493
1, 0.757, 0.243
1, 0.7537, 0.2463
1, 0.7575, 0.2425
1, 0.7546, 0.2454
1, 0.7524, 0.2476
1, 0.7401, 0.2599
1, 0.7516, 0.2484
1, 0.7579, 0.2421
1, 0.7481, 0.2519
1, 0.7546, 0.2454
1, 0.7482, 0.2518
1, 0.7592, 0.2408
1, 0.7606, 0.2394
1, 0.7395, 0.2605
1, 0.7532, 0.2468
1, 0.7604, 0.2396
1, 0.7536, 0.2464
1, 0.758, 0.242
1, 0.7538, 0.2462
1, 0.7549, 0.2451
1, 0.7421, 0.2579
1, 0.752, 0.248
1, 0.75, 0.25
1, 0.7433, 0.2567
1, 0.7537, 0.2463
1, 0.7485, 0.2515
1, 0.742, 0.258
1, 0.7575, 0.2425
1, 0.7524, 0.2476
1, 0.7503, 0.2497
1, 0.7409, 0.2591
1, 0.7509, 0.2491
1, 0.7551, 0.2449
1, 0.7449, 0.2551
1, 0.7501, 0.2499
1, 0.7589, 0.2411
1, 0.7362, 0.2638
1, 0.7557, 0.2443
1, 0.7555, 0.2445
1, 0.755, 0.245
1, 0.7575, 0.2425
1, 0.7546, 0.2454
1, 0.7575, 0.2425
1, 0.7537, 0.2463
1, 0.7354, 0.2646
1, 0.7486, 0.2514
1, 0.7542, 0.2458
1, 0.7566, 0.2434
1, 0.7434, 0.2566
1, 0.7505, 0.2495
1, 0.751, 0.249
1, 0.7545, 0.2455
1, 0.756, 0.244
1, 0.7511, 0.2489
1, 0.7367, 0.2633
1, 0.7544, 0.2456
1, 0.7348, 0.2652
1, 0.7402, 0.2598
1, 0.7455, 0.2545
1, 0.754, 0.246
1, 0.7537, 0.2463
1, 0.7585, 0.2415
1, 0.7359, 0.2641
1, 0.7423, 0.2577
1, 0.742, 0.258
1, 0.7462, 0.2538
1, 0.7455, 0.2545
1, 0.7448, 0.2552
1, 0.7409, 0.2591
1, 0.753, 0.247
1, 0.7398, 0.2602
1, 0.7368, 0.2632
1, 0.7459, 0.2541
1, 0.7286, 0.2714
1, 0.7467, 0.2533
1, 0.7418, 0.2582
1, 0.7448, 0.2552
1, 0.7448, 0.2552
1, 0.748, 0.252
1, 0.7473, 0.2527
1, 0.7465, 0.2535
1, 0.7502, 0.2498
1, 0.7527, 0.2473
1, 0.7378, 0.2622
1, 0.7515, 0.2485
1, 0.7448, 0.2552
1, 0.7311, 0.2689
1, 0.7529, 0.2471
1, 0.7479, 0.2521
1, 0.7465, 0.2535
1, 0.748, 0.252
1, 0.7401, 0.2599
1, 0.7494, 0.2506
1, 0.7465, 0.2535
1, 0.7368, 0.2632
1, 0.7467, 0.2533
1, 0.7407, 0.2593
1, 0.7478, 0.2522
1, 0.7448, 0.2552
1, 0.7523, 0.2477
1, 0.7502, 0.2498
1, 0.7481, 0.2519
1, 0.7448, 0.2552
1, 0.7333, 0.2667
1, 0.7346, 0.2654
1, 0.7492, 0.2508
1, 0.7473, 0.2527
1, 0.7527, 0.2473
1, 0.7291, 0.2709
1, 0.7423, 0.2577
1, 0.748, 0.252
1, 0.7412, 0.2588
1, 0.7448, 0.2552
1, 0.7446, 0.2554
1, 0.7368, 0.2632
1, 0.7481, 0.2519
1, 0.7483, 0.2517
1, 0.7403, 0.2597
1, 0.7492, 0.2508
1, 0.7473, 0.2527
1, 0.7368, 0.2632
1, 0.7361, 0.2639
1, 0.7267, 0.2733
1, 0.7419, 0.2581
1, 0.7455, 0.2545
1, 0.7448, 0.2552
1, 0.7371, 0.2629
1, 0.7486, 0.2514
1, 0.7468, 0.2532
1, 0.7517, 0.2483
1, 0.7295, 0.2705
1, 0.7371, 0.2629
1, 0.7423, 0.2577
1, 0.753, 0.247
1, 0.7472, 0.2528
1, 0.7459, 0.2541
1, 0.7473, 0.2527
1, 0.7443, 0.2557
1, 0.737, 0.263
1, 0.753, 0.247
1, 0.7311, 0.2689
1, 0.7398, 0.2602
1, 0.7421, 0.2579
1, 0.748, 0.252
1, 0.7437, 0.2563
1, 0.7458, 0.2542
1, 0.7527, 0.2473
1, 0.7294, 0.2706
1, 0.7398, 0.2602
1, 0.7509, 0.2491
1, 0.7458, 0.2542
1, 0.7295, 0.2705
1, 0.7467, 0.2533
1, 0.7419, 0.2581
1, 0.7455, 0.2545
1, 0.7448, 0.2552
1, 0.7448, 0.2552
1, 0.7408, 0.2592
1, 0.7481, 0.2519
1, 0.7527, 0.2473
1, 0.753, 0.247
1, 0.7398, 0.2602
1, 0.7519, 0.2481
1, 0.753, 0.247
1, 0.7472, 0.2528
1, 0.7485, 0.2515
1, 0.745, 0.255
1, 0.7419, 0.2581
1, 0.7484, 0.2516
1, 0.7448, 0.2552
1, 0.7536, 0.2464
1, 0.7474, 0.2526
1, 0.7472, 0.2528
1, 0.7502, 0.2498
1, 0.7419, 0.2581
1, 0.7297, 0.2703
1, 0.7484, 0.2516
1, 0.7441, 0.2559
1, 0.7465, 0.2535
1, 0.753, 0.247
1, 0.7481, 0.2519
1, 0.7401, 0.2599
1, 0.7485, 0.2515
1, 0.7445, 0.2555
1, 0.1791, 0.8209
1, 0.7382, 0.2618
1, 0.7509, 0.2491
1, 0.748, 0.252
1, 0.7487, 0.2513
1, 0.7412, 0.2588
1, 0.7455, 0.2545
1, 0.7396, 0.2604
1, 0.7401, 0.2599
1, 0.7554, 0.2446
1, 0.7371, 0.2629
1, 0.748, 0.252
1, 0.7448, 0.2552
1, 0.742, 0.258
1, 0.7452, 0.2548
1, 0.7478, 0.2522
1, 0.7481, 0.2519
1, 0.7448, 0.2552
1, 0.745, 0.255
1, 0.7448, 0.2552
1, 0.7515, 0.2485
1, 0.7448, 0.2552
1, 0.7473, 0.2527
1, 0.7482, 0.2518
1, 0.7476, 0.2524
1, 0.7291, 0.2709
1, 0.7529, 0.2471
1, 0.7501, 0.2499
1, 0.7519, 0.2481
1, 0.7465, 0.2535
1, 0.7502, 0.2498
1, 0.751, 0.249
1, 0.7448, 0.2552
1, 0.748, 0.252
1, 0.7523, 0.2477
1, 0.7473, 0.2527
1, 0.7448, 0.2552
1, 0.7461, 0.2539
1, 0.7502, 0.2498
1, 0.7459, 0.2541
1, 0.7372, 0.2628
1, 0.7377, 0.2623
1, 0.746, 0.254
1, 0.7518, 0.2482
1, 0.7538, 0.2462
1, 0.7505, 0.2495
1, 0.7461, 0.2539
1, 0.7489, 0.2511
1, 0.7537, 0.2463
1, 0.7537, 0.2463
1, 0.7542, 0.2458
1, 0.7535, 0.2465
1, 0.7538, 0.2462
1, 0.7514, 0.2486
1, 0.7453, 0.2547
1, 0.76, 0.24
1, 0.7537, 0.2463
1, 0.7477, 0.2523
1, 0.7348, 0.2652
1, 0.7566, 0.2434
1, 0.7483, 0.2517
1, 0.7549, 0.2451
1, 0.7485, 0.2515
1, 0.7534, 0.2466
1, 0.7497, 0.2503
1, 0.7556, 0.2444
1, 0.7437, 0.2563
1, 0.7537, 0.2463
1, 0.7533, 0.2467
1, 0.7439, 0.2561
1, 0.7537, 0.2463
1, 0.7352, 0.2648
1, 0.7538, 0.2462
1, 0.7538, 0.2462
1, 0.7545, 0.2455
1, 0.7438, 0.2562
1, 0.7572, 0.2428
1, 0.7537, 0.2463
1, 0.7328, 0.2672
1, 0.7556, 0.2444
1, 0.7602, 0.2398
1, 0.7546, 0.2454
1, 0.7563, 0.2437
1, 0.7325, 0.2675
1, 0.7352, 0.2648
1, 0.7546, 0.2454
1, 0.7429, 0.2571
1, 0.7505, 0.2495
1, 0.7384, 0.2616
1, 0.7566, 0.2434
1, 0.7526, 0.2474
1, 0.7597, 0.2403
1, 0.7531, 0.2469
1, 0.7539, 0.2461
1, 0.7537, 0.2463
1, 0.7462, 0.2538
1, 0.7573, 0.2427
1, 0.7538, 0.2462
1, 0.7497, 0.2503
1, 0.7607, 0.2393
1, 0.7343, 0.2657
1, 0.7435, 0.2565
1, 0.7406, 0.2594
1, 0.7604, 0.2396
1, 0.752, 0.248
1, 0.7604, 0.2396
1, 0.7526, 0.2474
1, 0.741, 0.259
1, 0.7573, 0.2427
1, 0.7431, 0.2569
1, 0.7323, 0.2677
1, 0.7479, 0.2521
1, 0.7521, 0.2479
1, 0.7518, 0.2482
1, 0.7338, 0.2662
1, 0.7537, 0.2463
1, 0.754, 0.246
1, 0.7402, 0.2598
1, 0.7321, 0.2679
1, 0.7608, 0.2392
1, 0.7521, 0.2479
1, 0.7575, 0.2425
0, 0.9968, 0.0032
1, 0.7469, 0.2531
1, 0.7526, 0.2474
1, 0.7499, 0.2501
1, 0.7467, 0.2533
1, 0.7527, 0.2473
1, 0.7533, 0.2467
1, 0.7599, 0.2401
0, 0.3431, 0.6569
0, 0.2314, 0.7686
1, 0.7582, 0.2418
1, 0.7583, 0.2417
1, 0.7604, 0.2396
1, 0.7569, 0.2431
1, 0.7573, 0.2427
1, 0.7609, 0.2391
1, 0.7574, 0.2426
1, 0.7621, 0.2379
1, 0.7548, 0.2452
1, 0.7594, 0.2406
1, 0.7437, 0.2563
1, 0.6635, 0.3365
1, 0.7484, 0.2516
1, 0.7575, 0.2425
1, 0.7518, 0.2482
1, 0.7628, 0.2372
1, 0.7453, 0.2547
1, 0.7529, 0.2471
1, 0.7513, 0.2487
1, 0.7402, 0.2598
1, 0.7494, 0.2506
1, 0.7546, 0.2454
1, 0.7542, 0.2458
1, 0.7461, 0.2539
1, 0.7646, 0.2354
0, 0.8872, 0.1128
1, 0.773, 0.227
1, 0.7604, 0.2396
1, 0.761, 0.239
1, 0.7612, 0.2388
1, 0.741, 0.259
1, 0.7555, 0.2445
1, 0.753, 0.247
1, 0.7505, 0.2495
1, 0.7412, 0.2588
1, 0.7559, 0.2441
1, 0.7563, 0.2437
1, 0.7594, 0.2406
1, 0.7529, 0.2471
1, 0.7594, 0.2406
1, 0.7465, 0.2535
1, 0.7397, 0.2603
1, 0.7481, 0.2519
1, 0.7594, 0.2406
1, 0.7612, 0.2388
1, 0.7649, 0.2351
1, 0.7583, 0.2417
1, 0.7581, 0.2419
1, 0.7499, 0.2501
1, 0.7636, 0.2364
1, 0.7612, 0.2388
1, 0.758, 0.242
1, 0.7588, 0.2412
1, 0.7583, 0.2417
1, 0.7647, 0.2353
1, 0.7645, 0.2355
1, 0.753, 0.247
1, 0.7547, 0.2453
1, 0.748, 0.252
1, 0.7615, 0.2385
1, 0.753, 0.247
1, 0.7415, 0.2585
1, 0.738, 0.262
1, 0.7587, 0.2413
1, 0.7379, 0.2621
1, 0.7626, 0.2374
1, 0.7379, 0.2621
1, 0.7646, 0.2354
1, 0.7614, 0.2386
1, 0.7612, 0.2388
1, 0.7379, 0.2621
1, 0.7526, 0.2474
1, 0.761, 0.239
1, 0.7563, 0.2437
1, 0.7643, 0.2357
1, 0.7571, 0.2429
1, 0.7454, 0.2546
1, 0.7466, 0.2534
1, 0.7476, 0.2524
1, 0.7518, 0.2482
1, 0.7495, 0.2505
1, 0.7424, 0.2576
1, 0.7426, 0.2574
1, 0.748, 0.252
1, 0.7388, 0.2612
1, 0.7374, 0.2626
1, 0.7383, 0.2617
1, 0.7399, 0.2601
1, 0.7433, 0.2567
1, 0.748, 0.252
1, 0.75, 0.25
1, 0.7437, 0.2563
1, 0.7399, 0.2601
1, 0.7388, 0.2612
1, 0.7424, 0.2576
1, 0.7408, 0.2592
1, 0.7348, 0.2652
1, 0.7475, 0.2525
1, 0.7388, 0.2612
1, 0.7415, 0.2585
1, 0.7388, 0.2612
1, 0.7407, 0.2593
1, 0.7383, 0.2617
1, 0.7385, 0.2615
1, 0.7386, 0.2614
1, 0.7367, 0.2633
1, 0.7394, 0.2606
1, 0.7334, 0.2666
1, 0.7427, 0.2573
1, 0.7443, 0.2557
1, 0.7347, 0.2653
1, 0.7352, 0.2648
1, 0.7334, 0.2666
1, 0.7344, 0.2656
1, 0.7471, 0.2529
1, 0.7425, 0.2575
1, 0.7269, 0.2731
0, 0.9896, 0.0104
1, 0.7399, 0.2601
1, 0.7302, 0.2698
1, 0.7394, 0.2606
1, 0.7394, 0.2606
1, 0.7348, 0.2652
1, 0.7391, 0.2609
1, 0.7366, 0.2634
1, 0.7251, 0.2749
1, 0.6734, 0.3266
1, 0.6624, 0.3376
1, 0.6758, 0.3242
1, 0.675, 0.325
1, 0.3641, 0.6359
1, 0.6764, 0.3236
1, 0.6644, 0.3356
1, 0.6476, 0.3524
1, 0.6723, 0.3277
1, 0.678, 0.322
1, 0.6783, 0.3217
1, 0.3774, 0.6226
1, 0.659, 0.341
1, 0.6735, 0.3265
1, 0.6681, 0.3319
1, 0.6564, 0.3436
1, 0.6736, 0.3264
1, 0.6699, 0.3301
1, 0.6734, 0.3266
1, 0.668, 0.332
1, 0.668, 0.332
1, 0.6735, 0.3265
1, 0.6692, 0.3308
1, 0.6793, 0.3207
1, 0.6792, 0.3208
1, 0.67, 0.33
1, 0.6627, 0.3373
1, 0.6376, 0.3624
1, 0.6718, 0.3282
1, 0.708, 0.292
1, 0.6583, 0.3417
1, 0.6703, 0.3297
1, 0.6644, 0.3356
1, 0.6652, 0.3348
1, 0.6614, 0.3386
1, 0.689, 0.311
1, 0.6375, 0.3625
1, 0.6589, 0.3411
1, 0.6605, 0.3395
1, 0.7108, 0.2892
1, 0.6626, 0.3374
1, 0.6718, 0.3282
1, 0.6731, 0.3269
1, 0.696, 0.304
1, 0.6484, 0.3516
1, 0.6707, 0.3293
1, 0.7036, 0.2964
1, 0.6809, 0.3191
1, 0.6636, 0.3364
1, 0.6359, 0.3641
1, 0.6662, 0.3338
1, 0.6937, 0.3063
1, 0.6632, 0.3368
1, 0.6603, 0.3397
1, 0.6745, 0.3255
1, 0.6982, 0.3018
1, 0.6627, 0.3373
1, 0.6656, 0.3344
1, 0.696, 0.304
1, 0.6715, 0.3285
1, 0.665, 0.335
1, 0.6602, 0.3398
0, 0.6803, 0.3197
0, 0.6803, 0.3197
1, 0.6617, 0.3383
0, 0.6435, 0.3565
0, 0.6788, 0.3212
1, 0.6658, 0.3342
1, 0.6947, 0.3053
0, 0.6803, 0.3197
1, 0.6562, 0.3438
1, 0.6958, 0.3042
0, 0.6801, 0.3199
1, 0.7052, 0.2948
1, 0.6618, 0.3382
1, 0.6818, 0.3182
1, 0.7024, 0.2976
1, 0.7067, 0.2933
1, 0.68, 0.32
1, 0.6628, 0.3372
1, 0.665, 0.335
1, 0.6615, 0.3385
1, 0.6431, 0.3569
1, 0.4771, 0.5229
1, 0.6718, 0.3282
1, 0.6643, 0.3357
1, 0.6635, 0.3365
1, 0.6947, 0.3053
0, 0.6405, 0.3595
1, 0.6627, 0.3373
1, 0.6567, 0.3433
1, 0.2217, 0.7783
0, 0.3392, 0.6608
0, 0.3812, 0.6188
1, 0.702, 0.298
1, 0.6565, 0.3435
1, 0.7057, 0.2943
1, 0.148, 0.852
1, 0.6955, 0.3045
1, 0.6992, 0.3008
1, 0.6976, 0.3024
1, 0.6482, 0.3518
1, 0.6953, 0.3047
1, 0.6743, 0.3257
1, 0.6725, 0.3275
1, 0.7052, 0.2948
1, 0.6683, 0.3317
1, 0.7049, 0.2951
1, 0.6741, 0.3259
1, 0.6751, 0.3249
0, 0.712, 0.288
1, 0.6707, 0.3293
1, 0.6636, 0.3364
1, 0.677, 0.323
1, 0.6982, 0.3018
1, 0.6809, 0.3191
1, 0.6607, 0.3393
1, 0.6607, 0.3393
1, 0.6717, 0.3283
1, 0.6688, 0.3312
1, 0.6996, 0.3004
1, 0.6981, 0.3019
1, 0.7008, 0.2992
1, 0.6587, 0.3413
1, 0.8837, 0.1163
1, 0.8445, 0.1555
1, 0.8723, 0.1277
1, 0.8863, 0.1137
1, 0.8599, 0.1401
1, 0.8605, 0.1395
0, 0.8436, 0.1564
1, 0.8619, 0.1381
0, 0.8559, 0.1441
1, 0.6772, 0.3228
1, 0.665, 0.335
0, 0.9813, 0.0187
0, 0.9792, 0.0208
0, 0.9834, 0.0166
0, 0.9776, 0.0224
0, 0.9834, 0.0166
0, 0.9779, 0.0221
0, 0.9657, 0.0343
0, 0.9835, 0.0165
0, 0.9808, 0.0192
0, 0.9766, 0.0234
0, 0.9942, 0.0058
0, 0.9836, 0.0164
0, 0.9833, 0.0167
0, 0.9833, 0.0167
0, 0.9761, 0.0239
0, 0.9543, 0.0457
0, 0.9753, 0.0247
0, 0.9863, 0.0137
0, 0.9606, 0.0394
0, 0.9787, 0.0213
0, 0.9756, 0.0244
0, 0.9869, 0.0131
0, 0.9834, 0.0166
0, 0.9787, 0.0213
0, 0.9837, 0.0163
0, 0.9781, 0.0219
0, 0.9779, 0.0221
0, 0.9769, 0.0231
0, 0.9834, 0.0166
0, 0.9813, 0.0187
0, 0.9834, 0.0166
0, 0.9533, 0.0467
0, 0.9556, 0.0444
0, 0.9787, 0.0213
0, 0.9863, 0.0137
0, 0.9787, 0.0213
0, 0.9831, 0.0169
0, 0.9765, 0.0235
0, 0.9569, 0.0431
0, 0.9725, 0.0275
0, 0.9789, 0.0211
0, 0.9835, 0.0165
0, 0.9764, 0.0236
0, 0.983, 0.017
0, 0.9764, 0.0236
0, 0.9787, 0.0213
0, 0.9536, 0.0464
0, 0.9777, 0.0223
0, 0.9834, 0.0166
0, 0.9806, 0.0194
0, 0.9833, 0.0167
0, 0.9756, 0.0244
0, 0.9826, 0.0174
0, 0.9778, 0.0222
0, 0.9852, 0.0148
0, 0.9813, 0.0187
0, 0.9881, 0.0119
0, 0.9848, 0.0152
0, 0.9852, 0.0148
0, 0.9813, 0.0187
0, 0.9826, 0.0174
0, 0.9788, 0.0212
0, 0.9699, 0.0301
0, 0.9843, 0.0157
0, 0.9894, 0.0106
0, 0.9855, 0.0145
0, 0.9662, 0.0338
0, 0.9852, 0.0148
0, 0.9855, 0.0145
0, 0.9791, 0.0209
0, 0.9852, 0.0148
0, 0.9662, 0.0338
0, 0.9723, 0.0277
0, 0.9864, 0.0136
0, 0.9749, 0.0251
0, 0.972, 0.028
0, 0.9811, 0.0189
0, 0.9722, 0.0278
0, 0.9793, 0.0207
0, 0.9864, 0.0136
0, 0.9954, 0.0046
0, 0.9867, 0.0133
0, 0.9855, 0.0145
0, 0.996, 0.004
0, 0.9918, 0.0082
0, 0.9866, 0.0134
0, 0.8671, 0.1329
0, 0.9008, 0.0992
0, 0.8751, 0.1249
0, 0.8764, 0.1236
0, 0.8602, 0.1398
0, 0.8593, 0.1407
0, 0.8963, 0.1037
0, 0.8414, 0.1586
0, 0.8348, 0.1652
0, 0.8998, 0.1002
0, 0.8619, 0.1381
1, 0.6661, 0.3339
1, 0.6567, 0.3433
0, 0.9637, 0.0363
0, 0.9644, 0.0356
1, 0.195, 0.805
0, 0.2949, 0.7051
1, 0.7247, 0.2753
1, 0.732, 0.268
1, 0.7254, 0.2746
1, 0.7266, 0.2734
1, 0.7304, 0.2696
1, 0.7345, 0.2655
1, 0.7306, 0.2694
1, 0.7305, 0.2695
1, 0.6984, 0.3016
1, 0.6954, 0.3046
1, 0.6901, 0.3099
1, 0.7293, 0.2707
1, 0.7342, 0.2658
1, 0.7303, 0.2697
1, 0.7249, 0.2751
1, 0.7351, 0.2649
1, 0.6951, 0.3049
1, 0.7335, 0.2665
1, 0.7292, 0.2708
1, 0.7239, 0.2761
0, 0.6469, 0.3531
0, 0.7168, 0.2832
0, 0.9439, 0.0561
1, 0.498, 0.502
1, 0.2329, 0.7671
1, 0.3505, 0.6495
1, 0.3461, 0.6539
1, 0.3477, 0.6523
1, 0.3618, 0.6382
1, 0.3431, 0.6569
1, 0.3448, 0.6552
1, 0.3591, 0.6409
1, 0.3521, 0.6479
1, 0.3505, 0.6495
1, 0.3456, 0.6544
1, 0.3496, 0.6504
1, 0.7062, 0.2938
1, 0.7901, 0.2099
0, 0.6435, 0.3565
0, 0.9896, 0.0104
0, 0.9764, 0.0236
0, 0.9777, 0.0223
0, 0.9793, 0.0207
0, 0.9543, 0.0457
0, 0.9855, 0.0145
0, 0.9793, 0.0207
0, 0.9766, 0.0234
0, 0.9769, 0.0231
0, 0.9793, 0.0207
0, 0.9896, 0.0104
0, 0.9756, 0.0244
0, 0.9439, 0.0561
0, 0.8671, 0.1329
0, 0.2314, 0.7686
0, 0.9837, 0.0163
0, 0.2437, 0.7563
0, 0.9753, 0.0247
0, 0.9852, 0.0148
0, 0.9439, 0.0561
0, 0.9662, 0.0338
0, 0.9606, 0.0394
0, 0.9896, 0.0104
0, 0.9881, 0.0119
0, 0.9806, 0.0194
0, 0.9008, 0.0992
0, 0.8751, 0.1249
0, 0.9896, 0.0104
0, 0.9777, 0.0223
0, 0.6803, 0.3197
0, 0.9852, 0.0148
0, 0.9749, 0.0251
0, 0.8671, 0.1329
0, 0.9764, 0.0236
0, 0.9848, 0.0152
0, 0.9843, 0.0157
0, 0.9793, 0.0207
0, 0.9606, 0.0394
0, 0.2314, 0.7686
0, 0.9813, 0.0187
0, 0.9439, 0.0561
0, 0.9843, 0.0157
0, 0.9843, 0.0157
0, 0.2437, 0.7563
0, 0.9896, 0.0104
0, 0.2314, 0.7686
0, 0.3812, 0.6188
0, 0.8872, 0.1128
0, 0.9835, 0.0165
0, 0.7168, 0.2832
0, 0.9787, 0.0213
0, 0.9852, 0.0148
0, 0.983, 0.017
0, 0.9792, 0.0208
0, 0.3812, 0.6188
0, 0.6803, 0.3197
0, 0.9881, 0.0119
0, 0.9793, 0.0207
0, 0.9813, 0.0187
0, 0.983, 0.017
0, 0.9837, 0.0163
0, 0.712, 0.288
0, 0.8872, 0.1128
0, 0.9764, 0.0236
0, 0.9787, 0.0213
0, 0.9764, 0.0236
0, 0.3812, 0.6188
0, 0.9881, 0.0119
0, 0.9723, 0.0277
0, 0.3392, 0.6608
0, 0.9787, 0.0213
0, 0.9764, 0.0236
0, 0.9749, 0.0251
0, 0.9793, 0.0207
0, 0.9843, 0.0157
0, 0.3812, 0.6188
0, 0.9813, 0.0187
0, 0.972, 0.028
0, 0.9792, 0.0208
0, 0.9662, 0.0338
0, 0.9852, 0.0148
0, 0.9863, 0.0137
0, 0.9811, 0.0189
0, 0.3812, 0.6188
0, 0.9722, 0.0278
0, 0.8619, 0.1381
0, 0.9756, 0.0244
0, 0.2314, 0.7686
0, 0.9863, 0.0137
0, 0.9606, 0.0394
0, 0.9008, 0.0992
0, 0.6469, 0.3531
0, 0.2949, 0.7051
0, 0.9764, 0.0236
0, 0.712, 0.288
0, 0.983, 0.017
0, 0.9834, 0.0166
0, 0.9793, 0.0207
0, 0.9843, 0.0157
0, 0.9834, 0.0166
0, 0.3812, 0.6188
0, 0.712, 0.288
0, 0.9843, 0.0157
0, 0.9764, 0.0236
0, 0.6435, 0.3565
0, 0.9843, 0.0157
0, 0.9766, 0.0234
0, 0.9536, 0.0464
0, 0.8414, 0.1586
0, 0.9543, 0.0457
0, 0.9826, 0.0174
0, 0.972, 0.028
0, 0.9769, 0.0231
0, 0.2314, 0.7686
0, 0.9813, 0.0187
0, 0.8593, 0.1407
0, 0.983, 0.017
0, 0.2314, 0.7686
0, 0.9834, 0.0166
0, 0.9662, 0.0338
0, 0.9867, 0.0133
0, 0.8998, 0.1002
0, 0.9543, 0.0457
0, 0.6803, 0.3197
0, 0.8872, 0.1128
0, 0.712, 0.288
0, 0.3812, 0.6188
0, 0.6469, 0.3531
0, 0.8872, 0.1128
0, 0.9764, 0.0236
0, 0.9439, 0.0561
0, 0.9756, 0.0244
0, 0.9761, 0.0239
0, 0.9723, 0.0277
0, 0.9866, 0.0134
0, 0.9753, 0.0247
0, 0.6803, 0.3197
0, 0.8751, 0.1249
0, 0.712, 0.288
0, 0.9764, 0.0236
0, 0.9533, 0.0467
0, 0.8414, 0.1586
0, 0.9954, 0.0046
0, 0.9881, 0.0119
0, 0.8414, 0.1586
0, 0.9722, 0.0278
0, 0.9764, 0.0236
0, 0.9836, 0.0164
0, 0.9723, 0.0277
0, 0.9834, 0.0166
0, 0.8593, 0.1407
0, 0.8414, 0.1586
0, 0.6803, 0.3197
0, 0.9918, 0.0082
0, 0.8671, 0.1329
0, 0.6469, 0.3531
0, 0.2437, 0.7563
0, 0.9866, 0.0134
0, 0.8619, 0.1381
0, 0.9793, 0.0207
0, 0.9843, 0.0157
0, 0.9843, 0.0157
0, 0.6435, 0.3565
0, 0.9834, 0.0166
0, 0.9852, 0.0148
0, 0.9881, 0.0119
0, 0.3812, 0.6188
0, 0.9843, 0.0157
0, 0.9867, 0.0133
0, 0.9954, 0.0046
0, 0.9806, 0.0194
0, 0.9852, 0.0148
0, 0.9765, 0.0235
0, 0.9826, 0.0174
0, 0.983, 0.017
0, 0.9835, 0.0165
0, 0.8671, 0.1329
0, 0.9881, 0.0119
0, 0.9852, 0.0148
0, 0.712, 0.288
0, 0.996, 0.004
0, 0.9662, 0.0338
0, 0.9834, 0.0166
0, 0.9793, 0.0207
0, 0.9813, 0.0187
0, 0.8593, 0.1407
0, 0.9439, 0.0561
0, 0.9787, 0.0213
0, 0.9765, 0.0235
0, 0.9662, 0.0338
0, 0.9765, 0.0235
0, 0.9826, 0.0174
0, 0.9896, 0.0104
0, 0.9826, 0.0174
0, 0.9834, 0.0166
0, 0.9866, 0.0134
0, 0.8671, 0.1329
0, 0.9781, 0.0219
0, 0.3812, 0.6188
0, 0.9834, 0.0166
0, 0.6435, 0.3565
0, 0.9764, 0.0236
0, 0.9533, 0.0467
0, 0.9439, 0.0561
0, 0.9764, 0.0236
0, 0.9792, 0.0208
0, 0.8872, 0.1128
0, 0.712, 0.288
0, 0.9852, 0.0148
0, 0.9764, 0.0236
0, 0.9764, 0.0236
0, 0.9834, 0.0166
0, 0.6435, 0.3565
0, 0.9837, 0.0163
0, 0.983, 0.017
0, 0.9834, 0.0166
0, 0.9756, 0.0244
0, 0.2314, 0.7686
0, 0.9834, 0.0166
0, 0.9826, 0.0174
0, 0.9835, 0.0165
0, 0.9536, 0.0464
0, 0.8414, 0.1586
0, 0.9657, 0.0343
0, 0.9764, 0.0236
0, 0.6435, 0.3565
0, 0.9778, 0.0222
0, 0.712, 0.288
0, 0.8872, 0.1128
0, 0.9881, 0.0119
0, 0.9777, 0.0223
0, 0.9896, 0.0104
0, 0.2314, 0.7686
0, 0.9863, 0.0137
0, 0.9852, 0.0148
0, 0.712, 0.288
0, 0.9835, 0.0165
0, 0.9764, 0.0236
0, 0.9843, 0.0157
0, 0.9753, 0.0247
0, 0.9606, 0.0394
0, 0.8619, 0.1381
0, 0.9831, 0.0169
0, 0.9787, 0.0213
0, 0.8998, 0.1002
0, 0.9834, 0.0166
0, 0.9837, 0.0163
0, 0.9834, 0.0166
0, 0.996, 0.004
0, 0.9792, 0.0208
0, 0.9764, 0.0236
0, 0.9837, 0.0163
0, 0.9662, 0.0338
0, 0.9852, 0.0148
0, 0.9834, 0.0166
0, 0.9753, 0.0247
0, 0.9954, 0.0046
0, 0.9834, 0.0166
0, 0.983, 0.017
0, 0.9826, 0.0174
0, 0.9834, 0.0166
0, 0.9831, 0.0169
0, 0.9852, 0.0148
0, 0.9834, 0.0166
0, 0.996, 0.004
0, 0.983, 0.017
0, 0.9543, 0.0457
0, 0.9826, 0.0174
0, 0.9852, 0.0148
0, 0.9779, 0.0221
0, 0.9662, 0.0338
0, 0.9954, 0.0046
0, 0.9008, 0.0992
0, 0.9843, 0.0157
0, 0.9852, 0.0148
0, 0.9826, 0.0174
0, 0.8414, 0.1586
0, 0.9813, 0.0187
0, 0.9834, 0.0166
0, 0.9439, 0.0561
0, 0.8998, 0.1002
0, 0.9543, 0.0457
0, 0.9723, 0.0277
0, 0.9533, 0.0467
0, 0.8872, 0.1128
0, 0.8348, 0.1652
0, 0.9852, 0.0148
0, 0.9536, 0.0464
0, 0.9637, 0.0363
0, 0.9787, 0.0213
0, 0.9533, 0.0467
0, 0.983, 0.017
0, 0.9942, 0.0058
0, 0.2314, 0.7686
0, 0.9837, 0.0163
0, 0.9843, 0.0157
0, 0.712, 0.288
0, 0.9766, 0.0234
0, 0.983, 0.017
0, 0.9787, 0.0213
0, 0.8872, 0.1128
0, 0.3812, 0.6188
0, 0.9864, 0.0136
0, 0.9787, 0.0213
0, 0.9833, 0.0167
0, 0.9723, 0.0277
0, 0.9787, 0.0213
0, 0.9954, 0.0046
0, 0.8872, 0.1128
0, 0.9793, 0.0207
0, 0.9725, 0.0275
0, 0.9834, 0.0166
0, 0.8998, 0.1002
0, 0.8872, 0.1128
0, 0.9439, 0.0561
0, 0.9008, 0.0992
0, 0.9778, 0.0222
0, 0.9826, 0.0174
0, 0.8998, 0.1002
0, 0.8593, 0.1407
0, 0.9764, 0.0236
0, 0.9843, 0.0157
0, 0.9725, 0.0275
0, 0.9793, 0.0207
0, 0.9536, 0.0464
0, 0.9843, 0.0157
0, 0.9536, 0.0464
0, 0.9834, 0.0166
0, 0.3392, 0.6608
0, 0.9834, 0.0166
0, 0.9894, 0.0106
0, 0.9792, 0.0208
0, 0.9863, 0.0137
0, 0.9536, 0.0464
0, 0.9764, 0.0236
0, 0.9787, 0.0213
0, 0.2437, 0.7563
0, 0.3812, 0.6188
0, 0.9881, 0.0119
0, 0.9536, 0.0464
0, 0.3812, 0.6188
0, 0.9779, 0.0221
0, 0.712, 0.288
0, 0.9881, 0.0119
0, 0.6803, 0.3197
0, 0.8751, 0.1249
0, 0.9835, 0.0165
0, 0.9536, 0.0464
0, 0.9852, 0.0148
0, 0.9662, 0.0338
0, 0.9968, 0.0032
0, 0.9764, 0.0236
0, 0.9826, 0.0174
0, 0.9813, 0.0187
0, 0.9864, 0.0136
0, 0.3812, 0.6188
0, 0.9852, 0.0148
0, 0.9811, 0.0189
0, 0.9863, 0.0137
0, 0.9843, 0.0157
0, 0.9896, 0.0104
0, 0.8436, 0.1564
0, 0.9834, 0.0166
0, 0.8414, 0.1586
0, 0.9806, 0.0194
0, 0.9954, 0.0046
0, 0.9787, 0.0213
0, 0.9439, 0.0561
0, 0.9777, 0.0223
0, 0.7168, 0.2832
0, 0.9843, 0.0157
0, 0.9439, 0.0561
0, 0.8872, 0.1128
0, 0.9881, 0.0119
0, 0.8872, 0.1128
0, 0.8872, 0.1128
0, 0.9439, 0.0561
0, 0.983, 0.017
0, 0.9881, 0.0119
0, 0.9813, 0.0187
0, 0.9756, 0.0244
0, 0.9866, 0.0134
0, 0.9787, 0.0213
0, 0.9863, 0.0137
0, 0.9881, 0.0119
0, 0.9852, 0.0148
0, 0.9834, 0.0166
0, 0.8414, 0.1586
0, 0.9813, 0.0187
0, 0.9863, 0.0137
0, 0.6803, 0.3197
0, 0.9766, 0.0234
0, 0.8559, 0.1441
0, 0.3812, 0.6188
0, 0.8751, 0.1249
0, 0.8998, 0.1002
0, 0.9723, 0.0277
0, 0.9826, 0.0174
0, 0.9536, 0.0464
0, 0.9536, 0.0464
0, 0.9852, 0.0148
0, 0.9749, 0.0251
0, 0.983, 0.017
0, 0.9881, 0.0119
0, 0.9834, 0.0166
0, 0.8414, 0.1586
0, 0.9749, 0.0251
0, 0.2314, 0.7686
0, 0.9662, 0.0338
0, 0.3812, 0.6188
0, 0.9837, 0.0163
0, 0.983, 0.017
0, 0.9536, 0.0464
0, 0.9764, 0.0236
0, 0.9852, 0.0148
0, 0.9896, 0.0104
0, 0.9543, 0.0457
0, 0.9834, 0.0166
0, 0.9834, 0.0166
0, 0.9787, 0.0213
0, 0.712, 0.288
0, 0.9756, 0.0244
0, 0.9836, 0.0164
0, 0.9765, 0.0235
0, 0.9852, 0.0148
0, 0.9813, 0.0187
0, 0.2314, 0.7686
0, 0.3812, 0.6188
0, 0.8414, 0.1586
0, 0.8671, 0.1329
0, 0.9852, 0.0148
0, 0.972, 0.028
0, 0.9834, 0.0166
0, 0.8593, 0.1407
0, 0.9787, 0.0213
0, 0.9852, 0.0148
0, 0.9813, 0.0187
0, 0.9008, 0.0992
0, 0.9852, 0.0148
0, 0.983, 0.017
0, 0.6803, 0.3197
0, 0.9942, 0.0058
0, 0.9896, 0.0104
0, 0.983, 0.017
0, 0.983, 0.017
0, 0.6435, 0.3565
0, 0.9826, 0.0174
0, 0.8872, 0.1128
0, 0.8998, 0.1002
0, 0.2949, 0.7051
0, 0.9764, 0.0236
0, 0.9834, 0.0166
0, 0.9793, 0.0207
0, 0.972, 0.028
0, 0.6435, 0.3565
0, 0.3812, 0.6188
0, 0.9764, 0.0236
0, 0.9008, 0.0992
0, 0.3812, 0.6188
0, 0.8414, 0.1586
0, 0.8414, 0.1586
0, 0.9834, 0.0166
0, 0.9942, 0.0058
0, 0.2314, 0.7686
0, 0.9779, 0.0221
0, 0.6469, 0.3531
0, 0.9769, 0.0231
0, 0.9769, 0.0231
0, 0.9777, 0.0223
0, 0.9837, 0.0163
0, 0.3392, 0.6608
0, 0.983, 0.017
0, 0.9852, 0.0148
0, 0.8414, 0.1586
0, 0.9439, 0.0561
0, 0.712, 0.288
0, 0.9764, 0.0236
0, 0.9942, 0.0058
0, 0.9543, 0.0457
0, 0.6435, 0.3565
0, 0.9787, 0.0213
0, 0.6803, 0.3197
0, 0.996, 0.004
0, 0.9657, 0.0343
0, 0.983, 0.017
0, 0.8414, 0.1586
0, 0.9725, 0.0275
0, 0.9778, 0.0222
0, 0.9662, 0.0338
0, 0.9439, 0.0561
0, 0.6803, 0.3197
0, 0.983, 0.017
0, 0.9837, 0.0163
0, 0.9749, 0.0251
0, 0.9787, 0.0213
0, 0.9606, 0.0394
0, 0.8872, 0.1128
0, 0.9606, 0.0394
0, 0.9835, 0.0165
0, 0.2949, 0.7051
0, 0.9834, 0.0166
0, 0.9813, 0.0187
0, 0.9764, 0.0236
0, 0.983, 0.017
0, 0.9863, 0.0137
0, 0.9834, 0.0166
0, 0.9792, 0.0208
0, 0.6803, 0.3197
0, 0.9834, 0.0166
0, 0.972, 0.028
0, 0.9843, 0.0157
0, 0.983, 0.017
0, 0.9787, 0.0213
0, 0.3812, 0.6188
0, 0.9749, 0.0251
0, 0.9662, 0.0338
0, 0.9536, 0.0464
0, 0.9837, 0.0163
0, 0.712, 0.288
0, 0.9834, 0.0166
0, 0.9866, 0.0134
0, 0.9837, 0.0163
0, 0.9761, 0.0239
0, 0.9543, 0.0457
0, 0.8872, 0.1128
0, 0.9826, 0.0174
0, 0.972, 0.028
0, 0.9852, 0.0148
0, 0.9864, 0.0136
0, 0.9837, 0.0163
0, 0.9826, 0.0174
0, 0.6803, 0.3197
0, 0.9843, 0.0157
0, 0.9852, 0.0148
0, 0.9657, 0.0343
0, 0.9813, 0.0187
0, 0.9954, 0.0046
0, 0.9439, 0.0561
0, 0.9777, 0.0223
0, 0.9837, 0.0163
0, 0.9834, 0.0166
0, 0.9536, 0.0464
0, 0.9837, 0.0163
0, 0.9834, 0.0166
0, 0.8348, 0.1652
0, 0.9779, 0.0221
0, 0.9777, 0.0223
0, 0.9843, 0.0157
0, 0.972, 0.028
0, 0.6803, 0.3197
0, 0.9835, 0.0165
0, 0.9793, 0.0207
0, 0.972, 0.028
0, 0.9852, 0.0148
0, 0.3812, 0.6188
0, 0.9536, 0.0464
0, 0.3812, 0.6188
0, 0.9793, 0.0207
0, 0.8872, 0.1128
0, 0.9793, 0.0207
0, 0.6803, 0.3197
0, 0.6803, 0.3197
0, 0.8998, 0.1002
0, 0.9852, 0.0148
0, 0.9637, 0.0363
0, 0.9764, 0.0236
0, 0.9837, 0.0163
0, 0.9536, 0.0464
0, 0.9764, 0.0236
0, 0.9834, 0.0166
0, 0.983, 0.017
0, 0.983, 0.017
0, 0.9536, 0.0464
0, 0.9764, 0.0236
0, 0.9556, 0.0444
0, 0.6435, 0.3565
0, 0.2437, 0.7563
0, 0.6405, 0.3595
0, 0.3812, 0.6188
0, 0.972, 0.028
0, 0.9792, 0.0208
0, 0.9843, 0.0157
0, 0.2949, 0.7051
0, 0.9826, 0.0174
0, 0.9753, 0.0247
0, 0.9834, 0.0166
0, 0.9863, 0.0137
0, 0.9606, 0.0394
0, 0.996, 0.004
0, 0.9896, 0.0104
0, 0.9764, 0.0236
0, 0.9764, 0.0236
0, 0.9787, 0.0213
0, 0.9843, 0.0157
0, 0.9764, 0.0236
0, 0.9834, 0.0166
0, 0.8414, 0.1586
0, 0.9869, 0.0131
0, 0.9606, 0.0394
0, 0.9793, 0.0207
0, 0.8872, 0.1128
0, 0.9778, 0.0222
0, 0.9811, 0.0189
0, 0.712, 0.288
0, 0.9793, 0.0207
0, 0.9439, 0.0561
0, 0.9765, 0.0235
0, 0.9837, 0.0163
0, 0.9826, 0.0174
0, 0.8872, 0.1128
0, 0.9764, 0.0236
0, 0.9662, 0.0338
0, 0.9657, 0.0343
0, 0.9848, 0.0152
0, 0.9725, 0.0275
0, 0.9834, 0.0166
0, 0.9725, 0.0275
0, 0.9835, 0.0165
0, 0.9766, 0.0234
0, 0.9813, 0.0187
0, 0.9543, 0.0457
0, 0.9826, 0.0174
