1, 0.2338, 0.7662
1, 0.2371, 0.7629
0, 0.30696111111111113, 0.6930388888888889
1, 0.2355, 0.7645
0, 0.30216111111111116, 0.6978388888888889
1, 0.2372, 0.7628
1, 0.2324, 0.7676
1, 0.2288, 0.7712
1, 0.2338, 0.7662
1, 0.2366, 0.7634
1, 0.2424, 0.7576
1, 0.2351, 0.7649
1, 0.2308, 0.7692
1, 0.2415, 0.7585
1, 0.2218, 0.7782
1, 0.2251, 0.7749
1, 0.2108, 0.7892
1, 0.2235, 0.7765
1, 0.211, 0.789
1, 0.221, 0.779
1, 0.2467, 0.7533
1, 0.2041, 0.7959
1, 0.2228, 0.7772
1, 0.2161, 0.7839
1, 0.2142, 0.7858
1, 0.2192, 0.7808
1, 0.2074, 0.7926
1, 0.2076, 0.7924
1, 0.2016, 0.7984
1, 0.2016, 0.7984
1, 0.2016, 0.7984
1, 0.2016, 0.7984
1, 0.2016, 0.7984
1, 0.212, 0.788
1, 0.2222, 0.7778
1, 0.208, 0.792
1, 0.214, 0.786
1, 0.2006, 0.7994
1, 0.2051, 0.7949
1, 0.2042, 0.7958
1, 0.2066, 0.7934
1, 0.2058, 0.7942
1, 0.2023, 0.7977
1, 0.2058, 0.7942
1, 0.2042, 0.7958
1, 0.2004, 0.7996
1, 0.2043, 0.7957
1, 0.2168, 0.7832
1, 0.2066, 0.7934
1, 0.2135, 0.7865
1, 0.1969, 0.8031
1, 0.2, 0.8
1, 0.202, 0.798
1, 0.2023, 0.7977
1, 0.2075, 0.7925
1, 0.211, 0.789
1, 0.2022, 0.7978
1, 0.1922, 0.8078
1, 0.2065, 0.7935
1, 0.2055, 0.7945
1, 0.2058, 0.7942
1, 0.2125, 0.7875
1, 0.1992, 0.8008
1, 0.2084, 0.7916
1, 0.2025, 0.7975
1, 0.1986, 0.8014
1, 0.2082, 0.7918
1, 0.2041, 0.7959
1, 0.199, 0.801
1, 0.2063, 0.7937
1, 0.2126, 0.7874
1, 0.2075, 0.7925
1, 0.206, 0.794
1, 0.2054, 0.7946
1, 0.1991, 0.8009
1, 0.2055, 0.7945
1, 0.2051, 0.7949
1, 0.2023, 0.7977
1, 0.2042, 0.7958
1, 0.2052, 0.7948
1, 0.1989, 0.8011
1, 0.2072, 0.7928
1, 0.2095, 0.7905
1, 0.1946, 0.8054
1, 0.2095, 0.7905
1, 0.1989, 0.8011
1, 0.2019, 0.7981
1, 0.2084, 0.7916
1, 0.2023, 0.7977
1, 0.2051, 0.7949
1, 0.1998, 0.8002
1, 0.206, 0.794
1, 0.2092, 0.7908
1, 0.2063, 0.7937
1, 0.207, 0.793
1, 0.2114, 0.7886
1, 0.2019, 0.7981
1, 0.1989, 0.8011
1, 0.2042, 0.7958
1, 0.2058, 0.7942
1, 0.2058, 0.7942
1, 0.2055, 0.7945
1, 0.2112, 0.7888
1, 0.2049, 0.7951
1, 0.2129, 0.7871
1, 0.2136, 0.7864
1, 0.205, 0.795
1, 0.205, 0.795
1, 0.206, 0.794
1, 0.2017, 0.7983
1, 0.209, 0.791
1, 0.2026, 0.7974
1, 0.2046, 0.7954
1, 0.2042, 0.7958
1, 0.2066, 0.7934
1, 0.2058, 0.7942
1, 0.2004, 0.7996
1, 0.2006, 0.7994
1, 0.2007, 0.7993
1, 0.2083, 0.7917
1, 0.2061, 0.7939
1, 0.2058, 0.7942
1, 0.2023, 0.7977
1, 0.2063, 0.7937
1, 0.2035, 0.7965
1, 0.1931, 0.8069
1, 0.1871, 0.8129
1, 0.1951, 0.8049
1, 0.1887, 0.8113
1, 0.1963, 0.8037
1, 0.1989, 0.8011
1, 0.1901, 0.8099
1, 0.1948, 0.8052
1, 0.1964, 0.8036
1, 0.1925, 0.8075
1, 0.1917, 0.8083
1, 0.189, 0.811
1, 0.1964, 0.8036
1, 0.193, 0.807
1, 0.1946, 0.8054
1, 0.1921, 0.8079
1, 0.1936, 0.8064
1, 0.1972, 0.8028
1, 0.1896, 0.8104
1, 0.1902, 0.8098
1, 0.2083, 0.7917
1, 0.1925, 0.8075
1, 0.2116, 0.7884
1, 0.2116, 0.7884
1, 0.1905, 0.8095
1, 0.2082, 0.7918
1, 0.1901, 0.8099
1, 0.196, 0.804
1, 0.1912, 0.8088
1, 0.1926, 0.8074
1, 0.1952, 0.8048
1, 0.1962, 0.8038
1, 0.1866, 0.8134
1, 0.202, 0.798
1, 0.1929, 0.8071
1, 0.1899, 0.8101
1, 0.1925, 0.8075
1, 0.1959, 0.8041
1, 0.1928, 0.8072
1, 0.1952, 0.8048
1, 0.1954, 0.8046
1, 0.2058, 0.7942
1, 0.2021, 0.7979
1, 0.1936, 0.8064
1, 0.1962, 0.8038
1, 0.1936, 0.8064
1, 0.1943, 0.8057
1, 0.2065, 0.7935
1, 0.1951, 0.8049
1, 0.2016, 0.7984
1, 0.201, 0.799
1, 0.193, 0.807
1, 0.1962, 0.8038
1, 0.1943, 0.8057
1, 0.1943, 0.8057
1, 0.1971, 0.8029
1, 0.1936, 0.8064
1, 0.1989, 0.8011
1, 0.1943, 0.8057
1, 0.1922, 0.8078
1, 0.1943, 0.8057
1, 0.1931, 0.8069
1, 0.1958, 0.8042
1, 0.1943, 0.8057
1, 0.1936, 0.8064
1, 0.2066, 0.7934
1, 0.2075, 0.7925
1, 0.2081, 0.7919
1, 0.1969, 0.8031
1, 0.199, 0.801
1, 0.1998, 0.8002
1, 0.2036, 0.7964
1, 0.2006, 0.7994
1, 0.204, 0.796
1, 0.2105, 0.7895
1, 0.2065, 0.7935
1, 0.2049, 0.7951
1, 0.2042, 0.7958
1, 0.2043, 0.7957
1, 0.1975, 0.8025
1, 0.2106, 0.7894
1, 0.2113, 0.7887
1, 0.2159, 0.7841
1, 0.214, 0.786
1, 0.2058, 0.7942
1, 0.2028, 0.7972
1, 0.2103, 0.7897
1, 0.2088, 0.7912
1, 0.2059, 0.7941
1, 0.2081, 0.7919
1, 0.2064, 0.7936
1, 0.2028, 0.7972
1, 0.1956, 0.8044
1, 0.2029, 0.7971
1, 0.2004, 0.7996
1, 0.2065, 0.7935
1, 0.2073, 0.7927
1, 0.1995, 0.8005
1, 0.2081, 0.7919
1, 0.2065, 0.7935
1, 0.2059, 0.7941
1, 0.2063, 0.7937
1, 0.2059, 0.7941
1, 0.2001, 0.7999
1, 0.2063, 0.7937
1, 0.1998, 0.8002
1, 0.2043, 0.7957
1, 0.2049, 0.7951
1, 0.2004, 0.7996
1, 0.224, 0.776
1, 0.204, 0.796
1, 0.2029, 0.7971
1, 0.2077, 0.7923
1, 0.1997, 0.8003
1, 0.2166, 0.7834
1, 0.1996, 0.8004
1, 0.197, 0.803
1, 0.2178, 0.7822
1, 0.2006, 0.7994
1, 0.1971, 0.8029
1, 0.2054, 0.7946
1, 0.1999, 0.8001
1, 0.2023, 0.7977
1, 0.2025, 0.7975
1, 0.204, 0.796
1, 0.2036, 0.7964
1, 0.2049, 0.7951
1, 0.2036, 0.7964
1, 0.2094, 0.7906
1, 0.209, 0.791
1, 0.2042, 0.7958
1, 0.2049, 0.7951
1, 0.2062, 0.7938
1, 0.2041, 0.7959
1, 0.2112, 0.7888
1, 0.2054, 0.7946
1, 0.2078, 0.7922
1, 0.2063, 0.7937
1, 0.2233, 0.7767
1, 0.2058, 0.7942
1, 0.2004, 0.7996
1, 0.2046, 0.7954
1, 0.2118, 0.7882
1, 0.2033, 0.7967
1, 0.2146, 0.7854
1, 0.1998, 0.8002
1, 0.2068, 0.7932
1, 0.199, 0.801
1, 0.2055, 0.7945
1, 0.2003, 0.7997
1, 0.1988, 0.8012
1, 0.2056, 0.7944
1, 0.2089, 0.7911
1, 0.2035, 0.7965
1, 0.2056, 0.7944
1, 0.2041, 0.7959
1, 0.2059, 0.7941
1, 0.2115, 0.7885
1, 0.2036, 0.7964
1, 0.2059, 0.7941
1, 0.2059, 0.7941
1, 0.2046, 0.7954
1, 0.2036, 0.7964
1, 0.1983, 0.8017
1, 0.1983, 0.8017
1, 0.2112, 0.7888
1, 0.1981, 0.8019
1, 0.2, 0.8
1, 0.1989, 0.8011
1, 0.2063, 0.7937
1, 0.2033, 0.7967
1, 0.2064, 0.7936
1, 0.1973, 0.8027
1, 0.2066, 0.7934
1, 0.2102, 0.7898
1, 0.2042, 0.7958
1, 0.2041, 0.7959
1, 0.2008, 0.7992
1, 0.2058, 0.7942
1, 0.1923, 0.8077
1, 0.1925, 0.8075
1, 0.1891, 0.8109
1, 0.193, 0.807
1, 0.1966, 0.8034
1, 0.1928, 0.8072
1, 0.1915, 0.8085
1, 0.1925, 0.8075
1, 0.19, 0.81
1, 0.1931, 0.8069
1, 0.1961, 0.8039
1, 0.1904, 0.8096
1, 0.1932, 0.8068
1, 0.1923, 0.8077
1, 0.1936, 0.8064
1, 0.2076, 0.7924
1, 0.1926, 0.8074
1, 0.1932, 0.8068
1, 0.201, 0.799
1, 0.1914, 0.8086
1, 0.1978, 0.8022
1, 0.1933, 0.8067
1, 0.193, 0.807
1, 0.1904, 0.8096
1, 0.1962, 0.8038
1, 0.1964, 0.8036
1, 0.1955, 0.8045
1, 0.1943, 0.8057
1, 0.1962, 0.8038
1, 0.2011, 0.7989
1, 0.196, 0.804
1, 0.1931, 0.8069
1, 0.1931, 0.8069
1, 0.1866, 0.8134
1, 0.1965, 0.8035
1, 0.2083, 0.7917
1, 0.2232, 0.7768
1, 0.202, 0.798
1, 0.1912, 0.8088
1, 0.1978, 0.8022
1, 0.1972, 0.8028
1, 0.1945, 0.8055
1, 0.1962, 0.8038
1, 0.195, 0.805
1, 0.1903, 0.8097
1, 0.188, 0.812
1, 0.193, 0.807
1, 0.189, 0.811
1, 0.1968, 0.8032
1, 0.2082, 0.7918
1, 0.2081, 0.7919
1, 0.1902, 0.8098
1, 0.1976, 0.8024
1, 0.19, 0.81
1, 0.2063, 0.7937
1, 0.1932, 0.8068
1, 0.1979, 0.8021
1, 0.1962, 0.8038
1, 0.189, 0.811
1, 0.1954, 0.8046
1, 0.1858, 0.8142
1, 0.202, 0.798
1, 0.1981, 0.8019
1, 0.1943, 0.8057
1, 0.2082, 0.7918
1, 0.1955, 0.8045
1, 0.1902, 0.8098
1, 0.1981, 0.8019
1, 0.193, 0.807
1, 0.1891, 0.8109
1, 0.1932, 0.8068
1, 0.1936, 0.8064
1, 0.1928, 0.8072
1, 0.1977, 0.8023
1, 0.1958, 0.8042
1, 0.1929, 0.8071
1, 0.1958, 0.8042
1, 0.1988, 0.8012
1, 0.1921, 0.8079
1, 0.191, 0.809
1, 0.1917, 0.8083
1, 0.1943, 0.8057
1, 0.1946, 0.8054
1, 0.1916, 0.8084
1, 0.1939, 0.8061
1, 0.1901, 0.8099
1, 0.1928, 0.8072
1, 0.1917, 0.8083
1, 0.202, 0.798
1, 0.1862, 0.8138
1, 0.1901, 0.8099
1, 0.1901, 0.8099
1, 0.1866, 0.8134
1, 0.1962, 0.8038
1, 0.1978, 0.8022
1, 0.1925, 0.8075
1, 0.1921, 0.8079
1, 0.192, 0.808
1, 0.1947, 0.8053
1, 0.1873, 0.8127
1, 0.1982, 0.8018
1, 0.1936, 0.8064
1, 0.1913, 0.8087
1, 0.1936, 0.8064
1, 0.1982, 0.8018
1, 0.201, 0.799
1, 0.1943, 0.8057
1, 0.189, 0.811
1, 0.1919, 0.8081
1, 0.1925, 0.8075
1, 0.2013, 0.7987
1, 0.2063, 0.7937
1, 0.1866, 0.8134
1, 0.1998, 0.8002
1, 0.1936, 0.8064
1, 0.1962, 0.8038
1, 0.1945, 0.8055
1, 0.1917, 0.8083
1, 0.2031, 0.7969
1, 0.1936, 0.8064
1, 0.189, 0.811
1, 0.188, 0.812
1, 0.1897, 0.8103
1, 0.1867, 0.8133
1, 0.1971, 0.8029
1, 0.1943, 0.8057
1, 0.1936, 0.8064
1, 0.1897, 0.8103
1, 0.1925, 0.8075
1, 0.1936, 0.8064
1, 0.1963, 0.8037
1, 0.1979, 0.8021
1, 0.1932, 0.8068
1, 0.2016, 0.7984
1, 0.203, 0.797
1, 0.1913, 0.8087
1, 0.1943, 0.8057
1, 0.1936, 0.8064
1, 0.1936, 0.8064
1, 0.1972, 0.8028
1, 0.1962, 0.8038
1, 0.1964, 0.8036
1, 0.1931, 0.8069
1, 0.2053, 0.7947
1, 0.193, 0.807
1, 0.1943, 0.8057
1, 0.1936, 0.8064
1, 0.1931, 0.8069
1, 0.1902, 0.8098
1, 0.1888, 0.8112
1, 0.1962, 0.8038
1, 0.1897, 0.8103
1, 0.1891, 0.8109
1, 0.1973, 0.8027
1, 0.1862, 0.8138
1, 0.1964, 0.8036
1, 0.1943, 0.8057
1, 0.193, 0.807
1, 0.1866, 0.8134
1, 0.202, 0.798
1, 0.2121, 0.7879
1, 0.1962, 0.8038
1, 0.1928, 0.8072
1, 0.19, 0.81
1, 0.1936, 0.8064
1, 0.1914, 0.8086
1, 0.1983, 0.8017
1, 0.1925, 0.8075
1, 0.216, 0.784
1, 0.1925, 0.8075
1, 0.1964, 0.8036
1, 0.1936, 0.8064
1, 0.193, 0.807
1, 0.2058, 0.7942
1, 0.1916, 0.8084
1, 0.193, 0.807
1, 0.1932, 0.8068
1, 0.1895, 0.8105
1, 0.1932, 0.8068
1, 0.1943, 0.8057
1, 0.1931, 0.8069
1, 0.1891, 0.8109
1, 0.1901, 0.8099
1, 0.1866, 0.8134
1, 0.1916, 0.8084
1, 0.1917, 0.8083
1, 0.1984, 0.8016
1, 0.2082, 0.7918
1, 0.2076, 0.7924
1, 0.2058, 0.7942
1, 0.1998, 0.8002
1, 0.1897, 0.8103
1, 0.1992, 0.8008
1, 0.1971, 0.8029
1, 0.1888, 0.8112
1, 0.1917, 0.8083
1, 0.1984, 0.8016
1, 0.193, 0.807
1, 0.1973, 0.8027
1, 0.1936, 0.8064
1, 0.1932, 0.8068
1, 0.1996, 0.8004
1, 0.1973, 0.8027
1, 0.2016, 0.7984
1, 0.202, 0.798
1, 0.1866, 0.8134
1, 0.1943, 0.8057
1, 0.2045, 0.7955
1, 0.1941, 0.8059
1, 0.1992, 0.8008
1, 0.1994, 0.8006
1, 0.1902, 0.8098
1, 0.1901, 0.8099
1, 0.1895, 0.8105
1, 0.188, 0.812
1, 0.1957, 0.8043
1, 0.1925, 0.8075
1, 0.1936, 0.8064
1, 0.1879, 0.8121
1, 0.1901, 0.8099
1, 0.1895, 0.8105
1, 0.202, 0.798
1, 0.1962, 0.8038
1, 0.1936, 0.8064
1, 0.202, 0.798
1, 0.1879, 0.8121
1, 0.1907, 0.8093
1, 0.201, 0.799
1, 0.193, 0.807
1, 0.1925, 0.8075
1, 0.1931, 0.8069
1, 0.1964, 0.8036
1, 0.1936, 0.8064
1, 0.1963, 0.8037
1, 0.2233, 0.7767
1, 0.2303, 0.7697
1, 0.1962, 0.8038
1, 0.1929, 0.8071
1, 0.1936, 0.8064
1, 0.206, 0.794
1, 0.1893, 0.8107
1, 0.196, 0.804
1, 0.2083, 0.7917
1, 0.1907, 0.8093
1, 0.188, 0.812
1, 0.1964, 0.8036
1, 0.188, 0.812
1, 0.193, 0.807
1, 0.1932, 0.8068
1, 0.1919, 0.8081
1, 0.21, 0.79
1, 0.1978, 0.8022
1, 0.1925, 0.8075
1, 0.1925, 0.8075
1, 0.1997, 0.8003
1, 0.1962, 0.8038
1, 0.1862, 0.8138
1, 0.1962, 0.8038
1, 0.1866, 0.8134
1, 0.1962, 0.8038
1, 0.1875, 0.8125
1, 0.188, 0.812
1, 0.1936, 0.8064
1, 0.2016, 0.7984
1, 0.1943, 0.8057
1, 0.2072, 0.7928
1, 0.192, 0.808
1, 0.1905, 0.8095
1, 0.2082, 0.7918
1, 0.1973, 0.8027
1, 0.1962, 0.8038
1, 0.1902, 0.8098
1, 0.2083, 0.7917
1, 0.1885, 0.8115
1, 0.2016, 0.7984
1, 0.1962, 0.8038
1, 0.1936, 0.8064
1, 0.2067, 0.7933
1, 0.1939, 0.8061
1, 0.1965, 0.8035
1, 0.1969, 0.8031
1, 0.1952, 0.8048
1, 0.1962, 0.8038
1, 0.2083, 0.7917
1, 0.1981, 0.8019
1, 0.195, 0.805
1, 0.1962, 0.8038
1, 0.1943, 0.8057
1, 0.1936, 0.8064
1, 0.1943, 0.8057
1, 0.1988, 0.8012
1, 0.1964, 0.8036
1, 0.2153, 0.7847
1, 0.193, 0.807
1, 0.1902, 0.8098
1, 0.2015, 0.7985
1, 0.1943, 0.8057
1, 0.1913, 0.8087
1, 0.1931, 0.8069
1, 0.1932, 0.8068
1, 0.1928, 0.8072
1, 0.1896, 0.8104
1, 0.1936, 0.8064
1, 0.1962, 0.8038
1, 0.1928, 0.8072
1, 0.1916, 0.8084
1, 0.2063, 0.7937
1, 0.1895, 0.8105
1, 0.202, 0.798
1, 0.1942, 0.8058
1, 0.2003, 0.7997
1, 0.1962, 0.8038
1, 0.2072, 0.7928
1, 0.2001, 0.7999
1, 0.2058, 0.7942
1, 0.2042, 0.7958
1, 0.2004, 0.7996
1, 0.2067, 0.7933
1, 0.2193, 0.7807
1, 0.1974, 0.8026
1, 0.2066, 0.7934
1, 0.2067, 0.7933
1, 0.204, 0.796
1, 0.2139, 0.7861
1, 0.2055, 0.7945
1, 0.2033, 0.7967
1, 0.2118, 0.7882
1, 0.2174, 0.7826
1, 0.2051, 0.7949
1, 0.2053, 0.7947
1, 0.2041, 0.7959
1, 0.2047, 0.7953
1, 0.2129, 0.7871
1, 0.2042, 0.7958
1, 0.193, 0.807
1, 0.2033, 0.7967
1, 0.2098, 0.7902
1, 0.2041, 0.7959
1, 0.2032, 0.7968
1, 0.2049, 0.7951
1, 0.1989, 0.8011
1, 0.2063, 0.7937
1, 0.2071, 0.7929
1, 0.2093, 0.7907
1, 0.2075, 0.7925
1, 0.2058, 0.7942
1, 0.2051, 0.7949
1, 0.2064, 0.7936
1, 0.2063, 0.7937
1, 0.1968, 0.8032
1, 0.2041, 0.7959
1, 0.2066, 0.7934
1, 0.204, 0.796
1, 0.2053, 0.7947
1, 0.2057, 0.7943
1, 0.2085, 0.7915
1, 0.202, 0.798
1, 0.2041, 0.7959
1, 0.1969, 0.8031
1, 0.2083, 0.7917
1, 0.2035, 0.7965
1, 0.1981, 0.8019
1, 0.2055, 0.7945
1, 0.206, 0.794
1, 0.2072, 0.7928
1, 0.2058, 0.7942
1, 0.2071, 0.7929
1, 0.2167, 0.7833
1, 0.2136, 0.7864
1, 0.2001, 0.7999
1, 0.2174, 0.7826
1, 0.2051, 0.7949
1, 0.2153, 0.7847
1, 0.1983, 0.8017
1, 0.2058, 0.7942
1, 0.2051, 0.7949
1, 0.1991, 0.8009
1, 0.2042, 0.7958
1, 0.2041, 0.7959
1, 0.2063, 0.7937
1, 0.1969, 0.8031
1, 0.2083, 0.7917
1, 0.2058, 0.7942
1, 0.2101, 0.7899
1, 0.21, 0.79
1, 0.2058, 0.7942
1, 0.1986, 0.8014
1, 0.2221, 0.7779
1, 0.2134, 0.7866
1, 0.2075, 0.7925
1, 0.2129, 0.7871
1, 0.2052, 0.7948
1, 0.2148, 0.7852
1, 0.2063, 0.7937
1, 0.2052, 0.7948
1, 0.2055, 0.7945
1, 0.1998, 0.8002
1, 0.2149, 0.7851
1, 0.2088, 0.7912
1, 0.1989, 0.8011
1, 0.208, 0.792
1, 0.1967, 0.8033
1, 0.2042, 0.7958
1, 0.2058, 0.7942
1, 0.2075, 0.7925
1, 0.2004, 0.7996
1, 0.2065, 0.7935
1, 0.2097, 0.7903
1, 0.2041, 0.7959
1, 0.2062, 0.7938
1, 0.207, 0.793
1, 0.2003, 0.7997
1, 0.1995, 0.8005
1, 0.2158, 0.7842
1, 0.2013, 0.7987
1, 0.2221, 0.7779
1, 0.2209, 0.7791
1, 0.2237, 0.7763
1, 0.2073, 0.7927
1, 0.2221, 0.7779
1, 0.1989, 0.8011
1, 0.2205, 0.7795
1, 0.2089, 0.7911
1, 0.2261, 0.7739
1, 0.1993, 0.8007
1, 0.2065, 0.7935
1, 0.2043, 0.7957
1, 0.2073, 0.7927
1, 0.2033, 0.7967
1, 0.2194, 0.7806
1, 0.2051, 0.7949
1, 0.1995, 0.8005
1, 0.2017, 0.7983
1, 0.2033, 0.7967
1, 0.2063, 0.7937
1, 0.2062, 0.7938
1, 0.2116, 0.7884
1, 0.2239, 0.7761
1, 0.2232, 0.7768
1, 0.2089, 0.7911
1, 0.2221, 0.7779
1, 0.2093, 0.7907
1, 0.2209, 0.7791
1, 0.2051, 0.7949
1, 0.2036, 0.7964
1, 0.2097, 0.7903
1, 0.2071, 0.7929
1, 0.2073, 0.7927
1, 0.2271, 0.7729
1, 0.2029, 0.7971
1, 0.4176, 0.5824
1, 0.2403, 0.7597
1, 0.2406, 0.7594
1, 0.2559, 0.7441
1, 0.2364, 0.7636
1, 0.2529, 0.7471
1, 0.25, 0.75
0, 0.8122, 0.1878
1, 0.2406, 0.7594
1, 0.2442, 0.7558
1, 0.2444, 0.7556
0, 0.8254, 0.1746
0, 0.8184, 0.1816
0, 0.8176, 0.1824
0, 0.8163, 0.1837
0, 0.8164, 0.1836
0, 0.8129, 0.1871
0, 0.8056, 0.1944
1, 0.2456, 0.7544
1, 0.251, 0.749
1, 0.2483, 0.7517
1, 0.2483, 0.7517
1, 0.2183, 0.7817
1, 0.2346, 0.7654
1, 0.2463, 0.7537
1, 0.2438, 0.7562
1, 0.2282, 0.7718
1, 0.2217, 0.7783
1, 0.2521, 0.7479
1, 0.2497, 0.7503
1, 0.2521, 0.7479
1, 0.2234, 0.7766
1, 0.2109, 0.7891
1, 0.2248, 0.7752
1, 0.2175, 0.7825
1, 0.2364, 0.7636
1, 0.2266, 0.7734
1, 0.2216, 0.7784
1, 0.2263, 0.7737
1, 0.2214, 0.7786
1, 0.262, 0.738
1, 0.2258, 0.7742
1, 0.2268, 0.7732
1, 0.2281, 0.7719
1, 0.2155, 0.7845
1, 0.2134, 0.7866
1, 0.2272, 0.7728
1, 0.2137, 0.7863
1, 0.2192, 0.7808
1, 0.2233, 0.7767
1, 0.2176, 0.7824
1, 0.2266, 0.7734
1, 0.2483, 0.7517
1, 0.2253, 0.7747
1, 0.234, 0.766
1, 0.2272, 0.7728
1, 0.2237, 0.7763
1, 0.2237, 0.7763
1, 0.2272, 0.7728
1, 0.2274, 0.7726
1, 0.2446, 0.7554
1, 0.2213, 0.7787
1, 0.2272, 0.7728
1, 0.2515, 0.7485
1, 0.2261, 0.7739
1, 0.2191, 0.7809
1, 0.2366, 0.7634
1, 0.2214, 0.7786
1, 0.2332, 0.7668
1, 0.2213, 0.7787
1, 0.2276, 0.7724
1, 0.2244, 0.7756
1, 0.2184, 0.7816
1, 0.218, 0.782
0, 0.3947, 0.6053
0, 0.2587, 0.7413
1, 0.2237, 0.7763
1, 0.2234, 0.7766
1, 0.2174, 0.7826
1, 0.223, 0.777
1, 0.2247, 0.7753
1, 0.2172, 0.7828
1, 0.2025, 0.7975
1, 0.2286, 0.7714
1, 0.2272, 0.7728
1, 0.2272, 0.7728
1, 0.2083, 0.7917
1, 0.2238, 0.7762
1, 0.2259, 0.7741
1, 0.2183, 0.7817
1, 0.2397, 0.7603
1, 0.2134, 0.7866
1, 0.2272, 0.7728
1, 0.2249, 0.7751
1, 0.2397, 0.7603
1, 0.2248, 0.7752
1, 0.2261, 0.7739
1, 0.2227, 0.7773
1, 0.2219, 0.7781
1, 0.2274, 0.7726
1, 0.2196, 0.7804
1, 0.2196, 0.7804
1, 0.2134, 0.7866
1, 0.2166, 0.7834
1, 0.2189, 0.7811
1, 0.2217, 0.7783
1, 0.2091, 0.7909
1, 0.2242, 0.7758
1, 0.2205, 0.7795
1, 0.2163, 0.7837
1, 0.2279, 0.7721
1, 0.2125, 0.7875
1, 0.2322, 0.7678
1, 0.2192, 0.7808
1, 0.2125, 0.7875
1, 0.2183, 0.7817
1, 0.2117, 0.7883
1, 0.2252, 0.7748
1, 0.2194, 0.7806
1, 0.2141, 0.7859
1, 0.2106, 0.7894
1, 0.2338, 0.7662
1, 0.2336, 0.7664
1, 0.2171, 0.7829
1, 0.237, 0.763
1, 0.2192, 0.7808
1, 0.2336, 0.7664
1, 0.2117, 0.7883
1, 0.2201, 0.7799
1, 0.2277, 0.7723
1, 0.2252, 0.7748
1, 0.2272, 0.7728
1, 0.2164, 0.7836
1, 0.2234, 0.7766
1, 0.2341, 0.7659
1, 0.2305, 0.7695
1, 0.2197, 0.7803
1, 0.2255, 0.7745
1, 0.2079, 0.7921
1, 0.2157, 0.7843
1, 0.2201, 0.7799
1, 0.2166, 0.7834
1, 0.223, 0.777
1, 0.2147, 0.7853
1, 0.2246, 0.7754
1, 0.2125, 0.7875
1, 0.2153, 0.7847
1, 0.2151, 0.7849
1, 0.2218, 0.7782
1, 0.22, 0.78
1, 0.2263, 0.7737
1, 0.209, 0.791
1, 0.2231, 0.7769
1, 0.2035, 0.7965
1, 0.2215, 0.7785
1, 0.2245, 0.7755
1, 0.2271, 0.7729
1, 0.2209, 0.7791
1, 0.2253, 0.7747
1, 0.2277, 0.7723
1, 0.218, 0.782
1, 0.2196, 0.7804
1, 0.2521, 0.7479
1, 0.2185, 0.7815
1, 0.2158, 0.7842
1, 0.2444, 0.7556
1, 0.2411, 0.7589
1, 0.2387, 0.7613
1, 0.2434, 0.7566
1, 0.2508, 0.7492
1, 0.2357, 0.7643
1, 0.244, 0.756
1, 0.2514, 0.7486
1, 0.241, 0.759
1, 0.2443, 0.7557
1, 0.2438, 0.7562
1, 0.2446, 0.7554
1, 0.2441, 0.7559
1, 0.2457, 0.7543
1, 0.247, 0.753
1, 0.2598, 0.7402
1, 0.2431, 0.7569
1, 0.2436, 0.7564
1, 0.2436, 0.7564
1, 0.2231, 0.7769
1, 0.224, 0.776
1, 0.2257, 0.7743
1, 0.2175, 0.7825
1, 0.2461, 0.7539
1, 0.2456, 0.7544
1, 0.225, 0.775
1, 0.2343, 0.7657
1, 0.2263, 0.7737
1, 0.2193, 0.7807
1, 0.2176, 0.7824
1, 0.2223, 0.7777
1, 0.2222, 0.7778
1, 0.2376, 0.7624
1, 0.2203, 0.7797
1, 0.2222, 0.7778
1, 0.228, 0.772
1, 0.2217, 0.7783
1, 0.2166, 0.7834
1, 0.222, 0.778
1, 0.2169, 0.7831
1, 0.2148, 0.7852
1, 0.2194, 0.7806
1, 0.2216, 0.7784
1, 0.2189, 0.7811
1, 0.214, 0.786
1, 0.2218, 0.7782
1, 0.2193, 0.7807
1, 0.2187, 0.7813
1, 0.2172, 0.7828
1, 0.2224, 0.7776
1, 0.2237, 0.7763
1, 0.2436, 0.7564
1, 0.2173, 0.7827
1, 0.2386, 0.7614
1, 0.2239, 0.7761
1, 0.2268, 0.7732
1, 0.2538, 0.7462
1, 0.2124, 0.7876
1, 0.2444, 0.7556
1, 0.2536, 0.7464
1, 0.2177, 0.7823
1, 0.2193, 0.7807
1, 0.2247, 0.7753
1, 0.224, 0.776
1, 0.2195, 0.7805
1, 0.2116, 0.7884
1, 0.2191, 0.7809
1, 0.2203, 0.7797
1, 0.2302, 0.7698
1, 0.2394, 0.7606
1, 0.2248, 0.7752
1, 0.2246, 0.7754
1, 0.2271, 0.7729
1, 0.2209, 0.7791
1, 0.2264, 0.7736
1, 0.2185, 0.7815
1, 0.2239, 0.7761
1, 0.2177, 0.7823
1, 0.2209, 0.7791
1, 0.226, 0.774
1, 0.223, 0.777
1, 0.2218, 0.7782
1, 0.2267, 0.7733
1, 0.1915, 0.8085
1, 0.1911, 0.8089
1, 0.193, 0.807
0, 0.2505, 0.7495
0, 0.2994, 0.7006
0, 0.428, 0.572
0, 0.2309, 0.7691
0, 0.2256, 0.7744
0, 0.3007, 0.6993
0, 0.3068, 0.6932
0, 0.2346, 0.7654
0, 0.2348, 0.7652
0, 0.2279, 0.7721
0, 0.2252, 0.7748
0, 0.2218, 0.7782
0, 0.2644, 0.7356
0, 0.242, 0.758
0, 0.2236, 0.7764
0, 0.3265, 0.6735
0, 0.2442, 0.7558
0, 0.2279, 0.7721
0, 0.21, 0.79
0, 0.232, 0.768
0, 0.2348, 0.7652
0, 0.2442, 0.7558
0, 0.2275, 0.7725
0, 0.2198, 0.7802
0, 0.2377, 0.7623
0, 0.3357, 0.6643
0, 0.2303, 0.7697
0, 0.2278, 0.7722
0, 0.2309, 0.7691
0, 0.2807, 0.7193
0, 0.2212, 0.7788
0, 0.2306, 0.7694
0, 0.2472, 0.7528
0, 0.2366, 0.7634
0, 0.2271, 0.7729
0, 0.2553, 0.7447
0, 0.2373, 0.7627
0, 0.2277, 0.7723
0, 0.2316, 0.7684
0, 0.2312, 0.7688
0, 0.2241, 0.7759
0, 0.2444, 0.7556
0, 0.2382, 0.7618
0, 0.3589, 0.6411
0, 0.2336, 0.7664
0, 0.2312, 0.7688
0, 0.272, 0.728
0, 0.2367, 0.7633
0, 0.2541, 0.7459
0, 0.9321, 0.0679
0, 0.9412, 0.0588
0, 0.9452, 0.0548
0, 0.9457, 0.0543
1, 0.2453, 0.7547
0, 0.9442, 0.0558
1, 0.2464, 0.7536
0, 0.9435, 0.0565
0, 0.4158, 0.5842
0, 0.2843, 0.7157
0, 0.3142, 0.6858
0, 0.28, 0.72
0, 0.4454, 0.5546
0, 0.3099, 0.6901
0, 0.2302, 0.7698
0, 0.9472, 0.0528
0, 0.9549, 0.0451
0, 0.9469, 0.0531
0, 0.9443, 0.0557
0, 0.9572, 0.0428
0, 0.9444, 0.0556
0, 0.2573, 0.7427
0, 0.1058, 0.8942
0, 0.0982, 0.9018
0, 0.1076, 0.8924
0, 0.11, 0.89
0, 0.107, 0.893
0, 0.1058, 0.8942
0, 0.111, 0.889
0, 0.1095, 0.8905
0, 0.1025, 0.8975
0, 0.1064, 0.8936
0, 0.1012, 0.8988
0, 0.1009, 0.8991
0, 0.1023, 0.8977
0, 0.1058, 0.8942
0, 0.105, 0.895
0, 0.1026, 0.8974
0, 0.0946, 0.9054
0, 0.1056, 0.8944
0, 0.1056, 0.8944
0, 0.1009, 0.8991
0, 0.0941, 0.9059
0, 0.1089, 0.8911
0, 0.1098, 0.8902
0, 0.1097, 0.8903
0, 0.1058, 0.8942
0, 0.1012, 0.8988
0, 0.1058, 0.8942
0, 0.1017, 0.8983
0, 0.1027, 0.8973
0, 0.1062, 0.8938
0, 0.1089, 0.8911
0, 0.1009, 0.8991
0, 0.0993, 0.9007
0, 0.1028, 0.8972
0, 0.0993, 0.9007
0, 0.0977, 0.9023
0, 0.1005, 0.8995
0, 0.1073, 0.8927
0, 0.1067, 0.8933
0, 0.1075, 0.8925
0, 0.111, 0.889
0, 0.0994, 0.9006
0, 0.1099, 0.8901
0, 0.1005, 0.8995
0, 0.1056, 0.8944
0, 0.0973, 0.9027
0, 0.1058, 0.8942
0, 0.1089, 0.8911
0, 0.0992, 0.9008
0, 0.1046, 0.8954
0, 0.1022, 0.8978
0, 0.1103, 0.8897
0, 0.0974, 0.9026
0, 0.1065, 0.8935
0, 0.098, 0.902
0, 0.1046, 0.8954
0, 0.1022, 0.8978
0, 0.1103, 0.8897
0, 0.0963, 0.9037
0, 0.1106, 0.8894
0, 0.1004, 0.8996
0, 0.1103, 0.8897
0, 0.1019, 0.8981
0, 0.102, 0.898
0, 0.1082, 0.8918
0, 0.1024, 0.8976
0, 0.1044, 0.8956
0, 0.1056, 0.8944
0, 0.1103, 0.8897
0, 0.1076, 0.8924
0, 0.1088, 0.8912
0, 0.1109, 0.8891
0, 0.1156, 0.8844
0, 0.1126, 0.8874
0, 0.1336, 0.8664
0, 0.131, 0.869
0, 0.1054, 0.8946
0, 0.1047, 0.8953
0, 0.1109, 0.8891
0, 0.1336, 0.8664
0, 0.1111, 0.8889
0, 0.1103, 0.8897
0, 0.131, 0.869
0, 0.6261, 0.3739
0, 0.5818, 0.4182
0, 0.6136, 0.3864
0, 0.6087, 0.3913
0, 0.5948, 0.4052
0, 0.582, 0.418
0, 0.5501, 0.4499
0, 0.6956, 0.3044
0, 0.5461, 0.4539
0, 0.6121, 0.3879
0, 0.5503, 0.4497
0, 0.5572, 0.4428
0, 0.6051, 0.3949
0, 0.58, 0.42
0, 0.6724, 0.3276
0, 0.5818, 0.4182
0, 0.5585, 0.4415
0, 0.5985, 0.4015
0, 0.5495, 0.4505
0, 0.5498, 0.4502
0, 0.6279, 0.3721
0, 0.682, 0.318
0, 0.5418, 0.4582
0, 0.5948, 0.4052
0, 0.5577, 0.4423
0, 0.5985, 0.4015
0, 0.6261, 0.3739
0, 0.6225, 0.3775
0, 0.5845, 0.4155
0, 0.5902, 0.4098
0, 0.5784, 0.4216
0, 0.5819, 0.4181
0, 0.5579, 0.4421
0, 0.6343, 0.3657
0, 0.5527, 0.4473
0, 0.5953, 0.4047
0, 0.6013, 0.3987
0, 0.6961, 0.3039
0, 0.5794, 0.4206
0, 0.5522, 0.4478
0, 0.612, 0.388
0, 0.5836, 0.4164
0, 0.5833, 0.4167
0, 0.5837, 0.4163
0, 0.5981, 0.4019
0, 0.6216, 0.3784
0, 0.5796, 0.4204
0, 0.6356, 0.3644
0, 0.5672, 0.4328
0, 0.5652, 0.4348
0, 0.5461, 0.4539
0, 0.5925, 0.4075
0, 0.58, 0.42
0, 0.6261, 0.3739
0, 0.6431, 0.3569
0, 0.581, 0.419
0, 0.5501, 0.4499
0, 0.58, 0.42
0, 0.5495, 0.4505
0, 0.6261, 0.3739
0, 0.5621, 0.4379
0, 0.5577, 0.4423
0, 0.5982, 0.4018
0, 0.5834, 0.4166
0, 0.6331, 0.3669
0, 0.5675, 0.4325
0, 0.5824, 0.4176
0, 0.5642, 0.4358
0, 0.5575, 0.4425
0, 0.6254, 0.3746
0, 0.6009, 0.3991
0, 0.5677, 0.4323
0, 0.5748, 0.4252
0, 0.591, 0.409
0, 0.588, 0.412
0, 0.58, 0.42
0, 0.5626, 0.4374
0, 0.553, 0.447
0, 0.5813, 0.4187
0, 0.548, 0.452
0, 0.5778, 0.4222
0, 0.6415, 0.3585
0, 0.5878, 0.4122
0, 0.5534, 0.4466
0, 0.6947, 0.3053
0, 0.5639, 0.4361
0, 0.6153, 0.3847
0, 0.5701, 0.4299
0, 0.5868, 0.4132
0, 0.5501, 0.4499
0, 0.5813, 0.4187
0, 0.5788, 0.4212
0, 0.5495, 0.4505
0, 0.6319, 0.3681
0, 0.5831, 0.4169
0, 0.5673, 0.4327
0, 0.5644, 0.4356
0, 0.6277, 0.3723
0, 0.6261, 0.3739
0, 0.5687, 0.4313
0, 0.557, 0.443
0, 0.5556, 0.4444
0, 0.58, 0.42
0, 0.6449, 0.3551
0, 0.5596, 0.4404
0, 0.5831, 0.4169
0, 0.6237, 0.3763
0, 0.5465, 0.4535
0, 0.5699, 0.4301
0, 0.5577, 0.4423
0, 0.5614, 0.4386
0, 0.551, 0.449
0, 0.58, 0.42
0, 0.575, 0.425
0, 0.5495, 0.4505
0, 0.5461, 0.4539
0, 0.6203, 0.3797
0, 0.5746, 0.4254
0, 0.5909, 0.4091
0, 0.5976, 0.4024
0, 0.598, 0.402
0, 0.5669, 0.4331
0, 0.5947, 0.4053
0, 0.5917, 0.4083
0, 0.5736, 0.4264
0, 0.6494, 0.3506
0, 0.5516, 0.4484
0, 0.6631, 0.3369
0, 0.5965, 0.4035
0, 0.7176, 0.2824
0, 0.5965, 0.4035
0, 0.6026, 0.3974
0, 0.5701, 0.4299
0, 0.5702, 0.4298
0, 0.5681, 0.4319
0, 0.5654, 0.4346
0, 0.7198, 0.2802
0, 0.6499, 0.3501
0, 0.5738, 0.4262
0, 0.5984, 0.4016
1, 0.6937, 0.3063
0, 0.5749, 0.4251
1, 0.6641, 0.3359
0, 0.5892, 0.4108
0, 0.5519, 0.4481
0, 0.5816, 0.4184
0, 0.5296, 0.4704
1, 0.4738, 0.5262
0, 0.5773, 0.4227
0, 0.5584, 0.4416
1, 0.5003, 0.4997
0, 0.5795, 0.4205
1, 0.5241, 0.4759
0, 0.6027, 0.3973
0, 0.569, 0.431
1, 0.6298, 0.3702
1, 0.6406, 0.3594
1, 0.6562, 0.3438
1, 0.6611, 0.3389
1, 0.6673, 0.3327
0, 0.5419, 0.4581
1, 0.6716, 0.3284
1, 0.6986, 0.3014
0, 0.9346, 0.0654
0, 0.9588, 0.0412
0, 0.9371, 0.0629
1, 0.6679, 0.3321
1, 0.6302, 0.3698
1, 0.6562, 0.3438
1, 0.6629, 0.3371
1, 0.1859, 0.8141
1, 0.1857, 0.8143
1, 0.1904, 0.8096
1, 0.1859, 0.8141
1, 0.1913, 0.8087
1, 0.1943, 0.8057
1, 0.1914, 0.8086
1, 0.1914, 0.8086
1, 0.194, 0.806
1, 0.1886, 0.8114
1, 0.1923, 0.8077
0, 0.9901, 0.0099
0, 0.9881, 0.0119
0, 0.9739, 0.0261
0, 0.9845, 0.0155
0, 0.98, 0.02
0, 0.9883, 0.0117
0, 0.9685, 0.0315
0, 0.9882, 0.0118
1, 0.1978, 0.8022
1, 0.6126, 0.3874
1, 0.6315, 0.3685
1, 0.5837, 0.4163
1, 0.603, 0.397
1, 0.5997, 0.4003
1, 0.6142, 0.3858
1, 0.5566, 0.4434
1, 0.1796, 0.8204
1, 0.198, 0.802
0, 0.7502, 0.2498
0, 0.7058, 0.2942
0, 0.6962, 0.3038
0, 0.9286, 0.0714
0, 0.9303, 0.0697
0, 0.9291, 0.0709
1, 0.6345, 0.3655
1, 0.7128, 0.2872
1, 0.5808, 0.4192
1, 0.6438, 0.3562
1, 0.7141, 0.2859
1, 0.6693, 0.3307
1, 0.6385, 0.3615
0, 0.9305, 0.0695
0, 0.9303, 0.0697
1, 0.6907, 0.3093
1, 0.728, 0.272
1, 0.6965, 0.3035
1, 0.7326, 0.2674
1, 0.7323, 0.2677
1, 0.7325, 0.2675
0, 0.7602, 0.2398
1, 0.7646, 0.2354
0, 0.0688, 0.9312
0, 0.0791, 0.9209
0, 0.0732, 0.9268
0, 0.8479, 0.1521
0, 0.8143, 0.1857
0, 0.7823, 0.2177
0, 0.8112, 0.1888
0, 0.8353, 0.1647
0, 0.8029, 0.1971
0, 0.8323, 0.1677
0, 0.7982, 0.2018
0, 0.824, 0.176
1, 0.2115, 0.7885
1, 0.2096, 0.7904
1, 0.2163, 0.7837
1, 0.2095, 0.7905
1, 0.2108, 0.7892
1, 0.2202, 0.7798
1, 0.2175, 0.7825
1, 0.2026, 0.7974
1, 0.2203, 0.7797
1, 0.2155, 0.7845
1, 0.2289, 0.7711
1, 0.2194, 0.7806
1, 0.2192, 0.7808
1, 0.205, 0.795
1, 0.2146, 0.7854
1, 0.2273, 0.7727
1, 0.2045, 0.7955
1, 0.2146, 0.7854
1, 0.226, 0.774
1, 0.2151, 0.7849
1, 0.2254, 0.7746
1, 0.2257, 0.7743
1, 0.2179, 0.7821
1, 0.2309, 0.7691
1, 0.2236, 0.7764
1, 0.2248, 0.7752
1, 0.2175, 0.7825
1, 0.2161, 0.7839
1, 0.2307, 0.7693
1, 0.2151, 0.7849
1, 0.2389, 0.7611
1, 0.2334, 0.7666
0, 0.7097, 0.2903
1, 0.2102, 0.7898
1, 0.235, 0.765
1, 0.2231, 0.7769
1, 0.2132, 0.7868
1, 0.22, 0.78
1, 0.2135, 0.7865
1, 0.2206, 0.7794
1, 0.2358, 0.7642
1, 0.2121, 0.7879
1, 0.2141, 0.7859
1, 0.2248, 0.7752
1, 0.2123, 0.7877
1, 0.2191, 0.7809
1, 0.2229, 0.7771
1, 0.2115, 0.7885
1, 0.2187, 0.7813
1, 0.2135, 0.7865
1, 0.2135, 0.7865
1, 0.2528, 0.7472
1, 0.2339, 0.7661
1, 0.251, 0.749
1, 0.2081, 0.7919
1, 0.2481, 0.7519
1, 0.2306, 0.7694
1, 0.2309, 0.7691
1, 0.2479, 0.7521
1, 0.2302, 0.7698
1, 0.2544, 0.7456
1, 0.2469, 0.7531
1, 0.2381, 0.7619
1, 0.2519, 0.7481
1, 0.2304, 0.7696
1, 0.2312, 0.7688
1, 0.2449, 0.7551
1, 0.2165, 0.7835
1, 0.2573, 0.7427
1, 0.2534, 0.7466
1, 0.2128, 0.7872
1, 0.2416, 0.7584
1, 0.2444, 0.7556
1, 0.2665, 0.7335
1, 0.2409, 0.7591
1, 0.2269, 0.7731
1, 0.2339, 0.7661
1, 0.2419, 0.7581
1, 0.2265, 0.7735
1, 0.2388, 0.7612
1, 0.2287, 0.7713
1, 0.2341, 0.7659
1, 0.2471, 0.7529
0, 0.444, 0.556
1, 0.2372, 0.7628
1, 0.2526, 0.7474
1, 0.2395, 0.7605
1, 0.2067, 0.7933
1, 0.2087, 0.7913
1, 0.2637, 0.7363
1, 0.2197, 0.7803
1, 0.2502, 0.7498
1, 0.2397, 0.7603
1, 0.2387, 0.7613
1, 0.2556, 0.7444
1, 0.2498, 0.7502
1, 0.2389, 0.7611
1, 0.2227, 0.7773
1, 0.2229, 0.7771
1, 0.2369, 0.7631
1, 0.2227, 0.7773
1, 0.2259, 0.7741
1, 0.2471, 0.7529
1, 0.2466, 0.7534
1, 0.2486, 0.7514
1, 0.2229, 0.7771
1, 0.2569, 0.7431
1, 0.2259, 0.7741
1, 0.2219, 0.7781
1, 0.2302, 0.7698
1, 0.2257, 0.7743
1, 0.225, 0.775
1, 0.2178, 0.7822
1, 0.23, 0.77
1, 0.2233, 0.7767
1, 0.2274, 0.7726
1, 0.2196, 0.7804
1, 0.2338, 0.7662
1, 0.2233, 0.7767
1, 0.2317, 0.7683
1, 0.2347, 0.7653
1, 0.2185, 0.7815
1, 0.2305, 0.7695
1, 0.2232, 0.7768
1, 0.2233, 0.7767
1, 0.2347, 0.7653
0, 0.5832, 0.4168
0, 0.6024, 0.3976
1, 0.2135, 0.7865
1, 0.2337, 0.7663
0, 0.6039, 0.3961
0, 0.599, 0.401
1, 0.2205, 0.7795
1, 0.2144, 0.7856
1, 0.2069, 0.7931
1, 0.2273, 0.7727
1, 0.2247, 0.7753
1, 0.2074, 0.7926
1, 0.2566, 0.7434
1, 0.233, 0.767
1, 0.2226, 0.7774
1, 0.2234, 0.7766
1, 0.2111, 0.7889
1, 0.2329, 0.7671
1, 0.2379, 0.7621
1, 0.2111, 0.7889
1, 0.2267, 0.7733
1, 0.2482, 0.7518
1, 0.2397, 0.7603
1, 0.2161, 0.7839
1, 0.2331, 0.7669
1, 0.2257, 0.7743
1, 0.2205, 0.7795
1, 0.232, 0.768
1, 0.2429, 0.7571
1, 0.2197, 0.7803
1, 0.2267, 0.7733
1, 0.226, 0.774
1, 0.2246, 0.7754
1, 0.2203, 0.7797
1, 0.2554, 0.7446
1, 0.2203, 0.7797
1, 0.2515, 0.7485
1, 0.226, 0.774
1, 0.2727, 0.7273
1, 0.2357, 0.7643
1, 0.2051, 0.7949
1, 0.2328, 0.7672
1, 0.2373, 0.7627
1, 0.2305, 0.7695
1, 0.2511, 0.7489
1, 0.2466, 0.7534
1, 0.2364, 0.7636
1, 0.207, 0.793
1, 0.203, 0.797
1, 0.2122, 0.7878
1, 0.2304, 0.7696
1, 0.2488, 0.7512
1, 0.2265, 0.7735
1, 0.2326, 0.7674
1, 0.2166, 0.7834
1, 0.2141, 0.7859
1, 0.2073, 0.7927
1, 0.204, 0.796
1, 0.2147, 0.7853
1, 0.2149, 0.7851
1, 0.204, 0.796
1, 0.2045, 0.7955
1, 0.2179, 0.7821
1, 0.2286, 0.7714
1, 0.2195, 0.7805
1, 0.2009, 0.7991
1, 0.2159, 0.7841
1, 0.2396, 0.7604
1, 0.2199, 0.7801
1, 0.2209, 0.7791
1, 0.2308, 0.7692
1, 0.2373, 0.7627
1, 0.2295, 0.7705
1, 0.2192, 0.7808
1, 0.2201, 0.7799
1, 0.2136, 0.7864
1, 0.2133, 0.7867
1, 0.2065, 0.7935
1, 0.2196, 0.7804
1, 0.2098, 0.7902
1, 0.2184, 0.7816
1, 0.2052, 0.7948
1, 0.2161, 0.7839
1, 0.2397, 0.7603
1, 0.2141, 0.7859
1, 0.2184, 0.7816
1, 0.2361, 0.7639
1, 0.2278, 0.7722
1, 0.2315, 0.7685
1, 0.2277, 0.7723
1, 0.2355, 0.7645
0, 0.752, 0.248
0, 0.7324, 0.2676
0, 0.7538, 0.2462
0, 0.7904, 0.2096
0, 0.7441, 0.2559
0, 0.7287, 0.2713
0, 0.737, 0.263
0, 0.7924, 0.2076
0, 0.736, 0.264
0, 0.749, 0.251
0, 0.1712, 0.8288
0, 0.1784, 0.8216
0, 0.1968, 0.8032
0, 0.2021, 0.7979
0, 0.1765, 0.8235
0, 0.1705, 0.8295
0, 0.1877, 0.8123
0, 0.1893, 0.8107
0, 0.177, 0.823
0, 0.1975, 0.8025
0, 0.9881, 0.0119
0, 0.5669, 0.4331
0, 0.1765, 0.8235
0, 0.5794, 0.4206
0, 0.5892, 0.4108
0, 0.588, 0.412
0, 0.1893, 0.8107
0, 0.5788, 0.4212
0, 0.5831, 0.4169
0, 0.5836, 0.4164
0, 0.0963, 0.9037
0, 0.5418, 0.4582
0, 0.6261, 0.3739
0, 0.1765, 0.8235
0, 0.5498, 0.4502
0, 0.1067, 0.8933
0, 0.5925, 0.4075
0, 0.1058, 0.8942
0, 0.6254, 0.3746
0, 0.5925, 0.4075
0, 0.5947, 0.4053
0, 0.8479, 0.1521
0, 0.682, 0.318
0, 0.1024, 0.8976
0, 0.1893, 0.8107
0, 0.6279, 0.3721
0, 0.6947, 0.3053
0, 0.5985, 0.4015
0, 0.9739, 0.0261
0, 0.5498, 0.4502
0, 0.1705, 0.8295
0, 0.1067, 0.8933
0, 0.2587, 0.7413
0, 0.5982, 0.4018
0, 0.9444, 0.0556
0, 0.58, 0.42
0, 0.1103, 0.8897
0, 0.3068, 0.6932
0, 0.6277, 0.3723
0, 0.5784, 0.4216
0, 0.2843, 0.7157
0, 0.0946, 0.9054
0, 0.6254, 0.3746
0, 0.5699, 0.4301
0, 0.2316, 0.7684
0, 0.5813, 0.4187
0, 0.0982, 0.9018
0, 0.9435, 0.0565
0, 0.6277, 0.3723
0, 0.5831, 0.4169
0, 0.6254, 0.3746
0, 0.0963, 0.9037
0, 0.1024, 0.8976
0, 0.9472, 0.0528
0, 0.1705, 0.8295
0, 0.2252, 0.7748
0, 0.0941, 0.9059
0, 0.9321, 0.0679
0, 0.5577, 0.4423
0, 0.9739, 0.0261
0, 0.1877, 0.8123
0, 0.6319, 0.3681
0, 0.5925, 0.4075
0, 0.7176, 0.2824
0, 0.0982, 0.9018
0, 0.2366, 0.7634
0, 0.107, 0.893
0, 0.2843, 0.7157
0, 0.5947, 0.4053
0, 0.1058, 0.8942
0, 0.1099, 0.8901
0, 0.0791, 0.9209
0, 0.0941, 0.9059
0, 0.1082, 0.8918
0, 0.6724, 0.3276
0, 0.7058, 0.2942
0, 0.5917, 0.4083
0, 0.1103, 0.8897
0, 0.1026, 0.8974
0, 0.6237, 0.3763
0, 0.591, 0.409
0, 0.0982, 0.9018
0, 0.444, 0.556
0, 0.6087, 0.3913
0, 0.7198, 0.2802
0, 0.6279, 0.3721
0, 0.5749, 0.4251
0, 0.107, 0.893
0, 0.5296, 0.4704
0, 0.5925, 0.4075
0, 0.5501, 0.4499
0, 0.1765, 0.8235
0, 0.1024, 0.8976
0, 0.107, 0.893
0, 0.1012, 0.8988
0, 0.5788, 0.4212
0, 0.5902, 0.4098
0, 0.2644, 0.7356
0, 0.9303, 0.0697
0, 0.5917, 0.4083
0, 0.5818, 0.4182
0, 0.2843, 0.7157
0, 0.30216111111111116, 0.6978388888888889
0, 0.177, 0.823
0, 0.5749, 0.4251
0, 0.5701, 0.4299
0, 0.30216111111111116, 0.6978388888888889
0, 0.0992, 0.9008
0, 0.5902, 0.4098
0, 0.177, 0.823
0, 0.6225, 0.3775
0, 0.1705, 0.8295
0, 0.5982, 0.4018
0, 0.6277, 0.3723
0, 0.5701, 0.4299
0, 0.5788, 0.4212
0, 0.30216111111111116, 0.6978388888888889
0, 0.3265, 0.6735
0, 0.8056, 0.1944
0, 0.1058, 0.8942
0, 0.5577, 0.4423
0, 0.575, 0.425
0, 0.2312, 0.7688
0, 0.6277, 0.3723
0, 0.2336, 0.7664
0, 0.1012, 0.8988
0, 0.5501, 0.4499
0, 0.1705, 0.8295
0, 0.5534, 0.4466
0, 0.5534, 0.4466
0, 0.2541, 0.7459
0, 0.2303, 0.7697
0, 0.2316, 0.7684
0, 0.6277, 0.3723
0, 0.1082, 0.8918
0, 0.1047, 0.8953
0, 0.6237, 0.3763
0, 0.5985, 0.4015
0, 0.1089, 0.8911
0, 0.5788, 0.4212
0, 0.5818, 0.4182
0, 0.3142, 0.6858
0, 0.5503, 0.4497
0, 0.5749, 0.4251
0, 0.824, 0.176
0, 0.7904, 0.2096
0, 0.2505, 0.7495
0, 0.736, 0.264
0, 0.6961, 0.3039
0, 0.1712, 0.8288
0, 0.5495, 0.4505
0, 0.1088, 0.8912
0, 0.2366, 0.7634
0, 0.5832, 0.4168
0, 0.9739, 0.0261
0, 0.30216111111111116, 0.6978388888888889
0, 0.3142, 0.6858
0, 0.6261, 0.3739
0, 0.5836, 0.4164
0, 0.1047, 0.8953
0, 0.131, 0.869
0, 0.6216, 0.3784
0, 0.3099, 0.6901
0, 0.5495, 0.4505
0, 0.591, 0.409
0, 0.599, 0.401
0, 0.5813, 0.4187
0, 0.9321, 0.0679
0, 0.6277, 0.3723
0, 0.5902, 0.4098
0, 0.5495, 0.4505
0, 0.5965, 0.4035
0, 0.5534, 0.4466
0, 0.444, 0.556
0, 0.177, 0.823
0, 0.5702, 0.4298
0, 0.1098, 0.8902
0, 0.6724, 0.3276
0, 0.5419, 0.4581
0, 0.5534, 0.4466
0, 0.5736, 0.4264
0, 0.5981, 0.4019
0, 0.5818, 0.4182
0, 0.1075, 0.8925
0, 0.5681, 0.4319
0, 0.5534, 0.4466
0, 0.551, 0.449
0, 0.7058, 0.2942
0, 0.2644, 0.7356
0, 0.6261, 0.3739
0, 0.5495, 0.4505
0, 0.5868, 0.4132
0, 0.9444, 0.0556
0, 0.5819, 0.4181
0, 0.1004, 0.8996
0, 0.444, 0.556
0, 0.1099, 0.8901
0, 0.5818, 0.4182
0, 0.5795, 0.4205
0, 0.6254, 0.3746
0, 0.5947, 0.4053
0, 0.612, 0.388
0, 0.1019, 0.8981
0, 0.9472, 0.0528
0, 0.9443, 0.0557
0, 0.5584, 0.4416
0, 0.232, 0.768
0, 0.5501, 0.4499
0, 0.5947, 0.4053
0, 0.1095, 0.8905
0, 0.131, 0.869
0, 0.8164, 0.1836
0, 0.1975, 0.8025
0, 0.5577, 0.4423
0, 0.2505, 0.7495
0, 0.5596, 0.4404
0, 0.30696111111111113, 0.6930388888888889
0, 0.736, 0.264
0, 0.6026, 0.3974
0, 0.0941, 0.9059
0, 0.0993, 0.9007
0, 0.5527, 0.4473
0, 0.5925, 0.4075
0, 0.8163, 0.1837
0, 0.5813, 0.4187
0, 0.2505, 0.7495
0, 0.1058, 0.8942
0, 0.591, 0.409
0, 0.5813, 0.4187
0, 0.6237, 0.3763
0, 0.5985, 0.4015
0, 0.5584, 0.4416
0, 0.1103, 0.8897
0, 0.6277, 0.3723
0, 0.5579, 0.4421
0, 0.5925, 0.4075
0, 0.3947, 0.6053
0, 0.2843, 0.7157
0, 0.1098, 0.8902
0, 0.30696111111111113, 0.6930388888888889
0, 0.1058, 0.8942
0, 0.1056, 0.8944
0, 0.6203, 0.3797
0, 0.5917, 0.4083
0, 0.0791, 0.9209
0, 0.1058, 0.8942
0, 0.1012, 0.8988
0, 0.2252, 0.7748
0, 0.1336, 0.8664
0, 0.1098, 0.8902
0, 0.682, 0.318
0, 0.2573, 0.7427
0, 0.5795, 0.4205
0, 0.102, 0.898
0, 0.2236, 0.7764
0, 0.5836, 0.4164
0, 0.8323, 0.1677
0, 0.9412, 0.0588
0, 0.5527, 0.4473
0, 0.5534, 0.4466
0, 0.7058, 0.2942
0, 0.2278, 0.7722
0, 0.0732, 0.9268
0, 0.736, 0.264
0, 0.1082, 0.8918
0, 0.2312, 0.7688
0, 0.444, 0.556
0, 0.5794, 0.4206
0, 0.5868, 0.4132
0, 0.30216111111111116, 0.6978388888888889
0, 0.7058, 0.2942
0, 0.5736, 0.4264
0, 0.6631, 0.3369
0, 0.6254, 0.3746
0, 0.1126, 0.8874
0, 0.0688, 0.9312
0, 0.5868, 0.4132
0, 0.9881, 0.0119
0, 0.1076, 0.8924
0, 0.6947, 0.3053
0, 0.5495, 0.4505
0, 0.6277, 0.3723
0, 0.1058, 0.8942
0, 0.5788, 0.4212
0, 0.8479, 0.1521
0, 0.9443, 0.0557
0, 0.58, 0.42
0, 0.2309, 0.7691
0, 0.5738, 0.4262
0, 0.3068, 0.6932
0, 0.2644, 0.7356
0, 0.8164, 0.1836
0, 0.1097, 0.8903
0, 0.9303, 0.0697
0, 0.0977, 0.9023
0, 0.8479, 0.1521
0, 0.1089, 0.8911
0, 0.5837, 0.4163
0, 0.1005, 0.8995
0, 0.5868, 0.4132
0, 0.2309, 0.7691
0, 0.5836, 0.4164
0, 0.5965, 0.4035
0, 0.5831, 0.4169
0, 0.8122, 0.1878
0, 0.1026, 0.8974
0, 0.0982, 0.9018
0, 0.5868, 0.4132
0, 0.5818, 0.4182
0, 0.6319, 0.3681
0, 0.2252, 0.7748
0, 0.2021, 0.7979
0, 0.5639, 0.4361
0, 0.5832, 0.4168
0, 0.5699, 0.4301
0, 0.1099, 0.8901
0, 0.5813, 0.4187
0, 0.2336, 0.7664
0, 0.5498, 0.4502
0, 0.1877, 0.8123
0, 0.5614, 0.4386
0, 0.1044, 0.8956
0, 0.5788, 0.4212
0, 0.8056, 0.1944
0, 0.5495, 0.4505
0, 0.1877, 0.8123
0, 0.1099, 0.8901
0, 0.1004, 0.8996
0, 0.5575, 0.4425
0, 0.7602, 0.2398
0, 0.444, 0.556
0, 0.2309, 0.7691
0, 0.5868, 0.4132
0, 0.5832, 0.4168
0, 0.8323, 0.1677
0, 0.2309, 0.7691
0, 0.131, 0.869
0, 0.5925, 0.4075
0, 0.7602, 0.2398
0, 0.6237, 0.3763
0, 0.5819, 0.4181
0, 0.5917, 0.4083
0, 0.557, 0.443
0, 0.5917, 0.4083
0, 0.1968, 0.8032
0, 0.1893, 0.8107
0, 0.1765, 0.8235
0, 0.1088, 0.8912
0, 0.5748, 0.4252
0, 0.5902, 0.4098
0, 0.2275, 0.7725
0, 0.5902, 0.4098
0, 0.6724, 0.3276
0, 0.0974, 0.9026
0, 0.2336, 0.7664
0, 0.5672, 0.4328
0, 0.824, 0.176
0, 0.1054, 0.8946
0, 0.3099, 0.6901
0, 0.1067, 0.8933
0, 0.7176, 0.2824
0, 0.5788, 0.4212
0, 0.6237, 0.3763
0, 0.5947, 0.4053
0, 0.131, 0.869
0, 0.5831, 0.4169
0, 0.1056, 0.8944
0, 0.5577, 0.4423
0, 0.2505, 0.7495
0, 0.5418, 0.4582
0, 0.5738, 0.4262
0, 0.9452, 0.0548
0, 0.102, 0.898
0, 0.5749, 0.4251
0, 0.1098, 0.8902
0, 0.8353, 0.1647
0, 0.131, 0.869
0, 0.444, 0.556
0, 0.2252, 0.7748
0, 0.6013, 0.3987
0, 0.5818, 0.4182
0, 0.1058, 0.8942
0, 0.0982, 0.9018
0, 0.9572, 0.0428
0, 0.5746, 0.4254
0, 0.6277, 0.3723
0, 0.5669, 0.4331
0, 0.8129, 0.1871
0, 0.2366, 0.7634
0, 0.5917, 0.4083
0, 0.9739, 0.0261
0, 0.2312, 0.7688
0, 0.5296, 0.4704
0, 0.5621, 0.4379
0, 0.0982, 0.9018
0, 0.6415, 0.3585
0, 0.5831, 0.4169
0, 0.2256, 0.7744
0, 0.1058, 0.8942
0, 0.8479, 0.1521
0, 0.0982, 0.9018
0, 0.9685, 0.0315
0, 0.9469, 0.0531
0, 0.5813, 0.4187
0, 0.6024, 0.3976
0, 0.737, 0.263
0, 0.444, 0.556
0, 0.1054, 0.8946
0, 0.5572, 0.4428
0, 0.9452, 0.0548
0, 0.2843, 0.7157
0, 0.5813, 0.4187
0, 0.0982, 0.9018
0, 0.6039, 0.3961
0, 0.5736, 0.4264
0, 0.2309, 0.7691
0, 0.6237, 0.3763
0, 0.5794, 0.4206
0, 0.444, 0.556
0, 0.5498, 0.4502
0, 0.1097, 0.8903
0, 0.6631, 0.3369
0, 0.2252, 0.7748
0, 0.6962, 0.3038
0, 0.5461, 0.4539
0, 0.7097, 0.2903
0, 0.2236, 0.7764
0, 0.1064, 0.8936
0, 0.1058, 0.8942
0, 0.5788, 0.4212
0, 0.5418, 0.4582
0, 0.1089, 0.8911
0, 0.8056, 0.1944
0, 0.7924, 0.2076
0, 0.551, 0.449
0, 0.1046, 0.8954
0, 0.5982, 0.4018
0, 0.1097, 0.8903
0, 0.2505, 0.7495
0, 0.0974, 0.9026
0, 0.5902, 0.4098
0, 0.5948, 0.4052
0, 0.6261, 0.3739
0, 0.5585, 0.4415
0, 0.1088, 0.8912
0, 0.1109, 0.8891
0, 0.5738, 0.4262
0, 0.7058, 0.2942
0, 0.1026, 0.8974
0, 0.5461, 0.4539
0, 0.1098, 0.8902
0, 0.736, 0.264
0, 0.5749, 0.4251
0, 0.5639, 0.4361
0, 0.2316, 0.7684
0, 0.1082, 0.8918
0, 0.131, 0.869
0, 0.0688, 0.9312
0, 0.5596, 0.4404
0, 0.7198, 0.2802
0, 0.5794, 0.4206
0, 0.5579, 0.4421
0, 0.1103, 0.8897
0, 0.5795, 0.4205
0, 0.2256, 0.7744
0, 0.30216111111111116, 0.6978388888888889
0, 0.1022, 0.8978
0, 0.5749, 0.4251
0, 0.588, 0.412
0, 0.9469, 0.0531
0, 0.5498, 0.4502
0, 0.4158, 0.5842
0, 0.1095, 0.8905
0, 0.5868, 0.4132
0, 0.5639, 0.4361
0, 0.1095, 0.8905
0, 0.5819, 0.4181
0, 0.6277, 0.3723
0, 0.8056, 0.1944
0, 0.1076, 0.8924
0, 0.5868, 0.4132
0, 0.1109, 0.8891
0, 0.5495, 0.4505
0, 0.102, 0.898
0, 0.8122, 0.1878
0, 0.4158, 0.5842
0, 0.5534, 0.4466
0, 0.5461, 0.4539
0, 0.6962, 0.3038
0, 0.1009, 0.8991
0, 0.9444, 0.0556
0, 0.9881, 0.0119
0, 0.102, 0.898
0, 0.1024, 0.8976
0, 0.7287, 0.2713
0, 0.5418, 0.4582
0, 0.2336, 0.7664
0, 0.9444, 0.0556
0, 0.5985, 0.4015
0, 0.9472, 0.0528
0, 0.5795, 0.4205
0, 0.591, 0.409
0, 0.5639, 0.4361
0, 0.6631, 0.3369
0, 0.5296, 0.4704
0, 0.5419, 0.4581
0, 0.5749, 0.4251
0, 0.58, 0.42
0, 0.5642, 0.4358
0, 0.2309, 0.7691
0, 0.551, 0.449
0, 0.1076, 0.8924
0, 0.9739, 0.0261
0, 0.5495, 0.4505
0, 0.1022, 0.8978
0, 0.0977, 0.9023
0, 0.1111, 0.8889
0, 0.1705, 0.8295
0, 0.2256, 0.7744
0, 0.1099, 0.8901
0, 0.1097, 0.8903
0, 0.177, 0.823
0, 0.1109, 0.8891
0, 0.1968, 0.8032
0, 0.557, 0.443
0, 0.7904, 0.2096
0, 0.232, 0.768
0, 0.5534, 0.4466
0, 0.5702, 0.4298
0, 0.737, 0.263
0, 0.0946, 0.9054
0, 0.5902, 0.4098
0, 0.5701, 0.4299
0, 0.8122, 0.1878
0, 0.612, 0.388
0, 0.6415, 0.3585
0, 0.1705, 0.8295
0, 0.5498, 0.4502
0, 0.2278, 0.7722
0, 0.1097, 0.8903
0, 0.8176, 0.1824
0, 0.1082, 0.8918
0, 0.1047, 0.8953
0, 0.5985, 0.4015
0, 0.1076, 0.8924
0, 0.5534, 0.4466
0, 0.5495, 0.4505
0, 0.5749, 0.4251
0, 0.5675, 0.4325
0, 0.0941, 0.9059
0, 0.1103, 0.8897
0, 0.1097, 0.8903
0, 0.6724, 0.3276
0, 0.5831, 0.4169
0, 0.598, 0.402
0, 0.2807, 0.7193
0, 0.1058, 0.8942
0, 0.5672, 0.4328
0, 0.5878, 0.4122
0, 0.6277, 0.3723
0, 0.131, 0.869
0, 0.1109, 0.8891
0, 0.7058, 0.2942
0, 0.599, 0.401
0, 0.5672, 0.4328
0, 0.6449, 0.3551
0, 0.9882, 0.0118
0, 0.7198, 0.2802
0, 0.0977, 0.9023
0, 0.7198, 0.2802
0, 0.7058, 0.2942
0, 0.8176, 0.1824
0, 0.131, 0.869
0, 0.5868, 0.4132
0, 0.5701, 0.4299
0, 0.5831, 0.4169
0, 0.30696111111111113, 0.6930388888888889
0, 0.1058, 0.8942
0, 0.5795, 0.4205
0, 0.1088, 0.8912
0, 0.5917, 0.4083
0, 0.5819, 0.4181
0, 0.5788, 0.4212
0, 0.9572, 0.0428
0, 0.6261, 0.3739
0, 0.1877, 0.8123
0, 0.5687, 0.4313
0, 0.6449, 0.3551
0, 0.2309, 0.7691
0, 0.1058, 0.8942
0, 0.1058, 0.8942
0, 0.111, 0.889
0, 0.232, 0.768
0, 0.6261, 0.3739
0, 0.5868, 0.4132
0, 0.7198, 0.2802
0, 0.2309, 0.7691
0, 0.2373, 0.7627
0, 0.5917, 0.4083
0, 0.5795, 0.4205
0, 0.6499, 0.3501
0, 0.824, 0.176
0, 0.0688, 0.9312
0, 0.5795, 0.4205
0, 0.2312, 0.7688
0, 0.232, 0.768
0, 0.5495, 0.4505
0, 0.6261, 0.3739
0, 0.1095, 0.8905
0, 0.6261, 0.3739
0, 0.5813, 0.4187
0, 0.1705, 0.8295
0, 0.1064, 0.8936
0, 0.1975, 0.8025
0, 0.5501, 0.4499
0, 0.1056, 0.8944
0, 0.8122, 0.1878
0, 0.5917, 0.4083
0, 0.1098, 0.8902
0, 0.6261, 0.3739
0, 0.612, 0.388
0, 0.6277, 0.3723
0, 0.1017, 0.8983
0, 0.1103, 0.8897
0, 0.5527, 0.4473
0, 0.5796, 0.4204
0, 0.58, 0.42
0, 0.9739, 0.0261
0, 0.5577, 0.4423
0, 0.0982, 0.9018
0, 0.105, 0.895
0, 0.588, 0.412
0, 0.6947, 0.3053
0, 0.1058, 0.8942
0, 0.824, 0.176
0, 0.1046, 0.8954
0, 0.1097, 0.8903
0, 0.1099, 0.8901
0, 0.9412, 0.0588
0, 0.5495, 0.4505
0, 0.7502, 0.2498
0, 0.6024, 0.3976
0, 0.8122, 0.1878
0, 0.5868, 0.4132
0, 0.9435, 0.0565
0, 0.5794, 0.4206
0, 0.5575, 0.4425
0, 0.5909, 0.4091
0, 0.581, 0.419
0, 0.0993, 0.9007
0, 0.1005, 0.8995
0, 0.5982, 0.4018
0, 0.9472, 0.0528
0, 0.5701, 0.4299
0, 0.9303, 0.0697
0, 0.2278, 0.7722
0, 0.575, 0.425
0, 0.1712, 0.8288
0, 0.1005, 0.8995
0, 0.58, 0.42
0, 0.6277, 0.3723
0, 0.5501, 0.4499
0, 0.5495, 0.4505
0, 0.2252, 0.7748
0, 0.5878, 0.4122
0, 0.9881, 0.0119
0, 0.1088, 0.8912
0, 0.3142, 0.6858
0, 0.9444, 0.0556
0, 0.2303, 0.7697
0, 0.6415, 0.3585
0, 0.8323, 0.1677
0, 0.5831, 0.4169
0, 0.5614, 0.4386
0, 0.30216111111111116, 0.6978388888888889
0, 0.736, 0.264
0, 0.9472, 0.0528
0, 0.5495, 0.4505
0, 0.58, 0.42
0, 0.5654, 0.4346
0, 0.0946, 0.9054
0, 0.6962, 0.3038
0, 0.5749, 0.4251
0, 0.2316, 0.7684
0, 0.30216111111111116, 0.6978388888888889
0, 0.5584, 0.4416
0, 0.5534, 0.4466
0, 0.5902, 0.4098
0, 0.2366, 0.7634
0, 0.2252, 0.7748
0, 0.5819, 0.4181
0, 0.1103, 0.8897
0, 0.8112, 0.1888
0, 0.444, 0.556
0, 0.7502, 0.2498
0, 0.5495, 0.4505
0, 0.5818, 0.4182
0, 0.444, 0.556
0, 0.5495, 0.4505
0, 0.1058, 0.8942
0, 0.737, 0.263
0, 0.5917, 0.4083
0, 0.581, 0.419
0, 0.1056, 0.8944
0, 0.2021, 0.7979
0, 0.2644, 0.7356
0, 0.1893, 0.8107
0, 0.1097, 0.8903
0, 0.6947, 0.3053
0, 0.5902, 0.4098
0, 0.1067, 0.8933
0, 0.7502, 0.2498
0, 0.111, 0.889
0, 0.5749, 0.4251
0, 0.6279, 0.3721
0, 0.9303, 0.0697
0, 0.5596, 0.4404
0, 0.9435, 0.0565
0, 0.3142, 0.6858
0, 0.5681, 0.4319
0, 0.1099, 0.8901
0, 0.6026, 0.3974
0, 0.5584, 0.4416
0, 0.1026, 0.8974
0, 0.5669, 0.4331
0, 0.6237, 0.3763
0, 0.0982, 0.9018
0, 0.7058, 0.2942
0, 0.2021, 0.7979
0, 0.2252, 0.7748
0, 0.0946, 0.9054
0, 0.5878, 0.4122
0, 0.1705, 0.8295
0, 0.5501, 0.4499
0, 0.2366, 0.7634
0, 0.7198, 0.2802
0, 0.2241, 0.7759
0, 0.2279, 0.7721
0, 0.2807, 0.7193
0, 0.1893, 0.8107
0, 0.58, 0.42
0, 0.5503, 0.4497
0, 0.2256, 0.7744
0, 0.5748, 0.4252
0, 0.6277, 0.3723
0, 0.1024, 0.8976
0, 0.8479, 0.1521
0, 0.1076, 0.8924
0, 0.682, 0.318
0, 0.5527, 0.4473
0, 0.5672, 0.4328
0, 0.0977, 0.9023
0, 0.2316, 0.7684
0, 0.7058, 0.2942
0, 0.9305, 0.0695
0, 0.6279, 0.3721
0, 0.2236, 0.7764
0, 0.1047, 0.8953
0, 0.5495, 0.4505
0, 0.2236, 0.7764
0, 0.5672, 0.4328
0, 0.588, 0.412
0, 0.1095, 0.8905
0, 0.5495, 0.4505
0, 0.6087, 0.3913
0, 0.9452, 0.0548
0, 0.8056, 0.1944
0, 0.5701, 0.4299
0, 0.5461, 0.4539
0, 0.1103, 0.8897
0, 0.1156, 0.8844
0, 0.2252, 0.7748
0, 0.6947, 0.3053
0, 0.5673, 0.4327
0, 0.6026, 0.3974
0, 0.6277, 0.3723
0, 0.5495, 0.4505
0, 0.2271, 0.7729
0, 0.2377, 0.7623
0, 0.2346, 0.7654
0, 0.1705, 0.8295
0, 0.5584, 0.4416
0, 0.9305, 0.0695
0, 0.1058, 0.8942
0, 0.7324, 0.2676
0, 0.7502, 0.2498
0, 0.2271, 0.7729
0, 0.177, 0.823
0, 0.1005, 0.8995
0, 0.111, 0.889
0, 0.2336, 0.7664
0, 0.5892, 0.4108
0, 0.1056, 0.8944
0, 0.0946, 0.9054
0, 0.1968, 0.8032
0, 0.2316, 0.7684
0, 0.6277, 0.3723
0, 0.6261, 0.3739
0, 0.1044, 0.8956
0, 0.58, 0.42
0, 0.5584, 0.4416
0, 0.737, 0.263
0, 0.5836, 0.4164
0, 0.1103, 0.8897
0, 0.1075, 0.8925
0, 0.9305, 0.0695
0, 0.5831, 0.4169
0, 0.1088, 0.8912
0, 0.581, 0.419
0, 0.6277, 0.3723
0, 0.5495, 0.4505
0, 0.588, 0.412
0, 0.5917, 0.4083
0, 0.5947, 0.4053
0, 0.3142, 0.6858
0, 0.5527, 0.4473
0, 0.5909, 0.4091
0, 0.7924, 0.2076
0, 0.5498, 0.4502
0, 0.2279, 0.7721
0, 0.1056, 0.8944
0, 0.1017, 0.8983
0, 0.111, 0.889
0, 0.6277, 0.3723
0, 0.5534, 0.4466
0, 0.1054, 0.8946
0, 0.1111, 0.8889
0, 0.0974, 0.9026
0, 0.444, 0.556
0, 0.1005, 0.8995
0, 0.1098, 0.8902
0, 0.5495, 0.4505
0, 0.6494, 0.3506
0, 0.9443, 0.0557
0, 0.5579, 0.4421
0, 0.1099, 0.8901
0, 0.824, 0.176
0, 0.1103, 0.8897
0, 0.2505, 0.7495
0, 0.6261, 0.3739
0, 0.11, 0.89
0, 0.9452, 0.0548
0, 0.1026, 0.8974
0, 0.5819, 0.4181
0, 0.7198, 0.2802
0, 0.0941, 0.9059
0, 0.1705, 0.8295
0, 0.2279, 0.7721
0, 0.8056, 0.1944
0, 0.598, 0.402
0, 0.5495, 0.4505
0, 0.5965, 0.4035
0, 0.5813, 0.4187
0, 0.5818, 0.4182
0, 0.5902, 0.4098
0, 0.2807, 0.7193
0, 0.5795, 0.4205
0, 0.612, 0.388
0, 0.1058, 0.8942
0, 0.2366, 0.7634
0, 0.553, 0.447
0, 0.6499, 0.3501
0, 0.1044, 0.8956
0, 0.5917, 0.4083
0, 0.8323, 0.1677
0, 0.599, 0.401
0, 0.58, 0.42
0, 0.5498, 0.4502
0, 0.5701, 0.4299
0, 0.6277, 0.3723
0, 0.9452, 0.0548
0, 0.5461, 0.4539
0, 0.5965, 0.4035
0, 0.5677, 0.4323
0, 0.2843, 0.7157
0, 0.6026, 0.3974
0, 0.5534, 0.4466
0, 0.2275, 0.7725
0, 0.8164, 0.1836
0, 0.5794, 0.4206
0, 0.5831, 0.4169
0, 0.6724, 0.3276
0, 0.551, 0.449
0, 0.5701, 0.4299
