0, 0.983625, 0.016375
1, 0.3214, 0.6786
0, 0.926345476190476, 0.07365452380952382
0, 0.9954963855421687, 0.004503614457831325
0, 0.9359154761904761, 0.06408452380952381
0, 0.9961, 0.0039
0, 0.9602416666666667, 0.03975833333333333
0, 0.577825, 0.422175
0, 0.9937, 0.0063
1, 0.0079, 0.9921
0, 0.9899841666666667, 0.010015833333333335
0, 0.9518966666666665, 0.04810333333333333
0, 0.9903, 0.0097
0, 0.9889, 0.0111
0, 0.9952, 0.0048
0, 0.996, 0.004
0, 0.9941, 0.0059
0, 0.9942, 0.0058
0, 0.9952, 0.0048
0, 0.9952, 0.0048
0, 0.9942, 0.0058
0, 0.9965, 0.0035
0, 0.9952, 0.0048
0, 0.9942, 0.0058
0, 0.995, 0.005
0, 0.9951, 0.0049
0, 0.9951, 0.0049
0, 0.9941, 0.0059
0, 0.9941, 0.0059
0, 0.9941, 0.0059
0, 0.9951, 0.0049
0, 0.9941, 0.0059
0, 0.9941, 0.0059
0, 0.9906, 0.0094
0, 0.9951, 0.0049
0, 0.9889416666666668, 0.011058333333333335
0, 0.9951, 0.0049
0, 0.9941, 0.0059
0, 0.9948, 0.0052
0, 0.994, 0.006
0, 0.995, 0.005
0, 0.9896680952380953, 0.010331904761904761
0, 0.9966, 0.0034
0, 0.9952, 0.0048
0, 0.9945, 0.0055
0, 0.9937, 0.0063
0, 0.9942, 0.0058
0, 0.9974, 0.0026
0, 0.9938, 0.0062
0, 0.9941, 0.0059
0, 0.9936, 0.0064
0, 0.9951, 0.0049
0, 0.9909583333333334, 0.009041666666666667
0, 0.9941, 0.0059
0, 0.9966, 0.0034
0, 0.9952, 0.0048
0, 0.9936, 0.0064
0, 0.9938, 0.0062
0, 0.994, 0.006
0, 0.9925647619047618, 0.007435238095238097
0, 0.9941, 0.0059
0, 0.9959, 0.0041
0, 0.9941, 0.0059
0, 0.9936, 0.0064
0, 0.9892, 0.0108
0, 0.9974, 0.0026
0, 0.9948, 0.0052
0, 0.9939, 0.0061
0, 0.9947, 0.0053
0, 0.9979416666666668, 0.0020583333333333335
0, 0.9972, 0.0028
0, 0.9948, 0.0052
0, 0.9914883333333333, 0.008511666666666667
0, 0.9952, 0.0048
0, 0.994, 0.006
0, 0.9952, 0.0048
0, 0.9939, 0.0061
0, 0.994, 0.006
0, 0.9941, 0.0059
0, 0.994, 0.006
0, 0.9934, 0.0066
0, 0.9931, 0.0069
0, 0.9975, 0.0025
0, 0.9948, 0.0052
0, 0.9938, 0.0062
0, 0.9965, 0.0035
0, 0.9951, 0.0049
0, 0.9985, 0.0015
0, 0.9944, 0.0056
0, 0.9935, 0.0065
0, 0.9951, 0.0049
0, 0.9985, 0.0015
0, 0.9941, 0.0059
0, 0.995, 0.005
0, 0.9942666666666667, 0.005733333333333333
0, 0.9747, 0.0253
0, 0.9968083333333334, 0.0031916666666666664
0, 0.9975, 0.0025
0, 0.9966, 0.0034
0, 0.9944, 0.0056
0, 0.9948, 0.0052
0, 0.9962878571428572, 0.0037121428571428574
0, 0.9938, 0.0062
0, 0.9928833333333332, 0.007116666666666666
0, 0.973, 0.027
0, 0.9938, 0.0062
0, 0.9953, 0.0047
0, 0.94215, 0.05785
0, 0.8886666666666666, 0.11133333333333333
0, 0.9741733333333333, 0.025826666666666664
0, 0.9186536038961037, 0.0813463961038962
0, 0.9331543831168833, 0.06684561688311692
0, 0.945827142857143, 0.05417285714285714
0, 0.8965846428571426, 0.10341535714285714
0, 0.9834, 0.0166
0, 0.9972, 0.0028
0, 0.9149776190476204, 0.085022380952381
0, 0.9678901190476192, 0.03210988095238095
0, 0.9671797619047618, 0.0328202380952381
0, 0.9958566666666666, 0.004143333333333334
0, 0.9232832539682542, 0.07671674603174601
0, 0.9965, 0.0035
1, 0.3025, 0.6975
0, 0.999, 0.001
0, 0.99895, 0.00105
1, 0.2621, 0.7379
0, 0.78396, 0.21604
0, 0.9560799999999999, 0.04392
1, 0.0064, 0.9936
0, 0.997, 0.003
0, 0.998, 0.002
1, 0.25684416666666665, 0.7431558333333332
0, 0.957, 0.043
0, 0.9879, 0.0121
0, 0.998769761904762, 0.0012302380952380954
0, 0.9994, 0.0006
0, 0.9595, 0.0405
0, 0.9235799569707402, 0.0764200430292599
0, 0.9457365873015875, 0.05426341269841264
0, 0.9648961111111115, 0.035103888888888886
0, 0.9993, 0.0007
0, 0.9571, 0.0429
0, 0.9954, 0.0046
0, 0.9595000000000001, 0.04050000000000001
1, 0.29715, 0.70285
0, 0.9993, 0.0007
0, 0.9926, 0.0074
0, 0.9998, 0.0002
0, 0.9825630522088353, 0.017436947791164663
0, 0.9938, 0.0062
0, 0.9993, 0.0007
0, 0.9234283333333333, 0.07657166666666666
1, 0.2616, 0.7384
0, 0.9953, 0.0047
0, 0.997, 0.003
0, 0.9985128571428571, 0.001487142857142857
0, 0.9995, 0.0005
0, 0.9985128571428571, 0.001487142857142857
1, 0.2621, 0.7379
1, 0.2693, 0.7307
0, 0.9981, 0.0019
0, 0.907565, 0.09243500000000002
0, 0.9993, 0.0007
0, 0.9571, 0.0429
0, 0.9964883333333331, 0.003511666666666667
0, 0.9989666666666668, 0.0010333333333333334
0, 0.9997083333333334, 0.00029166666666666664
0, 0.9992, 0.0008
1, 0.07355, 0.92645
0, 0.9765963855421688, 0.023403614457831325
0, 0.9419, 0.0581
0, 0.9419, 0.0581
0, 0.9983963855421687, 0.0016036144578313255
0, 0.9954963855421687, 0.004503614457831325
0, 0.9955963855421687, 0.004403614457831326
0, 0.9963963855421687, 0.0036036144578313256
0, 0.9998, 0.0002
1, 0.2629, 0.7371
0, 0.8351766666666667, 0.16482333333333332
1, 0.1234, 0.8766
1, 0.2634, 0.7366
1, 0.3041, 0.6959
1, 0.2631, 0.7369
0, 0.9703963855421687, 0.029603614457831325
1, 0.3654, 0.6346
1, 0.2633, 0.7367
0, 0.9943752380952383, 0.005624761904761906
0, 0.9706963855421687, 0.029303614457831327
0, 0.9831963855421687, 0.016803614457831326
0, 0.9331, 0.0669
0, 0.9960963855421687, 0.0039036144578313255
1, 0.0068, 0.9932
0, 0.9930963855421687, 0.0069036144578313256
0, 0.9931963855421687, 0.006803614457831325
0, 0.9984963855421687, 0.0015036144578313253
1, 0.0222, 0.9778
0, 0.9961213855421687, 0.0038786144578313256
0, 0.9970963855421687, 0.002903614457831325
1, 0.0253, 0.9747
0, 0.9773, 0.0227
0, 0.9699, 0.0301
0, 0.9703633333333334, 0.02963666666666667
1, 0.009, 0.991
0, 0.9975963855421687, 0.0024036144578313255
0, 0.909, 0.091
0, 0.9904, 0.0096
0, 0.9306416666666666, 0.06935833333333334
0, 0.9982963855421687, 0.0017036144578313256
0, 0.9794963855421687, 0.020503614457831325
0, 0.9982963855421687, 0.0017036144578313256
0, 0.994, 0.006
0, 0.99385, 0.006150000000000001
0, 0.9964963855421687, 0.0035036144578313253
0, 0.9909245238095237, 0.009075476190476191
0, 0.9984963855421687, 0.0015036144578313253
0, 0.9901992857142857, 0.009800714285714286
0, 0.9969963855421687, 0.0030036144578313253
0, 0.9981, 0.0019
0, 0.9978, 0.0022
0, 0.9965583333333332, 0.0034416666666666662
0, 0.9947, 0.0053
0, 0.950912380952381, 0.04908761904761905
0, 0.9928, 0.0072
0, 0.9936430952380951, 0.006356904761904764
1, 0.9969, 0.0031
1, 1.0, 0.0
1, 1.0, 0.0
1, 0.9958, 0.0042
1, 0.9996, 0.0004
1, 1.0, 0.0
1, 1.0, 0.0
1, 0.2699, 0.7301
1, 0.0102, 0.9898
1, 0.0357, 0.9643
1, 0.2701, 0.7299
1, 0.27, 0.73
1, 0.2685, 0.7315
1, 0.2686, 0.7314
1, 0.27, 0.73
1, 0.2706, 0.7294
1, 0.30295, 0.6970500000000001
1, 0.3076, 0.6924
1, 0.9976, 0.0024
1, 0.9961, 0.0039
1, 0.9972, 0.0028
1, 0.9986, 0.0014
1, 0.9976, 0.0024
1, 0.9988, 0.0012
1, 0.9986, 0.0014
1, 0.9951, 0.0049
1, 0.9974416666666668, 0.002558333333333333
1, 0.999, 0.001
1, 0.9984, 0.0016
0, 1.0, 0.0
0, 1.0, 0.0
0, 1.0, 0.0
0, 1.0, 0.0
0, 1.0, 0.0
0, 1.0, 0.0
0, 1.0, 0.0
0, 1.0, 0.0
0, 1.0, 0.0
0, 1.0, 0.0
0, 1.0, 0.0
0, 1.0, 0.0
0, 0.9997, 0.0003
0, 0.9997, 0.0003
0, 1.0, 0.0
0, 0.9997, 0.0003
0, 0.9997, 0.0003
0, 0.9997, 0.0003
0, 0.9997, 0.0003
0, 0.9997, 0.0003
0, 0.9997, 0.0003
0, 0.9997, 0.0003
0, 0.9997, 0.0003
0, 0.9997, 0.0003
0, 0.9258550000000001, 0.07414499999999999
0, 0.9982963855421687, 0.0017036144578313256
1, 0.3638, 0.6362
0, 0.9926, 0.0074
1, 0.0029, 0.9971
1, 0.2065, 0.7935
1, 0.3075, 0.6925
0, 0.9827963855421687, 0.017203614457831327
0, 0.9915666666666666, 0.008433333333333334
1, 0.299425, 0.7005750000000001
0, 0.9926083333333335, 0.007391666666666669
0, 0.9999, 0.0001
0, 0.9923, 0.0077
0, 0.9859319047619046, 0.014068095238095239
0, 0.9996, 0.0004
0, 0.993, 0.007
0, 0.7674, 0.2326
0, 0.98285, 0.017150000000000002
0, 1.0, 0.0
0, 0.9988036904761906, 0.001196309523809524
0, 1.0, 0.0
0, 1.0, 0.0
1, 0.0132, 0.9868
1, 0.0096, 0.9904
0, 1.0, 0.0
0, 0.3845, 0.6155
1, 0.3693, 0.6307
0, 0.9996, 0.0004
0, 0.9997, 0.0003
0, 0.9902963855421687, 0.009703614457831326
1, 0.302, 0.698
1, 0.3026, 0.6974
1, 0.281, 0.719
0, 0.9956963855421688, 0.004303614457831326
0, 0.9978963855421688, 0.0021036144578313255
1, 0.0059, 0.9941
1, 0.008, 0.992
0, 0.9846963855421688, 0.015303614457831327
0, 0.9835963855421688, 0.016403614457831325
0, 0.9989, 0.0011
0, 0.9997, 0.0003
0, 0.9989, 0.0011
1, 0.2513, 0.7487
0, 0.9971, 0.0029
0, 0.997, 0.003
0, 0.9225, 0.0775
0, 0.9905463855421687, 0.009453614457831326
0, 0.9986963855421687, 0.0013036144578313252
0, 0.9934963855421687, 0.006503614457831325
0, 0.98013, 0.019870000000000002
0, 0.9973963855421687, 0.0026036144578313256
0, 0.9934963855421687, 0.006503614457831325
0, 0.3535, 0.6465
0, 0.9995, 0.0005
0, 0.9973963855421687, 0.002603614457831325
0, 0.9973963855421687, 0.002603614457831325
0, 0.9973963855421687, 0.002603614457831325
0, 0.9996, 0.0004
0, 1.0, 0.0
0, 0.9995, 0.0005
0, 0.9995, 0.0005
0, 0.9973963855421687, 0.002603614457831325
0, 0.9972963855421687, 0.002703614457831325
0, 0.9973963855421687, 0.002603614457831325
0, 0.9995, 0.0005
0, 0.9995, 0.0005
0, 0.9122100000000001, 0.08778999999999999
0, 0.9726, 0.0274
0, 0.9719, 0.0281
0, 0.9827499999999998, 0.01725
0, 0.9394, 0.0606
0, 0.9345900000000001, 0.06541
1, 0.005, 0.995
1, 0.0063, 0.9937
1, 0.0057, 0.9943
1, 0.0068, 0.9932
0, 0.9452266666666667, 0.054773333333333334
0, 0.8464, 0.1536
0, 0.9972, 0.0028
1, 0.3437, 0.6563
1, 0.0239, 0.9761
0, 0.993, 0.007
1, 0.27324333333333334, 0.7267566666666666
0, 0.9759, 0.0241
0, 0.9950963855421687, 0.0049036144578313255
1, 0.08561333333333333, 0.9143866666666667
1, 0.9766, 0.0234
1, 0.9772, 0.0228
1, 0.0257, 0.9743
0, 0.998, 0.002
1, 0.9465, 0.0535
1, 0.0058, 0.9942
0, 0.9912, 0.0088
0, 0.9997, 0.0003
0, 0.997442023809524, 0.0025579761904761904
1, 0.2866, 0.7134
1, 0.2856, 0.7144
0, 0.9997, 0.0003
0, 0.9972753571428571, 0.002724642857142857
1, 0.012, 0.988
1, 0.0131, 0.9869
0, 0.9955591666666669, 0.004440833333333332
0, 0.9911621428571429, 0.008837857142857144
0, 0.9955591666666669, 0.004440833333333332
1, 0.2858, 0.7142
1, 0.2856, 0.7144
0, 0.9865713855421687, 0.013428614457831327
0, 0.9955591666666669, 0.004440833333333332
0, 0.9960282142857144, 0.003971785714285714
1, 0.2857, 0.7143
0, 0.9959282142857144, 0.004071785714285714
1, 0.2858, 0.7142
1, 0.2851, 0.7149
0, 0.9957982142857145, 0.004201785714285714
1, 0.2856, 0.7144
0, 0.9912000000000005, 0.008800000000000002
0, 0.9912000000000005, 0.008800000000000002
1, 0.2968, 0.7032
1, 0.2715, 0.7285
0, 0.997442023809524, 0.0025579761904761904
1, 0.2863, 0.7137
0, 0.9972353571428572, 0.0027646428571428574
1, 0.26, 0.74
1, 0.2842, 0.7158
1, 0.0131, 0.9869
0, 0.9955591666666669, 0.004440833333333332
1, 0.2825, 0.7175
0, 0.9872463095238095, 0.012753690476190476
1, 0.2607, 0.7393
0, 0.9964108333333336, 0.0035891666666666667
1, 0.2832, 0.7168
1, 0.2856, 0.7144
0, 0.9997, 0.0003
1, 0.2842, 0.7158
1, 0.0126, 0.9874
1, 0.2834, 0.7166
1, 0.2853, 0.7147
1, 0.0103, 0.9897
0, 0.9722, 0.0278
1, 0.0108, 0.9892
1, 0.2968, 0.7032
0, 0.9968094047619049, 0.003190595238095238
1, 0.2874, 0.7126
1, 0.2841, 0.7159
0, 0.9984833333333332, 0.0015166666666666666
1, 0.2855, 0.7145
1, 0.2866, 0.7134
0, 0.993, 0.007
0, 0.9999, 0.0001
1, 0.2865, 0.7135
1, 0.2851, 0.7149
0, 0.9999, 0.0001
0, 0.9995, 0.0005
0, 0.9999, 0.0001
1, 0.0319, 0.9681
0, 0.9999, 0.0001
0, 0.9998, 0.0002
0, 0.9372, 0.0628
1, 0.0153, 0.9847
1, 0.0087, 0.9913
0, 0.9986, 0.0014
1, 0.0092, 0.9908
0, 0.9816, 0.0184
1, 0.2842, 0.7158
0, 0.9999, 0.0001
1, 0.2963, 0.7037
1, 0.2959, 0.7041
1, 0.2561, 0.7439
1, 0.0137, 0.9863
1, 0.0119, 0.9881
0, 0.9988100000000001, 0.00119
0, 0.9909652380952384, 0.009034761904761907
1, 0.0143, 0.9857
0, 0.9985, 0.0015
0, 0.9974, 0.0026
0, 0.9979, 0.0021
0, 0.9974, 0.0026
0, 0.9956882142857144, 0.004311785714285713
0, 0.9978853571428572, 0.0021146428571428575
0, 0.9985, 0.0015
0, 0.9985, 0.0015
1, 0.0133, 0.9867
0, 0.9908600000000004, 0.009140000000000002
0, 0.9986, 0.0014
0, 0.9997, 0.0003
0, 0.9971963855421687, 0.002803614457831325
0, 0.97, 0.03
0, 0.9563, 0.0437
0, 0.9385, 0.0615
0, 0.9338400000000001, 0.06616
0, 0.91241, 0.08759
0, 0.9722, 0.0278
0, 0.9716, 0.0284
0, 0.9833166666666666, 0.016683333333333335
0, 0.9189, 0.0811
0, 0.9189, 0.0811
0, 0.86014, 0.13985999999999998
0, 0.9764, 0.0236
0, 0.9759, 0.0241
0, 0.9838166666666666, 0.016183333333333334
0, 0.8133, 0.1867
0, 0.9911, 0.0089
0, 0.9536, 0.0464
0, 0.8842650000000002, 0.11573500000000002
0, 0.9535498809523814, 0.04645011904761905
0, 0.9595799999999999, 0.04042
0, 0.9831963855421687, 0.016803614457831326
0, 0.9831963855421687, 0.016803614457831326
0, 0.9758, 0.0242
0, 0.9803963855421687, 0.019603614457831327
0, 0.9799963855421687, 0.020003614457831324
0, 0.9830963855421687, 0.016903614457831326
0, 0.9831963855421687, 0.016803614457831326
0, 0.9793963855421687, 0.020603614457831324
0, 0.9596, 0.0404
1, 0.3036, 0.6964
0, 0.9755, 0.0245
0, 0.9758, 0.0242
0, 0.9759, 0.0241
0, 0.9716250000000002, 0.028375
0, 0.9438, 0.0562
1, 0.32654, 0.6734600000000001
0, 0.9758, 0.0242
1, 0.32444, 0.67556
0, 0.9730583333333332, 0.026941666666666662
0, 0.9951733333333331, 0.0048266666666666675
0, 0.9827072222222225, 0.01729277777777778
0, 0.9901963855421687, 0.009803614457831325
1, 0.32624000000000003, 0.67376
0, 0.9984, 0.0016
0, 0.9728583333333332, 0.02714166666666666
1, 0.0097, 0.9903
0, 0.9546, 0.0454
0, 0.9703265873015875, 0.0296734126984127
0, 0.997125, 0.0028749999999999995
0, 0.9902519047619045, 0.009748095238095235
0, 0.9196218617326447, 0.08037813826735515
0, 0.9987, 0.0013
0, 0.9866, 0.0134
0, 0.9722, 0.0278
0, 0.9610963855421687, 0.038903614457831324
1, 0.0069, 0.9931
0, 0.954, 0.046
0, 0.9795999999999998, 0.0204
0, 0.9882, 0.0118
1, 0.3549, 0.6451
1, 0.0174, 0.9826
0, 0.9075, 0.0925
0, 0.9447, 0.0553
0, 0.97405, 0.025949999999999994
0, 0.9975, 0.0025
0, 0.9967, 0.0033
0, 0.9732, 0.0268
0, 0.9583, 0.0417
0, 0.9732, 0.0268
0, 0.9528, 0.0472
1, 0.30111, 0.69889
0, 0.99, 0.01
0, 0.943, 0.057
0, 0.9940416666666668, 0.005958333333333335
0, 0.9075, 0.0925
0, 0.8661, 0.1339
1, 0.3263666666666667, 0.6736333333333334
0, 0.9434155952380954, 0.05658440476190475
0, 0.925715, 0.074285
0, 0.93945, 0.06055
1, 0.0081, 0.9919
0, 0.96745, 0.03255
0, 0.9835, 0.0165
1, 0.0228, 0.9772
0, 0.9595, 0.0405
0, 0.9747, 0.0253
0, 0.9591, 0.0409
0, 0.9427, 0.0573
1, 0.008, 0.992
0, 0.97685, 0.02315
0, 0.9875, 0.0125
0, 0.9453, 0.0547
0, 0.9558, 0.0442
0, 0.9454, 0.0546
1, 0.0077, 0.9923
1, 0.004, 0.996
0, 0.83725, 0.16275
0, 0.8115, 0.1885
1, 0.3257, 0.6743
1, 0.3705, 0.6295
1, 0.32818, 0.67182
1, 0.0418, 0.9582
1, 0.0417, 0.9583
1, 0.0425, 0.9575
1, 0.34911952380952377, 0.6508804761904761
1, 0.34911952380952377, 0.6508804761904761
0, 0.9996, 0.0004
1, 0.34591952380952373, 0.654080476190476
1, 0.34511952380952376, 0.6548804761904761
1, 0.3480195238095238, 0.651980476190476
0, 0.9738057539682542, 0.026194246031746037
1, 0.34981952380952375, 0.650180476190476
1, 0.3607, 0.6393
1, 0.34721952380952376, 0.652780476190476
1, 0.3490195238095238, 0.650980476190476
1, 0.34741952380952373, 0.652580476190476
1, 0.3490195238095238, 0.650980476190476
1, 0.36290666666666666, 0.6370933333333333
1, 0.34721952380952376, 0.652780476190476
1, 0.34821952380952376, 0.651780476190476
1, 0.34349952380952375, 0.656500476190476
1, 0.3536533333333333, 0.6463466666666666
1, 0.34971952380952376, 0.650280476190476
1, 0.3379828571428571, 0.6620171428571426
1, 0.3480195238095238, 0.651980476190476
1, 0.34721952380952376, 0.652780476190476
1, 0.3447995238095238, 0.6552004761904759
1, 0.34911952380952377, 0.6508804761904761
1, 0.3480195238095238, 0.651980476190476
1, 0.3480195238095238, 0.651980476190476
1, 0.3547533333333333, 0.6452466666666666
0, 0.9844963855421687, 0.015503614457831327
1, 0.3627066666666667, 0.6372933333333334
1, 0.36350666666666664, 0.6364933333333334
1, 0.36250666666666664, 0.6374933333333334
1, 0.34173285714285706, 0.6582671428571426
1, 0.36290666666666666, 0.6370933333333333
1, 0.3199545238095237, 0.680045476190476
1, 0.34911952380952377, 0.6508804761904761
1, 0.34821952380952376, 0.651780476190476
1, 0.34821952380952376, 0.651780476190476
1, 0.34891952380952374, 0.651080476190476
1, 0.3521, 0.6479
1, 0.34731952380952374, 0.652680476190476
1, 0.36250666666666664, 0.6374933333333334
1, 0.3480195238095238, 0.651980476190476
1, 0.34721952380952376, 0.652780476190476
1, 0.34971952380952376, 0.650280476190476
1, 0.3219461904761904, 0.6780538095238093
1, 0.34981952380952375, 0.650180476190476
0, 0.9715, 0.0285
0, 0.9998, 0.0002
0, 0.9996, 0.0004
0, 0.9996, 0.0004
0, 0.9996, 0.0004
0, 0.9995295238095238, 0.0004704761904761905
0, 0.9968, 0.0032
0, 0.9997, 0.0003
0, 0.9997, 0.0003
0, 0.9998, 0.0002
0, 0.9996, 0.0004
0, 0.9994961904761905, 0.0005038095238095238
0, 0.9989100000000001, 0.00109
0, 0.9999, 0.0001
0, 0.9968, 0.0032
0, 0.9996, 0.0004
0, 0.9966, 0.0034
0, 0.9757, 0.0243
0, 0.9999, 0.0001
0, 0.9996, 0.0004
0, 0.9996, 0.0004
0, 0.9995295238095238, 0.0004704761904761905
0, 0.9996, 0.0004
0, 0.9995295238095238, 0.0004704761904761905
0, 0.9995295238095238, 0.0004704761904761905
0, 0.9996, 0.0004
0, 0.9995295238095238, 0.0004704761904761905
0, 0.9996, 0.0004
0, 0.9994961904761905, 0.0005038095238095238
0, 0.9994961904761905, 0.0005038095238095238
1, 0.4043333333333333, 0.5956666666666666
0, 0.9996, 0.0004
0, 0.9994, 0.0006
0, 0.9995295238095238, 0.0004704761904761905
0, 0.9997, 0.0003
0, 0.9997, 0.0003
0, 0.9999, 0.0001
0, 0.9982, 0.0018
0, 0.9999, 0.0001
1, 0.0178, 0.9822
0, 0.9996, 0.0004
0, 0.9996, 0.0004
0, 0.9960133333333333, 0.003986666666666667
0, 0.97488, 0.02512
0, 0.9998133333333333, 0.00018666666666666666
0, 0.9997133333333333, 0.0002866666666666667
0, 0.9745, 0.0255
0, 0.9993, 0.0007
0, 0.9754, 0.0246
0, 0.9453, 0.0547
0, 0.9599266666666666, 0.040073333333333336
1, 0.3243, 0.6757
0, 0.9414, 0.0586
1, 0.2789, 0.7211
0, 0.8823916666666666, 0.11760833333333333
0, 0.9291, 0.0709
0, 0.6027, 0.3973
0, 0.6027, 0.3973
0, 0.6175, 0.3825
0, 0.5853, 0.4147
0, 0.5797, 0.4203
0, 0.5981333333333333, 0.40186666666666665
0, 0.5853, 0.4147
0, 0.5834, 0.4166
1, 0.0347, 0.9653
1, 0.5577883333333333, 0.44221166666666667
1, 0.3938, 0.6062
1, 0.1333, 0.8667
1, 0.0515, 0.9485
1, 0.0514, 0.9486
1, 0.0339, 0.9661
1, 0.0345, 0.9655
1, 0.0345, 0.9655
1, 0.0333, 0.9667
