0, 0.9302, 0.0698
0, 0.948, 0.052
0, 0.4811, 0.5189
0, 0.9637, 0.0363
0, 0.9234, 0.0766
0, 0.9711, 0.0289
0, 0.8994, 0.1006
0, 0.9482, 0.0518
0, 0.8115, 0.1885
0, 0.959, 0.041
0, 0.9462, 0.0538
0, 0.8591, 0.1409
0, 0.8846, 0.1154
1, 0.0006, 0.9994
0, 0.9399, 0.0601
0, 0.9471, 0.0529
0, 0.9545, 0.0455
0, 0.9595, 0.0405
0, 0.9018, 0.0982
0, 0.9842, 0.0158
0, 0.9952, 0.0048
0, 0.9379, 0.0621
0, 0.8814, 0.1186
0, 0.9162, 0.0838
0, 0.9916, 0.0084
0, 0.8582, 0.1418
0, 0.9193, 0.0807
1, 0.0196, 0.9804
0, 0.8096, 0.1904
0, 0.9226, 0.0774
1, 0.0221, 0.9779
0, 0.8459, 0.1541
0, 0.9569, 0.0431
0, 0.935, 0.065
1, 0.0085, 0.9915
1, 0.0863, 0.9137
1, 0.0835, 0.9165
0, 0.9708, 0.0292
0, 0.9973, 0.0027
1, 0.0107, 0.9893
1, 0.0747, 0.9253
1, 0.0856, 0.9144
0, 0.9964, 0.0036
1, 0.0666, 0.9334
1, 0.0822, 0.9178
1, 0.0736, 0.9264
0, 0.947, 0.053
0, 0.9694, 0.0306
0, 0.9809, 0.0191
0, 0.9625, 0.0375
0, 0.9905, 0.0095
1, 0.0735, 0.9265
0, 0.9353, 0.0647
0, 0.9907, 0.0093
1, 0.0844, 0.9156
1, 0.0109, 0.9891
1, 0.0633, 0.9367
1, 0.0848, 0.9152
1, 0.0413, 0.9587
1, 0.1538, 0.8462
1, 0.2815, 0.7185
1, 0.0124, 0.9876
1, 0.0162, 0.9838
1, 0.0231, 0.9769
1, 0.0053, 0.9947
1, 0.0207, 0.9793
1, 0.0159, 0.9841
1, 0.0043, 0.9957
1, 0.0044, 0.9956
0, 0.9899, 0.0101
1, 0.005, 0.995
1, 0.0782, 0.9218
0, 0.9948, 0.0052
0, 0.9664, 0.0336
0, 0.9464, 0.0536
0, 0.9954, 0.0046
0, 0.9892, 0.0108
0, 0.9941, 0.0059
0, 0.633, 0.367
0, 0.9955, 0.0045
0, 0.9532, 0.0468
0, 0.9768, 0.0232
0, 0.9858, 0.0142
0, 0.9924, 0.0076
0, 0.993, 0.007
0, 0.9638, 0.0362
0, 0.9932, 0.0068
0, 0.993, 0.007
0, 0.853, 0.147
0, 0.8276, 0.1724
1, 0.3196, 0.6804
1, 0.0085, 0.9915
0, 0.9964, 0.0036
0, 0.9963, 0.0037
0, 0.9667, 0.0333
0, 0.9632, 0.0368
0, 0.9633, 0.0367
0, 0.9923, 0.0077
0, 0.9942, 0.0058
0, 0.9963, 0.0037
0, 0.9646, 0.0354
0, 0.9963, 0.0037
1, 0.3193, 0.6807
0, 0.9961, 0.0039
0, 0.996, 0.004
0, 0.9668, 0.0332
0, 0.9968, 0.0032
0, 0.9804, 0.0196
1, 0.3172, 0.6828
0, 0.9668, 0.0332
1, 0.3549, 0.6451
0, 0.9639, 0.0361
0, 0.9578, 0.0422
0, 0.9958, 0.0042
0, 0.9894, 0.0106
0, 0.9916, 0.0084
1, 0.3178, 0.6822
0, 0.9649, 0.0351
0, 0.8361, 0.1639
0, 0.9948, 0.0052
0, 0.8613, 0.1387
0, 0.9949, 0.0051
1, 0.1312, 0.8688
0, 0.9963, 0.0037
0, 0.9669, 0.0331
0, 0.9343, 0.0657
0, 0.9967, 0.0033
1, 0.3189, 0.6811
0, 0.9698, 0.0302
0, 0.9932, 0.0068
0, 0.9734, 0.0266
0, 0.9962, 0.0038
0, 0.9962, 0.0038
0, 0.9881, 0.0119
0, 0.9924, 0.0076
0, 0.9813, 0.0187
0, 0.9959, 0.0041
0, 0.9856, 0.0144
0, 0.9686, 0.0314
0, 0.9962, 0.0038
0, 0.994, 0.006
0, 0.9954, 0.0046
0, 0.9933, 0.0067
0, 0.9878, 0.0122
0, 0.9879, 0.0121
1, 0.0524, 0.9476
0, 0.8615, 0.1385
0, 0.6185, 0.3815
0, 0.8303, 0.1697
0, 0.7355, 0.2645
0, 0.9696, 0.0304
1, 0.2258, 0.7742
0, 0.8937, 0.1063
0, 0.905, 0.095
0, 0.9077, 0.0923
0, 0.8682, 0.1318
0, 0.8934, 0.1066
0, 0.981, 0.019
0, 0.9815, 0.0185
0, 0.905, 0.095
0, 0.8674, 0.1326
0, 0.848, 0.152
1, 0.9647, 0.0353
0, 0.9821, 0.0179
0, 0.9393, 0.0607
0, 0.9974, 0.0026
0, 0.9974, 0.0026
0, 0.9974, 0.0026
0, 0.9965, 0.0035
0, 0.9972, 0.0028
0, 0.9972, 0.0028
0, 0.9927, 0.0073
0, 0.9927, 0.0073
0, 0.9927, 0.0073
0, 0.9927, 0.0073
0, 0.9927, 0.0073
0, 0.9927, 0.0073
0, 0.9927, 0.0073
0, 0.9927, 0.0073
0, 0.978, 0.022
0, 0.8947, 0.1053
0, 0.8384, 0.1616
0, 0.9621, 0.0379
0, 0.867, 0.133
0, 0.9139, 0.0861
0, 0.8721, 0.1279
0, 0.9052, 0.0948
0, 0.9719, 0.0281
1, 0.0001, 0.9999
0, 0.9817, 0.0183
0, 0.7862, 0.2138
0, 0.939, 0.061
0, 0.9395, 0.0605
0, 0.7329, 0.2671
0, 0.9392, 0.0608
0, 0.9635, 0.0365
1, 0.0059, 0.9941
0, 0.8712, 0.1288
1, 0.1189, 0.8811
1, 0.0031, 0.9969
0, 0.9333, 0.0667
0, 0.9732, 0.0268
0, 0.994, 0.006
0, 0.99, 0.01
0, 0.9685, 0.0315
0, 0.9895, 0.0105
0, 0.9901, 0.0099
0, 0.7085, 0.2915
0, 0.9859, 0.0141
0, 0.984, 0.016
0, 0.9526, 0.0474
0, 0.9576, 0.0424
0, 0.9541, 0.0459
0, 0.9938, 0.0062
0, 0.9718, 0.0282
0, 0.9781, 0.0219
0, 0.9938, 0.0062
0, 0.9705, 0.0295
0, 0.9734, 0.0266
0, 0.9728, 0.0272
0, 0.9717, 0.0283
0, 0.9736, 0.0264
0, 0.9728, 0.0272
0, 0.9726, 0.0274
0, 0.9722, 0.0278
0, 0.9728, 0.0272
0, 0.9725, 0.0275
0, 0.9711, 0.0289
0, 0.9728, 0.0272
0, 0.9742, 0.0258
0, 0.9707, 0.0293
0, 0.9709, 0.0291
0, 0.972, 0.028
0, 0.9713, 0.0287
0, 0.9605, 0.0395
0, 0.9936, 0.0064
0, 0.9717, 0.0283
0, 0.9853, 0.0147
0, 0.9722, 0.0278
0, 0.9725, 0.0275
0, 0.9813, 0.0187
0, 0.9742, 0.0258
0, 0.9718, 0.0282
0, 0.9766, 0.0234
0, 0.8998, 0.1002
0, 0.9597, 0.0403
0, 0.9631, 0.0369
1, 0.0925, 0.9075
1, 0.0941, 0.9059
1, 0.0585, 0.9415
1, 0.0856, 0.9144
1, 0.0885, 0.9115
1, 0.0686, 0.9314
0, 0.9701, 0.0299
0, 0.9727, 0.0273
0, 0.9715, 0.0285
0, 0.9727, 0.0273
0, 0.9688, 0.0312
0, 0.9701, 0.0299
0, 0.9713, 0.0287
0, 0.9709, 0.0291
0, 0.9699, 0.0301
0, 0.9922, 0.0078
0, 0.9931, 0.0069
0, 0.9917, 0.0083
0, 0.9285, 0.0715
0, 0.9324, 0.0676
0, 0.9032, 0.0968
0, 0.9092, 0.0908
0, 0.9402, 0.0598
0, 0.9092, 0.0908
0, 0.8841, 0.1159
0, 0.9574, 0.0426
0, 0.9249, 0.0751
0, 0.9024, 0.0976
0, 0.9036, 0.0964
0, 0.9558, 0.0442
0, 0.9607, 0.0393
0, 0.9173, 0.0827
0, 0.9569, 0.0431
0, 0.9143, 0.0857
0, 0.8656, 0.1344
0, 0.9334, 0.0666
0, 0.9037, 0.0963
0, 0.8721, 0.1279
0, 0.9012, 0.0988
0, 0.9128, 0.0872
0, 0.9293, 0.0707
0, 0.9173, 0.0827
0, 0.8934, 0.1066
0, 0.9135, 0.0865
0, 0.8678, 0.1322
0, 0.9302, 0.0698
0, 0.9135, 0.0865
0, 0.9037, 0.0963
0, 0.9159, 0.0841
0, 0.9036, 0.0964
0, 0.9209, 0.0791
0, 0.8833, 0.1167
0, 0.915, 0.085
0, 0.8833, 0.1167
0, 0.9091, 0.0909
0, 0.9177, 0.0823
1, 0.1923, 0.8077
0, 0.9434, 0.0566
0, 0.9556, 0.0444
0, 0.9576, 0.0424
1, 0.0348, 0.9652
1, 0.04, 0.96
1, 0.0435, 0.9565
1, 0.0275, 0.9725
1, 0.0268, 0.9732
1, 0.0357, 0.9643
1, 0.0338, 0.9662
1, 0.0476, 0.9524
1, 0.1019, 0.8981
0, 0.5382, 0.4618
1, 0.1316, 0.8684
1, 0.1271, 0.8729
1, 0.0973, 0.9027
1, 0.1795, 0.8205
0, 0.7394, 0.2606
1, 0.1383, 0.8617
0, 0.4871, 0.5129
1, 0.1528, 0.8472
1, 0.1255, 0.8745
1, 0.1515, 0.8485
1, 0.145, 0.855
1, 0.1232, 0.8768
0, 0.7126, 0.2874
1, 0.0647, 0.9353
1, 0.1346, 0.8654
1, 0.0999, 0.9001
1, 0.0322, 0.9678
1, 0.1414, 0.8586
1, 0.0654, 0.9346
1, 0.1398, 0.8602
1, 0.1414, 0.8586
1, 0.0153, 0.9847
1, 0.0861, 0.9139
0, 0.7396, 0.2604
1, 0.1564, 0.8436
1, 0.0897, 0.9103
1, 0.1148, 0.8852
1, 0.1374, 0.8626
1, 0.084, 0.916
1, 0.1136, 0.8864
1, 0.0766, 0.9234
1, 0.0897, 0.9103
1, 0.0772, 0.9228
1, 0.0912, 0.9088
1, 0.1373, 0.8627
1, 0.112, 0.888
1, 0.0771, 0.9229
1, 0.1381, 0.8619
1, 0.1162, 0.8838
1, 0.1326, 0.8674
0, 0.7396, 0.2604
1, 0.1383, 0.8617
1, 0.0824, 0.9176
1, 0.0976, 0.9024
1, 0.1559, 0.8441
1, 0.1078, 0.8922
1, 0.1224, 0.8776
1, 0.1426, 0.8574
1, 0.0595, 0.9405
1, 0.1365, 0.8635
1, 0.1142, 0.8858
1, 0.1217, 0.8783
1, 0.1231, 0.8769
1, 0.104, 0.896
1, 0.1199, 0.8801
1, 0.1147, 0.8853
1, 0.0997, 0.9003
1, 0.069, 0.931
1, 0.0718, 0.9282
1, 0.1189, 0.8811
1, 0.0941, 0.9059
1, 0.1147, 0.8853
1, 0.1231, 0.8769
1, 0.1147, 0.8853
1, 0.0476, 0.9524
1, 0.0844, 0.9156
1, 0.0476, 0.9524
1, 0.3193, 0.6807
1, 0.0735, 0.9265
1, 0.1147, 0.8853
1, 0.0736, 0.9264
1, 0.1795, 0.8205
1, 0.0824, 0.9176
1, 0.0268, 0.9732
1, 0.1414, 0.8586
1, 0.0085, 0.9915
1, 0.0357, 0.9643
1, 0.3193, 0.6807
1, 0.084, 0.916
1, 0.0476, 0.9524
1, 0.0159, 0.9841
1, 0.0824, 0.9176
1, 0.1923, 0.8077
1, 0.0824, 0.9176
1, 0.0059, 0.9941
1, 0.0686, 0.9314
1, 0.0824, 0.9176
1, 0.3172, 0.6828
1, 0.0476, 0.9524
1, 0.0686, 0.9314
1, 0.0124, 0.9876
1, 0.104, 0.896
1, 0.0348, 0.9652
1, 0.145, 0.855
1, 0.0772, 0.9228
1, 0.0736, 0.9264
1, 0.0124, 0.9876
1, 0.0124, 0.9876
1, 0.0348, 0.9652
1, 0.0207, 0.9793
1, 0.0856, 0.9144
1, 0.9647, 0.0353
1, 0.0476, 0.9524
1, 0.0124, 0.9876
1, 0.0159, 0.9841
1, 0.1189, 0.8811
1, 0.0824, 0.9176
1, 0.0159, 0.9841
1, 0.1383, 0.8617
1, 0.1398, 0.8602
1, 0.0221, 0.9779
1, 0.1515, 0.8485
1, 0.3178, 0.6822
1, 0.0736, 0.9264
1, 0.0413, 0.9587
1, 0.145, 0.855
1, 0.1398, 0.8602
1, 0.0348, 0.9652
1, 0.0999, 0.9001
1, 0.0861, 0.9139
1, 0.0735, 0.9265
1, 0.0153, 0.9847
1, 0.1414, 0.8586
1, 0.1426, 0.8574
1, 0.0686, 0.9314
1, 0.0747, 0.9253
1, 0.1515, 0.8485
1, 0.0059, 0.9941
1, 0.0006, 0.9994
1, 0.2815, 0.7185
1, 0.1398, 0.8602
1, 0.2258, 0.7742
1, 0.1189, 0.8811
1, 0.0085, 0.9915
1, 0.0856, 0.9144
1, 0.0001, 0.9999
1, 0.1271, 0.8729
1, 0.104, 0.896
1, 0.1398, 0.8602
1, 0.1795, 0.8205
1, 0.1147, 0.8853
1, 0.0997, 0.9003
1, 0.0736, 0.9264
1, 0.1398, 0.8602
1, 0.0085, 0.9915
1, 0.3193, 0.6807
1, 0.0207, 0.9793
1, 0.0159, 0.9841
1, 0.0085, 0.9915
1, 0.0221, 0.9779
1, 0.0595, 0.9405
1, 0.0736, 0.9264
1, 0.1365, 0.8635
1, 0.1528, 0.8472
1, 0.0718, 0.9282
1, 0.0001, 0.9999
1, 0.1383, 0.8617
1, 0.0686, 0.9314
1, 0.0476, 0.9524
1, 0.0824, 0.9176
1, 0.2815, 0.7185
1, 0.9647, 0.0353
1, 0.0941, 0.9059
1, 0.0275, 0.9725
1, 0.3178, 0.6822
1, 0.1312, 0.8688
1, 0.0973, 0.9027
1, 0.1255, 0.8745
1, 0.0999, 0.9001
1, 0.0006, 0.9994
1, 0.0997, 0.9003
1, 0.0999, 0.9001
1, 0.0159, 0.9841
1, 0.1148, 0.8852
1, 0.1147, 0.8853
1, 0.0747, 0.9253
1, 0.0476, 0.9524
1, 0.0735, 0.9265
1, 0.0772, 0.9228
1, 0.0654, 0.9346
1, 0.0747, 0.9253
1, 0.0736, 0.9264
1, 0.0044, 0.9956
1, 0.0085, 0.9915
1, 0.1147, 0.8853
1, 0.0736, 0.9264
1, 0.0997, 0.9003
1, 0.1147, 0.8853
1, 0.005, 0.995
1, 0.1148, 0.8852
1, 0.2258, 0.7742
1, 0.0275, 0.9725
1, 0.0109, 0.9891
1, 0.0718, 0.9282
1, 0.1398, 0.8602
1, 0.0053, 0.9947
1, 0.1147, 0.8853
1, 0.1312, 0.8688
1, 0.1398, 0.8602
1, 0.0666, 0.9334
1, 0.3193, 0.6807
1, 0.3178, 0.6822
1, 0.1374, 0.8626
1, 0.0772, 0.9228
1, 0.0322, 0.9678
