0, 0, 0, 1.0, 109, 0.9909090909090909, 1.0, 1.0, 1, 1, 0.00909090909090909, 0.0, 221, 15, 0, 0, 0, 92, 0.0, 0.2, 30
0, 0, 0, 0.9009778503489665, 63, 2.290909090909091, 1.0, 1.0, 2, 1, 0.03636363636363636, 0.0, 219, 23, 0, 0, 0, 86, 0.0, 0.043478260869565216, 30
0, 0, 0, 0.9009778503489665, 63, 2.290909090909091, 1.0, 1.0, 2, 1, 0.03636363636363636, 0.0, 220, 23, 0, 0, 0, 83, 0.0, 0.043478260869565216, 30
0, 0, 1, 0.9610288534399354, 96, 1.7454545454545454, 0.14545454545454545, 1.0, 1, 1, 0.01818181818181818, 0.1, 216, 9, 0, 0, 0, 67, 0.0, 0.0, 30
0, 0, 0, 1.0, 109, 0.9909090909090909, 1.0, 1.0, 1, 1, 0.00909090909090909, 0.0, 222, 5, 1, 0, 2, 59, 0.0, 0.0, 30
0, 0, 0, 1.0, 109, 0.9909090909090909, 1.0, 1.0, 1, 1, 0.00909090909090909, 0.0, 215, 5, 1, 0, 2, 52, 0.0, 0.2, 30
0, 0, 1, 0.9356245490391276, 76, 2.0727272727272728, 0.45454545454545453, 1.0, 2, 1, 0.02727272727272727, 0.05, 177, 11, 1, 0, 13, 56, 0.18181818181818182, 0.2727272727272727, 30
0, 0, 0, 0.9616304791768271, 101, 2.7545454545454544, 0.9818181818181818, 1.0, 2, 1, 0.02727272727272727, 0.0, 96, 5, 1, 0, 12, 34, 0.2, 0.0, 30
0, 0, 0, 0.9616304791768271, 101, 2.7545454545454544, 0.9818181818181818, 1.0, 2, 1, 0.02727272727272727, 0.0, 95, 5, 1, 0, 12, 34, 0.2, 0.0, 30
0, 0, 0, 0.9616304791768271, 101, 2.7545454545454544, 0.9818181818181818, 1.0, 2, 1, 0.02727272727272727, 0.0, 227, 5, 0, 0, 0, 49, 0.0, 0.0, 30
0, 0, 0, 0.9616304791768271, 101, 2.7545454545454544, 0.9818181818181818, 1.0, 2, 1, 0.02727272727272727, 0.0, 206, 5, 0, 0, 0, 35, 0.0, 0.0, 30
0, 0, 0, 0.9616304791768271, 101, 2.7545454545454544, 0.9818181818181818, 1.0, 2, 1, 0.02727272727272727, 0.0, 224, 5, 1, 0, 7, 26, 0.0, 0.0, 30
0, 0, 0, 0.9616304791768271, 101, 2.7545454545454544, 0.9818181818181818, 1.0, 2, 1, 0.02727272727272727, 0.0, 226, 5, 0, 0, 0, 47, 0.0, 0.2, 30
0, 0, 0, 0.9616304791768271, 101, 2.7545454545454544, 0.9818181818181818, 1.0, 2, 1, 0.02727272727272727, 0.0, 232, 5, 0, 0, 0, 58, 0.4, 0.0, 30
0, 0, 0, 0.9616304791768271, 101, 2.7545454545454544, 0.9818181818181818, 1.0, 2, 1, 0.02727272727272727, 0.0, 225, 7, 0, 0, 0, 75, 0.0, 0.14285714285714285, 30
0, 0, 0, 1.0, 109, 0.9909090909090909, 1.0, 1.0, 1, 1, 0.00909090909090909, 0.0, 206, 5, 0, 0, 0, 36, 0.0, 0.0, 30
0, 0, 0, 1.0, 109, 0.9909090909090909, 1.0, 1.0, 1, 1, 0.00909090909090909, 0.0, 225, 13, 0, 0, 0, 75, 0.15384615384615385, 0.07692307692307693, 30
0, 0, 0, 1.0, 109, 0.9909090909090909, 1.0, 1.0, 1, 1, 0.00909090909090909, 0.0, 96, 5, 1, 0, 12, 39, 0.2, 0.0, 30
0, 0, 1, 0.9014869402159108, 64, 1.1636363636363636, 0.34545454545454546, 1.0, 2, 13, 0.01818181818181818, 0.05, 226, 5, 0, 0, 0, 48, 0.0, 0.2, 30
0, 0, 0, 1.0, 109, 0.9909090909090909, 1.0, 1.0, 1, 1, 0.00909090909090909, 0.0, 224, 5, 1, 0, 7, 27, 0.0, 0.0, 30
0, 0, 0, 1.0, 109, 0.9909090909090909, 1.0, 1.0, 1, 1, 0.00909090909090909, 0.0, 95, 5, 1, 0, 12, 39, 0.2, 0.0, 30
0, 0, 0, 1.0, 109, 0.9909090909090909, 1.0, 1.0, 1, 1, 0.00909090909090909, 0.0, 38, 5, 0, 0, 0, 52, 0.0, 0.0, 30
0, 0, 0, 1.0, 109, 0.9909090909090909, 1.0, 1.0, 1, 1, 0.00909090909090909, 0.0, 37, 5, 0, 0, 0, 52, 0.0, 0.0, 30
0, 0, 0, 1.0, 109, 0.9909090909090909, 1.0, 1.0, 1, 1, 0.00909090909090909, 0.0, 68, 5, 0, 0, 0, 55, 0.0, 0.0, 30
0, 0, 0, 1.0, 109, 0.9909090909090909, 1.0, 1.0, 1, 1, 0.00909090909090909, 0.0, 201, 5, 0, 0, 0, 33, 0.0, 0.2, 30
0, 0, 0, 1.0, 109, 0.9909090909090909, 1.0, 1.0, 1, 1, 0.00909090909090909, 0.0, 200, 9, 1, 0, 2, 84, 0.0, 0.0, 30
0, 0, 0, 1.0, 109, 0.9909090909090909, 1.0, 1.0, 1, 1, 0.00909090909090909, 0.0, 229, 5, 1, 0, 2, 41, 0.0, 0.2, 30
0, 0, 0, 1.0, 109, 0.9909090909090909, 1.0, 1.0, 1, 1, 0.00909090909090909, 0.0, 231, 11, 0, 0, 0, 117, 0.0, 0.09090909090909091, 30
0, 0, 0, 1.0, 109, 0.9909090909090909, 1.0, 1.0, 1, 1, 0.00909090909090909, 0.0, 97, 5, 1, 0, 11, 29, 0.0, 0.0, 30
0, 0, 0, 1.0, 109, 0.9909090909090909, 1.0, 1.0, 1, 1, 0.00909090909090909, 0.0, 228, 39, 2, 0, 2, 84, 0.15384615384615385, 0.20512820512820512, 30
0, 0, 0, 1.0, 109, 0.9909090909090909, 1.0, 1.0, 1, 1, 0.00909090909090909, 0.0, 230, 7, 0, 0, 0, 28, 0.0, 0.14285714285714285, 30
0, 0, 1, 0.9356245490391276, 76, 2.0727272727272728, 0.44545454545454544, 1.0, 2, 1, 0.02727272727272727, 0.05, 210, 9, 0, 1, 0, 44, 0.0, 0.0, 30
0, 0, 0, 0.9002296500753939, 56, 1.018181818181818, 1.0, 1.0, 1, 1, 0.01818181818181818, 0.0, 33, 15, 0, 0, 0, 48, 0.0, 0.06666666666666667, 30
0, 0, 0, 1.0, 109, 0.9909090909090909, 1.0, 1.0, 1, 1, 0.00909090909090909, 0.0, 21, 5, 0, 0, 0, 22, 0.0, 0.0, 30
0, 0, 0, 1.0, 109, 0.9909090909090909, 1.0, 1.0, 1, 1, 0.00909090909090909, 0.0, 182, 5, 0, 0, 0, 37, 0.0, 0.0, 30
0, 1, 0, 0.0, 0, 0.0, 1.0, 0.9449760765550239, 1, 1, 0.01818181818181818, 0.05, 173, 7, 0, 0, 0, 42, 0.0, 0.0, 30
0, 1, 0, 0.20332825431651674, 7, 0.12727272727272726, 1.0, 0.9998280267295597, 2, 15, 0.01818181818181818, 0.05, 124, 5, 0, 0, 0, 47, 0.0, 0.0, 30
0, 0, 0, 1.0, 109, 0.9909090909090909, 1.0, 1.0, 1, 1, 0.00909090909090909, 0.0, 11, 13, 0, 0, 0, 67, 0.0, 0.23076923076923078, 30
0, 0, 0, 1.0, 109, 0.9909090909090909, 1.0, 1.0, 1, 1, 0.00909090909090909, 0.0, 183, 5, 1, 1, 22, 62, 0.0, 0.0, 30
0, 0, 0, 1.0, 109, 0.9909090909090909, 1.0, 1.0, 1, 1, 0.00909090909090909, 0.0, 191, 7, 0, 0, 0, 62, 0.0, 0.2857142857142857, 30
0, 0, 0, 1.0, 109, 0.9909090909090909, 1.0, 1.0, 1, 1, 0.00909090909090909, 0.0, 173, 7, 1, 1, 22, 48, 0.0, 0.0, 30
0, 0, 0, 1.0, 109, 0.9909090909090909, 1.0, 1.0, 1, 1, 0.00909090909090909, 0.0, 192, 7, 1, 1, 22, 62, 0.0, 0.0, 30
0, 0, 0, 1.0, 109, 0.9909090909090909, 1.0, 1.0, 1, 1, 0.00909090909090909, 0.0, 194, 9, 1, 1, 22, 53, 0.0, 0.0, 30
0, 0, 0, 0.9616304791768271, 101, 2.7545454545454544, 0.9818181818181818, 1.0, 2, 1, 0.02727272727272727, 0.0, 243, 9, 0, 0, 0, 47, 0.0, 0.1111111111111111, 30
0, 0, 0, 0.9616304791768271, 101, 2.7545454545454544, 0.9818181818181818, 1.0, 2, 1, 0.02727272727272727, 0.0, 254, 9, 0, 0, 0, 60, 0.0, 0.1111111111111111, 30
0, 1, 0, 0.20332825431651674, 7, 0.12727272727272726, 1.0, 0.9998280267295597, 2, 15, 0.01818181818181818, 0.05, 126, 5, 0, 0, 0, 47, 0.0, 0.0, 30
0, 0, 0, 0.9616304791768271, 101, 2.7545454545454544, 0.9818181818181818, 1.0, 2, 1, 0.02727272727272727, 0.0, 253, 13, 1, 1, 22, 126, 0.0, 0.07692307692307693, 30
0, 0, 0, 1.0, 109, 0.9909090909090909, 1.0, 1.0, 1, 1, 0.00909090909090909, 0.0, 208, 5, 0, 0, 0, 66, 0.0, 0.0, 30
0, 0, 1, 0.9719922152951812, 102, 1.8545454545454545, 0.03636363636363636, 1.0, 2, 14, 0.01818181818181818, 0.1, 178, 23, 0, 0, 0, 80, 0.13043478260869565, 0.08695652173913043, 30
0, 0, 0, 1.0, 109, 0.9909090909090909, 1.0, 1.0, 1, 1, 0.00909090909090909, 0.0, 195, 5, 0, 0, 0, 49, 0.0, 0.2, 30
0, 0, 0, 1.0, 109, 0.9909090909090909, 1.0, 1.0, 1, 1, 0.00909090909090909, 0.0, 233, 11, 0, 0, 0, 65, 0.0, 0.18181818181818182, 30
0, 0, 0, 0.7464954890902135, 36, 1.9636363636363636, 1.0, 0.9999999999995831, 2, 1, 0.05454545454545454, 0.0, 153, 55, 0, 0, 0, 98, 0.01818181818181818, 0.07272727272727272, 30
0, 0, 0, 0.8611480735749993, 48, 3.0545454545454542, 1.0, 0.9999999999999998, 2, 14, 0.06363636363636363, 0.0, 2, 41, 0, 0, 0, 97, 0.04878048780487805, 0.0, 30
0, 0, 0, 0.9004624155726034, 57, 5.181818181818182, 1.0, 1.0, 3, 1, 0.09090909090909091, 0.0, 41, 25, 0, 0, 0, 80, 0.0, 0.04, 30
0, 0, 0, 1.0, 109, 0.9909090909090909, 1.0, 1.0, 1, 1, 0.00909090909090909, 0.0, 27, 37, 0, 0, 0, 91, 0.0, 0.05405405405405406, 30
0, 0, 0, 0.9009778503489665, 63, 2.290909090909091, 1.0, 1.0, 2, 1, 0.03636363636363636, 0.0, 237, 17, 0, 0, 0, 119, 0.0, 0.23529411764705882, 30
0, 0, 0, 1.0, 109, 0.9909090909090909, 1.0, 1.0, 1, 1, 0.00909090909090909, 0.0, 181, 7, 1, 1, 22, 41, 0.0, 0.0, 30
0, 0, 0, 0.9616304791768271, 101, 2.7545454545454544, 0.9818181818181818, 1.0, 2, 1, 0.02727272727272727, 0.0, 243, 7, 1, 1, 22, 56, 0.0, 0.0, 30
0, 0, 0, 1.0, 109, 0.9909090909090909, 1.0, 1.0, 1, 1, 0.00909090909090909, 0.0, 214, 5, 0, 0, 0, 39, 0.0, 0.0, 30
0, 0, 0, 0.9616304791768271, 101, 2.7545454545454544, 0.9818181818181818, 1.0, 2, 1, 0.02727272727272727, 0.0, 245, 7, 1, 1, 22, 57, 0.0, 0.0, 30
0, 0, 0, 1.0, 109, 0.9909090909090909, 1.0, 1.0, 1, 1, 0.00909090909090909, 0.0, 188, 7, 1, 0, 2, 64, 0.0, 0.2857142857142857, 30
0, 0, 0, 0.9009778503489665, 63, 3.436363636363636, 0.9818181818181818, 1.0, 3, 1, 0.05454545454545454, 0.0, 249, 5, 1, 1, 22, 111, 0.0, 0.0, 30
0, 0, 0, 1.0, 109, 0.9909090909090909, 1.0, 1.0, 1, 1, 0.00909090909090909, 0.0, 236, 5, 1, 0, 2, 25, 0.0, 0.0, 30
0, 0, 0, 1.0, 109, 0.9909090909090909, 1.0, 1.0, 1, 1, 0.00909090909090909, 0.0, 158, 9, 0, 0, 0, 39, 0.0, 0.1111111111111111, 30
0, 0, 0, 0.9616304791768271, 101, 2.7545454545454544, 0.9818181818181818, 1.0, 2, 1, 0.02727272727272727, 0.0, 247, 7, 1, 1, 22, 59, 0.0, 0.0, 30
0, 0, 0, 1.0, 109, 0.9909090909090909, 1.0, 1.0, 1, 1, 0.00909090909090909, 0.0, 181, 7, 0, 0, 0, 96, 0.0, 0.14285714285714285, 30
0, 0, 0, 0.9004624155726034, 57, 3.627272727272727, 1.0, 1.0, 2, 1, 0.06363636363636363, 0.0, 125, 21, 0, 0, 0, 46, 0.09523809523809523, 0.09523809523809523, 30
0, 0, 0, 1.0, 109, 0.9909090909090909, 1.0, 1.0, 1, 1, 0.00909090909090909, 0.0, 207, 7, 1, 1, 22, 81, 0.0, 0.0, 30
0, 0, 0, 0.9616304791768271, 101, 2.7545454545454544, 0.9818181818181818, 1.0, 2, 1, 0.02727272727272727, 0.0, 245, 9, 0, 0, 0, 49, 0.0, 0.1111111111111111, 30
0, 1, 0, 0.20332825431651674, 7, 0.12727272727272726, 1.0, 0.9984638342696629, 2, 15, 0.01818181818181818, 0.05, 104, 7, 1, 0, 12, 47, 0.14285714285714285, 0.0, 30
0, 1, 0, 0.20332825431651674, 7, 0.12727272727272726, 1.0, 0.9984638342696629, 2, 15, 0.01818181818181818, 0.05, 106, 7, 1, 0, 12, 47, 0.14285714285714285, 0.0, 30
0, 0, 0, 0.9616304791768271, 101, 2.7545454545454544, 0.9818181818181818, 1.0, 2, 1, 0.02727272727272727, 0.0, 250, 5, 1, 1, 22, 90, 0.0, 0.0, 30
0, 0, 0, 1.0, 109, 0.9909090909090909, 1.0, 1.0, 1, 1, 0.00909090909090909, 0.0, 109, 5, 0, 0, 0, 48, 0.0, 0.2, 30
0, 0, 0, 1.0, 109, 0.9909090909090909, 1.0, 1.0, 1, 1, 0.00909090909090909, 0.0, 182, 7, 1, 1, 22, 43, 0.0, 0.0, 30
0, 0, 0, 0.9616304791768271, 101, 2.7545454545454544, 0.9818181818181818, 1.0, 2, 1, 0.02727272727272727, 0.0, 257, 7, 1, 1, 22, 50, 0.0, 0.0, 30
0, 0, 0, 1.0, 109, 0.9909090909090909, 1.0, 1.0, 1, 1, 0.00909090909090909, 0.0, 0, 25, 0, 0, 0, 67, 0.0, 0.12, 30
0, 0, 0, 0.9616304791768271, 101, 2.7545454545454544, 0.9818181818181818, 1.0, 2, 1, 0.02727272727272727, 0.0, 247, 13, 0, 0, 0, 65, 0.0, 0.15384615384615385, 30
0, 0, 0, 1.0, 109, 0.9909090909090909, 1.0, 1.0, 1, 1, 0.00909090909090909, 0.0, 202, 9, 0, 0, 0, 52, 0.0, 0.2222222222222222, 30
0, 0, 0, 1.0, 109, 0.9909090909090909, 1.0, 1.0, 1, 1, 0.00909090909090909, 0.0, 201, 5, 0, 0, 0, 45, 0.0, 0.0, 30
0, 0, 0, 1.0, 109, 0.9909090909090909, 1.0, 1.0, 1, 1, 0.00909090909090909, 0.0, 107, 5, 0, 0, 0, 46, 0.0, 0.0, 30
0, 0, 0, 0.9002296500753939, 56, 3.5636363636363635, 1.0, 1.0, 3, 1, 0.06363636363636363, 0.0, 189, 15, 0, 0, 0, 113, 0.06666666666666667, 0.13333333333333333, 30
0, 1, 0, 0.0, 0, 0.0, 1.0, 0.9427860696517413, 1, 1, 0.01818181818181818, 0.05, 172, 7, 0, 0, 0, 40, 0.0, 0.0, 30
0, 0, 0, 0.9616304791768271, 101, 2.7545454545454544, 0.9818181818181818, 1.0, 2, 1, 0.02727272727272727, 0.0, 252, 7, 1, 1, 22, 46, 0.0, 0.0, 30
0, 0, 0, 0.9616304791768271, 101, 2.7545454545454544, 0.9818181818181818, 1.0, 2, 1, 0.02727272727272727, 0.0, 258, 5, 0, 0, 0, 50, 0.0, 0.2, 30
0, 0, 0, 0.9616304791768271, 101, 3.6727272727272724, 1.0, 1.0, 3, 1, 0.03636363636363636, 0.0, 62, 7, 1, 1, 1, 66, 0.0, 0.0, 30
0, 0, 0, 1.0, 109, 0.9909090909090909, 1.0, 1.0, 1, 1, 0.00909090909090909, 0.0, 193, 7, 1, 1, 22, 49, 0.0, 0.0, 30
0, 0, 0, 0.9616304791768271, 101, 4.590909090909091, 1.0, 1.0, 3, 1, 0.045454545454545456, 0.0, 185, 55, 0, 0, 0, 116, 0.07272727272727272, 0.14545454545454545, 30
0, 0, 1, 0.9356245490391276, 76, 2.0727272727272728, 0.44545454545454544, 1.0, 2, 1, 0.02727272727272727, 0.05, 209, 7, 1, 1, 2, 30, 0.0, 0.0, 30
0, 0, 0, 0.9616304791768271, 101, 4.590909090909091, 1.0, 1.0, 3, 1, 0.045454545454545456, 0.0, 42, 21, 0, 0, 0, 52, 0.0, 0.0, 30
0, 0, 0, 0.9004624155726034, 57, 3.109090909090909, 1.0, 1.0, 2, 1, 0.05454545454545454, 0.0, 26, 11, 0, 0, 0, 65, 0.0, 0.0, 30
0, 0, 0, 1.0, 109, 0.9909090909090909, 1.0, 1.0, 1, 1, 0.00909090909090909, 0.0, 196, 5, 0, 0, 0, 45, 0.0, 0.2, 30
0, 0, 0, 1.0, 109, 0.9909090909090909, 1.0, 1.0, 1, 1, 0.00909090909090909, 0.0, 200, 5, 1, 0, 2, 40, 0.0, 0.0, 30
0, 0, 0, 1.0, 109, 0.9909090909090909, 1.0, 1.0, 1, 1, 0.00909090909090909, 0.0, 204, 7, 1, 1, 22, 47, 0.0, 0.0, 30
0, 0, 0, 0.9009778503489665, 63, 3.436363636363636, 0.9818181818181818, 1.0, 3, 1, 0.05454545454545454, 0.0, 248, 5, 1, 1, 22, 106, 0.0, 0.0, 30
0, 0, 0, 1.0, 109, 0.9909090909090909, 1.0, 1.0, 1, 1, 0.00909090909090909, 0.0, 172, 7, 1, 1, 22, 46, 0.0, 0.0, 30
0, 0, 0, 1.0, 109, 0.9909090909090909, 1.0, 1.0, 1, 1, 0.00909090909090909, 0.0, 122, 5, 1, 0, 2, 78, 0.4, 0.4, 30
0, 0, 0, 0.9616304791768271, 101, 2.7545454545454544, 0.9818181818181818, 1.0, 2, 1, 0.02727272727272727, 0.0, 251, 17, 0, 0, 0, 78, 0.0, 0.11764705882352941, 30
0, 0, 0, 1.0, 109, 0.9909090909090909, 1.0, 1.0, 1, 1, 0.00909090909090909, 0.0, 184, 5, 1, 1, 22, 61, 0.0, 0.0, 30
0, 0, 0, 1.0, 109, 0.9909090909090909, 1.0, 1.0, 1, 1, 0.00909090909090909, 0.0, 212, 13, 0, 0, 0, 95, 0.0, 0.0, 30
0, 0, 0, 0.7568661365982003, 38, 2.7636363636363637, 1.0, 0.9999999999990977, 3, 1, 0.07272727272727272, 0.0, 8, 43, 3, 0, 2, 96, 0.046511627906976744, 0.09302325581395349, 30
0, 0, 0, 1.0, 109, 0.9909090909090909, 1.0, 1.0, 1, 1, 0.00909090909090909, 0.0, 213, 5, 0, 0, 0, 42, 0.0, 0.0, 30
0, 0, 0, 0.9616304791768271, 101, 2.7545454545454544, 0.9818181818181818, 1.0, 2, 1, 0.02727272727272727, 0.0, 255, 9, 0, 0, 0, 61, 0.0, 0.1111111111111111, 30
0, 0, 0, 0.936124513643088, 80, 2.909090909090909, 0.9818181818181818, 1.0, 2, 1, 0.03636363636363636, 0.0, 256, 9, 0, 0, 0, 56, 0.0, 0.1111111111111111, 30
0, 0, 0, 1.0, 109, 0.9909090909090909, 1.0, 1.0, 1, 1, 0.00909090909090909, 0.0, 96, 5, 1, 0, 12, 52, 0.0, 0.0, 30
0, 0, 0, 1.0, 109, 0.9909090909090909, 1.0, 1.0, 1, 1, 0.00909090909090909, 0.0, 225, 23, 0, 0, 0, 75, 0.08695652173913043, 0.21739130434782608, 30
0, 0, 0, 1.0, 109, 0.9909090909090909, 1.0, 1.0, 1, 1, 0.00909090909090909, 0.0, 232, 5, 0, 0, 0, 58, 0.4, 0.0, 30
0, 0, 0, 1.0, 109, 0.9909090909090909, 1.0, 1.0, 1, 1, 0.00909090909090909, 0.0, 224, 5, 1, 0, 7, 30, 0.0, 0.0, 30
0, 0, 0, 1.0, 109, 0.9909090909090909, 1.0, 1.0, 1, 1, 0.00909090909090909, 0.0, 206, 5, 0, 0, 0, 73, 0.0, 0.0, 30
0, 0, 0, 1.0, 109, 0.9909090909090909, 1.0, 1.0, 1, 1, 0.00909090909090909, 0.0, 95, 5, 1, 0, 12, 53, 0.0, 0.0, 30
0, 0, 0, 1.0, 109, 0.9909090909090909, 1.0, 1.0, 1, 1, 0.00909090909090909, 0.0, 227, 5, 0, 0, 0, 50, 0.0, 0.0, 30
0, 0, 0, 1.0, 109, 0.9909090909090909, 1.0, 1.0, 1, 1, 0.00909090909090909, 0.0, 226, 5, 0, 0, 0, 48, 0.0, 0.2, 30
0, 0, 1, 0.9014869402159108, 64, 4.654545454545454, 0.4090909090909091, 1.0, 5, 13, 0.07272727272727272, 0.1, 205, 139, 0, 0, 0, 107, 0.07194244604316546, 0.2014388489208633, 30
0, 1, 0, 0.0, 0, 0.0, 1.0, 0.9670111419372266, 1, 1, 0.045454545454545456, 0.2, 173, 15, 0, 0, 0, 66, 0.13333333333333333, 0.26666666666666666, 30
0, 1, 0, 0.3444181514883482, 11, 1.5, 1.0, 0.9999576910988708, 4, 1, 0.13636363636363635, 0.15, 211, 69, 0, 0, 0, 122, 0.14492753623188406, 0.13043478260869565, 30
0, 0, 0, 1.0, 109, 0.9909090909090909, 1.0, 1.0, 1, 1, 0.00909090909090909, 0.0, 80, 5, 1, 0, 3, 33, 0.0, 0.0, 30
0, 1, 0, 0.3444181514883482, 11, 0.7, 0.9818181818181818, 0.9998497060293423, 2, 1, 0.06363636363636363, 0.2, 244, 15, 0, 0, 0, 46, 0.0, 0.13333333333333333, 30
0, 1, 0, 0.3444181514883482, 11, 0.6, 0.9818181818181818, 0.9999919102109711, 2, 1, 0.05454545454545454, 0.15, 255, 5, 0, 0, 0, 61, 0.0, 0.2, 30
0, 0, 0, 0.936124513643088, 80, 2.909090909090909, 0.9818181818181818, 1.0, 2, 1, 0.03636363636363636, 0.0, 256, 11, 0, 0, 0, 104, 0.0, 0.09090909090909091, 30
0, 1, 0, 0.3444181514883482, 11, 0.39999999999999997, 1.0, 0.9999764393951933, 1, 1, 0.03636363636363636, 0.15, 187, 7, 0, 0, 0, 65, 0.0, 0.14285714285714285, 30
0, 1, 0, 0.3444181514883482, 11, 0.6, 0.9818181818181818, 0.9999949951171875, 2, 1, 0.05454545454545454, 0.15, 254, 5, 0, 0, 0, 65, 0.0, 0.2, 30
0, 1, 0, 0.3444181514883482, 11, 0.39999999999999997, 1.0, 0.9999685668945313, 1, 1, 0.03636363636363636, 0.15, 81, 5, 1, 0, 2, 81, 0.0, 0.0, 30
0, 1, 0, 0.3444181514883482, 11, 0.39999999999999997, 1.0, 0.9999872324418049, 1, 1, 0.03636363636363636, 0.15, 186, 7, 0, 0, 0, 66, 0.0, 0.14285714285714285, 30
0, 1, 0, 0.3444181514883482, 11, 0.7, 0.9818181818181818, 0.9998426010891386, 2, 1, 0.06363636363636363, 0.2, 246, 15, 0, 0, 0, 46, 0.0, 0.13333333333333333, 30
0, 1, 0, 0.0, 0, 0.0, 1.0, 0.9678092569934463, 1, 1, 0.045454545454545456, 0.2, 172, 15, 0, 0, 0, 69, 0.13333333333333333, 0.26666666666666666, 30
0, 0, 0, 1.0, 109, 0.9909090909090909, 1.0, 1.0, 1, 1, 0.00909090909090909, 0.0, 112, 5, 1, 0, 15, 55, 0.0, 0.0, 31
0, 0, 0, 1.0, 109, 0.9909090909090909, 1.0, 1.0, 1, 1, 0.00909090909090909, 0.0, 117, 17, 1, 0, 4, 81, 0.0, 0.058823529411764705, 31
0, 0, 0, 1.0, 109, 0.9909090909090909, 1.0, 1.0, 1, 1, 0.00909090909090909, 0.0, 111, 5, 0, 0, 0, 37, 0.0, 0.0, 31
0, 0, 0, 1.0, 109, 0.9909090909090909, 1.0, 1.0, 1, 1, 0.00909090909090909, 0.0, 116, 23, 2, 0, 4, 87, 0.0, 0.043478260869565216, 31
0, 0, 0, 1.0, 109, 0.9909090909090909, 1.0, 1.0, 1, 1, 0.00909090909090909, 0.0, 119, 79, 2, 0, 4, 111, 0.012658227848101266, 0.12658227848101267, 31
0, 0, 0, 1.0, 109, 0.9909090909090909, 1.0, 1.0, 1, 1, 0.00909090909090909, 0.0, 115, 23, 2, 0, 4, 82, 0.0, 0.043478260869565216, 31
0, 0, 0, 1.0, 109, 0.9909090909090909, 1.0, 1.0, 1, 1, 0.00909090909090909, 0.0, 120, 29, 2, 0, 4, 109, 0.0, 0.10344827586206896, 31
0, 0, 0, 1.0, 109, 0.9909090909090909, 1.0, 1.0, 1, 1, 0.00909090909090909, 0.0, 234, 57, 3, 0, 4, 93, 0.0, 0.12280701754385964, 31
0, 0, 0, 1.0, 109, 0.9909090909090909, 1.0, 1.0, 1, 1, 0.00909090909090909, 0.0, 235, 29, 2, 0, 24, 93, 0.034482758620689655, 0.06896551724137931, 31
0, 0, 0, 1.0, 109, 0.9909090909090909, 1.0, 1.0, 1, 1, 0.00909090909090909, 0.0, 132, 7, 1, 0, 13, 83, 0.0, 0.0, 31
0, 0, 0, 1.0, 109, 0.9909090909090909, 1.0, 1.0, 1, 1, 0.00909090909090909, 0.0, 135, 9, 0, 0, 0, 82, 0.0, 0.3333333333333333, 31
0, 0, 0, 1.0, 109, 0.9909090909090909, 1.0, 1.0, 1, 1, 0.00909090909090909, 0.0, 135, 9, 0, 0, 0, 73, 0.0, 0.3333333333333333, 31
0, 0, 0, 1.0, 109, 0.9909090909090909, 1.0, 1.0, 1, 1, 0.00909090909090909, 0.0, 132, 55, 1, 0, 13, 88, 0.0, 0.10909090909090909, 31
0, 0, 0, 1.0, 109, 0.9909090909090909, 1.0, 1.0, 1, 1, 0.00909090909090909, 0.0, 117, 27, 2, 0, 4, 102, 0.0, 0.14814814814814814, 31
0, 0, 0, 1.0, 109, 0.9909090909090909, 1.0, 1.0, 1, 1, 0.00909090909090909, 0.0, 112, 5, 1, 0, 15, 55, 0.0, 0.0, 31
0, 0, 0, 1.0, 109, 0.9909090909090909, 1.0, 1.0, 1, 1, 0.00909090909090909, 0.0, 111, 5, 0, 0, 0, 37, 0.0, 0.0, 31
0, 0, 0, 1.0, 109, 0.9909090909090909, 1.0, 1.0, 1, 1, 0.00909090909090909, 0.0, 132, 5, 1, 0, 13, 22, 0.0, 0.0, 31
0, 0, 0, 1.0, 109, 0.9909090909090909, 1.0, 1.0, 1, 1, 0.00909090909090909, 0.0, 113, 21, 4, 0, 20, 56, 0.0, 0.0, 31
0, 0, 0, 1.0, 109, 0.9909090909090909, 1.0, 1.0, 1, 1, 0.00909090909090909, 0.0, 114, 25, 3, 0, 21, 141, 0.0, 0.12, 31
0, 0, 0, 1.0, 109, 0.9909090909090909, 1.0, 1.0, 1, 1, 0.00909090909090909, 0.0, 111, 5, 0, 0, 0, 37, 0.0, 0.0, 31
0, 0, 0, 1.0, 109, 0.9909090909090909, 1.0, 1.0, 1, 1, 0.00909090909090909, 0.0, 112, 5, 1, 0, 15, 55, 0.0, 0.0, 31
0, 0, 0, 1.0, 109, 0.9909090909090909, 1.0, 1.0, 1, 1, 0.00909090909090909, 0.0, 117, 27, 2, 0, 4, 107, 0.0, 0.14814814814814814, 31
0, 0, 0, 1.0, 109, 0.9909090909090909, 1.0, 1.0, 1, 1, 0.00909090909090909, 0.0, 132, 5, 1, 0, 13, 47, 0.4, 0.0, 31
0, 0, 0, 1.0, 109, 0.9909090909090909, 1.0, 1.0, 1, 1, 0.00909090909090909, 0.0, 132, 13, 1, 0, 13, 52, 0.38461538461538464, 0.23076923076923078, 31
0, 0, 0, 0.9616304791768271, 101, 2.7545454545454544, 0.9818181818181818, 1.0, 2, 1, 0.02727272727272727, 0.0, 35, 21, 0, 0, 0, 74, 0.0, 0.0, 36
0, 0, 0, 0.9616304791768271, 101, 2.7545454545454544, 0.9818181818181818, 1.0, 2, 1, 0.02727272727272727, 0.0, 225, 15, 0, 1, 0, 75, 0.26666666666666666, 0.3333333333333333, 36
0, 0, 0, 0.9616304791768271, 101, 2.7545454545454544, 0.9818181818181818, 1.0, 2, 1, 0.02727272727272727, 0.0, 96, 5, 1, 1, 12, 31, 0.0, 0.0, 36
0, 0, 0, 0.9616304791768271, 101, 2.7545454545454544, 0.9818181818181818, 1.0, 2, 1, 0.02727272727272727, 0.0, 224, 5, 1, 1, 7, 26, 0.0, 0.0, 36
0, 0, 0, 0.9616304791768271, 101, 2.7545454545454544, 0.9818181818181818, 1.0, 2, 1, 0.02727272727272727, 0.0, 227, 5, 0, 1, 0, 49, 0.0, 0.0, 36
0, 0, 0, 0.9616304791768271, 101, 2.7545454545454544, 0.9818181818181818, 1.0, 2, 1, 0.02727272727272727, 0.0, 95, 5, 1, 1, 12, 32, 0.0, 0.0, 36
0, 0, 0, 0.9616304791768271, 101, 2.7545454545454544, 0.9818181818181818, 1.0, 2, 1, 0.02727272727272727, 0.0, 226, 5, 0, 1, 0, 47, 0.0, 0.0, 36
0, 0, 0, 0.9616304791768271, 101, 2.7545454545454544, 0.9818181818181818, 1.0, 2, 1, 0.02727272727272727, 0.0, 206, 5, 0, 1, 0, 40, 0.0, 0.0, 36
0, 0, 0, 0.9616304791768271, 101, 2.7545454545454544, 0.9818181818181818, 1.0, 2, 1, 0.02727272727272727, 0.0, 232, 5, 0, 1, 0, 62, 0.4, 0.0, 36
0, 1, 0, 0.3444181514883482, 11, 0.6, 0.9818181818181818, 0.9999656776552687, 2, 1, 0.05454545454545454, 0.15, 35, 57, 0, 0, 0, 96, 0.017543859649122806, 0.05263157894736842, 36
0, 0, 0, 0.9004624155726034, 57, 2.0727272727272728, 1.0, 1.0, 1, 1, 0.03636363636363636, 0.0, 35, 9, 0, 0, 0, 43, 0.0, 0.0, 36
0, 0, 1, 1.0, 109, 0.9909090909090909, 0.7818181818181819, 1.0, 1, 1, 0.00909090909090909, 0.0, 21, 25, 0, 0, 0, 61, 0.0, 0.04, 36
0, 0, 1, 0.9009778503489665, 63, 2.290909090909091, 0.7818181818181819, 1.0, 2, 1, 0.03636363636363636, 0.0, 38, 13, 0, 0, 0, 69, 0.07692307692307693, 0.07692307692307693, 36
0, 0, 1, 1.0, 109, 0.9909090909090909, 0.7818181818181819, 1.0, 1, 1, 0.00909090909090909, 0.0, 68, 3, 0, 0, 0, 55, 0.0, 0.0, 36
0, 0, 1, 1.0, 109, 0.9909090909090909, 0.7818181818181819, 1.0, 1, 1, 0.00909090909090909, 0.0, 37, 9, 0, 0, 0, 52, 0.0, 0.0, 36
0, 0, 1, 1.0, 109, 0.9909090909090909, 0.7818181818181819, 1.0, 1, 1, 0.00909090909090909, 0.0, 101, 5, 1, 1, 12, 40, 0.0, 0.0, 36
0, 0, 1, 0.9609018839604468, 94, 8.545454545454545, 0.7818181818181819, 1.0, 3, 1, 0.09090909090909091, 0.0, 35, 61, 0, 0, 0, 148, 0.03278688524590164, 0.11475409836065574, 36
0, 0, 1, 0.7568661365982003, 38, 4.1454545454545455, 0.7818181818181819, 0.9999999999998277, 3, 1, 0.10909090909090909, 0.1, 102, 49, 0, 0, 0, 81, 0.14285714285714285, 0.0, 36
0, 0, 1, 1.0, 109, 0.9909090909090909, 0.7818181818181819, 1.0, 1, 1, 0.00909090909090909, 0.0, 100, 15, 1, 1, 4, 113, 0.06666666666666667, 0.06666666666666667, 36
0, 0, 1, 0.9009778503489665, 63, 2.290909090909091, 0.7818181818181819, 1.0, 2, 1, 0.03636363636363636, 0.0, 99, 9, 0, 0, 0, 69, 0.0, 0.1111111111111111, 36
0, 0, 0, 0.9009778503489665, 63, 2.290909090909091, 1.0, 1.0, 2, 1, 0.03636363636363636, 0.0, 35, 23, 0, 0, 0, 67, 0.043478260869565216, 0.043478260869565216, 36
0, 0, 0, 1.0, 109, 0.9909090909090909, 1.0, 1.0, 1, 1, 0.00909090909090909, 0.0, 35, 27, 0, 0, 0, 71, 0.18518518518518517, 0.14814814814814814, 37
0, 0, 0, 0.9009778503489665, 63, 2.290909090909091, 1.0, 1.0, 2, 1, 0.03636363636363636, 0.0, 157, 13, 0, 0, 0, 69, 0.0, 0.07692307692307693, 37
0, 0, 0, 1.0, 109, 0.9909090909090909, 1.0, 1.0, 1, 1, 0.00909090909090909, 0.0, 21, 49, 0, 0, 0, 90, 0.32653061224489793, 0.0, 37
0, 0, 0, 1.0, 109, 0.9909090909090909, 1.0, 1.0, 1, 1, 0.00909090909090909, 0.0, 36, 13, 1, 0, 2, 49, 0.0, 0.0, 38
0, 0, 0, 1.0, 109, 0.9909090909090909, 1.0, 1.0, 1, 1, 0.00909090909090909, 0.0, 35, 65, 0, 0, 0, 125, 0.0, 0.046153846153846156, 38
0, 0, 0, 1.0, 109, 0.9909090909090909, 1.0, 1.0, 1, 1, 0.00909090909090909, 0.0, 75, 5, 0, 0, 0, 55, 0.0, 0.0, 38
0, 0, 0, 0.9616304791768271, 101, 1.8878504672897194, 0.9636363636363636, 1.0, 2, 1, 0.018691588785046728, 0.0, 242, 9, 1, 1, 22, 48, 0.0, 0.2222222222222222, 30
0, 0, 0, 0.9616304791768271, 101, 1.8878504672897194, 0.9636363636363636, 1.0, 2, 1, 0.018691588785046728, 0.0, 241, 15, 0, 0, 0, 87, 0.0, 0.0, 30
0, 0, 1, 0.9719922152951812, 102, 1.9065420560747661, 0.01818181818181818, 1.0, 2, 14, 0.018691588785046728, 0.1, 171, 5, 1, 0, 19, 32, 0.0, 0.0, 30
0, 0, 1, 0.9719922152951812, 102, 1.9065420560747661, 0.01818181818181818, 1.0, 2, 14, 0.018691588785046728, 0.1, 170, 5, 1, 0, 19, 31, 0.0, 0.0, 30
0, 0, 1, 0.9719922152951812, 102, 0.9902912621359222, 0.00909090909090909, 1.0, 1, 14, 0.009708737864077669, 0.05, 240, 15, 2, 0, 12, 94, 0.13333333333333333, 0.13333333333333333, 30
0, 0, 1, 0.9719922152951812, 102, 0.9902912621359222, 0.00909090909090909, 1.0, 1, 14, 0.009708737864077669, 0.05, 239, 5, 0, 0, 0, 53, 0.0, 0.0, 30
0, 0, 1, 0.9719922152951812, 102, 0.9902912621359222, 0.00909090909090909, 1.0, 1, 14, 0.009708737864077669, 0.05, 238, 7, 1, 1, 22, 48, 0.0, 0.0, 30
0, 0, 1, 0.9719922152951812, 102, 0.9902912621359222, 0.00909090909090909, 1.0, 1, 14, 0.009708737864077669, 0.05, 239, 5, 0, 0, 0, 47, 0.0, 0.2, 30
0, 0, 1, 0.9609161421838593, 95, 0.9895833333333333, 0.00909090909090909, 1.0, 1, 1, 0.010416666666666666, 0.05, 259, 9, 1, 1, 22, 77, 0.0, 0.2222222222222222, 30
0, 1, 0, 0.00024181946907651556, 2, 0.0625, 0.8727272727272727, 0.9440616797900263, 1, 1, 0.03125, 0.05, 35, 39, 0, 0, 0, 100, 0.02564102564102564, 0.05128205128205128, 36
0, 0, 0, 0.9609161421838593, 95, 0.9895833333333333, 0.8727272727272727, 1.0, 1, 1, 0.010416666666666666, 0.0, 34, 7, 1, 0, 2, 53, 0.0, 0.0, 36
0, 0, 0, 0.9609161421838593, 95, 0.9895833333333333, 0.8727272727272727, 1.0, 1, 1, 0.010416666666666666, 0.0, 132, 5, 1, 0, 13, 75, 0.0, 0.0, 36
0, 0, 0, 0.9609018839604468, 94, 0.9894736842105263, 0.8636363636363636, 1.0, 1, 1, 0.010526315789473684, 0.0, 260, 9, 1, 1, 22, 76, 0.1111111111111111, 0.2222222222222222, 30
0, 0, 1, 0.9356245490391276, 76, 1.788235294117647, 0.01818181818181818, 1.0, 2, 1, 0.023529411764705882, 0.1, 219, 7, 0, 0, 0, 76, 0.0, 0.0, 30
0, 0, 1, 0.9356245490391276, 76, 1.788235294117647, 0.01818181818181818, 1.0, 2, 1, 0.023529411764705882, 0.1, 220, 7, 0, 0, 0, 75, 0.0, 0.0, 30
0, 0, 1, 0.9356245490391276, 76, 1.788235294117647, 0.01818181818181818, 1.0, 2, 1, 0.023529411764705882, 0.1, 221, 7, 0, 0, 0, 65, 0.0, 0.0, 30
0, 0, 1, 0.8015776439041497, 39, 1.4810126582278482, 0.16363636363636364, 0.9999999999990905, 1, 1, 0.0379746835443038, 0.15, 37, 5, 0, 0, 0, 52, 0.0, 0.0, 36
0, 0, 0, 0.7568661365982003, 38, 2.405063291139241, 0.5454545454545454, 0.9999999999989602, 1, 1, 0.06329113924050633, 0.0, 261, 31, 0, 0, 0, 90, 0.03225806451612903, 0.0, 36
0, 0, 1, 0.8015776439041497, 39, 1.4810126582278482, 0.16363636363636364, 0.9999999999990905, 1, 1, 0.0379746835443038, 0.15, 38, 5, 0, 0, 0, 52, 0.0, 0.0, 36
0, 0, 1, 0.8015776439041497, 39, 1.4810126582278482, 0.16363636363636364, 0.9999999999990905, 1, 1, 0.0379746835443038, 0.15, 68, 7, 0, 0, 0, 55, 0.0, 0.0, 36
0, 0, 0, 0.9356127860048123, 75, 0.9868421052631579, 0.6909090909090909, 1.0, 1, 1, 0.013157894736842105, 0.0, 220, 5, 0, 0, 0, 77, 0.0, 0.0, 30
0, 0, 0, 0.9356127860048123, 75, 0.9868421052631579, 0.6909090909090909, 1.0, 1, 1, 0.013157894736842105, 0.0, 221, 5, 0, 0, 0, 67, 0.0, 0.0, 30
0, 0, 0, 0.9356127860048123, 75, 0.9868421052631579, 0.6909090909090909, 1.0, 1, 1, 0.013157894736842105, 0.0, 219, 5, 0, 0, 0, 78, 0.0, 0.0, 30
0, 0, 0, 0.9009778503489665, 63, 1.9090909090909092, 0.5909090909090909, 1.0, 1, 1, 0.030303030303030304, 0.0, 262, 131, 0, 0, 0, 95, 0.07633587786259542, 0.20610687022900764, 30
0, 0, 0, 0.9002296500753939, 56, 0.9824561403508771, 0.5181818181818182, 1.0, 1, 1, 0.017543859649122806, 0.0, 263, 5, 1, 0, 2, 65, 0.4, 0.0, 30
0, 0, 0, 0.7568661365982003, 38, 4.130434782608695, 0.4090909090909091, 0.9999999999981429, 1, 1, 0.10869565217391304, 0.0, 35, 35, 0, 0, 0, 143, 0.02857142857142857, 0.08571428571428572, 36
0, 0, 0, 0.7568661365982003, 38, 1.6521739130434783, 0.4090909090909091, 0.9999999999981668, 1, 1, 0.043478260869565216, 0.0, 38, 5, 0, 1, 0, 52, 0.0, 0.0, 36
0, 0, 0, 0.7568661365982003, 38, 1.6521739130434783, 0.4090909090909091, 0.9999999999981668, 1, 1, 0.043478260869565216, 0.0, 264, 7, 0, 1, 0, 52, 0.0, 0.0, 36
0, 0, 0, 0.7568661365982003, 38, 1.6521739130434783, 0.4090909090909091, 0.9999999999981668, 1, 1, 0.043478260869565216, 0.0, 37, 5, 0, 1, 0, 52, 0.0, 0.0, 36
0, 0, 0, 0.7568661365982003, 38, 1.6521739130434783, 0.4090909090909091, 0.9999999999981668, 1, 1, 0.043478260869565216, 0.0, 68, 5, 0, 1, 0, 55, 0.0, 0.0, 36
0, 0, 0, 0.7568661365982003, 38, 1.6888888888888889, 0.4, 0.9999999999981526, 1, 1, 0.044444444444444446, 0.0, 265, 5, 0, 0, 0, 58, 0.0, 0.0, 30
0, 0, 0, 0.7568661365982003, 38, 1.6888888888888889, 0.4, 0.9999999999981526, 1, 1, 0.044444444444444446, 0.0, 265, 5, 0, 1, 0, 92, 0.0, 0.0, 36
0, 0, 1, 0.8253440348904431, 44, 0.9777777777777779, 0.01818181818181818, 0.9999999999999716, 1, 1, 0.022222222222222223, 0.05, 265, 5, 0, 0, 0, 58, 0.0, 0.0, 36
0, 0, 1, 0.7568661365982003, 38, 1.6888888888888889, 0.18181818181818182, 0.9999999999981526, 1, 1, 0.044444444444444446, 0.1, 265, 5, 0, 0, 0, 58, 0.0, 0.0, 36
0, 0, 1, 0.8034516734983757, 43, 0.9772727272727273, 0.03636363636363636, 0.9999999999999432, 1, 1, 0.022727272727272728, 0.05, 68, 9, 0, 1, 0, 64, 0.0, 0.0, 36
0, 0, 0, 0.7568661365982003, 38, 1.7272727272727273, 0.39090909090909093, 0.9999999999981242, 1, 1, 0.045454545454545456, 0.0, 265, 11, 0, 1, 0, 98, 0.09090909090909091, 0.09090909090909091, 36
0, 0, 1, 0.8034516734983757, 43, 0.9772727272727273, 0.03636363636363636, 0.9999999999999432, 1, 1, 0.022727272727272728, 0.05, 37, 9, 0, 1, 0, 64, 0.0, 0.0, 36
0, 0, 1, 0.8034516734983757, 43, 0.9772727272727273, 0.03636363636363636, 0.9999999999999432, 1, 1, 0.022727272727272728, 0.05, 265, 9, 0, 1, 0, 65, 0.0, 0.0, 36
0, 0, 1, 0.8034516734983757, 43, 0.9772727272727273, 0.03636363636363636, 0.9999999999999432, 1, 1, 0.022727272727272728, 0.05, 38, 9, 0, 1, 0, 64, 0.0, 0.0, 36
0, 0, 1, 0.8034516734983757, 43, 0.9772727272727273, 0.00909090909090909, 0.9999999999999432, 1, 1, 0.022727272727272728, 0.05, 37, 5, 0, 1, 0, 52, 0.0, 0.0, 36
0, 0, 0, 0.7568661365982003, 38, 1.7272727272727273, 0.39090909090909093, 0.9999999999981242, 1, 1, 0.045454545454545456, 0.0, 266, 7, 1, 1, 7, 73, 0.0, 0.14285714285714285, 36
0, 0, 1, 0.8034516734983757, 43, 0.9772727272727273, 0.00909090909090909, 0.9999999999999432, 1, 1, 0.022727272727272728, 0.05, 68, 5, 0, 1, 0, 55, 0.0, 0.0, 36
0, 0, 1, 0.8034516734983757, 43, 0.9772727272727273, 0.00909090909090909, 0.9999999999999432, 1, 1, 0.022727272727272728, 0.05, 38, 5, 0, 1, 0, 52, 0.0, 0.0, 36
0, 0, 0, 0.7568661365982003, 38, 1.7674418604651163, 0.38181818181818183, 0.9999999999980673, 1, 1, 0.046511627906976744, 0.0, 265, 5, 0, 0, 0, 58, 0.0, 0.0, 30
0, 0, 0, 0.7568661365982003, 38, 1.7674418604651163, 0.38181818181818183, 0.9999999999980673, 1, 1, 0.046511627906976744, 0.0, 38, 5, 0, 0, 0, 52, 0.0, 0.0, 30
0, 0, 0, 0.7568661365982003, 38, 1.7674418604651163, 0.38181818181818183, 0.9999999999980673, 1, 1, 0.046511627906976744, 0.0, 37, 5, 0, 0, 0, 52, 0.0, 0.0, 30
0, 0, 0, 0.7568661365982003, 38, 1.7674418604651163, 0.38181818181818183, 0.9999999999980673, 1, 1, 0.046511627906976744, 0.0, 68, 5, 0, 0, 0, 55, 0.0, 0.0, 30
0, 0, 0, 0.7568661365982003, 38, 0.9743589743589743, 0.35454545454545455, 0.999999999998181, 1, 1, 0.02564102564102564, 0.0, 37, 9, 0, 0, 0, 60, 0.0, 0.0, 36
0, 0, 0, 0.7568661365982003, 38, 0.9743589743589743, 0.35454545454545455, 0.999999999998181, 1, 1, 0.02564102564102564, 0.0, 265, 9, 0, 0, 0, 61, 0.0, 0.0, 36
0, 0, 0, 0.7568661365982003, 38, 0.9743589743589743, 0.35454545454545455, 0.999999999998181, 1, 1, 0.02564102564102564, 0.0, 38, 9, 0, 0, 0, 60, 0.0, 0.0, 36
0, 0, 0, 0.7568661365982003, 38, 0.9743589743589743, 0.35454545454545455, 0.999999999998181, 1, 1, 0.02564102564102564, 0.0, 68, 9, 0, 0, 0, 60, 0.0, 0.0, 36
0, 0, 0, 0.350770760347567, 24, 0.96, 0.22727272727272727, 0.9999999701976776, 1, 1, 0.04, 0.0, 72, 9, 1, 1, 4, 112, 0.0, 0.2222222222222222, 36
0, 0, 0, 0.350770760347567, 24, 0.96, 0.22727272727272727, 0.9999999701976776, 1, 1, 0.04, 0.0, 71, 37, 0, 1, 0, 91, 0.0, 0.0, 36
0, 0, 0, 0.350770760347567, 24, 0.96, 0.22727272727272727, 0.9999999701976776, 1, 1, 0.04, 0.0, 267, 11, 0, 0, 0, 74, 0.0, 0.0, 36
0, 0, 0, 0.350770760347567, 24, 0.96, 0.22727272727272727, 0.9999999701976776, 1, 1, 0.04, 0.0, 71, 21, 0, 1, 0, 73, 0.14285714285714285, 0.0, 36
0, 0, 0, 0.350770760347567, 24, 0.96, 0.22727272727272727, 0.9999999701976776, 1, 1, 0.04, 0.0, 72, 9, 1, 1, 4, 112, 0.0, 0.2222222222222222, 36
0, 0, 0, 0.350770760347567, 24, 0.96, 0.22727272727272727, 0.9999999701976776, 1, 1, 0.04, 0.0, 35, 7, 0, 0, 0, 56, 0.0, 0.0, 36
0, 0, 0, 0.3507683364495869, 23, 0.9583333333333333, 0.21818181818181817, 0.9999999403953552, 1, 1, 0.041666666666666664, 0.0, 21, 25, 0, 0, 0, 61, 0.0, 0.04, 36
0, 0, 0, 0.3507683364495869, 23, 0.9583333333333333, 0.21818181818181817, 0.9999999403953552, 1, 1, 0.041666666666666664, 0.0, 37, 9, 0, 0, 0, 52, 0.0, 0.0, 36
0, 0, 0, 0.35073254830882145, 22, 1.8333333333333333, 0.21818181818181817, 0.9999998449664227, 1, 1, 0.08333333333333333, 0.0, 102, 5, 0, 0, 0, 85, 0.0, 0.0, 36
0, 0, 0, 0.3507683364495869, 23, 0.9583333333333333, 0.21818181818181817, 0.9999999403953552, 1, 1, 0.041666666666666664, 0.0, 265, 5, 0, 0, 0, 58, 0.0, 0.0, 36
0, 0, 0, 0.3507683364495869, 23, 0.9583333333333333, 0.21818181818181817, 0.9999999403953552, 1, 1, 0.041666666666666664, 0.0, 99, 9, 0, 0, 0, 69, 0.0, 0.1111111111111111, 36
0, 0, 0, 0.3507683364495869, 23, 0.9583333333333333, 0.21818181818181817, 0.9999999403953552, 1, 1, 0.041666666666666664, 0.0, 35, 61, 0, 0, 0, 148, 0.03278688524590164, 0.11475409836065574, 36
0, 0, 0, 0.35073254830882145, 22, 1.8333333333333333, 0.21818181818181817, 0.9999999155600865, 1, 1, 0.08333333333333333, 0.0, 101, 5, 1, 1, 12, 46, 0.0, 0.0, 36
0, 0, 0, 0.35073254830882145, 22, 1.8333333333333333, 0.21818181818181817, 0.999999911373501, 1, 1, 0.08333333333333333, 0.0, 100, 17, 1, 1, 4, 113, 0.058823529411764705, 0.11764705882352941, 36
0, 0, 0, 0.3507683364495869, 23, 0.9583333333333333, 0.21818181818181817, 0.9999999403953552, 1, 1, 0.041666666666666664, 0.0, 38, 13, 0, 0, 0, 69, 0.07692307692307693, 0.07692307692307693, 36
0, 0, 0, 0.3507683364495869, 23, 0.9583333333333333, 0.21818181818181817, 0.9999999403953552, 1, 1, 0.041666666666666664, 0.0, 68, 3, 0, 0, 0, 55, 0.0, 0.0, 36
1, 0, 1, 0.3444181514883482, 11, 1.222222222222222, 0.14545454545454545, 0.9997520446777344, 1, 1, 0.1111111111111111, 0.1, 268, 5, 0, 1, 0, 36, 0.0, 0.0, 30
1, 0, 1, 0.3444181514883482, 11, 1.222222222222222, 0.14545454545454545, 0.9997520446777344, 1, 1, 0.1111111111111111, 0.1, 269, 5, 0, 1, 0, 38, 0.0, 0.0, 30
1, 0, 0, 0.00024181946907651556, 2, 0.6666666666666666, 0.02727272727272727, 0.875, 1, 1, 0.3333333333333333, 0.05, 270, 23, 1, 0, 25, 84, 0.0, 0.08695652173913043, 36
