0, 0, 1, 0.9889423711465739, 102, 1.8545454545454545, 0.14545454545454545, 1.0, 1, 1, 0.01818181818181818, 0.1, 45, 5, 1, 0, 8, 91, 0.0, 0.0, 30
0, 0, 1, 0.9889423711465739, 102, 1.8545454545454545, 0.14545454545454545, 1.0, 1, 1, 0.01818181818181818, 0.1, 197, 43, 1, 0, 8, 106, 0.0, 0.023255813953488372, 30
0, 0, 1, 0.9889423711465739, 102, 1.8545454545454545, 0.14545454545454545, 1.0, 1, 1, 0.01818181818181818, 0.1, 52, 5, 1, 0, 8, 92, 0.0, 0.0, 30
0, 0, 1, 0.9889423711465739, 102, 1.8545454545454545, 0.14545454545454545, 1.0, 1, 1, 0.01818181818181818, 0.1, 49, 61, 1, 0, 9, 115, 0.13114754098360656, 0.14754098360655737, 30
0, 0, 1, 0.9889423711465739, 102, 1.8545454545454545, 0.14545454545454545, 1.0, 1, 1, 0.01818181818181818, 0.1, 51, 19, 1, 0, 9, 106, 0.05263157894736842, 0.21052631578947367, 30
0, 0, 1, 0.9889423711465739, 102, 1.8545454545454545, 0.14545454545454545, 1.0, 1, 1, 0.01818181818181818, 0.1, 198, 43, 1, 0, 8, 107, 0.0, 0.023255813953488372, 30
0, 0, 0, 0.9889423711465739, 102, 1.8545454545454545, 0.990909090909091, 1.0, 1, 1, 0.01818181818181818, 0.0, 177, 11, 1, 0, 13, 56, 0.18181818181818182, 0.2727272727272727, 30
0, 0, 1, 0.9889423711465739, 102, 1.8545454545454545, 0.18181818181818182, 1.0, 1, 1, 0.01818181818181818, 0.1, 190, 13, 0, 0, 0, 110, 0.15384615384615385, 0.07692307692307693, 30
0, 0, 1, 0.9887635316427348, 88, 2.4, 0.21818181818181817, 1.0, 1, 1, 0.02727272727272727, 0.1, 206, 5, 0, 0, 0, 36, 0.0, 0.0, 30
0, 0, 1, 0.9889423711465739, 102, 1.8545454545454545, 0.21818181818181817, 1.0, 1, 1, 0.01818181818181818, 0.05, 96, 5, 1, 0, 12, 39, 0.2, 0.0, 30
0, 0, 1, 0.9889423711465739, 102, 1.8545454545454545, 0.21818181818181817, 1.0, 1, 1, 0.01818181818181818, 0.05, 95, 5, 1, 0, 12, 39, 0.2, 0.0, 30
0, 0, 0, 0.9889423711465739, 102, 1.8545454545454545, 0.990909090909091, 1.0, 1, 1, 0.01818181818181818, 0.0, 68, 5, 0, 0, 0, 55, 0.0, 0.0, 30
0, 0, 0, 0.9889423711465739, 102, 1.8545454545454545, 0.990909090909091, 1.0, 1, 1, 0.01818181818181818, 0.0, 38, 5, 0, 0, 0, 52, 0.0, 0.0, 30
0, 0, 0, 0.9889423711465739, 102, 1.8545454545454545, 0.990909090909091, 1.0, 1, 1, 0.01818181818181818, 0.0, 37, 5, 0, 0, 0, 52, 0.0, 0.0, 30
0, 0, 1, 0.9889423711465739, 102, 1.8545454545454545, 0.15454545454545454, 1.0, 1, 1, 0.01818181818181818, 0.1, 155, 5, 1, 0, 18, 72, 0.0, 0.0, 30
0, 0, 1, 0.9889423711465739, 102, 1.8545454545454545, 0.15454545454545454, 1.0, 1, 1, 0.01818181818181818, 0.1, 156, 25, 1, 0, 18, 83, 0.04, 0.32, 30
0, 0, 0, 0.7026842743003312, 49, 4.009090909090909, 0.990909090909091, 1.0, 2, 1, 0.08181818181818182, 0.0, 27, 37, 0, 0, 0, 91, 0.0, 0.05405405405405406, 30
0, 0, 0, 0.7867424600447727, 57, 3.627272727272727, 0.990909090909091, 1.0, 3, 1, 0.06363636363636363, 0.0, 122, 5, 1, 0, 2, 78, 0.4, 0.4, 30
0, 0, 0, 0.9885958044137445, 81, 2.9454545454545453, 0.990909090909091, 1.0, 1, 1, 0.03636363636363636, 0.0, 200, 5, 1, 0, 2, 40, 0.0, 0.0, 30
0, 0, 0, 0.9889423711465739, 102, 1.8545454545454545, 0.990909090909091, 1.0, 1, 1, 0.01818181818181818, 0.0, 172, 7, 1, 1, 22, 46, 0.0, 0.0, 30
0, 0, 0, 0.7026842743003312, 49, 4.009090909090909, 0.990909090909091, 0.9999999999999999, 2, 1, 0.08181818181818182, 0.0, 21, 5, 0, 0, 0, 22, 0.0, 0.0, 30
0, 0, 0, 0.009108041966080739, 32, 1.1636363636363636, 0.990909090909091, 0.9999999999133111, 2, 1, 0.03636363636363636, 0.0, 62, 7, 1, 1, 1, 55, 0.0, 0.0, 30
0, 0, 0, 0.9889423711465739, 102, 1.8545454545454545, 0.990909090909091, 1.0, 1, 1, 0.01818181818181818, 0.0, 182, 5, 0, 0, 0, 37, 0.0, 0.0, 30
0, 0, 0, 0.014105436329219663, 34, 2.4727272727272727, 0.990909090909091, 0.9999999999954348, 3, 10, 0.07272727272727272, 0.0, 2, 41, 0, 0, 0, 97, 0.04878048780487805, 0.0, 30
0, 0, 1, 0.9885958044137445, 81, 2.9454545454545453, 0.5272727272727272, 1.0, 1, 1, 0.03636363636363636, 0.0, 210, 9, 0, 0, 0, 40, 0.0, 0.0, 30
0, 0, 0, 0.9889423711465739, 102, 1.8545454545454545, 0.990909090909091, 1.0, 1, 1, 0.01818181818181818, 0.0, 182, 7, 1, 1, 22, 43, 0.0, 0.0, 30
0, 0, 0, 0.9889423711465739, 102, 1.8545454545454545, 0.990909090909091, 1.0, 1, 1, 0.01818181818181818, 0.0, 173, 7, 1, 1, 22, 48, 0.0, 0.0, 30
0, 1, 0, 0.005538468481586407, 5, 0.2272727272727273, 0.990909090909091, 0.9983954767726162, 1, 1, 0.045454545454545456, 0.05, 41, 23, 0, 0, 0, 80, 0.0, 0.043478260869565216, 30
0, 0, 0, 0.9889423711465739, 102, 1.8545454545454545, 0.990909090909091, 1.0, 1, 1, 0.01818181818181818, 0.0, 192, 7, 1, 1, 22, 62, 0.0, 0.0, 30
0, 0, 0, 0.009108041966080739, 32, 2.327272727272727, 0.9727272727272728, 0.9999999998820404, 3, 1, 0.07272727272727272, 0.0, 178, 15, 0, 0, 0, 80, 0.0, 0.0, 30
0, 0, 0, 0.9889423711465739, 102, 1.8545454545454545, 0.990909090909091, 1.0, 1, 1, 0.01818181818181818, 0.0, 104, 5, 1, 0, 12, 25, 0.0, 0.0, 30
0, 0, 0, 0.9885958044137445, 81, 2.9454545454545453, 0.990909090909091, 1.0, 1, 1, 0.03636363636363636, 0.0, 201, 5, 0, 0, 0, 45, 0.0, 0.0, 30
0, 0, 1, 0.9887823714190588, 89, 2.4272727272727272, 0.5363636363636364, 1.0, 1, 1, 0.02727272727272727, 0.0, 209, 17, 1, 0, 2, 119, 0.0, 0.17647058823529413, 30
0, 0, 0, 0.9889423711465739, 102, 1.8545454545454545, 0.990909090909091, 1.0, 1, 1, 0.01818181818181818, 0.0, 191, 7, 0, 0, 0, 62, 0.0, 0.2857142857142857, 30
0, 0, 0, 0.9889423711465739, 102, 1.8545454545454545, 0.990909090909091, 1.0, 1, 1, 0.01818181818181818, 0.0, 107, 5, 0, 0, 0, 46, 0.0, 0.0, 30
0, 1, 0, 0.005538468481586407, 5, 0.18181818181818182, 0.990909090909091, 0.9995827151335311, 1, 1, 0.03636363636363636, 0.05, 42, 21, 0, 0, 0, 52, 0.0, 0.0, 30
0, 0, 0, 0.9889423711465739, 102, 1.8545454545454545, 0.990909090909091, 1.0, 1, 1, 0.01818181818181818, 0.0, 124, 5, 0, 0, 0, 42, 0.0, 0.0, 30
0, 0, 0, 0.9444320903764294, 73, 4.645454545454545, 0.990909090909091, 1.0, 3, 1, 0.06363636363636363, 0.0, 8, 27, 2, 0, 2, 88, 0.07407407407407407, 0.1111111111111111, 30
0, 0, 0, 0.7026932152111289, 51, 1.3909090909090909, 0.990909090909091, 1.0, 1, 1, 0.02727272727272727, 0.0, 33, 9, 0, 0, 0, 48, 0.0, 0.1111111111111111, 30
0, 0, 0, 0.9889423711465739, 102, 1.8545454545454545, 0.990909090909091, 1.0, 1, 1, 0.01818181818181818, 0.0, 208, 5, 0, 0, 0, 66, 0.0, 0.0, 30
0, 0, 0, 0.9885958044137445, 81, 2.9454545454545453, 0.990909090909091, 1.0, 1, 1, 0.03636363636363636, 0.0, 125, 17, 0, 0, 0, 40, 0.0, 0.11764705882352941, 30
0, 0, 0, 0.9889423711465739, 102, 1.8545454545454545, 0.990909090909091, 1.0, 1, 1, 0.01818181818181818, 0.0, 172, 5, 0, 0, 0, 40, 0.0, 0.0, 30
0, 0, 0, 0.9885958044137445, 81, 3.681818181818182, 0.990909090909091, 1.0, 1, 1, 0.045454545454545456, 0.0, 153, 49, 0, 0, 0, 98, 0.02040816326530612, 0.08163265306122448, 30
0, 0, 0, 0.837870568820745, 69, 5.018181818181818, 0.990909090909091, 1.0, 2, 1, 0.07272727272727272, 0.0, 26, 13, 0, 0, 0, 65, 0.0, 0.0, 30
0, 0, 0, 0.9889423711465739, 102, 1.8545454545454545, 0.990909090909091, 1.0, 1, 1, 0.01818181818181818, 0.0, 202, 9, 0, 0, 0, 52, 0.0, 0.2222222222222222, 30
0, 0, 0, 0.7026842743003312, 49, 2.6727272727272724, 0.990909090909091, 0.9999999999999998, 1, 1, 0.05454545454545454, 0.0, 0, 25, 0, 0, 0, 67, 0.0, 0.12, 30
0, 0, 0, 0.9889423711465739, 102, 1.8545454545454545, 0.990909090909091, 1.0, 1, 1, 0.01818181818181818, 0.0, 196, 5, 0, 0, 0, 45, 0.0, 0.2, 30
0, 0, 0, 0.9889423711465739, 102, 1.8545454545454545, 0.990909090909091, 1.0, 1, 1, 0.01818181818181818, 0.0, 11, 13, 0, 0, 0, 67, 0.0, 0.23076923076923078, 30
0, 1, 0, 0.008854290402485743, 17, 1.2363636363636363, 0.990909090909091, 0.9999999890460954, 2, 1, 0.07272727272727272, 0.05, 185, 55, 0, 0, 0, 116, 0.07272727272727272, 0.14545454545454545, 30
0, 0, 0, 0.014105436329219663, 34, 2.7818181818181817, 0.990909090909091, 0.9999999999897504, 5, 10, 0.08181818181818182, 0.0, 189, 15, 0, 0, 0, 113, 0.06666666666666667, 0.13333333333333333, 30
0, 0, 0, 0.9889423711465739, 102, 1.8545454545454545, 0.990909090909091, 1.0, 1, 1, 0.01818181818181818, 0.0, 188, 7, 1, 0, 2, 64, 0.0, 0.2857142857142857, 30
0, 0, 0, 0.9889423711465739, 102, 1.8545454545454545, 0.990909090909091, 1.0, 1, 1, 0.01818181818181818, 0.0, 207, 7, 1, 1, 22, 81, 0.0, 0.0, 30
0, 0, 0, 0.9889423711465739, 102, 1.8545454545454545, 0.990909090909091, 1.0, 1, 1, 0.01818181818181818, 0.0, 184, 5, 1, 1, 22, 61, 0.0, 0.0, 30
0, 0, 0, 0.9889423711465739, 102, 1.8545454545454545, 0.990909090909091, 1.0, 1, 1, 0.01818181818181818, 0.0, 109, 5, 0, 0, 0, 48, 0.0, 0.2, 30
0, 0, 0, 0.9889423711465739, 102, 1.8545454545454545, 0.990909090909091, 1.0, 1, 1, 0.01818181818181818, 0.0, 212, 13, 0, 0, 0, 95, 0.0, 0.0, 30
0, 0, 0, 0.9889423711465739, 102, 1.8545454545454545, 0.990909090909091, 1.0, 1, 1, 0.01818181818181818, 0.0, 183, 5, 1, 1, 22, 62, 0.0, 0.0, 30
0, 0, 0, 0.9889423711465739, 102, 1.8545454545454545, 0.990909090909091, 1.0, 1, 1, 0.01818181818181818, 0.0, 126, 5, 0, 0, 0, 42, 0.0, 0.0, 30
0, 0, 0, 0.9889423711465739, 102, 1.8545454545454545, 0.990909090909091, 1.0, 1, 1, 0.01818181818181818, 0.0, 193, 7, 1, 1, 22, 49, 0.0, 0.0, 30
0, 0, 1, 0.9886335265421581, 82, 2.2363636363636363, 0.24545454545454545, 1.0, 1, 1, 0.02727272727272727, 0.05, 25, 29, 0, 0, 0, 76, 0.0, 0.034482758620689655, 30
0, 0, 0, 0.9889423711465739, 102, 1.8545454545454545, 0.990909090909091, 1.0, 1, 1, 0.01818181818181818, 0.0, 158, 9, 0, 0, 0, 39, 0.0, 0.1111111111111111, 30
0, 0, 0, 0.9889423711465739, 102, 1.8545454545454545, 0.990909090909091, 1.0, 1, 1, 0.01818181818181818, 0.0, 106, 5, 1, 0, 12, 25, 0.0, 0.0, 30
0, 0, 0, 0.9889423711465739, 102, 1.8545454545454545, 0.990909090909091, 1.0, 1, 1, 0.01818181818181818, 0.0, 195, 5, 0, 0, 0, 49, 0.0, 0.2, 30
0, 0, 0, 0.9889423711465739, 102, 1.8545454545454545, 0.990909090909091, 1.0, 1, 1, 0.01818181818181818, 0.0, 181, 7, 1, 1, 22, 41, 0.0, 0.0, 30
0, 0, 0, 0.9889423711465739, 102, 1.8545454545454545, 0.990909090909091, 1.0, 1, 1, 0.01818181818181818, 0.0, 173, 5, 0, 0, 0, 42, 0.0, 0.0, 30
0, 0, 0, 0.9889423711465739, 102, 1.8545454545454545, 0.990909090909091, 1.0, 1, 1, 0.01818181818181818, 0.0, 204, 7, 1, 1, 22, 47, 0.0, 0.0, 30
0, 0, 0, 0.9889423711465739, 102, 1.8545454545454545, 0.990909090909091, 1.0, 1, 1, 0.01818181818181818, 0.0, 194, 9, 1, 1, 22, 53, 0.0, 0.0, 30
0, 0, 0, 0.9889423711465739, 102, 1.8545454545454545, 0.990909090909091, 1.0, 1, 1, 0.01818181818181818, 0.0, 181, 7, 0, 0, 0, 96, 0.0, 0.14285714285714285, 30
0, 0, 1, 0.9887635316427348, 88, 2.4, 0.21818181818181817, 1.0, 1, 1, 0.02727272727272727, 0.1, 206, 5, 0, 0, 0, 73, 0.0, 0.0, 30
0, 0, 1, 0.9889423711465739, 102, 1.8545454545454545, 0.17272727272727273, 1.0, 1, 1, 0.01818181818181818, 0.1, 97, 5, 1, 0, 11, 29, 0.0, 0.0, 30
0, 0, 1, 0.9887635316427348, 88, 2.4, 0.21818181818181817, 1.0, 1, 1, 0.02727272727272727, 0.1, 96, 5, 1, 0, 12, 52, 0.0, 0.0, 30
0, 0, 1, 0.9887635316427348, 88, 2.4, 0.21818181818181817, 1.0, 1, 1, 0.02727272727272727, 0.1, 95, 5, 1, 0, 12, 53, 0.0, 0.0, 30
0, 0, 1, 0.9887823714190588, 89, 2.4272727272727272, 0.18181818181818182, 1.0, 1, 1, 0.02727272727272727, 0.15, 190, 23, 0, 0, 0, 110, 0.08695652173913043, 0.21739130434782608, 30
0, 0, 1, 0.9889423711465739, 102, 3.709090909090909, 0.17272727272727273, 1.0, 1, 1, 0.03636363636363636, 0.2, 93, 43, 2, 0, 2, 84, 0.13953488372093023, 0.18604651162790697, 30
0, 0, 1, 0.9889423711465739, 102, 1.8545454545454545, 0.17272727272727273, 1.0, 1, 1, 0.01818181818181818, 0.1, 205, 131, 0, 0, 0, 107, 0.3053435114503817, 0.1984732824427481, 30
0, 0, 1, 0.9889423711465739, 102, 1.8545454545454545, 0.17272727272727273, 1.0, 1, 1, 0.01818181818181818, 0.1, 172, 13, 0, 0, 0, 69, 0.15384615384615385, 0.23076923076923078, 30
0, 0, 1, 0.9889423711465739, 102, 1.8545454545454545, 0.17272727272727273, 1.0, 1, 1, 0.01818181818181818, 0.1, 170, 5, 1, 0, 19, 31, 0.0, 0.0, 30
0, 0, 1, 0.9889423711465739, 102, 1.8545454545454545, 0.17272727272727273, 1.0, 1, 1, 0.01818181818181818, 0.1, 186, 7, 0, 0, 0, 67, 0.0, 0.14285714285714285, 30
0, 0, 1, 0.9889423711465739, 102, 1.8545454545454545, 0.17272727272727273, 1.0, 1, 1, 0.01818181818181818, 0.1, 211, 75, 0, 0, 0, 102, 0.2, 0.10666666666666667, 30
0, 0, 1, 0.9889423711465739, 102, 1.8545454545454545, 0.17272727272727273, 1.0, 1, 1, 0.01818181818181818, 0.1, 81, 5, 1, 0, 2, 74, 0.0, 0.0, 30
0, 0, 1, 0.9889423711465739, 102, 1.8545454545454545, 0.17272727272727273, 1.0, 1, 1, 0.01818181818181818, 0.1, 187, 7, 0, 0, 0, 68, 0.0, 0.14285714285714285, 30
0, 0, 1, 0.9889423711465739, 102, 1.8545454545454545, 0.17272727272727273, 1.0, 1, 1, 0.01818181818181818, 0.1, 171, 5, 1, 0, 19, 32, 0.0, 0.0, 30
0, 0, 1, 0.9889423711465739, 102, 1.8545454545454545, 0.17272727272727273, 1.0, 1, 1, 0.01818181818181818, 0.1, 173, 13, 0, 0, 0, 66, 0.15384615384615385, 0.23076923076923078, 30
0, 0, 1, 0.9889423711465739, 102, 1.8545454545454545, 0.17272727272727273, 1.0, 1, 1, 0.01818181818181818, 0.1, 80, 5, 1, 0, 3, 33, 0.0, 0.0, 30
0, 0, 0, 0.9889423711465739, 102, 1.8545454545454545, 0.990909090909091, 1.0, 1, 1, 0.01818181818181818, 0.0, 117, 17, 1, 0, 4, 81, 0.0, 0.058823529411764705, 31
0, 0, 0, 0.9889423711465739, 102, 1.8545454545454545, 0.990909090909091, 1.0, 1, 1, 0.01818181818181818, 0.0, 112, 5, 1, 0, 15, 55, 0.0, 0.0, 31
0, 0, 0, 0.9889423711465739, 102, 1.8545454545454545, 0.990909090909091, 1.0, 1, 1, 0.01818181818181818, 0.0, 111, 5, 0, 0, 0, 37, 0.0, 0.0, 31
0, 0, 0, 0.9889423711465739, 102, 1.8545454545454545, 0.990909090909091, 1.0, 1, 1, 0.01818181818181818, 0.0, 116, 23, 2, 0, 4, 87, 0.0, 0.043478260869565216, 31
0, 0, 0, 0.9889423711465739, 102, 1.8545454545454545, 0.990909090909091, 1.0, 1, 1, 0.01818181818181818, 0.0, 119, 79, 2, 0, 4, 111, 0.012658227848101266, 0.12658227848101267, 31
0, 0, 0, 0.9889423711465739, 102, 1.8545454545454545, 0.990909090909091, 1.0, 1, 1, 0.01818181818181818, 0.0, 120, 29, 2, 0, 4, 109, 0.0, 0.10344827586206896, 31
0, 0, 0, 0.9889423711465739, 102, 1.8545454545454545, 0.990909090909091, 1.0, 1, 1, 0.01818181818181818, 0.0, 115, 23, 2, 0, 4, 82, 0.0, 0.043478260869565216, 31
0, 0, 0, 0.9889423711465739, 102, 1.8545454545454545, 0.990909090909091, 1.0, 1, 1, 0.01818181818181818, 0.0, 135, 9, 0, 0, 0, 82, 0.0, 0.3333333333333333, 31
0, 0, 0, 0.9889423711465739, 102, 1.8545454545454545, 0.990909090909091, 1.0, 1, 1, 0.01818181818181818, 0.0, 132, 7, 1, 0, 13, 83, 0.0, 0.0, 31
0, 0, 0, 0.9889423711465739, 102, 1.8545454545454545, 0.990909090909091, 1.0, 1, 1, 0.01818181818181818, 0.0, 135, 9, 0, 0, 0, 73, 0.0, 0.3333333333333333, 31
0, 0, 0, 0.8363761594445396, 67, 3.0454545454545454, 0.990909090909091, 1.0, 3, 1, 0.045454545454545456, 0.0, 132, 55, 1, 0, 13, 88, 0.0, 0.10909090909090909, 31
0, 0, 0, 0.9889423711465739, 102, 1.8545454545454545, 0.990909090909091, 1.0, 1, 1, 0.01818181818181818, 0.0, 117, 27, 2, 0, 4, 102, 0.0, 0.14814814814814814, 31
0, 0, 0, 0.9889423711465739, 102, 1.8545454545454545, 0.990909090909091, 1.0, 1, 1, 0.01818181818181818, 0.0, 112, 5, 1, 0, 15, 55, 0.0, 0.0, 31
0, 0, 0, 0.9889423711465739, 102, 1.8545454545454545, 0.990909090909091, 1.0, 1, 1, 0.01818181818181818, 0.0, 111, 5, 0, 0, 0, 37, 0.0, 0.0, 31
0, 0, 0, 0.9889423711465739, 102, 1.8545454545454545, 0.990909090909091, 1.0, 1, 1, 0.01818181818181818, 0.0, 132, 5, 1, 0, 13, 22, 0.0, 0.0, 31
0, 0, 0, 0.9889014132599667, 97, 3.527272727272727, 0.990909090909091, 1.0, 1, 1, 0.03636363636363636, 0.0, 114, 25, 3, 0, 21, 141, 0.0, 0.12, 31
0, 0, 0, 0.9889423711465739, 102, 1.8545454545454545, 0.990909090909091, 1.0, 1, 1, 0.01818181818181818, 0.0, 113, 21, 4, 0, 20, 56, 0.0, 0.0, 31
0, 0, 0, 0.9889423711465739, 102, 1.8545454545454545, 0.990909090909091, 1.0, 1, 1, 0.01818181818181818, 0.0, 117, 27, 2, 0, 4, 107, 0.0, 0.14814814814814814, 31
0, 0, 0, 0.9889423711465739, 102, 1.8545454545454545, 0.990909090909091, 1.0, 1, 1, 0.01818181818181818, 0.0, 111, 5, 0, 0, 0, 37, 0.0, 0.0, 31
0, 0, 0, 0.9889423711465739, 102, 1.8545454545454545, 0.990909090909091, 1.0, 1, 1, 0.01818181818181818, 0.0, 112, 5, 1, 0, 15, 55, 0.0, 0.0, 31
0, 0, 0, 0.9889423711465739, 102, 1.8545454545454545, 0.990909090909091, 1.0, 1, 1, 0.01818181818181818, 0.0, 132, 5, 1, 0, 13, 47, 0.4, 0.0, 31
0, 0, 0, 0.9889423711465739, 102, 1.8545454545454545, 0.990909090909091, 1.0, 1, 1, 0.01818181818181818, 0.0, 132, 13, 1, 0, 13, 52, 0.38461538461538464, 0.23076923076923078, 31
0, 0, 0, 0.9889423711465739, 102, 1.8545454545454545, 0.990909090909091, 1.0, 1, 1, 0.01818181818181818, 0.0, 35, 27, 0, 0, 0, 103, 0.0, 0.07407407407407407, 36
0, 0, 0, 0.9889423711465739, 102, 1.8545454545454545, 0.990909090909091, 1.0, 1, 1, 0.01818181818181818, 0.0, 68, 3, 0, 0, 0, 55, 0.0, 0.0, 36
0, 0, 0, 0.9889423711465739, 102, 1.8545454545454545, 0.990909090909091, 1.0, 1, 1, 0.01818181818181818, 0.0, 21, 25, 0, 0, 0, 61, 0.0, 0.04, 36
0, 1, 0, 0.006866832371546786, 9, 0.6545454545454545, 0.990909090909091, 0.9999343396659744, 1, 1, 0.07272727272727272, 0.2, 35, 59, 0, 0, 0, 148, 0.03389830508474576, 0.11864406779661017, 36
0, 0, 0, 0.9888261605940852, 90, 2.4545454545454546, 0.990909090909091, 1.0, 1, 1, 0.02727272727272727, 0.0, 99, 9, 0, 0, 0, 47, 0.0, 0.0, 36
0, 0, 0, 0.9889423711465739, 102, 1.8545454545454545, 0.990909090909091, 1.0, 1, 1, 0.01818181818181818, 0.0, 37, 9, 0, 0, 0, 52, 0.0, 0.0, 36
0, 1, 0, 0.008859186615541687, 18, 1.4727272727272727, 0.990909090909091, 0.9999999248226326, 2, 1, 0.08181818181818182, 0.05, 102, 37, 0, 0, 0, 83, 0.13513513513513514, 0.0, 36
0, 0, 0, 0.9888261605940852, 90, 2.4545454545454546, 0.990909090909091, 1.0, 1, 1, 0.02727272727272727, 0.0, 38, 13, 0, 0, 0, 52, 0.07692307692307693, 0.0, 36
0, 0, 1, 0.9889423711465739, 102, 1.8545454545454545, 0.16363636363636364, 1.0, 1, 1, 0.01818181818181818, 0.1, 98, 5, 1, 0, 2, 70, 0.0, 0.2, 36
0, 0, 0, 0.9889423711465739, 102, 1.8545454545454545, 0.990909090909091, 1.0, 1, 1, 0.01818181818181818, 0.0, 100, 15, 1, 1, 4, 113, 0.06666666666666667, 0.06666666666666667, 36
0, 0, 0, 0.9889423711465739, 102, 1.8545454545454545, 0.990909090909091, 1.0, 1, 1, 0.01818181818181818, 0.0, 101, 5, 1, 1, 12, 40, 0.0, 0.0, 36
0, 0, 0, 0.9888261605940852, 90, 2.4545454545454546, 0.990909090909091, 1.0, 1, 1, 0.02727272727272727, 0.0, 157, 13, 0, 0, 0, 47, 0.0, 0.0, 37
0, 0, 0, 0.9889423711465739, 102, 1.8545454545454545, 0.990909090909091, 1.0, 1, 1, 0.01818181818181818, 0.0, 21, 49, 0, 0, 0, 90, 0.32653061224489793, 0.0, 37
0, 0, 0, 0.9889423711465739, 102, 1.8545454545454545, 0.990909090909091, 1.0, 1, 1, 0.01818181818181818, 0.0, 35, 27, 0, 0, 0, 71, 0.18518518518518517, 0.14814814814814814, 37
0, 0, 0, 0.9889423711465739, 102, 1.8545454545454545, 0.990909090909091, 1.0, 1, 1, 0.01818181818181818, 0.0, 75, 5, 0, 0, 0, 55, 0.0, 0.0, 38
0, 0, 0, 0.9889423711465739, 102, 1.8545454545454545, 0.990909090909091, 1.0, 1, 1, 0.01818181818181818, 0.0, 35, 65, 0, 0, 0, 125, 0.0, 0.046153846153846156, 38
0, 0, 0, 0.9889423711465739, 102, 1.8545454545454545, 0.990909090909091, 1.0, 1, 1, 0.01818181818181818, 0.0, 36, 13, 1, 0, 2, 49, 0.0, 0.0, 38
0, 0, 1, 0.5991606613549142, 43, 1.1727272727272726, 0.5909090909090909, 0.9999999999999432, 2, 11, 0.02727272727272727, 0.05, 36, 31, 1, 0, 2, 94, 0.0967741935483871, 0.12903225806451613, 39
0, 0, 1, 0.5991606613549142, 43, 1.1727272727272726, 0.5909090909090909, 0.9999999999999432, 2, 11, 0.02727272727272727, 0.05, 35, 9, 0, 0, 0, 62, 0.0, 0.0, 39
0, 0, 1, 0.5991606613549142, 43, 1.1727272727272726, 0.5909090909090909, 0.9999999999999432, 2, 11, 0.02727272727272727, 0.05, 34, 25, 1, 0, 2, 93, 0.0, 0.08, 39
0, 0, 1, 0.5991606613549142, 43, 1.1727272727272726, 0.5909090909090909, 0.9999999999999432, 2, 11, 0.02727272727272727, 0.05, 36, 13, 1, 0, 2, 49, 0.0, 0.0, 39
0, 0, 1, 0.5991606613549142, 43, 1.1727272727272726, 0.5909090909090909, 0.9999999999999432, 2, 11, 0.02727272727272727, 0.05, 34, 45, 1, 0, 2, 215, 0.08888888888888889, 0.2, 39
0, 0, 1, 0.5991606613549142, 43, 1.1727272727272726, 0.5909090909090909, 0.9999999999999432, 2, 11, 0.02727272727272727, 0.05, 60, 5, 1, 0, 2, 49, 0.0, 0.0, 39
0, 0, 1, 0.5991606613549142, 43, 1.1727272727272726, 0.5909090909090909, 0.9999999999999432, 2, 11, 0.02727272727272727, 0.05, 35, 15, 0, 0, 0, 183, 0.2, 0.0, 39
0, 0, 0, 0.9889423711465739, 102, 1.9065420560747661, 0.9636363636363636, 1.0, 1, 1, 0.018691588785046728, 0.0, 213, 5, 0, 0, 0, 42, 0.0, 0.0, 30
0, 0, 0, 0.9889423711465739, 102, 1.9065420560747661, 0.9636363636363636, 1.0, 1, 1, 0.018691588785046728, 0.0, 214, 5, 0, 0, 0, 39, 0.0, 0.0, 30
0, 0, 1, 0.9923245261104399, 103, 0.9903846153846154, 0.00909090909090909, 1.0, 1, 1, 0.009615384615384616, 0.05, 68, 5, 0, 0, 0, 55, 0.0, 0.0, 8
0, 0, 1, 0.9923245261104399, 103, 0.9903846153846154, 0.00909090909090909, 1.0, 1, 1, 0.009615384615384616, 0.05, 38, 5, 0, 0, 0, 52, 0.0, 0.0, 8
0, 0, 1, 0.9923245261104399, 103, 0.9903846153846154, 0.00909090909090909, 1.0, 1, 1, 0.009615384615384616, 0.05, 37, 5, 0, 0, 0, 52, 0.0, 0.0, 8
0, 0, 1, 0.9923245261104399, 103, 0.9903846153846154, 0.00909090909090909, 1.0, 1, 1, 0.009615384615384616, 0.05, 122, 5, 1, 0, 2, 76, 0.4, 0.4, 8
0, 0, 1, 0.9923245261104399, 103, 0.9903846153846154, 0.00909090909090909, 1.0, 1, 1, 0.009615384615384616, 0.05, 26, 21, 0, 0, 0, 66, 0.047619047619047616, 0.047619047619047616, 8
0, 0, 1, 0.9923245261104399, 103, 0.9903846153846154, 0.00909090909090909, 1.0, 1, 1, 0.009615384615384616, 0.05, 124, 5, 0, 0, 0, 42, 0.0, 0.0, 8
0, 0, 1, 0.9923245261104399, 103, 0.9903846153846154, 0.00909090909090909, 1.0, 1, 1, 0.009615384615384616, 0.05, 19, 11, 0, 0, 0, 48, 0.0, 0.09090909090909091, 8
0, 0, 1, 0.9923245261104399, 103, 0.9903846153846154, 0.00909090909090909, 1.0, 1, 1, 0.009615384615384616, 0.05, 147, 5, 1, 0, 1, 78, 0.0, 0.0, 8
0, 0, 1, 0.9923245261104399, 103, 0.9903846153846154, 0.00909090909090909, 1.0, 1, 1, 0.009615384615384616, 0.05, 7, 7, 0, 0, 0, 82, 0.0, 0.0, 8
0, 0, 1, 0.9923245261104399, 103, 0.9903846153846154, 0.00909090909090909, 1.0, 1, 1, 0.009615384615384616, 0.05, 126, 5, 0, 0, 0, 42, 0.0, 0.0, 8
0, 0, 1, 0.9923245261104399, 103, 0.9903846153846154, 0.00909090909090909, 1.0, 1, 1, 0.009615384615384616, 0.05, 24, 9, 0, 0, 0, 67, 0.2222222222222222, 0.2222222222222222, 8
0, 0, 1, 0.9923245261104399, 103, 0.9903846153846154, 0.00909090909090909, 1.0, 1, 1, 0.009615384615384616, 0.05, 123, 5, 1, 0, 1, 68, 0.0, 0.0, 8
0, 0, 1, 0.9923245261104399, 103, 0.9903846153846154, 0.00909090909090909, 1.0, 1, 1, 0.009615384615384616, 0.05, 14, 15, 1, 0, 4, 98, 0.0, 0.06666666666666667, 8
0, 0, 1, 0.9923245261104399, 103, 0.9903846153846154, 0.00909090909090909, 1.0, 1, 1, 0.009615384615384616, 0.05, 144, 25, 1, 0, 1, 98, 0.0, 0.04, 8
0, 0, 1, 0.9923245261104399, 103, 0.9903846153846154, 0.00909090909090909, 1.0, 1, 1, 0.009615384615384616, 0.05, 164, 23, 0, 0, 0, 98, 0.0, 0.043478260869565216, 8
0, 0, 1, 0.9923245261104399, 103, 0.9903846153846154, 0.00909090909090909, 1.0, 1, 1, 0.009615384615384616, 0.05, 106, 5, 1, 0, 12, 25, 0.0, 0.0, 8
0, 0, 1, 0.9923245261104399, 103, 0.9903846153846154, 0.00909090909090909, 1.0, 1, 1, 0.009615384615384616, 0.05, 104, 5, 1, 0, 12, 25, 0.0, 0.0, 8
0, 0, 1, 0.9923245261104399, 103, 0.9903846153846154, 0.00909090909090909, 1.0, 1, 1, 0.009615384615384616, 0.05, 109, 5, 0, 0, 0, 48, 0.0, 0.2, 8
0, 0, 1, 0.9923245261104399, 103, 0.9903846153846154, 0.00909090909090909, 1.0, 1, 1, 0.009615384615384616, 0.05, 27, 69, 0, 0, 0, 93, 0.014492753623188406, 0.10144927536231885, 8
0, 0, 1, 0.9923245261104399, 103, 0.9903846153846154, 0.00909090909090909, 1.0, 1, 1, 0.009615384615384616, 0.05, 162, 15, 0, 0, 0, 87, 0.13333333333333333, 0.0, 8
0, 0, 1, 0.9923245261104399, 103, 0.9903846153846154, 0.00909090909090909, 1.0, 1, 1, 0.009615384615384616, 0.05, 17, 75, 0, 0, 0, 101, 0.0, 0.06666666666666667, 8
0, 0, 1, 0.9923245261104399, 103, 0.9903846153846154, 0.00909090909090909, 1.0, 1, 1, 0.009615384615384616, 0.05, 29, 7, 0, 0, 0, 69, 0.0, 0.14285714285714285, 8
0, 0, 1, 0.9923245261104399, 103, 0.9903846153846154, 0.00909090909090909, 1.0, 1, 1, 0.009615384615384616, 0.05, 69, 5, 0, 0, 0, 46, 0.4, 0.0, 8
0, 0, 1, 0.9923245261104399, 103, 0.9903846153846154, 0.00909090909090909, 1.0, 1, 1, 0.009615384615384616, 0.05, 21, 27, 0, 0, 0, 100, 0.0, 0.07407407407407407, 8
0, 0, 1, 0.9923245261104399, 103, 0.9903846153846154, 0.00909090909090909, 1.0, 1, 1, 0.009615384615384616, 0.05, 145, 5, 1, 0, 1, 96, 0.0, 0.0, 8
0, 0, 1, 0.9923245261104399, 103, 0.9903846153846154, 0.00909090909090909, 1.0, 1, 1, 0.009615384615384616, 0.05, 148, 5, 1, 0, 1, 121, 0.0, 0.0, 8
0, 0, 1, 0.9923245261104399, 103, 0.9903846153846154, 0.00909090909090909, 1.0, 1, 1, 0.009615384615384616, 0.05, 146, 5, 1, 0, 1, 119, 0.0, 0.0, 8
0, 0, 1, 0.9923245261104399, 103, 0.9903846153846154, 0.00909090909090909, 1.0, 1, 1, 0.009615384615384616, 0.05, 77, 5, 0, 0, 0, 34, 0.0, 0.0, 8
0, 0, 1, 0.9923245261104399, 103, 0.9903846153846154, 0.00909090909090909, 1.0, 1, 1, 0.009615384615384616, 0.05, 154, 21, 0, 0, 0, 77, 0.0, 0.09523809523809523, 8
0, 0, 1, 0.9923245261104399, 103, 0.9903846153846154, 0.00909090909090909, 1.0, 1, 1, 0.009615384615384616, 0.05, 33, 17, 0, 0, 0, 66, 0.058823529411764705, 0.058823529411764705, 8
0, 0, 1, 0.9923245261104399, 103, 0.9903846153846154, 0.00909090909090909, 1.0, 1, 1, 0.009615384615384616, 0.05, 25, 33, 0, 0, 0, 96, 0.0, 0.09090909090909091, 8
0, 0, 1, 0.9923245261104399, 103, 0.9903846153846154, 0.00909090909090909, 1.0, 1, 1, 0.009615384615384616, 0.05, 110, 5, 1, 0, 7, 31, 0.0, 0.0, 8
0, 0, 1, 0.9923245261104399, 103, 0.9903846153846154, 0.00909090909090909, 1.0, 1, 1, 0.009615384615384616, 0.05, 0, 17, 0, 0, 0, 78, 0.0, 0.17647058823529413, 8
0, 0, 1, 0.9923245261104399, 103, 0.9903846153846154, 0.00909090909090909, 1.0, 1, 1, 0.009615384615384616, 0.05, 41, 17, 0, 0, 0, 80, 0.0, 0.0, 8
0, 0, 1, 0.9923245261104399, 103, 0.9903846153846154, 0.00909090909090909, 1.0, 1, 1, 0.009615384615384616, 0.05, 150, 5, 1, 0, 1, 124, 0.0, 0.0, 8
0, 0, 1, 0.9923245261104399, 103, 0.9903846153846154, 0.00909090909090909, 1.0, 1, 1, 0.009615384615384616, 0.05, 118, 5, 1, 0, 13, 66, 0.2, 0.0, 8
0, 0, 1, 0.9923245261104399, 103, 0.9903846153846154, 0.00909090909090909, 1.0, 1, 1, 0.009615384615384616, 0.05, 32, 5, 0, 0, 0, 46, 0.0, 0.2, 8
0, 0, 1, 0.9923245261104399, 103, 0.9903846153846154, 0.00909090909090909, 1.0, 1, 1, 0.009615384615384616, 0.05, 132, 5, 1, 0, 13, 24, 0.0, 0.0, 8
0, 0, 1, 0.9923245261104399, 103, 0.9903846153846154, 0.00909090909090909, 1.0, 1, 1, 0.009615384615384616, 0.05, 31, 13, 2, 0, 5, 56, 0.0, 0.07692307692307693, 8
0, 0, 1, 0.9923245261104399, 103, 0.9903846153846154, 0.00909090909090909, 1.0, 1, 1, 0.009615384615384616, 0.05, 3, 31, 1, 0, 1, 82, 0.0, 0.06451612903225806, 8
0, 0, 1, 0.9923245261104399, 103, 0.9903846153846154, 0.00909090909090909, 1.0, 1, 1, 0.009615384615384616, 0.05, 4, 29, 1, 0, 1, 82, 0.0, 0.06896551724137931, 8
0, 0, 1, 0.9923245261104399, 103, 0.9903846153846154, 0.00909090909090909, 1.0, 1, 1, 0.009615384615384616, 0.05, 11, 13, 0, 0, 0, 67, 0.0, 0.23076923076923078, 8
0, 0, 1, 0.9923245261104399, 103, 0.9903846153846154, 0.00909090909090909, 1.0, 1, 1, 0.009615384615384616, 0.05, 107, 5, 0, 0, 0, 46, 0.0, 0.0, 8
0, 0, 1, 0.9923245261104399, 103, 0.9903846153846154, 0.00909090909090909, 1.0, 1, 1, 0.009615384615384616, 0.05, 42, 17, 0, 0, 0, 85, 0.0, 0.0, 8
0, 0, 1, 0.9923245261104399, 103, 0.9903846153846154, 0.00909090909090909, 1.0, 1, 1, 0.009615384615384616, 0.05, 5, 15, 2, 0, 1, 79, 0.0, 0.13333333333333333, 8
0, 0, 1, 0.9923245261104399, 103, 0.9903846153846154, 0.00909090909090909, 1.0, 1, 1, 0.009615384615384616, 0.05, 125, 17, 0, 0, 0, 40, 0.0, 0.11764705882352941, 8
0, 0, 1, 0.9923245261104399, 103, 0.9903846153846154, 0.00909090909090909, 1.0, 1, 1, 0.009615384615384616, 0.05, 158, 9, 0, 0, 0, 39, 0.0, 0.1111111111111111, 8
0, 0, 1, 0.9923245261104399, 103, 0.9903846153846154, 0.00909090909090909, 1.0, 1, 1, 0.009615384615384616, 0.05, 8, 27, 2, 0, 2, 88, 0.07407407407407407, 0.1111111111111111, 8
0, 0, 1, 0.9923245261104399, 103, 0.9903846153846154, 0.00909090909090909, 1.0, 1, 1, 0.009615384615384616, 0.05, 9, 15, 2, 0, 1, 81, 0.0, 0.13333333333333333, 8
0, 0, 1, 0.9923245261104399, 103, 0.9903846153846154, 0.00909090909090909, 1.0, 1, 1, 0.009615384615384616, 0.05, 23, 29, 1, 0, 1, 82, 0.0, 0.06896551724137931, 8
0, 0, 1, 0.9923245261104399, 103, 0.9903846153846154, 0.00909090909090909, 1.0, 1, 1, 0.009615384615384616, 0.05, 131, 5, 0, 0, 0, 39, 0.0, 0.0, 8
0, 0, 1, 0.9923245261104399, 103, 0.9903846153846154, 0.00909090909090909, 1.0, 1, 1, 0.009615384615384616, 0.05, 127, 29, 1, 0, 1, 82, 0.0, 0.06896551724137931, 8
0, 0, 1, 0.9923245261104399, 103, 0.9903846153846154, 0.00909090909090909, 1.0, 1, 1, 0.009615384615384616, 0.05, 159, 41, 0, 0, 0, 80, 0.0, 0.07317073170731707, 8
0, 0, 1, 0.9923245261104399, 103, 0.9903846153846154, 0.00909090909090909, 1.0, 1, 1, 0.009615384615384616, 0.05, 18, 5, 1, 0, 1, 72, 0.0, 0.0, 8
0, 0, 1, 0.9923245261104399, 103, 0.9903846153846154, 0.00909090909090909, 1.0, 1, 1, 0.009615384615384616, 0.05, 128, 29, 1, 0, 1, 82, 0.0, 0.06896551724137931, 8
0, 0, 1, 0.9923245261104399, 103, 0.9903846153846154, 0.00909090909090909, 1.0, 1, 1, 0.009615384615384616, 0.05, 153, 43, 0, 0, 0, 99, 0.023255813953488372, 0.11627906976744186, 8
0, 0, 1, 0.9923245261104399, 103, 0.9903846153846154, 0.00909090909090909, 1.0, 1, 1, 0.009615384615384616, 0.05, 61, 5, 0, 0, 0, 55, 0.0, 0.0, 8
0, 0, 1, 0.9923245261104399, 103, 0.9903846153846154, 0.00909090909090909, 1.0, 1, 1, 0.009615384615384616, 0.05, 20, 29, 1, 0, 1, 82, 0.0, 0.06896551724137931, 8
0, 0, 1, 0.9923245261104399, 103, 0.9903846153846154, 0.00909090909090909, 1.0, 1, 1, 0.009615384615384616, 0.05, 22, 9, 0, 0, 0, 81, 0.0, 0.2222222222222222, 8
0, 0, 1, 0.9923245261104399, 103, 0.9903846153846154, 0.00909090909090909, 1.0, 1, 1, 0.009615384615384616, 0.05, 2, 65, 0, 0, 0, 104, 0.03076923076923077, 0.07692307692307693, 8
0, 0, 1, 0.9923245261104399, 103, 0.9903846153846154, 0.00909090909090909, 1.0, 1, 1, 0.009615384615384616, 0.05, 25, 7, 1, 0, 6, 48, 0.0, 0.0, 8
0, 0, 1, 0.9923245261104399, 103, 0.9903846153846154, 0.00909090909090909, 1.0, 1, 1, 0.009615384615384616, 0.05, 62, 5, 1, 0, 1, 28, 0.0, 0.0, 8
0, 0, 1, 0.9923245261104399, 103, 0.9903846153846154, 0.00909090909090909, 1.0, 1, 1, 0.009615384615384616, 0.05, 125, 7, 1, 0, 6, 55, 0.0, 0.0, 8
0, 0, 1, 0.9923245261104399, 103, 0.9903846153846154, 0.00909090909090909, 1.0, 1, 1, 0.009615384615384616, 0.05, 7, 7, 1, 0, 6, 112, 0.0, 0.0, 8
0, 0, 1, 0.9923245261104399, 103, 0.9903846153846154, 0.00909090909090909, 1.0, 1, 1, 0.009615384615384616, 0.05, 76, 7, 1, 0, 6, 80, 0.0, 0.0, 8
0, 0, 1, 0.9923245261104399, 103, 0.9903846153846154, 0.00909090909090909, 1.0, 1, 1, 0.009615384615384616, 0.05, 22, 7, 1, 0, 6, 57, 0.0, 0.0, 8
0, 0, 1, 0.9923245261104399, 103, 0.9903846153846154, 0.00909090909090909, 1.0, 1, 1, 0.009615384615384616, 0.05, 17, 7, 1, 0, 6, 88, 0.0, 0.0, 8
0, 0, 1, 0.9923245261104399, 103, 0.9903846153846154, 0.00909090909090909, 1.0, 1, 1, 0.009615384615384616, 0.05, 29, 7, 1, 0, 6, 47, 0.0, 0.0, 8
0, 0, 1, 0.9923245261104399, 103, 0.9903846153846154, 0.00909090909090909, 1.0, 1, 1, 0.009615384615384616, 0.05, 61, 7, 1, 0, 6, 60, 0.0, 0.0, 8
0, 0, 1, 0.9923245261104399, 103, 0.9903846153846154, 0.00909090909090909, 1.0, 1, 1, 0.009615384615384616, 0.05, 69, 7, 1, 0, 6, 41, 0.0, 0.0, 8
0, 0, 1, 0.9923245261104399, 103, 0.9903846153846154, 0.00909090909090909, 1.0, 1, 1, 0.009615384615384616, 0.05, 24, 7, 1, 0, 6, 40, 0.0, 0.0, 8
0, 0, 1, 0.9923245261104399, 103, 0.9903846153846154, 0.00909090909090909, 1.0, 1, 1, 0.009615384615384616, 0.05, 43, 7, 1, 0, 6, 72, 0.0, 0.0, 8
0, 0, 1, 0.9923245261104399, 103, 0.9903846153846154, 0.00909090909090909, 1.0, 1, 1, 0.009615384615384616, 0.05, 19, 7, 1, 0, 6, 63, 0.0, 0.0, 8
0, 0, 1, 0.9923245261104399, 103, 0.9903846153846154, 0.00909090909090909, 1.0, 1, 1, 0.009615384615384616, 0.05, 67, 5, 1, 0, 2, 76, 0.0, 0.0, 8
0, 0, 1, 0.9923245261104399, 103, 0.9903846153846154, 0.00909090909090909, 1.0, 1, 1, 0.009615384615384616, 0.05, 57, 43, 1, 0, 14, 90, 0.0, 0.046511627906976744, 8
0, 0, 1, 0.9923245261104399, 103, 0.9903846153846154, 0.00909090909090909, 1.0, 1, 1, 0.009615384615384616, 0.05, 33, 59, 0, 0, 0, 126, 0.2033898305084746, 0.0847457627118644, 8
0, 0, 1, 0.9923245261104399, 103, 0.9903846153846154, 0.00909090909090909, 1.0, 1, 1, 0.009615384615384616, 0.05, 65, 5, 0, 0, 0, 56, 0.0, 0.0, 8
0, 0, 1, 0.9923245261104399, 103, 0.9903846153846154, 0.00909090909090909, 1.0, 1, 1, 0.009615384615384616, 0.05, 64, 5, 1, 0, 2, 32, 0.0, 0.0, 8
0, 0, 1, 0.9923245261104399, 103, 0.9903846153846154, 0.00909090909090909, 1.0, 1, 1, 0.009615384615384616, 0.05, 63, 39, 1, 0, 10, 89, 0.02564102564102564, 0.05128205128205128, 8
0, 0, 1, 0.9923245261104399, 103, 0.9903846153846154, 0.00909090909090909, 1.0, 1, 1, 0.009615384615384616, 0.05, 160, 5, 0, 0, 0, 155, 0.0, 0.0, 8
0, 0, 1, 0.9923245261104399, 103, 0.9903846153846154, 0.00909090909090909, 1.0, 1, 1, 0.009615384615384616, 0.05, 78, 13, 0, 0, 0, 78, 0.0, 0.0, 8
0, 0, 1, 0.9923245261104399, 103, 0.9903846153846154, 0.00909090909090909, 1.0, 1, 1, 0.009615384615384616, 0.05, 165, 7, 0, 0, 0, 160, 0.0, 0.0, 8
0, 0, 1, 0.9923245261104399, 103, 0.9903846153846154, 0.00909090909090909, 1.0, 1, 1, 0.009615384615384616, 0.05, 120, 29, 2, 0, 4, 109, 0.0, 0.10344827586206896, 18
0, 0, 1, 0.9923245261104399, 103, 0.9903846153846154, 0.00909090909090909, 1.0, 1, 1, 0.009615384615384616, 0.05, 116, 23, 2, 0, 4, 87, 0.0, 0.043478260869565216, 18
0, 0, 1, 0.9923245261104399, 103, 0.9903846153846154, 0.00909090909090909, 1.0, 1, 1, 0.009615384615384616, 0.05, 119, 79, 2, 0, 4, 111, 0.012658227848101266, 0.12658227848101267, 18
0, 0, 1, 0.9923245261104399, 103, 0.9903846153846154, 0.00909090909090909, 1.0, 1, 1, 0.009615384615384616, 0.05, 115, 23, 2, 0, 4, 82, 0.0, 0.043478260869565216, 18
0, 0, 1, 0.9923245261104399, 103, 0.9903846153846154, 0.00909090909090909, 1.0, 1, 1, 0.009615384615384616, 0.05, 117, 17, 1, 0, 4, 81, 0.0, 0.058823529411764705, 19
0, 0, 1, 0.9923245261104399, 103, 0.9903846153846154, 0.00909090909090909, 1.0, 1, 1, 0.009615384615384616, 0.05, 111, 5, 0, 0, 0, 37, 0.0, 0.0, 19
0, 0, 1, 0.9923245261104399, 103, 0.9903846153846154, 0.00909090909090909, 1.0, 1, 1, 0.009615384615384616, 0.05, 111, 5, 0, 0, 0, 37, 0.0, 0.0, 19
0, 0, 1, 0.9923245261104399, 103, 0.9903846153846154, 0.00909090909090909, 1.0, 1, 1, 0.009615384615384616, 0.05, 117, 27, 2, 0, 4, 102, 0.0, 0.14814814814814814, 19
0, 0, 1, 0.9923245261104399, 103, 0.9903846153846154, 0.00909090909090909, 1.0, 1, 1, 0.009615384615384616, 0.05, 112, 5, 1, 0, 15, 55, 0.0, 0.0, 19
0, 0, 1, 0.9923245261104399, 103, 0.9903846153846154, 0.00909090909090909, 1.0, 1, 1, 0.009615384615384616, 0.05, 113, 21, 4, 0, 16, 58, 0.0, 0.0, 19
0, 0, 1, 0.9923245261104399, 103, 0.9903846153846154, 0.00909090909090909, 1.0, 1, 1, 0.009615384615384616, 0.05, 111, 1, 0, 0, 0, 36, 0.0, 0.0, 19
0, 0, 1, 0.9923245261104399, 103, 0.9903846153846154, 0.00909090909090909, 1.0, 1, 1, 0.009615384615384616, 0.05, 114, 25, 3, 0, 17, 75, 0.0, 0.12, 19
0, 0, 1, 0.9923245261104399, 103, 0.9903846153846154, 0.00909090909090909, 1.0, 1, 1, 0.009615384615384616, 0.05, 117, 1, 0, 0, 4, 21, 0.0, 0.0, 19
0, 0, 1, 0.9923245261104399, 103, 0.9903846153846154, 0.00909090909090909, 1.0, 1, 1, 0.009615384615384616, 0.05, 111, 5, 0, 0, 0, 37, 0.0, 0.0, 19
0, 0, 1, 0.9923245261104399, 103, 0.9903846153846154, 0.00909090909090909, 1.0, 1, 1, 0.009615384615384616, 0.05, 117, 27, 2, 0, 4, 107, 0.0, 0.14814814814814814, 19
0, 0, 1, 0.9923245261104399, 103, 0.9903846153846154, 0.00909090909090909, 1.0, 1, 1, 0.009615384615384616, 0.05, 46, 5, 0, 0, 0, 45, 0.0, 0.0, 9
0, 0, 1, 0.9923245261104399, 103, 0.9903846153846154, 0.00909090909090909, 1.0, 1, 1, 0.009615384615384616, 0.05, 45, 5, 1, 0, 8, 91, 0.0, 0.0, 9
0, 0, 1, 0.9923245261104399, 103, 0.9903846153846154, 0.00909090909090909, 1.0, 1, 1, 0.009615384615384616, 0.05, 49, 65, 1, 0, 9, 115, 0.12307692307692308, 0.13846153846153847, 9
0, 0, 1, 0.9923245261104399, 103, 0.9903846153846154, 0.00909090909090909, 1.0, 1, 1, 0.009615384615384616, 0.05, 52, 5, 1, 0, 8, 92, 0.0, 0.0, 9
0, 0, 1, 0.9923245261104399, 103, 0.9903846153846154, 0.00909090909090909, 1.0, 1, 1, 0.009615384615384616, 0.05, 51, 19, 1, 0, 9, 106, 0.05263157894736842, 0.21052631578947367, 9
0, 0, 1, 0.9923245261104399, 103, 0.9903846153846154, 0.00909090909090909, 1.0, 1, 1, 0.009615384615384616, 0.05, 44, 5, 1, 0, 7, 37, 0.0, 0.0, 9
0, 0, 1, 0.9923245261104399, 103, 0.9903846153846154, 0.00909090909090909, 1.0, 1, 1, 0.009615384615384616, 0.05, 48, 43, 1, 0, 8, 106, 0.0, 0.023255813953488372, 9
0, 0, 1, 0.9923245261104399, 103, 0.9903846153846154, 0.00909090909090909, 1.0, 1, 1, 0.009615384615384616, 0.05, 50, 5, 1, 0, 7, 37, 0.0, 0.0, 9
0, 0, 1, 0.9923245261104399, 103, 0.9903846153846154, 0.00909090909090909, 1.0, 1, 1, 0.009615384615384616, 0.05, 47, 43, 1, 0, 8, 105, 0.0, 0.023255813953488372, 9
0, 0, 1, 0.9923245261104399, 103, 0.9903846153846154, 0.00909090909090909, 1.0, 1, 1, 0.009615384615384616, 0.05, 97, 5, 1, 0, 11, 29, 0.0, 0.0, 15
0, 0, 1, 0.9923245261104399, 103, 0.9903846153846154, 0.00909090909090909, 1.0, 1, 1, 0.009615384615384616, 0.05, 93, 47, 2, 0, 2, 84, 0.1276595744680851, 0.19148936170212766, 15
0, 0, 1, 0.9923245261104399, 103, 0.9903846153846154, 0.00909090909090909, 1.0, 1, 1, 0.009615384615384616, 0.05, 121, 27, 0, 0, 0, 89, 0.0, 0.07407407407407407, 15
0, 0, 1, 0.9923245261104399, 103, 0.9903846153846154, 0.00909090909090909, 1.0, 1, 1, 0.009615384615384616, 0.05, 95, 5, 1, 0, 12, 54, 0.0, 0.0, 15
0, 0, 1, 0.9923245261104399, 103, 0.9903846153846154, 0.00909090909090909, 1.0, 1, 1, 0.009615384615384616, 0.05, 96, 5, 1, 0, 12, 53, 0.0, 0.0, 15
0, 0, 1, 0.9923245261104399, 103, 0.9903846153846154, 0.00909090909090909, 1.0, 1, 1, 0.009615384615384616, 0.05, 81, 5, 1, 0, 2, 74, 0.0, 0.0, 15
0, 0, 1, 0.9923245261104399, 103, 0.9903846153846154, 0.00909090909090909, 1.0, 1, 1, 0.009615384615384616, 0.05, 83, 13, 0, 0, 0, 69, 0.15384615384615385, 0.23076923076923078, 15
0, 0, 1, 0.9923245261104399, 103, 0.9903846153846154, 0.00909090909090909, 1.0, 1, 1, 0.009615384615384616, 0.05, 88, 5, 0, 0, 0, 62, 0.0, 0.2, 15
0, 0, 1, 0.9923245261104399, 103, 0.9903846153846154, 0.00909090909090909, 1.0, 1, 1, 0.009615384615384616, 0.05, 84, 127, 0, 0, 0, 86, 0.31496062992125984, 0.1968503937007874, 15
0, 0, 1, 0.9923245261104399, 103, 0.9903846153846154, 0.00909090909090909, 1.0, 1, 1, 0.009615384615384616, 0.05, 82, 13, 0, 0, 0, 66, 0.15384615384615385, 0.23076923076923078, 15
0, 0, 1, 0.9923245261104399, 103, 0.9903846153846154, 0.00909090909090909, 1.0, 1, 1, 0.009615384615384616, 0.05, 85, 61, 0, 0, 0, 101, 0.22950819672131148, 0.04918032786885246, 15
0, 0, 1, 0.9923245261104399, 103, 0.9903846153846154, 0.00909090909090909, 1.0, 1, 1, 0.009615384615384616, 0.05, 89, 5, 0, 0, 0, 63, 0.0, 0.2, 15
0, 0, 1, 0.9923245261104399, 103, 0.9903846153846154, 0.00909090909090909, 1.0, 1, 1, 0.009615384615384616, 0.05, 80, 5, 1, 0, 3, 33, 0.0, 0.0, 15
0, 0, 1, 0.9923245261104399, 103, 0.9903846153846154, 0.00909090909090909, 1.0, 1, 1, 0.009615384615384616, 0.05, 135, 9, 0, 0, 0, 83, 0.0, 0.3333333333333333, 20
0, 0, 1, 0.9923245261104399, 103, 0.9903846153846154, 0.00909090909090909, 1.0, 1, 1, 0.009615384615384616, 0.05, 132, 7, 1, 0, 13, 83, 0.0, 0.0, 20
0, 0, 1, 0.9923245261104399, 103, 0.9903846153846154, 0.00909090909090909, 1.0, 1, 1, 0.009615384615384616, 0.05, 135, 9, 0, 0, 0, 70, 0.0, 0.3333333333333333, 20
0, 0, 1, 0.9923245261104399, 103, 0.9903846153846154, 0.00909090909090909, 1.0, 1, 1, 0.009615384615384616, 0.05, 132, 47, 1, 0, 13, 79, 0.0, 0.10638297872340426, 20
0, 0, 1, 0.9923245261104399, 103, 0.9903846153846154, 0.00909090909090909, 1.0, 1, 1, 0.009615384615384616, 0.05, 132, 5, 1, 0, 13, 22, 0.0, 0.0, 20
0, 0, 1, 0.9923245261104399, 103, 0.9903846153846154, 0.00909090909090909, 1.0, 1, 1, 0.009615384615384616, 0.05, 132, 13, 1, 0, 13, 52, 0.38461538461538464, 0.23076923076923078, 20
0, 0, 1, 0.9923245261104399, 103, 0.9903846153846154, 0.00909090909090909, 1.0, 1, 1, 0.009615384615384616, 0.05, 108, 25, 1, 0, 13, 79, 0.28, 0.24, 16
0, 0, 1, 0.9923245261104399, 103, 0.9903846153846154, 0.00909090909090909, 1.0, 1, 1, 0.009615384615384616, 0.05, 156, 25, 1, 0, 18, 83, 0.04, 0.32, 16
0, 0, 1, 0.9923245261104399, 103, 0.9903846153846154, 0.00909090909090909, 1.0, 1, 1, 0.009615384615384616, 0.05, 155, 5, 1, 0, 18, 72, 0.0, 0.0, 16
0, 0, 1, 0.9923245261104399, 103, 0.9903846153846154, 0.00909090909090909, 1.0, 1, 1, 0.009615384615384616, 0.05, 166, 13, 0, 0, 0, 66, 0.0, 0.0, 10
0, 0, 1, 0.9923245261104399, 103, 0.9903846153846154, 0.00909090909090909, 1.0, 1, 1, 0.009615384615384616, 0.05, 167, 13, 0, 0, 0, 63, 0.0, 0.0, 10
0, 0, 1, 0.9923245261104399, 103, 0.9903846153846154, 0.00909090909090909, 1.0, 1, 1, 0.009615384615384616, 0.05, 129, 7, 0, 0, 0, 68, 0.14285714285714285, 0.0, 10
0, 0, 1, 0.9923245261104399, 103, 0.9903846153846154, 0.00909090909090909, 1.0, 1, 1, 0.009615384615384616, 0.05, 130, 7, 0, 0, 0, 68, 0.14285714285714285, 0.0, 10
0, 0, 1, 0.9923245261104399, 103, 0.9903846153846154, 0.00909090909090909, 1.0, 1, 1, 0.009615384615384616, 0.05, 74, 13, 0, 0, 0, 106, 0.0, 0.3076923076923077, 10
0, 0, 1, 0.9923245261104399, 103, 0.9903846153846154, 0.00909090909090909, 1.0, 1, 1, 0.009615384615384616, 0.05, 169, 13, 0, 0, 0, 82, 0.0, 0.0, 10
0, 0, 1, 0.9923245261104399, 103, 0.9903846153846154, 0.00909090909090909, 1.0, 1, 1, 0.009615384615384616, 0.05, 133, 17, 0, 0, 0, 60, 0.0, 0.058823529411764705, 10
0, 0, 1, 0.9923245261104399, 103, 0.9903846153846154, 0.00909090909090909, 1.0, 1, 1, 0.009615384615384616, 0.05, 167, 13, 0, 0, 0, 63, 0.0, 0.0, 10
0, 0, 1, 0.9923245261104399, 103, 0.9903846153846154, 0.00909090909090909, 1.0, 1, 1, 0.009615384615384616, 0.05, 73, 7, 0, 0, 0, 65, 0.0, 0.0, 10
0, 0, 1, 0.9923245261104399, 103, 0.9903846153846154, 0.00909090909090909, 1.0, 1, 1, 0.009615384615384616, 0.05, 168, 13, 0, 0, 0, 63, 0.0, 0.0, 10
0, 0, 1, 0.9923245261104399, 103, 0.9903846153846154, 0.00909090909090909, 1.0, 1, 1, 0.009615384615384616, 0.05, 35, 11, 0, 0, 0, 48, 0.18181818181818182, 0.09090909090909091, 10
0, 0, 1, 0.9923245261104399, 103, 0.9903846153846154, 0.00909090909090909, 1.0, 1, 1, 0.009615384615384616, 0.05, 135, 5, 0, 1, 0, 14, 0.0, 0.0, 21
0, 0, 1, 0.9923245261104399, 103, 0.9903846153846154, 0.00909090909090909, 1.0, 1, 1, 0.009615384615384616, 0.05, 151, 25, 0, 0, 0, 91, 0.0, 0.16, 21
0, 0, 1, 0.9923245261104399, 103, 0.9903846153846154, 0.00909090909090909, 1.0, 1, 1, 0.009615384615384616, 0.05, 135, 7, 0, 0, 0, 68, 0.0, 0.14285714285714285, 21
0, 0, 1, 0.9923245261104399, 103, 0.9903846153846154, 0.00909090909090909, 1.0, 1, 1, 0.009615384615384616, 0.05, 135, 7, 0, 0, 0, 68, 0.0, 0.14285714285714285, 21
0, 0, 1, 0.9923245261104399, 103, 0.9903846153846154, 0.00909090909090909, 1.0, 1, 1, 0.009615384615384616, 0.05, 138, 29, 0, 0, 0, 81, 0.0, 0.1724137931034483, 21
0, 0, 1, 0.9923245261104399, 103, 0.9903846153846154, 0.00909090909090909, 1.0, 1, 1, 0.009615384615384616, 0.05, 135, 5, 0, 1, 0, 78, 0.0, 0.0, 21
0, 0, 1, 0.9923245261104399, 103, 0.9903846153846154, 0.00909090909090909, 1.0, 1, 1, 0.009615384615384616, 0.05, 136, 33, 0, 0, 0, 83, 0.0, 0.15151515151515152, 21
0, 0, 1, 0.9923245261104399, 103, 0.9903846153846154, 0.00909090909090909, 1.0, 1, 1, 0.009615384615384616, 0.05, 134, 29, 0, 0, 0, 86, 0.0, 0.1724137931034483, 21
0, 0, 1, 0.9923245261104399, 103, 0.9903846153846154, 0.00909090909090909, 1.0, 1, 1, 0.009615384615384616, 0.05, 137, 27, 0, 0, 0, 77, 0.0, 0.14814814814814814, 21
0, 0, 1, 0.9923245261104399, 103, 0.9903846153846154, 0.00909090909090909, 1.0, 1, 1, 0.009615384615384616, 0.05, 140, 17, 0, 0, 0, 79, 0.0, 0.17647058823529413, 21
0, 0, 1, 0.9923245261104399, 103, 0.9903846153846154, 0.00909090909090909, 1.0, 1, 1, 0.009615384615384616, 0.05, 139, 15, 0, 0, 0, 78, 0.0, 0.2, 21
0, 0, 1, 0.9923245261104399, 103, 0.9903846153846154, 0.00909090909090909, 1.0, 1, 1, 0.009615384615384616, 0.05, 142, 7, 1, 0, 4, 65, 0.0, 0.14285714285714285, 21
0, 0, 1, 0.9923245261104399, 103, 0.9903846153846154, 0.00909090909090909, 1.0, 1, 1, 0.009615384615384616, 0.05, 149, 15, 0, 0, 0, 71, 0.06666666666666667, 0.2, 21
0, 0, 1, 0.9923245261104399, 103, 0.9903846153846154, 0.00909090909090909, 1.0, 1, 1, 0.009615384615384616, 0.05, 152, 7, 0, 1, 0, 60, 0.2857142857142857, 0.2857142857142857, 21
0, 0, 1, 0.9923245261104399, 103, 0.9903846153846154, 0.00909090909090909, 1.0, 1, 1, 0.009615384615384616, 0.05, 143, 17, 0, 0, 0, 62, 0.0, 0.23529411764705882, 21
0, 0, 1, 0.9923245261104399, 103, 0.9903846153846154, 0.00909090909090909, 1.0, 1, 1, 0.009615384615384616, 0.05, 35, 27, 0, 0, 0, 101, 0.0, 0.07407407407407407, 11
0, 0, 1, 0.9923245261104399, 103, 0.9903846153846154, 0.00909090909090909, 1.0, 1, 1, 0.009615384615384616, 0.05, 98, 5, 1, 0, 2, 70, 0.0, 0.2, 11
0, 0, 1, 0.9923245261104399, 103, 0.9903846153846154, 0.00909090909090909, 1.0, 1, 1, 0.009615384615384616, 0.05, 101, 5, 1, 1, 12, 40, 0.0, 0.0, 11
0, 0, 1, 0.9923245261104399, 103, 0.9903846153846154, 0.00909090909090909, 1.0, 1, 1, 0.009615384615384616, 0.05, 21, 17, 0, 0, 0, 48, 0.23529411764705882, 0.058823529411764705, 11
0, 0, 1, 0.9923245261104399, 103, 0.9903846153846154, 0.00909090909090909, 1.0, 1, 1, 0.009615384615384616, 0.05, 100, 15, 1, 1, 4, 113, 0.06666666666666667, 0.06666666666666667, 11
0, 0, 1, 0.9923245261104399, 103, 0.9903846153846154, 0.00909090909090909, 1.0, 1, 1, 0.009615384615384616, 0.05, 99, 9, 0, 0, 0, 43, 0.0, 0.0, 11
0, 0, 1, 0.9923245261104399, 103, 0.9903846153846154, 0.00909090909090909, 1.0, 1, 1, 0.009615384615384616, 0.05, 102, 55, 0, 0, 0, 89, 0.10909090909090909, 0.0, 11
0, 0, 1, 0.9923245261104399, 103, 0.9903846153846154, 0.00909090909090909, 1.0, 1, 1, 0.009615384615384616, 0.05, 37, 7, 0, 0, 0, 52, 0.0, 0.0, 11
0, 0, 1, 0.9923245261104399, 103, 0.9903846153846154, 0.00909090909090909, 1.0, 1, 1, 0.009615384615384616, 0.05, 68, 3, 0, 0, 0, 55, 0.0, 0.0, 11
0, 0, 1, 0.9923245261104399, 103, 0.9903846153846154, 0.00909090909090909, 1.0, 1, 1, 0.009615384615384616, 0.05, 38, 11, 0, 0, 0, 52, 0.09090909090909091, 0.0, 11
0, 0, 1, 0.9923245261104399, 103, 0.9903846153846154, 0.00909090909090909, 1.0, 1, 1, 0.009615384615384616, 0.05, 35, 57, 0, 0, 0, 150, 0.017543859649122806, 0.17543859649122806, 11
0, 0, 1, 0.9923245261104399, 103, 0.9903846153846154, 0.00909090909090909, 1.0, 1, 1, 0.009615384615384616, 0.05, 35, 73, 0, 0, 0, 106, 0.3013698630136986, 0.0684931506849315, 17
0, 0, 1, 0.9923245261104399, 103, 0.9903846153846154, 0.00909090909090909, 1.0, 1, 1, 0.009615384615384616, 0.05, 157, 13, 0, 0, 0, 50, 0.0, 0.0, 17
0, 0, 1, 0.9923245261104399, 103, 0.9903846153846154, 0.00909090909090909, 1.0, 1, 1, 0.009615384615384616, 0.05, 71, 17, 0, 0, 0, 187, 0.0, 0.17647058823529413, 12
0, 0, 1, 0.9923245261104399, 103, 0.9903846153846154, 0.00909090909090909, 1.0, 1, 1, 0.009615384615384616, 0.05, 72, 25, 1, 0, 4, 95, 0.0, 0.08, 12
0, 0, 1, 0.9923245261104399, 103, 0.9903846153846154, 0.00909090909090909, 1.0, 1, 1, 0.009615384615384616, 0.05, 36, 13, 1, 0, 2, 49, 0.0, 0.0, 12
0, 0, 1, 0.9923245261104399, 103, 0.9903846153846154, 0.00909090909090909, 1.0, 1, 1, 0.009615384615384616, 0.05, 35, 15, 0, 0, 0, 69, 0.0, 0.06666666666666667, 12
0, 0, 1, 0.9923245261104399, 103, 0.9903846153846154, 0.00909090909090909, 1.0, 1, 1, 0.009615384615384616, 0.05, 75, 5, 0, 0, 0, 55, 0.0, 0.0, 12
0, 0, 1, 0.9923245261104399, 103, 0.9903846153846154, 0.00909090909090909, 1.0, 1, 1, 0.009615384615384616, 0.05, 35, 69, 0, 0, 0, 123, 0.0, 0.057971014492753624, 13
0, 0, 1, 0.9923245261104399, 103, 0.9903846153846154, 0.00909090909090909, 1.0, 1, 1, 0.009615384615384616, 0.05, 36, 13, 1, 0, 2, 49, 0.0, 0.0, 13
0, 0, 1, 0.9923245261104399, 103, 0.9903846153846154, 0.00909090909090909, 1.0, 1, 1, 0.009615384615384616, 0.05, 75, 5, 0, 0, 0, 55, 0.0, 0.0, 13
0, 0, 1, 0.9923245261104399, 103, 0.9903846153846154, 0.00909090909090909, 1.0, 1, 1, 0.009615384615384616, 0.05, 36, 31, 1, 0, 2, 94, 0.0967741935483871, 0.12903225806451613, 14
0, 0, 1, 0.9923245261104399, 103, 0.9903846153846154, 0.00909090909090909, 1.0, 1, 1, 0.009615384615384616, 0.05, 34, 17, 1, 0, 2, 93, 0.0, 0.11764705882352941, 14
0, 0, 1, 0.9923245261104399, 103, 0.9903846153846154, 0.00909090909090909, 1.0, 1, 1, 0.009615384615384616, 0.05, 35, 11, 0, 0, 0, 62, 0.0, 0.09090909090909091, 14
0, 0, 1, 0.9923245261104399, 103, 0.9903846153846154, 0.00909090909090909, 1.0, 1, 1, 0.009615384615384616, 0.05, 60, 5, 1, 0, 2, 49, 0.0, 0.0, 14
0, 0, 1, 0.9923245261104399, 103, 0.9903846153846154, 0.00909090909090909, 1.0, 1, 1, 0.009615384615384616, 0.05, 35, 15, 0, 0, 0, 183, 0.2, 0.06666666666666667, 14
0, 0, 1, 0.9923245261104399, 103, 0.9903846153846154, 0.00909090909090909, 1.0, 1, 1, 0.009615384615384616, 0.05, 34, 43, 1, 0, 2, 213, 0.09302325581395349, 0.18604651162790697, 14
0, 0, 1, 0.9923245261104399, 103, 0.9903846153846154, 0.00909090909090909, 1.0, 1, 1, 0.009615384615384616, 0.05, 36, 13, 1, 0, 2, 49, 0.0, 0.0, 14
0, 0, 0, 0.9888734622697822, 93, 0.9893617021276595, 0.8545454545454545, 1.0, 1, 1, 0.010638297872340425, 0.0, 215, 5, 1, 0, 2, 52, 0.0, 0.2, 30
0, 0, 0, 0.9888734622697822, 93, 0.9893617021276595, 0.8545454545454545, 1.0, 1, 1, 0.010638297872340425, 0.0, 216, 9, 0, 0, 0, 67, 0.0, 0.0, 30
0, 0, 1, 0.9888624351464649, 92, 0.9892473118279571, 0.00909090909090909, 1.0, 1, 1, 0.010752688172043012, 0.05, 217, 43, 0, 0, 0, 85, 0.0, 0.023255813953488372, 30
0, 0, 1, 0.9888624351464649, 92, 0.9892473118279571, 0.00909090909090909, 1.0, 1, 1, 0.010752688172043012, 0.05, 218, 43, 0, 0, 0, 86, 0.0, 0.023255813953488372, 30
0, 0, 0, 0.9888320999134009, 91, 0.9891304347826086, 0.8363636363636363, 1.0, 1, 1, 0.010869565217391304, 0.0, 219, 43, 0, 0, 0, 86, 0.0, 0.023255813953488372, 30
0, 0, 0, 0.9888320999134009, 91, 0.9891304347826086, 0.8363636363636363, 1.0, 1, 1, 0.010869565217391304, 0.0, 220, 43, 0, 0, 0, 83, 0.0, 0.023255813953488372, 30
0, 0, 0, 0.9888320999134009, 91, 0.9891304347826086, 0.8363636363636363, 1.0, 1, 1, 0.010869565217391304, 0.0, 221, 15, 0, 0, 0, 92, 0.0, 0.2, 30
0, 0, 0, 0.9888261605940852, 90, 0.989010989010989, 0.8272727272727273, 1.0, 1, 1, 0.01098901098901099, 0.0, 222, 5, 1, 0, 2, 59, 0.0, 0.0, 30
0, 0, 1, 0.9887823714190588, 89, 0.9888888888888889, 0.045454545454545456, 1.0, 1, 1, 0.011111111111111112, 0.05, 223, 39, 2, 0, 2, 84, 0.15384615384615385, 0.20512820512820512, 30
0, 0, 0, 0.9887823714190588, 89, 0.9888888888888889, 0.8181818181818182, 1.0, 1, 1, 0.011111111111111112, 0.0, 97, 5, 1, 0, 11, 29, 0.0, 0.0, 30
0, 1, 0, 0.005469708619974676, 4, 0.4, 0.8181818181818182, 0.9938115189364731, 4, 1, 0.1, 0.1, 205, 139, 0, 0, 0, 107, 0.07194244604316546, 0.2014388489208633, 30
0, 0, 0, 0.9887823714190588, 89, 0.9888888888888889, 0.8181818181818182, 1.0, 1, 1, 0.011111111111111112, 0.0, 187, 7, 0, 0, 0, 68, 0.0, 0.14285714285714285, 30
0, 0, 1, 0.9887823714190588, 89, 0.9888888888888889, 0.7636363636363637, 1.0, 1, 1, 0.011111111111111112, 0.0, 170, 5, 1, 0, 19, 31, 0.0, 0.0, 30
0, 0, 0, 0.9887823714190588, 89, 0.9888888888888889, 0.8181818181818182, 1.0, 1, 1, 0.011111111111111112, 0.0, 186, 7, 0, 0, 0, 67, 0.0, 0.14285714285714285, 30
0, 0, 0, 0.9887823714190588, 89, 0.9888888888888889, 0.8181818181818182, 1.0, 1, 1, 0.011111111111111112, 0.0, 80, 5, 1, 0, 3, 33, 0.0, 0.0, 30
0, 0, 0, 0.9887823714190588, 89, 0.9888888888888889, 0.8181818181818182, 1.0, 1, 1, 0.011111111111111112, 0.0, 172, 13, 0, 0, 0, 69, 0.15384615384615385, 0.23076923076923078, 30
0, 0, 0, 0.9887823714190588, 89, 0.9888888888888889, 0.8181818181818182, 1.0, 1, 1, 0.011111111111111112, 0.0, 81, 5, 1, 0, 2, 74, 0.0, 0.0, 30
0, 1, 0, 0.005538468481586407, 5, 0.22222222222222224, 0.8181818181818182, 0.9973301544692821, 3, 1, 0.044444444444444446, 0.05, 211, 67, 0, 0, 0, 143, 0.13432835820895522, 0.11940298507462686, 30
0, 0, 1, 0.9887823714190588, 89, 0.9888888888888889, 0.7636363636363637, 1.0, 1, 1, 0.011111111111111112, 0.0, 171, 5, 1, 0, 19, 32, 0.0, 0.0, 30
0, 0, 0, 0.9887823714190588, 89, 0.9888888888888889, 0.8181818181818182, 1.0, 1, 1, 0.011111111111111112, 0.0, 173, 13, 0, 0, 0, 66, 0.15384615384615385, 0.23076923076923078, 30
0, 0, 1, 0.9887635316427348, 88, 0.9887640449438202, 0.03636363636363636, 1.0, 1, 1, 0.011235955056179775, 0.05, 224, 5, 1, 0, 7, 27, 0.0, 0.0, 30
0, 0, 1, 0.9887635316427348, 88, 0.9887640449438202, 0.03636363636363636, 1.0, 1, 1, 0.011235955056179775, 0.05, 225, 13, 0, 0, 0, 75, 0.15384615384615385, 0.07692307692307693, 30
0, 0, 1, 0.9887635316427348, 88, 0.9887640449438202, 0.03636363636363636, 1.0, 1, 1, 0.011235955056179775, 0.05, 226, 5, 0, 0, 0, 48, 0.0, 0.2, 30
0, 0, 1, 0.9887635316427348, 88, 0.9887640449438202, 0.03636363636363636, 1.0, 1, 1, 0.011235955056179775, 0.05, 225, 23, 0, 0, 0, 75, 0.08695652173913043, 0.21739130434782608, 30
0, 0, 1, 0.9887635316427348, 88, 0.9887640449438202, 0.03636363636363636, 1.0, 1, 1, 0.011235955056179775, 0.05, 227, 5, 0, 0, 0, 50, 0.0, 0.0, 30
0, 0, 1, 0.9887635316427348, 88, 0.9887640449438202, 0.03636363636363636, 1.0, 1, 1, 0.011235955056179775, 0.05, 224, 5, 1, 0, 7, 30, 0.0, 0.0, 30
0, 0, 1, 0.9887635316427348, 88, 0.9887640449438202, 0.03636363636363636, 1.0, 1, 1, 0.011235955056179775, 0.05, 226, 5, 0, 0, 0, 48, 0.0, 0.2, 30
0, 0, 0, 0.9887107802690277, 84, 0.9882352941176471, 0.7727272727272727, 1.0, 1, 1, 0.011764705882352941, 0.0, 95, 5, 1, 0, 12, 39, 0.2, 0.0, 30
0, 0, 0, 0.9887107802690277, 84, 0.9882352941176471, 0.7727272727272727, 1.0, 1, 1, 0.011764705882352941, 0.0, 206, 5, 0, 0, 0, 36, 0.0, 0.0, 30
0, 0, 0, 0.9887107802690277, 84, 0.9882352941176471, 0.7727272727272727, 1.0, 1, 1, 0.011764705882352941, 0.0, 224, 5, 1, 0, 7, 27, 0.0, 0.0, 30
0, 0, 0, 0.9887107802690277, 84, 0.9882352941176471, 0.7727272727272727, 1.0, 1, 1, 0.011764705882352941, 0.0, 96, 5, 1, 0, 12, 39, 0.2, 0.0, 30
0, 0, 0, 0.9887107802690277, 84, 0.9882352941176471, 0.7727272727272727, 1.0, 1, 1, 0.011764705882352941, 0.0, 225, 13, 0, 0, 0, 75, 0.15384615384615385, 0.07692307692307693, 30
0, 0, 0, 0.9887107802690277, 84, 0.9882352941176471, 0.7727272727272727, 1.0, 1, 1, 0.011764705882352941, 0.0, 226, 5, 0, 0, 0, 48, 0.0, 0.2, 30
0, 0, 0, 0.9887107802690277, 84, 0.9882352941176471, 0.7727272727272727, 1.0, 1, 1, 0.011764705882352941, 0.0, 228, 39, 2, 0, 2, 84, 0.15384615384615385, 0.20512820512820512, 30
0, 0, 0, 0.9887107802690277, 84, 0.9882352941176471, 0.7727272727272727, 1.0, 1, 1, 0.011764705882352941, 0.0, 226, 5, 0, 0, 0, 48, 0.0, 0.2, 30
0, 0, 0, 0.9887107802690277, 84, 0.9882352941176471, 0.7727272727272727, 1.0, 1, 1, 0.011764705882352941, 0.0, 206, 5, 0, 0, 0, 73, 0.0, 0.0, 30
0, 0, 0, 0.9887107802690277, 84, 0.9882352941176471, 0.7727272727272727, 1.0, 1, 1, 0.011764705882352941, 0.0, 96, 5, 1, 0, 12, 52, 0.0, 0.0, 30
0, 0, 0, 0.9887107802690277, 84, 0.9882352941176471, 0.7727272727272727, 1.0, 1, 1, 0.011764705882352941, 0.0, 225, 23, 0, 0, 0, 75, 0.08695652173913043, 0.21739130434782608, 30
0, 0, 0, 0.9887107802690277, 84, 0.9882352941176471, 0.7727272727272727, 1.0, 1, 1, 0.011764705882352941, 0.0, 227, 5, 0, 0, 0, 50, 0.0, 0.0, 30
0, 0, 0, 0.9887107802690277, 84, 0.9882352941176471, 0.7727272727272727, 1.0, 1, 1, 0.011764705882352941, 0.0, 95, 5, 1, 0, 12, 53, 0.0, 0.0, 30
0, 0, 0, 0.9887107802690277, 84, 0.9882352941176471, 0.7727272727272727, 1.0, 1, 1, 0.011764705882352941, 0.0, 224, 5, 1, 0, 7, 30, 0.0, 0.0, 30
0, 0, 1, 0.9886335265421581, 82, 0.9879518072289157, 0.00909090909090909, 1.0, 1, 1, 0.012048192771084338, 0.05, 229, 5, 1, 0, 2, 56, 0.0, 0.0, 30
0, 0, 0, 0.7026932152111289, 51, 1.2289156626506024, 0.7545454545454545, 1.0, 1, 1, 0.024096385542168676, 0.0, 230, 7, 0, 0, 0, 28, 0.0, 0.14285714285714285, 30
0, 0, 0, 0.9886335265421581, 82, 0.9879518072289157, 0.7545454545454545, 1.0, 1, 1, 0.012048192771084338, 0.0, 35, 23, 0, 0, 0, 67, 0.043478260869565216, 0.043478260869565216, 36
0, 0, 0, 0.9885958044137445, 81, 0.9878048780487805, 0.7454545454545455, 1.0, 1, 1, 0.012195121951219513, 0.0, 231, 11, 0, 0, 0, 117, 0.0, 0.09090909090909091, 30
0, 0, 0, 0.9885958044137445, 81, 0.9878048780487805, 0.7454545454545455, 1.0, 1, 1, 0.012195121951219513, 0.0, 200, 9, 1, 0, 2, 84, 0.0, 0.0, 30
0, 0, 0, 0.9885958044137445, 81, 0.9878048780487805, 0.7454545454545455, 1.0, 1, 1, 0.012195121951219513, 0.0, 201, 5, 0, 0, 0, 33, 0.0, 0.2, 30
0, 0, 0, 0.9885958044137445, 81, 0.9878048780487805, 0.7454545454545455, 1.0, 1, 1, 0.012195121951219513, 0.0, 229, 5, 1, 0, 2, 41, 0.0, 0.2, 30
0, 0, 0, 0.9885958044137445, 81, 0.9878048780487805, 0.7454545454545455, 1.0, 1, 1, 0.012195121951219513, 0.0, 232, 5, 0, 0, 0, 58, 0.4, 0.0, 30
0, 0, 0, 0.9557035985888688, 79, 0.9875, 0.7272727272727273, 1.0, 1, 1, 0.0125, 0.0, 233, 11, 0, 0, 0, 65, 0.0, 0.18181818181818182, 30
0, 0, 0, 0.7027180581704172, 52, 3.5616438356164384, 0.6272727272727273, 0.9999999999999999, 2, 1, 0.0684931506849315, 0.0, 234, 57, 3, 0, 4, 93, 0.0, 0.12280701754385964, 31
0, 0, 0, 0.7027180581704172, 52, 1.7627118644067796, 0.5272727272727272, 0.9999999999999999, 2, 1, 0.03389830508474576, 0.0, 235, 29, 2, 0, 24, 93, 0.034482758620689655, 0.06896551724137931, 31
0, 0, 0, 0.7026932152111289, 51, 0.9807692307692308, 0.4727272727272727, 0.9999999999999998, 1, 1, 0.019230769230769232, 0.0, 236, 5, 1, 0, 2, 25, 0.0, 0.0, 30
0, 0, 0, 0.7026879358161817, 50, 0.9803921568627451, 0.4636363636363636, 0.9999999999999996, 1, 1, 0.0196078431372549, 0.0, 210, 9, 0, 1, 0, 44, 0.0, 0.0, 30
0, 0, 0, 0.7026842743003312, 49, 0.98, 0.45454545454545453, 0.9999999999999991, 1, 1, 0.02, 0.0, 209, 7, 1, 1, 2, 30, 0.0, 0.0, 30
0, 0, 0, 0.7026842743003312, 49, 0.98, 0.45454545454545453, 0.9999999999999991, 1, 1, 0.02, 0.0, 237, 15, 0, 0, 0, 119, 0.0, 0.2, 30
0, 0, 1, 0.29411272955788476, 37, 2.5227272727272725, 0.05454545454545454, 0.9999999999958504, 2, 12, 0.06818181818181818, 0.15, 238, 7, 1, 1, 22, 48, 0.0, 0.0, 30
0, 0, 1, 0.29411272955788476, 37, 2.5227272727272725, 0.05454545454545454, 0.9999999999958504, 2, 12, 0.06818181818181818, 0.15, 239, 5, 0, 0, 0, 53, 0.0, 0.0, 30
0, 0, 1, 0.29411272955788476, 37, 2.5227272727272725, 0.05454545454545454, 0.9999999999958504, 2, 12, 0.06818181818181818, 0.15, 239, 5, 0, 0, 0, 47, 0.0, 0.2, 30
0, 0, 1, 0.29411272955788476, 37, 1.85, 0.03636363636363636, 0.9999999999954525, 2, 12, 0.05, 0.1, 240, 15, 2, 0, 12, 94, 0.13333333333333333, 0.13333333333333333, 30
0, 0, 1, 0.014105436329219663, 34, 0.9714285714285714, 0.01818181818181818, 0.9999999999708962, 1, 10, 0.02857142857142857, 0.05, 241, 15, 0, 0, 0, 87, 0.0, 0.0, 30
0, 0, 1, 0.014105436329219663, 34, 0.9714285714285714, 0.01818181818181818, 0.9999999999708962, 1, 10, 0.02857142857142857, 0.05, 242, 9, 1, 1, 22, 48, 0.0, 0.2222222222222222, 30
0, 0, 0, 0.009068084609967667, 31, 0.96875, 0.2909090909090909, 0.9999999997671694, 1, 1, 0.03125, 0.0, 243, 9, 0, 0, 0, 47, 0.0, 0.1111111111111111, 30
0, 0, 0, 0.009060697714618048, 30, 1.875, 0.2909090909090909, 0.999999999747354, 1, 1, 0.0625, 0.0, 243, 7, 1, 1, 22, 56, 0.0, 0.0, 30
0, 0, 0, 0.009068084609967667, 31, 0.96875, 0.2909090909090909, 0.9999999997671694, 1, 1, 0.03125, 0.0, 244, 5, 0, 0, 0, 46, 0.0, 0.0, 30
0, 1, 0, 0.005469708619974676, 4, 0.625, 0.2909090909090909, 0.9970797905479625, 1, 1, 0.15625, 0.1, 35, 53, 0, 0, 0, 96, 0.018867924528301886, 0.05660377358490566, 36
0, 0, 0, 0.009060697714618048, 30, 0.967741935483871, 0.2818181818181818, 0.9999999995343387, 1, 1, 0.03225806451612903, 0.0, 245, 9, 0, 0, 0, 49, 0.0, 0.1111111111111111, 30
0, 0, 0, 0.009060697714618048, 30, 0.967741935483871, 0.2818181818181818, 0.9999999995343387, 1, 1, 0.03225806451612903, 0.0, 245, 7, 1, 1, 22, 57, 0.0, 0.0, 30
0, 0, 0, 0.009060697714618048, 30, 0.967741935483871, 0.2818181818181818, 0.9999999995343387, 1, 1, 0.03225806451612903, 0.0, 246, 5, 0, 0, 0, 41, 0.0, 0.0, 30
0, 1, 0, 0.008854290402485743, 17, 1.259259259259259, 0.24545454545454545, 0.9999989097750863, 1, 1, 0.07407407407407407, 0.05, 247, 13, 0, 0, 0, 65, 0.0, 0.15384615384615385, 30
0, 0, 0, 0.008940144434027573, 26, 0.9629629629629629, 0.24545454545454545, 0.9999999925494194, 1, 1, 0.037037037037037035, 0.0, 247, 7, 1, 1, 22, 59, 0.0, 0.0, 30
0, 0, 0, 0.00892287996103466, 24, 2.6666666666666665, 0.24545454545454545, 0.9999999735055167, 1, 1, 0.1111111111111111, 0.0, 225, 15, 0, 1, 0, 75, 0.26666666666666666, 0.3333333333333333, 36
0, 0, 0, 0.008930756477689874, 25, 1.8518518518518516, 0.24545454545454545, 0.999999988262784, 1, 1, 0.07407407407407407, 0.0, 226, 5, 0, 1, 0, 47, 0.0, 0.0, 36
0, 0, 0, 0.008930756477689874, 25, 1.8518518518518516, 0.24545454545454545, 0.9999999917568044, 1, 1, 0.07407407407407407, 0.0, 227, 5, 0, 1, 0, 49, 0.0, 0.0, 36
0, 0, 0, 0.00892287996103466, 24, 2.6666666666666665, 0.24545454545454545, 0.9999999899182928, 1, 1, 0.1111111111111111, 0.0, 224, 5, 1, 1, 7, 26, 0.0, 0.0, 36
0, 0, 0, 0.008940144434027573, 26, 0.9629629629629629, 0.24545454545454545, 0.9999999925494194, 1, 1, 0.037037037037037035, 0.0, 35, 21, 0, 0, 0, 74, 0.0, 0.0, 36
0, 0, 0, 0.00892287996103466, 24, 2.6666666666666665, 0.24545454545454545, 0.999999988942619, 1, 1, 0.1111111111111111, 0.0, 96, 5, 1, 1, 12, 31, 0.0, 0.0, 36
0, 0, 0, 0.008940144434027573, 26, 0.9629629629629629, 0.24545454545454545, 0.9999999925494194, 1, 1, 0.037037037037037035, 0.0, 232, 5, 0, 1, 0, 62, 0.4, 0.0, 36
0, 0, 0, 0.00892287996103466, 24, 2.6666666666666665, 0.24545454545454545, 0.9999999888088522, 1, 1, 0.1111111111111111, 0.0, 95, 5, 1, 1, 12, 32, 0.0, 0.0, 36
0, 0, 0, 0.008940144434027573, 26, 0.9629629629629629, 0.24545454545454545, 0.9999999925494194, 1, 1, 0.037037037037037035, 0.0, 206, 5, 0, 1, 0, 40, 0.0, 0.0, 36
0, 1, 0, 0.00884784017398161, 16, 1.391304347826087, 0.20909090909090908, 0.9999987311559181, 1, 1, 0.08695652173913043, 0.05, 248, 5, 1, 1, 22, 85, 0.0, 0.0, 30
0, 1, 0, 0.00884784017398161, 16, 1.391304347826087, 0.20909090909090908, 0.9999987389765629, 1, 1, 0.08695652173913043, 0.05, 249, 5, 1, 1, 22, 90, 0.0, 0.0, 30
1, 0, 0, 0.008877132300785864, 19, 0.9500000000000001, 0.18181818181818182, 0.9999990463256836, 1, 1, 0.05, 0.05, 227, 5, 0, 0, 0, 49, 0.0, 0.0, 30
1, 0, 0, 0.008877132300785864, 19, 0.9500000000000001, 0.18181818181818182, 0.9999990463256836, 1, 1, 0.05, 0.05, 225, 7, 0, 0, 0, 75, 0.0, 0.14285714285714285, 30
1, 0, 0, 0.008877132300785864, 19, 0.9500000000000001, 0.18181818181818182, 0.9999990463256836, 1, 1, 0.05, 0.05, 206, 5, 0, 0, 0, 35, 0.0, 0.0, 30
1, 0, 0, 0.008877132300785864, 19, 0.9500000000000001, 0.18181818181818182, 0.9999990463256836, 1, 1, 0.05, 0.05, 224, 5, 1, 0, 7, 26, 0.0, 0.0, 30
1, 0, 0, 0.008877132300785864, 19, 0.9500000000000001, 0.18181818181818182, 0.9999990463256836, 1, 1, 0.05, 0.05, 226, 5, 0, 0, 0, 47, 0.0, 0.2, 30
1, 0, 0, 0.008877132300785864, 19, 0.9500000000000001, 0.18181818181818182, 0.9999990463256836, 1, 1, 0.05, 0.05, 95, 5, 1, 0, 12, 34, 0.2, 0.0, 30
1, 0, 0, 0.008877132300785864, 19, 0.9500000000000001, 0.18181818181818182, 0.9999990463256836, 1, 1, 0.05, 0.05, 232, 5, 0, 0, 0, 58, 0.4, 0.0, 30
1, 0, 0, 0.008877132300785864, 19, 0.9500000000000001, 0.18181818181818182, 0.9999990463256836, 1, 1, 0.05, 0.05, 96, 5, 1, 0, 12, 34, 0.2, 0.0, 30
1, 1, 0, 0.00884784017398161, 16, 1.6, 0.18181818181818182, 0.9999979347582685, 1, 1, 0.1, 0.1, 250, 5, 1, 1, 22, 90, 0.0, 0.0, 30
1, 0, 0, 0.006894591770785702, 12, 0.9230769230769231, 0.11818181818181818, 0.9998779296875, 1, 1, 0.07692307692307693, 0.05, 251, 17, 0, 0, 0, 78, 0.0, 0.11764705882352941, 30
1, 0, 0, 0.006894591770785702, 12, 0.9230769230769231, 0.11818181818181818, 0.9998779296875, 1, 1, 0.07692307692307693, 0.05, 252, 7, 1, 1, 22, 46, 0.0, 0.0, 30
1, 0, 0, 0.00688860987570431, 11, 0.9166666666666666, 0.10909090909090909, 0.999755859375, 1, 1, 0.08333333333333333, 0.05, 253, 13, 1, 1, 22, 126, 0.0, 0.07692307692307693, 30
1, 0, 0, 0.005538468481586407, 5, 0.8333333333333333, 0.05454545454545454, 0.984375, 1, 1, 0.16666666666666666, 0.05, 254, 9, 0, 0, 0, 60, 0.0, 0.1111111111111111, 30
1, 0, 0, 0.005538468481586407, 5, 0.8333333333333333, 0.05454545454545454, 0.984375, 1, 1, 0.16666666666666666, 0.05, 255, 9, 0, 0, 0, 61, 0.0, 0.1111111111111111, 30
1, 0, 0, 0.005538468481586407, 5, 0.8333333333333333, 0.05454545454545454, 0.984375, 1, 1, 0.16666666666666666, 0.05, 255, 5, 0, 0, 0, 61, 0.0, 0.2, 30
1, 0, 0, 0.005538468481586407, 5, 0.8333333333333333, 0.05454545454545454, 0.984375, 1, 1, 0.16666666666666666, 0.05, 254, 5, 0, 0, 0, 65, 0.0, 0.2, 30
1, 0, 0, 0.005469708619974676, 4, 0.8, 0.045454545454545456, 0.96875, 1, 1, 0.2, 0.05, 256, 9, 0, 0, 0, 51, 0.0, 0.1111111111111111, 30
1, 0, 0, 0.005469708619974676, 4, 0.8, 0.045454545454545456, 0.96875, 1, 1, 0.2, 0.05, 256, 11, 0, 0, 0, 104, 0.0, 0.09090909090909091, 30
