0, 0, 1, 0.6388648152656153, 90, 3.2727272727272725, 0.7090909090909091, 1.0, 4, 0, 0.03636363636363636, 0.0, 0, 17, 0, 0, 0, 78, 0.0, 0.17647058823529413, 0
0, 0, 1, 0.6388648152656153, 90, 1.6363636363636362, 0.7090909090909091, 1.0, 2, 0, 0.01818181818181818, 0.0, 1, 17, 0, 0, 0, 44, 0.0, 0.11764705882352941, 0
0, 0, 1, 0.07011904376928221, 35, 3.181818181818182, 0.7090909090909091, 0.999999999999461, 6, 1, 0.09090909090909091, 0.15, 2, 117, 0, 0, 0, 210, 0.17094017094017094, 0.05128205128205128, 0
0, 0, 1, 0.6388648152656153, 90, 1.6363636363636362, 0.7090909090909091, 1.0, 2, 0, 0.01818181818181818, 0.0, 3, 27, 1, 0, 1, 93, 0.0, 0.07407407407407407, 0
0, 0, 1, 0.6388648152656153, 90, 1.6363636363636362, 0.7090909090909091, 1.0, 2, 0, 0.01818181818181818, 0.0, 4, 27, 1, 0, 1, 90, 0.0, 0.07407407407407407, 0
0, 0, 1, 0.6388648152656153, 90, 1.6363636363636362, 0.7090909090909091, 1.0, 2, 0, 0.01818181818181818, 0.0, 5, 15, 2, 0, 1, 93, 0.0, 0.13333333333333333, 0
0, 0, 1, 0.6388648152656153, 90, 1.6363636363636362, 0.7090909090909091, 1.0, 2, 0, 0.01818181818181818, 0.0, 6, 9, 0, 0, 0, 69, 0.0, 0.1111111111111111, 0
0, 0, 1, 0.6388648152656153, 90, 5.727272727272727, 0.7090909090909091, 1.0, 5, 0, 0.06363636363636363, 0.0, 7, 19, 0, 0, 0, 129, 0.0, 0.05263157894736842, 0
0, 0, 1, 0.5967979399581251, 85, 2.318181818181818, 0.7090909090909091, 1.0, 3, 2, 0.02727272727272727, 0.0, 8, 25, 2, 0, 2, 88, 0.08, 0.12, 0
0, 0, 1, 0.6388648152656153, 90, 1.6363636363636362, 0.7090909090909091, 1.0, 2, 0, 0.01818181818181818, 0.0, 9, 15, 2, 0, 1, 90, 0.0, 0.13333333333333333, 0
0, 0, 1, 0.6388648152656153, 90, 2.4545454545454546, 0.7090909090909091, 1.0, 3, 0, 0.02727272727272727, 0.0, 10, 23, 1, 0, 3, 156, 0.2608695652173913, 0.17391304347826086, 0
0, 0, 1, 0.6388648152656153, 90, 1.6363636363636362, 0.7090909090909091, 1.0, 2, 0, 0.01818181818181818, 0.0, 11, 5, 0, 0, 0, 67, 0.0, 0.2, 0
0, 0, 1, 0.6388648152656153, 90, 1.6363636363636362, 0.7090909090909091, 1.0, 2, 0, 0.01818181818181818, 0.0, 12, 27, 1, 0, 1, 90, 0.0, 0.07407407407407407, 0
0, 0, 1, 0.6388648152656153, 90, 1.6363636363636362, 0.7090909090909091, 1.0, 2, 0, 0.01818181818181818, 0.0, 13, 27, 1, 0, 1, 93, 0.0, 0.07407407407407407, 0
0, 0, 1, 0.6388648152656153, 90, 4.909090909090909, 0.7090909090909091, 1.0, 5, 0, 0.05454545454545454, 0.0, 14, 13, 1, 0, 4, 140, 0.0, 0.07692307692307693, 0
0, 0, 1, 0.6388648152656153, 90, 1.6363636363636362, 0.7090909090909091, 1.0, 2, 0, 0.01818181818181818, 0.0, 15, 41, 2, 0, 2, 99, 0.0975609756097561, 0.21951219512195122, 0
0, 0, 1, 0.6388648152656153, 90, 1.6363636363636362, 0.45454545454545453, 1.0, 2, 0, 0.01818181818181818, 0.0, 16, 23, 1, 0, 1, 69, 0.0, 0.17391304347826086, 0
0, 0, 1, 0.07012661410635605, 36, 2.2909090909090906, 0.7090909090909091, 0.9999999999996837, 7, 1, 0.06363636363636363, 0.15, 17, 105, 0, 0, 0, 117, 0.01904761904761905, 0.10476190476190476, 0
0, 0, 1, 0.6388648152656153, 90, 1.6363636363636362, 0.7090909090909091, 1.0, 2, 0, 0.01818181818181818, 0.0, 18, 5, 1, 0, 1, 72, 0.0, 0.0, 0
0, 0, 1, 0.20647621769856414, 59, 2.1454545454545455, 0.7090909090909091, 1.0, 3, 1, 0.03636363636363636, 0.0, 19, 19, 0, 0, 0, 66, 0.21052631578947367, 0.2631578947368421, 0
0, 0, 1, 0.6388648152656153, 90, 1.6363636363636362, 0.7090909090909091, 1.0, 2, 0, 0.01818181818181818, 0.0, 20, 25, 1, 0, 1, 138, 0.0, 0.08, 0
0, 0, 1, 0.6388648152656153, 90, 2.4545454545454546, 0.7090909090909091, 1.0, 3, 0, 0.02727272727272727, 0.0, 21, 23, 0, 0, 0, 122, 0.0, 0.08695652173913043, 0
0, 0, 1, 0.6388648152656153, 90, 2.4545454545454546, 0.7090909090909091, 1.0, 3, 0, 0.02727272727272727, 0.0, 22, 9, 0, 0, 0, 81, 0.0, 0.2222222222222222, 0
0, 0, 1, 0.6388648152656153, 90, 1.6363636363636362, 0.7090909090909091, 1.0, 2, 0, 0.01818181818181818, 0.0, 23, 25, 1, 0, 1, 132, 0.0, 0.08, 0
0, 0, 1, 0.6388648152656153, 90, 2.4545454545454546, 0.7090909090909091, 1.0, 3, 0, 0.02727272727272727, 0.0, 24, 9, 0, 0, 0, 67, 0.2222222222222222, 0.2222222222222222, 0
0, 0, 1, 0.6388648152656153, 90, 1.6363636363636362, 0.7090909090909091, 1.0, 2, 0, 0.01818181818181818, 0.0, 25, 47, 0, 0, 0, 80, 0.14893617021276595, 0.14893617021276595, 0
0, 0, 1, 0.27066589341289216, 61, 3.327272727272727, 0.7090909090909091, 1.0, 4, 3, 0.05454545454545454, 0.0, 26, 21, 0, 0, 0, 111, 0.047619047619047616, 0.09523809523809523, 0
0, 0, 1, 0.20638060390372964, 57, 9.327272727272728, 0.7090909090909091, 1.0, 9, 1, 0.16363636363636364, 0.0, 27, 99, 0, 0, 0, 106, 0.030303030303030304, 0.13131313131313133, 0
0, 0, 1, 0.6388648152656153, 90, 1.6363636363636362, 0.7090909090909091, 1.0, 2, 0, 0.01818181818181818, 0.0, 28, 5, 1, 0, 1, 70, 0.0, 0.0, 0
0, 0, 1, 0.11205862364007975, 46, 2.090909090909091, 0.7090909090909091, 0.9999999999999956, 5, 4, 0.045454545454545456, 0.15, 29, 7, 0, 0, 0, 134, 0.0, 0.14285714285714285, 0
0, 0, 1, 0.6388648152656153, 90, 1.6363636363636362, 0.7090909090909091, 1.0, 2, 0, 0.01818181818181818, 0.0, 30, 5, 0, 0, 0, 46, 0.0, 0.2, 0
0, 0, 1, 0.6388648152656153, 90, 1.6363636363636362, 0.7090909090909091, 1.0, 2, 0, 0.01818181818181818, 0.0, 31, 9, 2, 0, 5, 68, 0.0, 0.1111111111111111, 0
0, 0, 1, 0.6388648152656153, 90, 1.6363636363636362, 0.7090909090909091, 1.0, 2, 0, 0.01818181818181818, 0.0, 32, 5, 0, 0, 0, 46, 0.0, 0.2, 0
0, 0, 1, 0.27066589341289216, 61, 2.772727272727273, 0.7090909090909091, 1.0, 4, 3, 0.045454545454545456, 0.0, 33, 19, 0, 0, 0, 110, 0.05263157894736842, 0.10526315789473684, 0
0, 0, 1, 0.6388648152656153, 90, 2.4545454545454546, 0.17272727272727273, 1.0, 2, 0, 0.02727272727272727, 0.15, 34, 17, 1, 0, 2, 104, 0.058823529411764705, 0.058823529411764705, 1
0, 0, 1, 0.6388648152656153, 90, 2.4545454545454546, 0.17272727272727273, 1.0, 2, 0, 0.02727272727272727, 0.15, 35, 11, 0, 0, 0, 56, 0.0, 0.09090909090909091, 1
0, 0, 1, 0.6388648152656153, 90, 2.4545454545454546, 0.17272727272727273, 1.0, 2, 0, 0.02727272727272727, 0.15, 36, 19, 1, 0, 2, 76, 0.2631578947368421, 0.05263157894736842, 1
0, 0, 1, 0.20642738246056172, 58, 3.6909090909090905, 0.7090909090909091, 1.0, 5, 1, 0.06363636363636363, 0.0, 37, 11, 0, 0, 0, 52, 0.0, 0.0, 1
0, 0, 1, 0.20642738246056172, 58, 3.6909090909090905, 0.7090909090909091, 1.0, 5, 1, 0.06363636363636363, 0.0, 38, 11, 0, 0, 0, 52, 0.0, 0.0, 1
0, 0, 1, 0.20642738246056172, 58, 6.8545454545454545, 0.7090909090909091, 1.0, 7, 1, 0.11818181818181818, 0.0, 21, 39, 0, 0, 0, 73, 0.10256410256410256, 0.02564102564102564, 1
0, 0, 1, 0.0702836220220843, 37, 6.054545454545455, 0.7090909090909091, 0.9999999999999347, 9, 4, 0.16363636363636364, 0.2, 35, 55, 0, 0, 0, 150, 0.01818181818181818, 0.18181818181818182, 1
0, 0, 1, 0.6267185813835959, 88, 1.89247311827957, 0.10909090909090909, 1.0, 2, 3, 0.021505376344086023, 0.1, 39, 13, 0, 0, 0, 121, 0.0, 0.07692307692307693, 1
0, 0, 1, 0.3214096002638853, 71, 3.0537634408602155, 0.5363636363636364, 1.0, 4, 5, 0.043010752688172046, 0.0, 34, 15, 1, 0, 2, 110, 0.06666666666666667, 0.06666666666666667, 2
0, 0, 1, 0.324080966549131, 75, 3.2258064516129035, 0.5363636363636364, 1.0, 3, 5, 0.043010752688172046, 0.0, 35, 11, 0, 0, 0, 55, 0.0, 0.09090909090909091, 2
0, 0, 1, 0.5974144629583188, 86, 2.7741935483870965, 0.5363636363636364, 1.0, 3, 2, 0.03225806451612903, 0.0, 36, 19, 1, 0, 2, 85, 0.2631578947368421, 0.05263157894736842, 2
0, 0, 1, 0.6388648152656153, 90, 0.989010989010989, 0.5363636363636364, 1.0, 1, 0, 0.01098901098901099, 0.0, 40, 11, 0, 0, 0, 122, 0.0, 0.0, 0
0, 0, 1, 0.27066589341289216, 61, 3.3516483516483517, 0.5363636363636364, 1.0, 3, 3, 0.054945054945054944, 0.0, 41, 15, 0, 0, 0, 116, 0.0, 0.0, 0
0, 0, 1, 0.27066589341289216, 61, 2.6813186813186816, 0.5363636363636364, 1.0, 3, 3, 0.04395604395604396, 0.0, 42, 15, 0, 0, 0, 116, 0.0, 0.0, 0
0, 0, 1, 0.6388648152656153, 90, 0.989010989010989, 0.5363636363636364, 1.0, 1, 0, 0.01098901098901099, 0.0, 1, 7, 1, 0, 6, 59, 0.0, 0.0, 0
0, 0, 1, 0.6388648152656153, 90, 0.989010989010989, 0.5363636363636364, 1.0, 1, 0, 0.01098901098901099, 0.0, 19, 7, 1, 0, 6, 63, 0.0, 0.0, 0
0, 0, 1, 0.6388648152656153, 90, 0.989010989010989, 0.5363636363636364, 1.0, 1, 0, 0.01098901098901099, 0.0, 29, 7, 1, 0, 6, 47, 0.0, 0.0, 0
0, 0, 1, 0.6388648152656153, 90, 0.989010989010989, 0.5363636363636364, 1.0, 1, 0, 0.01098901098901099, 0.0, 17, 7, 1, 0, 6, 88, 0.0, 0.0, 0
0, 0, 1, 0.6388648152656153, 90, 0.989010989010989, 0.5363636363636364, 1.0, 1, 0, 0.01098901098901099, 0.0, 22, 7, 1, 0, 6, 57, 0.0, 0.0, 0
0, 0, 1, 0.6388648152656153, 90, 0.989010989010989, 0.5363636363636364, 1.0, 1, 0, 0.01098901098901099, 0.0, 43, 7, 1, 0, 6, 72, 0.0, 0.0, 0
0, 0, 1, 0.6388648152656153, 90, 0.989010989010989, 0.5363636363636364, 1.0, 1, 0, 0.01098901098901099, 0.0, 24, 7, 1, 0, 6, 40, 0.0, 0.0, 0
0, 0, 1, 0.6388648152656153, 90, 0.989010989010989, 0.2818181818181818, 1.0, 1, 0, 0.01098901098901099, 0.0, 16, 7, 1, 0, 6, 76, 0.0, 0.0, 0
0, 0, 1, 0.6388648152656153, 90, 0.989010989010989, 0.5363636363636364, 1.0, 1, 0, 0.01098901098901099, 0.0, 7, 7, 1, 0, 6, 112, 0.0, 0.0, 0
0, 0, 1, 0.6388648152656153, 90, 0.989010989010989, 0.5363636363636364, 1.0, 1, 0, 0.01098901098901099, 0.0, 25, 7, 1, 0, 6, 48, 0.0, 0.0, 0
0, 0, 1, 0.6388648152656153, 90, 0.989010989010989, 0.5363636363636364, 1.0, 1, 0, 0.01098901098901099, 0.0, 44, 5, 1, 0, 7, 37, 0.0, 0.0, 3
0, 0, 1, 0.6388648152656153, 90, 0.989010989010989, 0.5363636363636364, 1.0, 1, 0, 0.01098901098901099, 0.0, 45, 5, 1, 0, 8, 91, 0.0, 0.0, 3
0, 0, 1, 0.6388648152656153, 90, 0.989010989010989, 0.5363636363636364, 1.0, 1, 0, 0.01098901098901099, 0.0, 46, 5, 0, 0, 0, 45, 0.0, 0.0, 3
0, 0, 1, 0.6388648152656153, 90, 0.989010989010989, 0.5363636363636364, 1.0, 1, 0, 0.01098901098901099, 0.0, 47, 43, 1, 0, 8, 105, 0.0, 0.023255813953488372, 3
0, 0, 1, 0.07011125463633917, 33, 2.175824175824176, 0.5363636363636364, 0.9999999999995183, 4, 1, 0.06593406593406594, 0.25, 48, 43, 1, 0, 8, 106, 0.0, 0.023255813953488372, 3
0, 0, 1, 0.6388648152656153, 90, 0.989010989010989, 0.5363636363636364, 1.0, 1, 0, 0.01098901098901099, 0.0, 49, 65, 1, 0, 9, 115, 0.12307692307692308, 0.13846153846153847, 3
0, 0, 1, 0.6388648152656153, 90, 0.989010989010989, 0.5363636363636364, 1.0, 1, 0, 0.01098901098901099, 0.0, 50, 5, 1, 0, 7, 37, 0.0, 0.0, 3
0, 0, 1, 0.6388648152656153, 90, 0.989010989010989, 0.5363636363636364, 1.0, 1, 0, 0.01098901098901099, 0.0, 51, 19, 1, 0, 9, 106, 0.05263157894736842, 0.21052631578947367, 3
0, 0, 1, 0.6388648152656153, 90, 0.989010989010989, 0.5363636363636364, 1.0, 1, 0, 0.01098901098901099, 0.0, 52, 5, 1, 0, 8, 92, 0.0, 0.0, 3
0, 0, 1, 0.5974144629583188, 86, 0.9885057471264368, 0.5, 1.0, 1, 2, 0.011494252873563218, 0.0, 53, 29, 0, 0, 0, 67, 0.0, 0.10344827586206896, 0
0, 0, 1, 0.5974144629583188, 86, 0.9885057471264368, 0.5, 1.0, 1, 2, 0.011494252873563218, 0.0, 54, 29, 0, 0, 0, 71, 0.0, 0.10344827586206896, 0
0, 0, 1, 0.07012661410635605, 36, 1.6551724137931034, 0.5, 0.9999999999992055, 4, 1, 0.04597701149425287, 0.15, 55, 95, 0, 0, 0, 109, 0.010526315789473684, 0.1368421052631579, 0
0, 0, 1, 0.5974144629583188, 86, 0.9885057471264368, 0.00909090909090909, 1.0, 1, 2, 0.011494252873563218, 0.05, 56, 5, 0, 0, 0, 42, 0.0, 0.2, 0
0, 0, 1, 0.5974144629583188, 86, 0.9885057471264368, 0.00909090909090909, 1.0, 1, 2, 0.011494252873563218, 0.05, 33, 15, 0, 0, 0, 72, 0.13333333333333333, 0.06666666666666667, 4
0, 0, 1, 0.5974144629583188, 86, 0.9885057471264368, 0.00909090909090909, 1.0, 1, 2, 0.011494252873563218, 0.05, 57, 15, 0, 0, 0, 83, 0.0, 0.06666666666666667, 4
0, 0, 1, 0.5974144629583188, 86, 0.9885057471264368, 0.00909090909090909, 1.0, 1, 2, 0.011494252873563218, 0.05, 58, 17, 0, 0, 0, 69, 0.0, 0.0, 4
0, 0, 1, 0.5974144629583188, 86, 0.9885057471264368, 0.00909090909090909, 1.0, 1, 2, 0.011494252873563218, 0.05, 59, 5, 1, 0, 1, 93, 0.0, 0.0, 4
0, 0, 1, 0.324080966549131, 75, 2.586206896551724, 0.5, 1.0, 2, 5, 0.034482758620689655, 0.0, 35, 15, 0, 0, 0, 176, 0.2, 0.06666666666666667, 2
0, 0, 1, 0.07010827901251823, 32, 1.471264367816092, 0.5, 0.9999999999431616, 3, 1, 0.04597701149425287, 0.15, 36, 13, 1, 0, 2, 49, 0.0, 0.0, 2
0, 0, 1, 0.5974144629583188, 86, 0.9885057471264368, 0.5, 1.0, 1, 2, 0.011494252873563218, 0.0, 60, 5, 1, 0, 2, 49, 0.0, 0.0, 2
0, 0, 1, 0.07011125463633917, 33, 4.931034482758621, 0.5, 0.9999999999658122, 6, 1, 0.14942528735632185, 0.35, 34, 43, 1, 0, 2, 213, 0.09302325581395349, 0.18604651162790697, 2
0, 0, 1, 0.5967979399581251, 85, 0.9883720930232558, 0.4909090909090909, 1.0, 1, 2, 0.011627906976744186, 0.0, 61, 5, 0, 0, 0, 55, 0.0, 0.2, 0
0, 0, 1, 0.5967979399581251, 85, 0.9883720930232558, 0.4909090909090909, 1.0, 1, 2, 0.011627906976744186, 0.0, 62, 5, 1, 0, 1, 28, 0.0, 0.0, 0
0, 0, 1, 0.5967979399581251, 85, 0.9883720930232558, 0.4909090909090909, 1.0, 1, 2, 0.011627906976744186, 0.0, 61, 7, 1, 0, 6, 60, 0.0, 0.0, 0
0, 0, 1, 0.07011125463633917, 33, 2.6860465116279073, 0.4909090909090909, 0.999999999960599, 4, 1, 0.08139534883720931, 0.3, 33, 45, 0, 0, 0, 115, 0.08888888888888889, 0.06666666666666667, 0
0, 0, 1, 0.07011125463633917, 33, 5.372093023255815, 0.4909090909090909, 0.9999999999975321, 7, 1, 0.16279069767441862, 0.25, 57, 35, 0, 0, 0, 90, 0.0, 0.05714285714285714, 0
0, 0, 1, 0.07011125463633917, 33, 3.4534883720930236, 0.4909090909090909, 0.9999999999640055, 5, 1, 0.10465116279069768, 0.25, 63, 39, 1, 0, 10, 89, 0.02564102564102564, 0.05128205128205128, 0
0, 0, 1, 0.5888278628312684, 81, 1.9285714285714284, 0.4636363636363636, 1.0, 2, 3, 0.023809523809523808, 0.0, 64, 5, 1, 0, 2, 32, 0.0, 0.0, 0
0, 0, 1, 0.5888278628312684, 81, 1.9285714285714284, 0.4636363636363636, 1.0, 2, 3, 0.023809523809523808, 0.0, 65, 5, 0, 0, 0, 56, 0.0, 0.0, 0
0, 0, 1, 0.20638060390372964, 57, 5.772151898734177, 0.42727272727272725, 1.0, 4, 1, 0.10126582278481013, 0.0, 66, 29, 0, 0, 0, 88, 0.0, 0.0, 1
0, 0, 1, 0.07010827901251823, 32, 2.4615384615384617, 0.41818181818181815, 0.9999999999955507, 3, 1, 0.07692307692307693, 0.15, 35, 69, 0, 0, 0, 123, 0.0, 0.057971014492753624, 5
0, 0, 1, 0.3240455653774966, 73, 1.8961038961038963, 0.4090909090909091, 1.0, 1, 5, 0.025974025974025976, 0.0, 67, 5, 1, 0, 2, 76, 0.0, 0.0, 0
0, 0, 1, 0.2733023398774157, 64, 0.9846153846153847, 0.00909090909090909, 1.0, 1, 6, 0.015384615384615385, 0.05, 68, 3, 0, 0, 0, 55, 0.0, 0.0, 1
0, 0, 1, 0.20637425882352323, 55, 1.8032786885245902, 0.22727272727272727, 1.0, 2, 3, 0.03278688524590164, 0.0, 69, 5, 0, 0, 0, 46, 0.4, 0.0, 0
0, 0, 1, 0.20637425882352323, 55, 1.8032786885245902, 0.22727272727272727, 1.0, 2, 3, 0.03278688524590164, 0.0, 69, 7, 1, 0, 6, 41, 0.0, 0.0, 0
0, 0, 1, 0.20642738246056172, 58, 0.9830508474576272, 0.24545454545454545, 1.0, 1, 1, 0.01694915254237288, 0.0, 70, 7, 0, 0, 0, 78, 0.0, 0.14285714285714285, 1
0, 0, 1, 0.20642738246056172, 58, 0.9830508474576272, 0.24545454545454545, 1.0, 1, 1, 0.01694915254237288, 0.0, 71, 17, 0, 0, 0, 156, 0.0, 0.17647058823529413, 6
0, 0, 1, 0.20642738246056172, 58, 0.9830508474576272, 0.24545454545454545, 1.0, 1, 1, 0.01694915254237288, 0.0, 72, 25, 1, 0, 4, 95, 0.0, 0.08, 6
0, 0, 1, 0.07010827901251823, 32, 2.169491525423729, 0.24545454545454545, 0.999999999969559, 2, 1, 0.06779661016949153, 0.15, 35, 15, 0, 0, 0, 69, 0.0, 0.06666666666666667, 6
0, 0, 1, 0.20622770935034213, 53, 0.9814814814814814, 0.2, 1.0, 1, 1, 0.018518518518518517, 0.0, 73, 5, 0, 0, 0, 43, 0.0, 0.0, 7
0, 0, 1, 0.20622770935034213, 53, 0.9814814814814814, 0.2, 1.0, 1, 1, 0.018518518518518517, 0.0, 74, 5, 0, 0, 0, 14, 0.0, 0.0, 7
0, 0, 1, 0.07010827901251823, 32, 1.391304347826087, 0.01818181818181818, 0.9999999998835705, 2, 1, 0.043478260869565216, 0.1, 75, 5, 0, 0, 0, 55, 0.0, 0.0, 6
0, 0, 1, 0.07010827901251823, 32, 1.391304347826087, 0.01818181818181818, 0.9999999998835705, 2, 1, 0.043478260869565216, 0.1, 36, 13, 1, 0, 2, 49, 0.0, 0.0, 6
0, 0, 1, 0.07010827901251823, 32, 1.391304347826087, 0.01818181818181818, 0.9999999998835705, 2, 1, 0.043478260869565216, 0.1, 75, 5, 0, 0, 0, 55, 0.0, 0.0, 5
0, 0, 1, 0.07010827901251823, 32, 1.391304347826087, 0.01818181818181818, 0.9999999998835705, 2, 1, 0.043478260869565216, 0.1, 36, 13, 1, 0, 2, 49, 0.0, 0.0, 5
0, 0, 1, 0.07011125463633917, 33, 3.6666666666666665, 0.08181818181818182, 0.9999999999407451, 2, 1, 0.1111111111111111, 0.25, 76, 7, 1, 0, 6, 80, 0.0, 0.0, 0
0, 0, 1, 0.07011125463633917, 33, 2.357142857142857, 0.05454545454545454, 0.9999999999406555, 2, 1, 0.07142857142857142, 0.15, 77, 5, 0, 0, 0, 34, 0.0, 0.0, 0
0, 0, 1, 0.07011125463633917, 33, 1.6500000000000001, 0.045454545454545456, 0.9999999999408828, 2, 1, 0.05, 0.1, 78, 13, 0, 0, 0, 78, 0.0, 0.0, 0
0, 0, 0, 0.052536914035671865, 25, 2.34375, 0.2909090909090909, 0.9999999994275153, 1, 1, 0.09375, 0.0, 5, 15, 2, 0, 1, 79, 0.0, 0.13333333333333333, 8
0, 0, 0, 0.05256907702844228, 29, 1.8125, 0.2909090909090909, 0.999999999686123, 1, 1, 0.0625, 0.0, 42, 17, 0, 0, 0, 85, 0.0, 0.0, 8
0, 0, 1, 0.05294413690740178, 31, 0.96875, 0.09090909090909091, 0.9999999997671694, 1, 1, 0.03125, 0.05, 30, 5, 0, 0, 0, 46, 0.0, 0.2, 8
0, 1, 0, 0.001971525818065721, 8, 1.0, 0.2909090909090909, 0.9992387361348085, 3, 8, 0.125, 0.15, 11, 13, 0, 0, 0, 67, 0.0, 0.23076923076923078, 8
0, 0, 0, 0.05256907702844228, 29, 1.8125, 0.2909090909090909, 0.9999999997099372, 1, 1, 0.0625, 0.0, 9, 15, 2, 0, 1, 81, 0.0, 0.13333333333333333, 8
0, 1, 0, 0.005453880872038067, 19, 1.78125, 0.2909090909090909, 0.999999784463965, 3, 7, 0.09375, 0.05, 8, 25, 2, 0, 2, 88, 0.08, 0.12, 8
0, 0, 0, 0.05294413690740178, 31, 0.96875, 0.2909090909090909, 0.9999999997671694, 1, 1, 0.03125, 0.0, 0, 17, 0, 0, 0, 78, 0.0, 0.17647058823529413, 8
0, 0, 0, 0.05256907702844228, 29, 1.8125, 0.2909090909090909, 0.999999999716422, 1, 1, 0.0625, 0.0, 13, 29, 1, 0, 1, 82, 0.0, 0.06896551724137931, 8
0, 0, 0, 0.05294413690740178, 31, 0.96875, 0.2909090909090909, 0.9999999997671694, 1, 1, 0.03125, 0.0, 18, 5, 1, 0, 1, 72, 0.0, 0.0, 8
0, 0, 0, 0.05256907702844228, 29, 1.8125, 0.2909090909090909, 0.9999999997202786, 1, 1, 0.0625, 0.0, 12, 29, 1, 0, 1, 82, 0.0, 0.06896551724137931, 8
0, 0, 0, 0.0522828482723725, 22, 3.4375, 0.2909090909090909, 0.9999999882917836, 1, 1, 0.15625, 0.0, 27, 77, 0, 0, 0, 93, 0.012987012987012988, 0.1038961038961039, 8
0, 1, 0, 0.001971525818065721, 8, 2.25, 0.2909090909090909, 0.9999919766653815, 3, 8, 0.28125, 0.15, 2, 67, 0, 0, 0, 93, 0.029850746268656716, 0.04477611940298507, 8
0, 0, 0, 0.05256907702844228, 29, 1.8125, 0.2909090909090909, 0.9999999997357444, 1, 1, 0.0625, 0.0, 20, 29, 1, 0, 1, 82, 0.0, 0.06896551724137931, 8
0, 1, 0, 0.0018718861792381887, 3, 0.1875, 0.2909090909090909, 0.9882990865251602, 2, 8, 0.0625, 0.05, 61, 5, 0, 0, 0, 55, 0.0, 0.0, 8
0, 0, 0, 0.05294413690740178, 31, 0.96875, 0.2909090909090909, 0.9999999997671694, 1, 1, 0.03125, 0.0, 69, 5, 0, 0, 0, 46, 0.4, 0.0, 8
0, 0, 0, 0.05256907702844228, 29, 1.8125, 0.2909090909090909, 0.9999999997397775, 1, 1, 0.0625, 0.0, 23, 29, 1, 0, 1, 82, 0.0, 0.06896551724137931, 8
0, 0, 0, 0.05294413690740178, 31, 0.96875, 0.2909090909090909, 0.9999999997671694, 1, 1, 0.03125, 0.0, 22, 9, 0, 0, 0, 81, 0.0, 0.2222222222222222, 8
0, 0, 1, 0.05294413690740178, 31, 0.96875, 0.01818181818181818, 0.9999999997671694, 1, 1, 0.03125, 0.05, 10, 23, 1, 0, 3, 156, 0.2608695652173913, 0.17391304347826086, 8
0, 1, 0, 0.0018908339015097397, 4, 0.375, 0.2909090909090909, 0.9849439773418309, 2, 8, 0.09375, 0.05, 25, 33, 0, 0, 0, 96, 0.0, 0.09090909090909091, 8
0, 0, 0, 0.05294413690740178, 31, 0.96875, 0.2909090909090909, 0.9999999997671694, 1, 1, 0.03125, 0.0, 28, 5, 1, 0, 1, 70, 0.0, 0.0, 8
0, 0, 0, 0.05251608466892531, 24, 3.0, 0.2909090909090909, 0.9999999891839813, 1, 1, 0.125, 0.0, 19, 11, 0, 0, 0, 48, 0.0, 0.09090909090909091, 8
0, 0, 0, 0.05294413690740178, 31, 0.96875, 0.2909090909090909, 0.9999999997671694, 1, 1, 0.03125, 0.0, 24, 9, 0, 0, 0, 67, 0.2222222222222222, 0.2222222222222222, 8
0, 0, 1, 0.05238528849832562, 23, 1.4375, 0.08181818181818182, 0.9999999720459051, 1, 1, 0.0625, 0.1, 15, 55, 2, 0, 2, 76, 0.07272727272727272, 0.23636363636363636, 8
0, 0, 0, 0.05256907702844228, 29, 1.8125, 0.2909090909090909, 0.9999999997354198, 1, 1, 0.0625, 0.0, 14, 15, 1, 0, 4, 98, 0.0, 0.06666666666666667, 8
0, 0, 0, 0.05256907702844228, 29, 1.8125, 0.2909090909090909, 0.9999999997277143, 1, 1, 0.0625, 0.0, 7, 23, 0, 0, 0, 98, 0.0, 0.043478260869565216, 8
0, 0, 0, 0.05256907702844228, 29, 1.8125, 0.2909090909090909, 0.9999999997625127, 1, 1, 0.0625, 0.0, 1, 17, 0, 0, 0, 44, 0.0, 0.11764705882352941, 8
0, 0, 0, 0.05256907702844228, 29, 1.8125, 0.2909090909090909, 0.9999999997325155, 1, 1, 0.0625, 0.0, 21, 27, 0, 0, 0, 100, 0.0, 0.07407407407407407, 8
0, 0, 0, 0.05294413690740178, 31, 0.96875, 0.2909090909090909, 0.9999999997671694, 1, 1, 0.03125, 0.0, 53, 29, 0, 0, 0, 67, 0.0, 0.10344827586206896, 8
0, 0, 0, 0.05256907702844228, 29, 2.71875, 0.2909090909090909, 0.999999999696652, 1, 1, 0.09375, 0.0, 17, 117, 0, 0, 0, 91, 0.017094017094017096, 0.09401709401709402, 8
0, 0, 0, 0.05256907702844228, 29, 1.8125, 0.2909090909090909, 0.9999999996991592, 1, 1, 0.0625, 0.0, 40, 13, 0, 0, 0, 76, 0.0, 0.0, 8
0, 1, 0, 0.001971525818065721, 8, 1.75, 0.2909090909090909, 0.998652220053853, 3, 8, 0.21875, 0.25, 29, 7, 0, 0, 0, 69, 0.0, 0.14285714285714285, 8
0, 1, 0, 0.001971525818065721, 8, 1.5, 0.2909090909090909, 0.9995870376656852, 3, 8, 0.1875, 0.2, 26, 23, 0, 0, 0, 66, 0.043478260869565216, 0.043478260869565216, 8
0, 0, 0, 0.05294413690740178, 31, 0.96875, 0.2909090909090909, 0.9999999997671694, 1, 1, 0.03125, 0.0, 54, 29, 0, 0, 0, 71, 0.0, 0.10344827586206896, 8
0, 0, 0, 0.05256907702844228, 29, 1.8125, 0.2909090909090909, 0.9999999997089617, 1, 1, 0.0625, 0.0, 31, 13, 2, 0, 5, 56, 0.0, 0.07692307692307693, 8
0, 0, 0, 0.05256907702844228, 29, 2.71875, 0.2909090909090909, 0.9999999996985264, 1, 1, 0.09375, 0.0, 55, 103, 0, 0, 0, 96, 0.009708737864077669, 0.1262135922330097, 8
0, 0, 0, 0.05294413690740178, 31, 0.96875, 0.2909090909090909, 0.9999999997671694, 1, 1, 0.03125, 0.0, 32, 5, 0, 0, 0, 46, 0.0, 0.2, 8
0, 0, 1, 0.05294413690740178, 31, 0.96875, 0.09090909090909091, 0.9999999997671694, 1, 1, 0.03125, 0.05, 6, 9, 0, 0, 0, 69, 0.0, 0.1111111111111111, 8
0, 1, 0, 0.001971525818065721, 8, 1.5, 0.2909090909090909, 0.9993099752041529, 3, 8, 0.1875, 0.2, 41, 19, 0, 0, 0, 80, 0.0, 0.0, 8
0, 0, 0, 0.05256907702844228, 29, 1.8125, 0.2909090909090909, 0.999999999701544, 1, 1, 0.0625, 0.0, 3, 31, 1, 0, 1, 82, 0.0, 0.06451612903225806, 8
0, 0, 0, 0.05256907702844228, 29, 1.8125, 0.2909090909090909, 0.9999999997237693, 1, 1, 0.0625, 0.0, 4, 29, 1, 0, 1, 82, 0.0, 0.06896551724137931, 8
0, 1, 0, 0.001971525818065721, 8, 1.25, 0.2909090909090909, 0.9997973090615629, 3, 8, 0.15625, 0.15, 33, 17, 0, 0, 0, 66, 0.058823529411764705, 0.058823529411764705, 8
0, 0, 0, 0.05294413690740178, 31, 0.96875, 0.2909090909090909, 0.9999999997671694, 1, 1, 0.03125, 0.0, 61, 7, 1, 0, 6, 60, 0.0, 0.0, 8
0, 0, 0, 0.05294413690740178, 31, 0.96875, 0.2909090909090909, 0.9999999997671694, 1, 1, 0.03125, 0.0, 24, 7, 1, 0, 6, 40, 0.0, 0.0, 8
0, 0, 0, 0.05294413690740178, 31, 0.96875, 0.2909090909090909, 0.9999999997671694, 1, 1, 0.03125, 0.0, 43, 7, 1, 0, 6, 72, 0.0, 0.0, 8
0, 0, 0, 0.05294413690740178, 31, 0.96875, 0.2909090909090909, 0.9999999997671694, 1, 1, 0.03125, 0.0, 29, 7, 1, 0, 6, 47, 0.0, 0.0, 8
0, 0, 0, 0.05294413690740178, 31, 0.96875, 0.2909090909090909, 0.9999999997671694, 1, 1, 0.03125, 0.0, 25, 7, 1, 0, 6, 48, 0.0, 0.0, 8
0, 0, 0, 0.05294413690740178, 31, 0.96875, 0.2909090909090909, 0.9999999997671694, 1, 1, 0.03125, 0.0, 19, 7, 1, 0, 6, 63, 0.0, 0.0, 8
0, 0, 0, 0.05294413690740178, 31, 0.96875, 0.2909090909090909, 0.9999999997671694, 1, 1, 0.03125, 0.0, 7, 7, 1, 0, 6, 112, 0.0, 0.0, 8
0, 0, 0, 0.05294413690740178, 31, 0.96875, 0.2909090909090909, 0.9999999997671694, 1, 1, 0.03125, 0.0, 1, 7, 1, 0, 6, 59, 0.0, 0.0, 8
0, 0, 0, 0.05294413690740178, 31, 0.96875, 0.2909090909090909, 0.9999999997671694, 1, 1, 0.03125, 0.0, 62, 5, 1, 0, 1, 28, 0.0, 0.0, 8
0, 0, 0, 0.05294413690740178, 31, 0.96875, 0.2909090909090909, 0.9999999997671694, 1, 1, 0.03125, 0.0, 17, 7, 1, 0, 6, 88, 0.0, 0.0, 8
0, 0, 0, 0.05294413690740178, 31, 0.96875, 0.2909090909090909, 0.9999999997671694, 1, 1, 0.03125, 0.0, 69, 7, 1, 0, 6, 41, 0.0, 0.0, 8
0, 0, 0, 0.05294413690740178, 31, 0.96875, 0.2909090909090909, 0.9999999997671694, 1, 1, 0.03125, 0.0, 22, 7, 1, 0, 6, 57, 0.0, 0.0, 8
0, 0, 0, 0.05294365555648957, 30, 1.875, 0.2909090909090909, 0.999999999512917, 1, 1, 0.0625, 0.0, 63, 39, 1, 0, 10, 89, 0.02564102564102564, 0.05128205128205128, 8
0, 0, 0, 0.05294413690740178, 31, 0.96875, 0.2909090909090909, 0.9999999997671694, 1, 1, 0.03125, 0.0, 64, 5, 1, 0, 2, 32, 0.0, 0.0, 8
0, 0, 0, 0.05294365555648957, 30, 1.875, 0.2909090909090909, 0.9999999994935418, 1, 1, 0.0625, 0.0, 33, 45, 0, 0, 0, 115, 0.08888888888888889, 0.06666666666666667, 8
0, 0, 0, 0.05294365555648957, 30, 1.875, 0.2909090909090909, 0.9999999997499852, 1, 1, 0.0625, 0.0, 57, 35, 0, 0, 0, 90, 0.0, 0.05714285714285714, 8
0, 0, 0, 0.05294413690740178, 31, 0.96875, 0.2909090909090909, 0.9999999997671694, 1, 1, 0.03125, 0.0, 67, 5, 1, 0, 2, 76, 0.0, 0.0, 8
0, 0, 0, 0.05294413690740178, 31, 0.96875, 0.2909090909090909, 0.9999999997671694, 1, 1, 0.03125, 0.0, 65, 5, 0, 0, 0, 56, 0.0, 0.0, 8
0, 0, 0, 0.05294413690740178, 31, 0.96875, 0.2909090909090909, 0.9999999997671694, 1, 1, 0.03125, 0.0, 50, 5, 1, 0, 7, 37, 0.0, 0.0, 9
0, 0, 0, 0.05294365555648957, 30, 1.875, 0.2909090909090909, 0.9999999997638193, 1, 1, 0.0625, 0.0, 48, 43, 1, 0, 8, 106, 0.0, 0.023255813953488372, 9
0, 0, 0, 0.05294413690740178, 31, 0.96875, 0.2909090909090909, 0.9999999997671694, 1, 1, 0.03125, 0.0, 45, 5, 1, 0, 8, 91, 0.0, 0.0, 9
0, 0, 0, 0.05294413690740178, 31, 0.96875, 0.2909090909090909, 0.9999999997671694, 1, 1, 0.03125, 0.0, 51, 19, 1, 0, 9, 106, 0.05263157894736842, 0.21052631578947367, 9
0, 0, 0, 0.05294413690740178, 31, 0.96875, 0.2909090909090909, 0.9999999997671694, 1, 1, 0.03125, 0.0, 49, 65, 1, 0, 9, 115, 0.12307692307692308, 0.13846153846153847, 9
0, 0, 0, 0.05294413690740178, 31, 0.96875, 0.2909090909090909, 0.9999999997671694, 1, 1, 0.03125, 0.0, 52, 5, 1, 0, 8, 92, 0.0, 0.0, 9
0, 0, 0, 0.05294413690740178, 31, 0.96875, 0.2909090909090909, 0.9999999997671694, 1, 1, 0.03125, 0.0, 44, 5, 1, 0, 7, 37, 0.0, 0.0, 9
0, 0, 0, 0.05294413690740178, 31, 0.96875, 0.2909090909090909, 0.9999999997671694, 1, 1, 0.03125, 0.0, 46, 5, 0, 0, 0, 45, 0.0, 0.0, 9
0, 0, 0, 0.05294413690740178, 31, 0.96875, 0.2909090909090909, 0.9999999997671694, 1, 1, 0.03125, 0.0, 47, 43, 1, 0, 8, 105, 0.0, 0.023255813953488372, 9
0, 0, 0, 0.05294413690740178, 31, 0.96875, 0.2909090909090909, 0.9999999997671694, 1, 1, 0.03125, 0.0, 73, 5, 0, 0, 0, 43, 0.0, 0.0, 10
0, 0, 0, 0.05294413690740178, 31, 0.96875, 0.2909090909090909, 0.9999999997671694, 1, 1, 0.03125, 0.0, 74, 5, 0, 0, 0, 14, 0.0, 0.0, 10
0, 1, 0, 0.001971525818065721, 8, 0.5, 0.2909090909090909, 0.9989736244706094, 2, 8, 0.0625, 0.05, 35, 71, 0, 0, 0, 150, 0.014084507042253521, 0.18309859154929578, 11
0, 0, 0, 0.05294413690740178, 31, 0.96875, 0.2909090909090909, 0.9999999997671694, 1, 1, 0.03125, 0.0, 70, 7, 0, 0, 0, 78, 0.0, 0.14285714285714285, 11
0, 0, 1, 0.05294413690740178, 31, 0.96875, 0.20909090909090908, 0.9999999997671694, 1, 1, 0.03125, 0.0, 66, 29, 0, 0, 0, 88, 0.0, 0.0, 11
0, 1, 0, 0.001971525818065721, 8, 0.5, 0.2909090909090909, 0.9987477322869582, 2, 8, 0.0625, 0.05, 37, 7, 0, 0, 0, 52, 0.0, 0.0, 11
0, 1, 0, 0.001971525818065721, 8, 0.5, 0.2909090909090909, 0.9986437848795289, 2, 8, 0.0625, 0.05, 38, 11, 0, 0, 0, 52, 0.09090909090909091, 0.0, 11
0, 1, 0, 0.001971525818065721, 8, 0.5, 0.2909090909090909, 0.9989769342909789, 2, 8, 0.0625, 0.05, 21, 17, 0, 0, 0, 48, 0.23529411764705882, 0.058823529411764705, 11
0, 0, 0, 0.05294413690740178, 31, 0.96875, 0.2909090909090909, 0.9999999997671694, 1, 1, 0.03125, 0.0, 72, 25, 1, 0, 4, 95, 0.0, 0.08, 12
0, 0, 0, 0.05294413690740178, 31, 0.96875, 0.2909090909090909, 0.9999999997671694, 1, 1, 0.03125, 0.0, 71, 17, 0, 0, 0, 156, 0.0, 0.17647058823529413, 12
0, 0, 0, 0.05294365555648957, 30, 1.875, 0.2909090909090909, 0.9999999996454497, 1, 1, 0.0625, 0.0, 35, 15, 0, 0, 0, 69, 0.0, 0.06666666666666667, 12
0, 1, 0, 0.0, 0, 0.0, 0.2909090909090909, 0.9933424374414237, 2, 8, 0.09375, 0.05, 35, 69, 0, 0, 0, 123, 0.0, 0.057971014492753624, 13
0, 1, 0, 0.0019647869052947767, 7, 0.4375, 0.2909090909090909, 0.9999426753436893, 2, 8, 0.0625, 0.05, 35, 11, 0, 0, 0, 62, 0.0, 0.09090909090909091, 14
0, 0, 0, 0.05294413690740178, 31, 0.96875, 0.2909090909090909, 0.9999999997671694, 1, 1, 0.03125, 0.0, 36, 19, 1, 0, 2, 85, 0.2631578947368421, 0.05263157894736842, 14
0, 1, 0, 0.0019647869052947767, 7, 0.4375, 0.2909090909090909, 0.9999624911937812, 2, 8, 0.0625, 0.05, 34, 15, 1, 0, 2, 110, 0.06666666666666667, 0.06666666666666667, 14
0, 1, 0, 0.0, 0, 0.0, 0.2909090909090909, 0.9937874685942019, 2, 8, 0.125, 0.1, 34, 43, 1, 0, 2, 213, 0.09302325581395349, 0.18604651162790697, 14
0, 0, 0, 0.05294365555648957, 30, 1.875, 0.2909090909090909, 0.9999999995399012, 1, 1, 0.0625, 0.0, 36, 13, 1, 0, 2, 49, 0.0, 0.0, 14
0, 1, 0, 0.001971525818065721, 8, 0.5, 0.2909090909090909, 0.9999588607250429, 2, 8, 0.0625, 0.05, 35, 15, 0, 0, 0, 183, 0.2, 0.06666666666666667, 14
0, 0, 0, 0.05294413690740178, 31, 0.96875, 0.2909090909090909, 0.9999999997671694, 1, 1, 0.03125, 0.0, 60, 5, 1, 0, 2, 49, 0.0, 0.0, 14
0, 0, 0, 0.05294365555648957, 30, 0.967741935483871, 0.2818181818181818, 0.9999999995343387, 1, 1, 0.03225806451612903, 0.0, 77, 5, 0, 0, 0, 34, 0.0, 0.0, 8
0, 0, 0, 0.05294365555648957, 30, 0.967741935483871, 0.2818181818181818, 0.9999999995343387, 1, 1, 0.03225806451612903, 0.0, 76, 7, 1, 0, 6, 80, 0.0, 0.0, 8
0, 0, 0, 0.05294365555648957, 30, 0.967741935483871, 0.2818181818181818, 0.9999999995343387, 1, 1, 0.03225806451612903, 0.0, 78, 13, 0, 0, 0, 78, 0.0, 0.0, 8
0, 0, 0, 0.05294365555648957, 30, 0.967741935483871, 0.2818181818181818, 0.9999999995343387, 1, 1, 0.03225806451612903, 0.0, 36, 13, 1, 0, 2, 49, 0.0, 0.0, 12
0, 0, 0, 0.05294365555648957, 30, 0.967741935483871, 0.2818181818181818, 0.9999999995343387, 1, 1, 0.03225806451612903, 0.0, 75, 5, 0, 0, 0, 55, 0.0, 0.0, 12
0, 0, 0, 0.05294365555648957, 30, 0.967741935483871, 0.2818181818181818, 0.9999999995343387, 1, 1, 0.03225806451612903, 0.0, 36, 13, 1, 0, 2, 49, 0.0, 0.0, 13
0, 0, 0, 0.05294365555648957, 30, 0.967741935483871, 0.2818181818181818, 0.9999999995343387, 1, 1, 0.03225806451612903, 0.0, 75, 5, 0, 0, 0, 55, 0.0, 0.0, 13
0, 0, 1, 0.05256907702844228, 29, 0.9666666666666667, 0.06363636363636363, 0.9999999990686774, 1, 1, 0.03333333333333333, 0.05, 79, 5, 1, 0, 11, 26, 0.0, 0.0, 8
0, 0, 0, 0.05256513870279692, 28, 0.9655172413793103, 0.2636363636363636, 0.9999999981373549, 1, 1, 0.034482758620689655, 0.0, 80, 5, 1, 0, 3, 33, 0.0, 0.0, 15
0, 0, 0, 0.05256513870279692, 28, 0.9655172413793103, 0.2636363636363636, 0.9999999981373549, 1, 1, 0.034482758620689655, 0.0, 81, 5, 1, 0, 2, 74, 0.0, 0.0, 15
0, 1, 0, 0.001917264442507469, 5, 0.5172413793103449, 0.2545454545454545, 0.9981555919430503, 2, 8, 0.10344827586206896, 0.05, 82, 13, 0, 0, 0, 66, 0.15384615384615385, 0.23076923076923078, 15
0, 1, 0, 0.001917264442507469, 5, 0.5172413793103449, 0.2545454545454545, 0.9951192031358711, 2, 8, 0.10344827586206896, 0.05, 83, 13, 0, 0, 0, 69, 0.15384615384615385, 0.23076923076923078, 15
0, 1, 0, 0.001971525818065721, 8, 1.9310344827586208, 0.2636363636363636, 0.99797383575843, 3, 8, 0.2413793103448276, 0.25, 84, 31, 0, 0, 0, 89, 0.2903225806451613, 0.22580645161290322, 15
0, 1, 0, 0.001971525818065721, 8, 0.8275862068965517, 0.2636363636363636, 0.9998333785438416, 3, 8, 0.10344827586206896, 0.1, 85, 65, 0, 0, 0, 97, 0.27692307692307694, 0.046153846153846156, 15
0, 0, 1, 0.052536914035671865, 25, 0.9615384615384616, 0.00909090909090909, 0.9999999850988388, 1, 1, 0.038461538461538464, 0.05, 86, 9, 0, 0, 0, 70, 0.2222222222222222, 0.2222222222222222, 15
0, 0, 1, 0.052536914035671865, 25, 0.9615384615384616, 0.00909090909090909, 0.9999999850988388, 1, 1, 0.038461538461538464, 0.05, 87, 9, 0, 0, 0, 65, 0.2222222222222222, 0.2222222222222222, 15
0, 0, 0, 0.05251608466892531, 24, 0.96, 0.22727272727272727, 0.9999999701976776, 1, 1, 0.04, 0.0, 88, 5, 0, 0, 0, 62, 0.0, 0.2, 15
0, 0, 0, 0.05251608466892531, 24, 0.96, 0.22727272727272727, 0.9999999701976776, 1, 1, 0.04, 0.0, 89, 5, 0, 0, 0, 63, 0.0, 0.2, 15
0, 0, 0, 0.05238528849832562, 23, 0.9583333333333333, 0.21818181818181817, 0.9999999403953552, 1, 1, 0.041666666666666664, 0.0, 90, 5, 0, 0, 0, 65, 0.0, 0.0, 15
0, 0, 0, 0.0522828482723725, 22, 1.8333333333333333, 0.21818181818181817, 0.9999998661817289, 1, 1, 0.08333333333333333, 0.0, 91, 9, 0, 0, 0, 68, 0.0, 0.1111111111111111, 15
0, 0, 0, 0.05238528849832562, 23, 0.9583333333333333, 0.21818181818181817, 0.9999999403953552, 1, 1, 0.041666666666666664, 0.0, 92, 5, 0, 0, 0, 39, 0.0, 0.0, 15
0, 0, 0, 0.0522828482723725, 22, 0.9565217391304348, 0.20909090909090908, 0.9999998807907104, 1, 1, 0.043478260869565216, 0.0, 93, 47, 2, 0, 2, 49, 0.10638297872340426, 0.19148936170212766, 15
0, 0, 0, 0.0522828482723725, 22, 0.9565217391304348, 0.20909090909090908, 0.9999998807907104, 1, 1, 0.043478260869565216, 0.0, 94, 7, 0, 0, 0, 51, 0.0, 0.0, 15
0, 0, 0, 0.0522828482723725, 22, 0.9565217391304348, 0.20909090909090908, 0.9999998807907104, 1, 1, 0.043478260869565216, 0.0, 95, 5, 1, 0, 12, 54, 0.0, 0.0, 15
0, 0, 0, 0.0522828482723725, 22, 0.9565217391304348, 0.20909090909090908, 0.9999998807907104, 1, 1, 0.043478260869565216, 0.0, 96, 5, 1, 0, 12, 53, 0.0, 0.0, 15
0, 0, 0, 0.0522828482723725, 22, 0.9565217391304348, 0.20909090909090908, 0.9999998807907104, 1, 1, 0.043478260869565216, 0.0, 97, 5, 1, 0, 11, 29, 0.0, 0.0, 15
1, 0, 1, 0.001971525818065721, 8, 0.8421052631578947, 0.13636363636363635, 0.9980449676513672, 1, 8, 0.10526315789473684, 0.1, 68, 3, 0, 0, 0, 55, 0.0, 0.0, 11
1, 0, 1, 0.001971525818065721, 8, 1.0, 0.10909090909090909, 0.9980316162109375, 1, 8, 0.125, 0.1, 38, 5, 0, 0, 0, 52, 0.0, 0.0, 8
1, 0, 1, 0.001971525818065721, 8, 1.0, 0.10909090909090909, 0.9980316162109375, 1, 8, 0.125, 0.1, 68, 5, 0, 0, 0, 55, 0.0, 0.0, 8
1, 0, 1, 0.001971525818065721, 8, 1.0, 0.10909090909090909, 0.9980316162109375, 1, 8, 0.125, 0.1, 37, 5, 0, 0, 0, 52, 0.0, 0.0, 8
1, 0, 0, 0.001971525818065721, 8, 0.8888888888888888, 0.08181818181818182, 0.998046875, 1, 8, 0.1111111111111111, 0.05, 98, 5, 1, 0, 2, 70, 0.0, 0.2, 11
1, 0, 0, 0.001971525818065721, 8, 0.8888888888888888, 0.08181818181818182, 0.998046875, 1, 8, 0.1111111111111111, 0.05, 99, 9, 0, 0, 0, 43, 0.0, 0.0, 11
1, 0, 0, 0.001971525818065721, 8, 0.8888888888888888, 0.08181818181818182, 0.998046875, 1, 8, 0.1111111111111111, 0.05, 100, 15, 1, 1, 4, 113, 0.06666666666666667, 0.06666666666666667, 11
1, 0, 0, 0.001971525818065721, 8, 0.8888888888888888, 0.08181818181818182, 0.998046875, 1, 8, 0.1111111111111111, 0.05, 101, 5, 1, 1, 12, 40, 0.0, 0.0, 11
1, 1, 0, 0.0018635719362091016, 2, 0.4444444444444444, 0.08181818181818182, 0.9883453824626866, 1, 8, 0.2222222222222222, 0.1, 102, 45, 0, 0, 0, 89, 0.1111111111111111, 0.0, 11
1, 0, 0, 0.0019293857336604011, 6, 0.8571428571428571, 0.06363636363636363, 0.9921875, 1, 8, 0.14285714285714285, 0.05, 103, 5, 0, 0, 0, 42, 0.0, 0.0, 8
1, 0, 0, 0.0019293857336604011, 6, 0.8571428571428571, 0.06363636363636363, 0.9921875, 1, 8, 0.14285714285714285, 0.05, 104, 5, 1, 0, 7, 25, 0.0, 0.0, 8
1, 0, 0, 0.0019293857336604011, 6, 0.8571428571428571, 0.06363636363636363, 0.9921875, 1, 8, 0.14285714285714285, 0.05, 105, 5, 0, 0, 0, 42, 0.0, 0.0, 8
1, 0, 0, 0.0019293857336604011, 6, 0.8571428571428571, 0.06363636363636363, 0.9921875, 1, 8, 0.14285714285714285, 0.05, 106, 5, 1, 0, 7, 25, 0.0, 0.0, 8
1, 0, 0, 0.0018908339015097397, 4, 0.8, 0.045454545454545456, 0.96875, 1, 8, 0.2, 0.05, 107, 5, 0, 0, 0, 46, 0.0, 0.0, 8
1, 0, 0, 0.0018908339015097397, 4, 0.8, 0.045454545454545456, 0.96875, 1, 8, 0.2, 0.05, 108, 25, 1, 0, 13, 79, 0.28, 0.24, 16
1, 0, 0, 0.0018718861792381887, 3, 0.75, 0.03636363636363636, 0.9375, 1, 8, 0.25, 0.05, 109, 5, 0, 0, 0, 48, 0.0, 0.2, 8
1, 0, 0, 0.0018718861792381887, 3, 0.75, 0.03636363636363636, 0.9375, 1, 8, 0.25, 0.05, 110, 5, 1, 0, 7, 31, 0.0, 0.0, 8
1, 0, 0, 0.0018635719362091016, 2, 0.6666666666666666, 0.02727272727272727, 0.875, 1, 8, 0.3333333333333333, 0.05, 35, 75, 0, 0, 0, 123, 0.25333333333333335, 0.17333333333333334, 17
