0, 0, 1, 0.004731519298996331, 29, 1.0545454545454545, 0.6727272727272727, 0.9999999990686774, 2, 1, 0.03636363636363636, 0.05, 38, 5, 0, 0, 0, 52, 0.0, 0.0, 8
0, 0, 1, 0.004731519298996331, 29, 1.0545454545454545, 0.6727272727272727, 0.9999999990686774, 2, 1, 0.03636363636363636, 0.05, 37, 5, 0, 0, 0, 52, 0.0, 0.0, 8
0, 0, 1, 0.004731519298996331, 29, 1.0545454545454545, 0.6727272727272727, 0.9999999990686774, 2, 1, 0.03636363636363636, 0.05, 68, 5, 0, 0, 0, 55, 0.0, 0.0, 8
0, 0, 1, 1.0, 109, 0.9909090909090909, 0.16363636363636364, 1.0, 1, 8, 0.00909090909090909, 0.05, 28, 5, 1, 0, 1, 70, 0.0, 0.0, 8
0, 0, 1, 0.004731519298996331, 29, 2.3727272727272726, 0.6909090909090909, 0.9999999990680686, 4, 1, 0.08181818181818182, 0.2, 25, 33, 0, 0, 0, 96, 0.0, 0.09090909090909091, 8
0, 0, 1, 0.004731519298996331, 29, 1.0545454545454545, 0.6727272727272727, 0.9999999990686774, 2, 1, 0.03636363636363636, 0.05, 109, 5, 0, 0, 0, 48, 0.0, 0.2, 8
0, 0, 1, 0.004731519298996331, 29, 1.0545454545454545, 0.6727272727272727, 0.9999999990686774, 2, 1, 0.03636363636363636, 0.05, 107, 5, 0, 0, 0, 46, 0.0, 0.0, 8
0, 0, 1, 0.004731519298996331, 29, 0.5272727272727272, 0.6909090909090909, 0.9999999990686774, 2, 1, 0.01818181818181818, 0.05, 21, 27, 0, 0, 0, 100, 0.0, 0.07407407407407407, 8
0, 0, 1, 0.004731519298996331, 29, 2.109090909090909, 0.6, 0.9999999990614015, 5, 1, 0.07272727272727272, 0.2, 7, 7, 0, 0, 0, 82, 0.0, 0.0, 8
0, 0, 1, 0.004731519298996331, 29, 0.7909090909090909, 0.5363636363636364, 0.9999999990614015, 3, 1, 0.02727272727272727, 0.1, 4, 29, 1, 0, 1, 82, 0.0, 0.06896551724137931, 8
0, 0, 1, 0.004731519298996331, 29, 2.9000000000000004, 0.5727272727272728, 0.9999999990614015, 3, 1, 0.1, 0.2, 17, 75, 0, 0, 0, 101, 0.0, 0.06666666666666667, 8
0, 0, 1, 0.004731519298996331, 29, 1.5818181818181818, 0.6909090909090909, 0.9999999990686774, 3, 1, 0.05454545454545454, 0.05, 33, 17, 0, 0, 0, 66, 0.058823529411764705, 0.058823529411764705, 8
0, 0, 1, 0.004731519298996331, 29, 0.7909090909090909, 0.5363636363636364, 0.9999999990614015, 3, 1, 0.02727272727272727, 0.1, 24, 9, 0, 0, 0, 67, 0.2222222222222222, 0.2222222222222222, 8
0, 0, 1, 0.004731519298996331, 29, 0.5272727272727272, 0.6909090909090909, 0.9999999990686774, 2, 1, 0.01818181818181818, 0.05, 77, 5, 0, 0, 0, 34, 0.0, 0.0, 8
0, 0, 1, 0.004731519298996331, 29, 0.7909090909090909, 0.5363636363636364, 0.9999999990614015, 3, 1, 0.02727272727272727, 0.1, 9, 15, 2, 0, 1, 81, 0.0, 0.13333333333333333, 8
0, 0, 1, 0.004731519298996331, 29, 1.5818181818181818, 0.6909090909090909, 0.9999999990660265, 3, 1, 0.05454545454545454, 0.25, 19, 11, 0, 0, 0, 48, 0.0, 0.09090909090909091, 8
0, 0, 1, 0.004731519298996331, 29, 0.5272727272727272, 0.6909090909090909, 0.9999999990686774, 2, 1, 0.01818181818181818, 0.05, 22, 9, 0, 0, 0, 81, 0.0, 0.2222222222222222, 8
0, 0, 1, 0.004731519298996331, 29, 1.5818181818181818, 0.6909090909090909, 0.9999999990686774, 3, 1, 0.05454545454545454, 0.05, 11, 13, 0, 0, 0, 67, 0.0, 0.23076923076923078, 8
0, 0, 1, 0.004731519298996331, 29, 0.5272727272727272, 0.6909090909090909, 0.9999999990686774, 2, 1, 0.01818181818181818, 0.05, 31, 13, 2, 0, 5, 56, 0.0, 0.07692307692307693, 8
0, 0, 1, 0.004731519298996331, 29, 1.8454545454545452, 0.5363636363636364, 0.9999999990614015, 4, 1, 0.06363636363636363, 0.1, 29, 7, 0, 0, 0, 69, 0.0, 0.14285714285714285, 8
0, 0, 1, 0.004731519298996331, 29, 0.7909090909090909, 0.5363636363636364, 0.9999999990614015, 3, 1, 0.02727272727272727, 0.1, 20, 29, 1, 0, 1, 82, 0.0, 0.06896551724137931, 8
0, 0, 1, 0.004731519298996331, 29, 0.5272727272727272, 0.6909090909090909, 0.9999999990686774, 2, 1, 0.01818181818181818, 0.05, 0, 17, 0, 0, 0, 78, 0.0, 0.17647058823529413, 8
0, 0, 1, 0.004731519298996331, 29, 0.7909090909090909, 0.5363636363636364, 0.9999999990614015, 3, 1, 0.02727272727272727, 0.1, 18, 5, 1, 0, 1, 72, 0.0, 0.0, 8
0, 0, 1, 0.9973689370303783, 101, 1.8363636363636362, 0.09090909090909091, 1.0, 2, 1, 0.01818181818181818, 0.1, 53, 29, 0, 0, 0, 67, 0.0, 0.10344827586206896, 8
0, 0, 1, 0.9704300481237486, 98, 2.6727272727272724, 0.14545454545454545, 1.0, 2, 1, 0.02727272727272727, 0.15, 103, 5, 0, 0, 0, 42, 0.0, 0.0, 8
0, 0, 1, 0.004731519298996331, 29, 0.7909090909090909, 0.5363636363636364, 0.9999999990614015, 3, 1, 0.02727272727272727, 0.1, 3, 31, 1, 0, 1, 82, 0.0, 0.06451612903225806, 8
0, 0, 1, 0.004731519298996331, 29, 3.6909090909090905, 0.6909090909090909, 0.9999999990637586, 6, 1, 0.12727272727272726, 0.25, 2, 65, 0, 0, 0, 104, 0.03076923076923077, 0.07692307692307693, 8
0, 0, 1, 0.004731519298996331, 29, 0.5272727272727272, 0.6909090909090909, 0.9999999990686774, 2, 1, 0.01818181818181818, 0.05, 32, 5, 0, 0, 0, 46, 0.0, 0.2, 8
0, 0, 1, 0.004731519298996331, 29, 1.8454545454545452, 0.6909090909090909, 0.9999999990648769, 3, 1, 0.06363636363636363, 0.25, 27, 69, 0, 0, 0, 93, 0.014492753623188406, 0.10144927536231885, 8
0, 0, 1, 0.9973689370303783, 101, 1.8363636363636362, 0.09090909090909091, 1.0, 2, 1, 0.01818181818181818, 0.1, 54, 29, 0, 0, 0, 71, 0.0, 0.10344827586206896, 8
0, 0, 1, 1.0, 109, 0.9909090909090909, 0.16363636363636364, 1.0, 1, 8, 0.00909090909090909, 0.05, 12, 29, 1, 0, 1, 82, 0.0, 0.06896551724137931, 8
0, 0, 1, 0.004731519298996331, 29, 0.5272727272727272, 0.6909090909090909, 0.9999999990686774, 2, 1, 0.01818181818181818, 0.05, 14, 15, 1, 0, 4, 98, 0.0, 0.06666666666666667, 8
0, 0, 1, 0.004731519298996331, 29, 0.5272727272727272, 0.6909090909090909, 0.9999999990686774, 2, 1, 0.01818181818181818, 0.05, 42, 17, 0, 0, 0, 85, 0.0, 0.0, 8
0, 0, 1, 1.0, 109, 0.9909090909090909, 0.16363636363636364, 1.0, 1, 8, 0.00909090909090909, 0.05, 1, 17, 0, 0, 0, 44, 0.0, 0.11764705882352941, 8
0, 0, 1, 0.004731519298996331, 29, 0.7909090909090909, 0.5363636363636364, 0.9999999990614015, 3, 1, 0.02727272727272727, 0.1, 5, 15, 2, 0, 1, 79, 0.0, 0.13333333333333333, 8
0, 0, 1, 0.8042484935382611, 69, 1.2545454545454544, 0.4, 1.0, 2, 9, 0.01818181818181818, 0.05, 40, 13, 0, 0, 0, 76, 0.0, 0.0, 8
0, 0, 1, 0.004731519298996331, 29, 0.7909090909090909, 0.5363636363636364, 0.9999999990614015, 3, 1, 0.02727272727272727, 0.1, 23, 29, 1, 0, 1, 82, 0.0, 0.06896551724137931, 8
0, 0, 1, 0.9973689370303783, 101, 2.7545454545454544, 0.12727272727272726, 1.0, 2, 1, 0.02727272727272727, 0.15, 55, 103, 0, 0, 0, 96, 0.009708737864077669, 0.1262135922330097, 8
0, 0, 1, 0.004731519298996331, 29, 1.3181818181818181, 0.6727272727272727, 0.9999999990686774, 2, 1, 0.045454545454545456, 0.05, 106, 5, 1, 0, 12, 25, 0.0, 0.0, 8
0, 0, 1, 0.004731519298996331, 29, 1.8454545454545452, 0.5363636363636364, 0.9999999990614015, 4, 1, 0.06363636363636363, 0.1, 61, 5, 0, 0, 0, 55, 0.0, 0.0, 8
0, 0, 1, 0.004731519298996331, 29, 1.0545454545454545, 0.6727272727272727, 0.9999999990686774, 2, 1, 0.03636363636363636, 0.05, 110, 5, 1, 0, 7, 31, 0.0, 0.0, 8
0, 0, 1, 0.004731519298996331, 29, 0.7909090909090909, 0.5363636363636364, 0.9999999990614015, 3, 1, 0.02727272727272727, 0.1, 69, 5, 0, 0, 0, 46, 0.4, 0.0, 8
0, 0, 1, 0.004731519298996331, 29, 1.8454545454545452, 0.6909090909090909, 0.9999999990686774, 3, 1, 0.06363636363636363, 0.05, 26, 21, 0, 0, 0, 66, 0.047619047619047616, 0.047619047619047616, 8
0, 0, 1, 1.0, 109, 0.9909090909090909, 0.16363636363636364, 1.0, 1, 8, 0.00909090909090909, 0.05, 13, 29, 1, 0, 1, 82, 0.0, 0.06896551724137931, 8
0, 0, 1, 0.004731519298996331, 29, 2.109090909090909, 0.6909090909090909, 0.9999999990686016, 3, 1, 0.07272727272727272, 0.2, 8, 27, 2, 0, 2, 88, 0.07407407407407407, 0.1111111111111111, 8
0, 0, 1, 0.004731519298996331, 29, 1.8454545454545452, 0.6909090909090909, 0.9999999990686774, 3, 1, 0.06363636363636363, 0.05, 41, 17, 0, 0, 0, 80, 0.0, 0.0, 8
0, 0, 1, 0.004731519298996331, 29, 1.3181818181818181, 0.6727272727272727, 0.9999999990686774, 2, 1, 0.045454545454545456, 0.05, 104, 5, 1, 0, 12, 25, 0.0, 0.0, 8
0, 0, 1, 0.9704300481237486, 98, 2.6727272727272724, 0.14545454545454545, 1.0, 2, 1, 0.02727272727272727, 0.15, 105, 5, 0, 0, 0, 42, 0.0, 0.0, 8
0, 0, 1, 0.004731519298996331, 29, 0.7909090909090909, 0.6272727272727273, 0.9999999990614015, 3, 1, 0.02727272727272727, 0.1, 43, 7, 1, 0, 6, 72, 0.0, 0.0, 8
0, 0, 1, 0.004731519298996331, 29, 1.0545454545454545, 0.6, 0.9999999990614015, 3, 1, 0.03636363636363636, 0.15, 29, 7, 1, 0, 6, 47, 0.0, 0.0, 8
0, 0, 1, 0.004731519298996331, 29, 0.7909090909090909, 0.6272727272727273, 0.9999999990614015, 3, 1, 0.02727272727272727, 0.1, 22, 7, 1, 0, 6, 57, 0.0, 0.0, 8
0, 0, 1, 0.004731519298996331, 29, 0.7909090909090909, 0.6272727272727273, 0.9999999990614015, 3, 1, 0.02727272727272727, 0.1, 76, 7, 1, 0, 6, 80, 0.0, 0.0, 8
0, 0, 1, 0.004731519298996331, 29, 1.0545454545454545, 0.6272727272727273, 0.9999999990614015, 3, 1, 0.03636363636363636, 0.15, 69, 7, 1, 0, 6, 41, 0.0, 0.0, 8
0, 0, 1, 0.004731519298996331, 29, 0.7909090909090909, 0.6272727272727273, 0.9999999990614015, 3, 1, 0.02727272727272727, 0.1, 19, 7, 1, 0, 6, 63, 0.0, 0.0, 8
0, 0, 1, 0.004731519298996331, 29, 1.0545454545454545, 0.6272727272727273, 0.9999999990614015, 3, 1, 0.03636363636363636, 0.15, 61, 7, 1, 0, 6, 60, 0.0, 0.0, 8
0, 0, 1, 0.004731519298996331, 29, 1.0545454545454545, 0.6, 0.9999999990614015, 3, 1, 0.03636363636363636, 0.15, 24, 7, 1, 0, 6, 40, 0.0, 0.0, 8
0, 0, 1, 0.004731519298996331, 29, 0.7909090909090909, 0.5727272727272728, 0.9999999990614015, 3, 1, 0.02727272727272727, 0.1, 17, 7, 1, 0, 6, 88, 0.0, 0.0, 8
0, 0, 1, 0.004731519298996331, 29, 1.0545454545454545, 0.6272727272727273, 0.9999999990614015, 3, 1, 0.03636363636363636, 0.15, 62, 5, 1, 0, 1, 28, 0.0, 0.0, 8
0, 0, 1, 0.004731519298996331, 29, 0.7909090909090909, 0.6272727272727273, 0.9999999990614015, 3, 1, 0.02727272727272727, 0.1, 25, 7, 1, 0, 6, 48, 0.0, 0.0, 8
0, 0, 1, 0.004731519298996331, 29, 0.7909090909090909, 0.6, 0.9999999990614015, 3, 1, 0.02727272727272727, 0.1, 7, 7, 1, 0, 6, 112, 0.0, 0.0, 8
0, 0, 1, 1.0, 109, 0.9909090909090909, 0.16363636363636364, 1.0, 1, 8, 0.00909090909090909, 0.05, 1, 7, 1, 0, 6, 59, 0.0, 0.0, 8
0, 0, 1, 0.004731519298996331, 29, 0.7909090909090909, 0.5909090909090909, 0.9999999990614015, 3, 1, 0.02727272727272727, 0.1, 78, 13, 0, 0, 0, 78, 0.0, 0.0, 8
0, 0, 1, 0.004731519298996331, 29, 0.7909090909090909, 0.5909090909090909, 0.9999999990614015, 3, 1, 0.02727272727272727, 0.1, 64, 5, 1, 0, 2, 32, 0.0, 0.0, 8
0, 0, 1, 0.004731519298996331, 29, 0.7909090909090909, 0.5909090909090909, 0.9999999990614015, 3, 1, 0.02727272727272727, 0.1, 65, 5, 0, 0, 0, 56, 0.0, 0.0, 8
0, 0, 1, 0.004731519298996331, 29, 2.9000000000000004, 0.5909090909090909, 0.9999999990614015, 6, 1, 0.1, 0.2, 57, 43, 1, 0, 14, 90, 0.0, 0.046511627906976744, 8
0, 0, 1, 0.004731519298996331, 29, 0.7909090909090909, 0.5909090909090909, 0.9999999990614015, 3, 1, 0.02727272727272727, 0.1, 63, 39, 1, 0, 10, 89, 0.02564102564102564, 0.05128205128205128, 8
0, 0, 1, 0.004731519298996331, 29, 0.7909090909090909, 0.5909090909090909, 0.9999999990614015, 3, 1, 0.02727272727272727, 0.1, 67, 5, 1, 0, 2, 76, 0.0, 0.0, 8
0, 0, 1, 0.004731519298996331, 29, 2.109090909090909, 0.5909090909090909, 0.9999999990614015, 5, 1, 0.07272727272727272, 0.15, 33, 59, 0, 0, 0, 126, 0.2033898305084746, 0.0847457627118644, 8
0, 0, 1, 0.004731519298996331, 29, 0.5272727272727272, 0.6909090909090909, 0.9999999990686774, 2, 1, 0.01818181818181818, 0.05, 48, 43, 1, 0, 8, 106, 0.0, 0.023255813953488372, 9
0, 0, 1, 0.004731519298996331, 29, 0.5272727272727272, 0.6909090909090909, 0.9999999990686774, 2, 1, 0.01818181818181818, 0.05, 46, 5, 0, 0, 0, 45, 0.0, 0.0, 9
0, 0, 1, 0.004731519298996331, 29, 0.5272727272727272, 0.6909090909090909, 0.9999999990686774, 2, 1, 0.01818181818181818, 0.05, 45, 5, 1, 0, 8, 91, 0.0, 0.0, 9
0, 0, 1, 0.004731519298996331, 29, 0.5272727272727272, 0.6909090909090909, 0.9999999990686774, 2, 1, 0.01818181818181818, 0.05, 44, 5, 1, 0, 7, 37, 0.0, 0.0, 9
0, 0, 1, 0.004731519298996331, 29, 0.5272727272727272, 0.6909090909090909, 0.9999999990686774, 2, 1, 0.01818181818181818, 0.05, 52, 5, 1, 0, 8, 92, 0.0, 0.0, 9
0, 0, 1, 0.004731519298996331, 29, 0.5272727272727272, 0.6909090909090909, 0.9999999990686774, 2, 1, 0.01818181818181818, 0.05, 47, 43, 1, 0, 8, 105, 0.0, 0.023255813953488372, 9
0, 0, 1, 0.004731519298996331, 29, 0.5272727272727272, 0.6909090909090909, 0.9999999990686774, 2, 1, 0.01818181818181818, 0.05, 50, 5, 1, 0, 7, 37, 0.0, 0.0, 9
0, 0, 1, 0.004731519298996331, 29, 0.5272727272727272, 0.6909090909090909, 0.9999999990686774, 2, 1, 0.01818181818181818, 0.05, 49, 65, 1, 0, 9, 115, 0.12307692307692308, 0.13846153846153847, 9
0, 0, 1, 0.004731519298996331, 29, 0.5272727272727272, 0.6909090909090909, 0.9999999990686774, 2, 1, 0.01818181818181818, 0.05, 51, 19, 1, 0, 9, 106, 0.05263157894736842, 0.21052631578947367, 9
0, 0, 1, 0.004731519298996331, 29, 0.5272727272727272, 0.6909090909090909, 0.9999999990686774, 2, 1, 0.01818181818181818, 0.05, 95, 5, 1, 0, 12, 54, 0.0, 0.0, 15
0, 0, 1, 0.004731519298996331, 29, 0.5272727272727272, 0.6909090909090909, 0.9999999990686774, 2, 1, 0.01818181818181818, 0.05, 96, 5, 1, 0, 12, 53, 0.0, 0.0, 15
0, 0, 1, 0.9969821587668569, 99, 1.7999999999999998, 0.08181818181818182, 1.0, 2, 7, 0.01818181818181818, 0.1, 94, 7, 0, 0, 0, 51, 0.0, 0.0, 15
0, 0, 1, 0.9969821587668569, 99, 1.7999999999999998, 0.08181818181818182, 1.0, 2, 7, 0.01818181818181818, 0.1, 92, 5, 0, 0, 0, 39, 0.0, 0.0, 15
0, 0, 1, 0.004731519298996331, 29, 0.5272727272727272, 0.6909090909090909, 0.9999999990686774, 2, 1, 0.01818181818181818, 0.05, 97, 5, 1, 0, 11, 29, 0.0, 0.0, 15
0, 0, 1, 0.9969821587668569, 99, 1.7999999999999998, 0.08181818181818182, 1.0, 2, 7, 0.01818181818181818, 0.1, 90, 5, 0, 0, 0, 65, 0.0, 0.0, 15
0, 0, 1, 0.9969821587668569, 99, 1.7999999999999998, 0.08181818181818182, 1.0, 2, 7, 0.01818181818181818, 0.1, 91, 9, 0, 0, 0, 68, 0.0, 0.1111111111111111, 15
0, 0, 1, 0.004731519298996331, 29, 1.0545454545454545, 0.6909090909090909, 0.999999999067425, 3, 1, 0.03636363636363636, 0.15, 93, 47, 2, 0, 2, 49, 0.10638297872340426, 0.19148936170212766, 15
0, 0, 1, 0.004731519298996331, 29, 0.7909090909090909, 0.6454545454545455, 0.9999999990614015, 3, 1, 0.02727272727272727, 0.1, 89, 5, 0, 0, 0, 63, 0.0, 0.2, 15
0, 0, 1, 0.004731519298996331, 29, 1.8454545454545452, 0.5454545454545454, 0.9999999990614015, 4, 1, 0.06363636363636363, 0.1, 83, 13, 0, 0, 0, 69, 0.15384615384615385, 0.23076923076923078, 15
0, 0, 1, 0.004731519298996331, 29, 1.8454545454545452, 0.5454545454545454, 0.9999999990614015, 4, 1, 0.06363636363636363, 0.1, 82, 13, 0, 0, 0, 66, 0.15384615384615385, 0.23076923076923078, 15
0, 0, 1, 0.004731519298996331, 29, 2.6363636363636362, 0.6909090909090909, 0.9999999990672663, 4, 1, 0.09090909090909091, 0.2, 85, 61, 0, 0, 0, 101, 0.22950819672131148, 0.04918032786885246, 15
0, 0, 1, 0.004731519298996331, 29, 0.7909090909090909, 0.6454545454545455, 0.9999999990614015, 3, 1, 0.02727272727272727, 0.1, 88, 5, 0, 0, 0, 62, 0.0, 0.2, 15
0, 0, 1, 0.004731519298996331, 29, 2.6363636363636362, 0.6909090909090909, 0.9999999990651018, 4, 1, 0.09090909090909091, 0.2, 84, 127, 0, 0, 0, 86, 0.31496062992125984, 0.1968503937007874, 15
0, 0, 1, 0.004731519298996331, 29, 0.5272727272727272, 0.6909090909090909, 0.9999999990686774, 2, 1, 0.01818181818181818, 0.05, 80, 5, 1, 0, 3, 33, 0.0, 0.0, 15
0, 0, 1, 0.004731519298996331, 29, 0.5272727272727272, 0.6909090909090909, 0.9999999990686774, 2, 1, 0.01818181818181818, 0.05, 81, 5, 1, 0, 2, 74, 0.0, 0.0, 15
0, 0, 1, 0.004731519298996331, 29, 1.5818181818181818, 0.5636363636363636, 0.9999999990614015, 3, 1, 0.05454545454545454, 0.15, 108, 25, 1, 0, 13, 79, 0.28, 0.24, 16
0, 0, 1, 0.004731519298996331, 29, 1.8454545454545452, 0.6909090909090909, 0.9999999990683118, 3, 1, 0.06363636363636363, 0.2, 73, 7, 0, 0, 0, 65, 0.0, 0.0, 10
0, 0, 1, 0.004731519298996331, 29, 2.3727272727272726, 0.6909090909090909, 0.9999999990678458, 3, 1, 0.08181818181818182, 0.2, 74, 13, 0, 0, 0, 106, 0.0, 0.3076923076923077, 10
0, 0, 1, 0.00468010640234264, 28, 2.036363636363636, 0.7727272727272727, 0.9999999994474107, 3, 1, 0.07272727272727272, 0.2, 35, 27, 0, 0, 0, 103, 0.0, 0.07407407407407407, 11
0, 0, 1, 0.9704300481237486, 98, 4.454545454545455, 0.7909090909090909, 1.0, 3, 1, 0.045454545454545456, 0.0, 37, 7, 0, 0, 0, 52, 0.0, 0.0, 11
0, 0, 1, 0.9704300481237486, 98, 4.454545454545455, 0.7909090909090909, 1.0, 3, 1, 0.045454545454545456, 0.0, 38, 11, 0, 0, 0, 52, 0.09090909090909091, 0.0, 11
0, 0, 1, 0.9704300481237486, 98, 2.6727272727272724, 0.7727272727272727, 1.0, 2, 1, 0.02727272727272727, 0.0, 98, 5, 1, 0, 2, 70, 0.0, 0.2, 11
0, 0, 1, 0.9704300481237486, 98, 2.6727272727272724, 0.7727272727272727, 1.0, 2, 1, 0.02727272727272727, 0.0, 68, 3, 0, 0, 0, 55, 0.0, 0.0, 11
0, 0, 1, 0.00468010640234264, 28, 2.5454545454545454, 0.7909090909090909, 0.9999999997979083, 4, 1, 0.09090909090909091, 0.2, 21, 17, 0, 0, 0, 36, 0.0, 0.058823529411764705, 11
0, 0, 1, 0.9704300481237486, 98, 2.6727272727272724, 0.7727272727272727, 1.0, 2, 1, 0.02727272727272727, 0.0, 99, 9, 0, 0, 0, 43, 0.0, 0.0, 11
0, 0, 1, 0.00468010640234264, 28, 2.5454545454545454, 0.7727272727272727, 0.9999999991259669, 3, 1, 0.09090909090909091, 0.25, 102, 31, 0, 0, 0, 81, 0.0967741935483871, 0.0, 11
0, 0, 1, 0.00468010640234264, 28, 3.5636363636363635, 0.7909090909090909, 0.9999999992454127, 4, 1, 0.12727272727272726, 0.4, 35, 57, 0, 0, 0, 148, 0.03508771929824561, 0.12280701754385964, 11
0, 0, 1, 0.9704300481237486, 98, 2.6727272727272724, 0.7727272727272727, 1.0, 2, 1, 0.02727272727272727, 0.0, 100, 15, 1, 1, 4, 113, 0.06666666666666667, 0.06666666666666667, 11
0, 0, 1, 0.9704300481237486, 98, 2.6727272727272724, 0.7727272727272727, 1.0, 2, 1, 0.02727272727272727, 0.0, 101, 5, 1, 1, 12, 40, 0.0, 0.0, 11
0, 0, 1, 0.00468010640234264, 28, 2.8000000000000003, 0.7727272727272727, 0.9999999982883402, 3, 1, 0.1, 0.3, 35, 25, 0, 0, 0, 71, 0.2, 0.16, 17
0, 0, 1, 0.004731519298996331, 29, 0.7909090909090909, 0.6909090909090909, 0.9999999990686774, 2, 1, 0.02727272727272727, 0.05, 71, 17, 0, 0, 0, 187, 0.0, 0.17647058823529413, 12
0, 0, 1, 0.004731519298996331, 29, 0.5272727272727272, 0.6909090909090909, 0.9999999990686774, 2, 1, 0.01818181818181818, 0.05, 72, 25, 1, 0, 4, 95, 0.0, 0.08, 12
0, 0, 1, 0.004731519298996331, 29, 0.5272727272727272, 0.6909090909090909, 0.9999999990686774, 2, 1, 0.01818181818181818, 0.05, 36, 13, 1, 0, 2, 49, 0.0, 0.0, 12
0, 0, 1, 0.004731519298996331, 29, 0.5272727272727272, 0.6909090909090909, 0.9999999990686774, 2, 1, 0.01818181818181818, 0.05, 75, 5, 0, 0, 0, 55, 0.0, 0.0, 12
0, 0, 1, 0.004731519298996331, 29, 0.5272727272727272, 0.6909090909090909, 0.9999999990686774, 2, 1, 0.01818181818181818, 0.05, 35, 15, 0, 0, 0, 69, 0.0, 0.06666666666666667, 12
0, 0, 1, 1.0, 109, 0.9909090909090909, 0.7909090909090909, 1.0, 1, 8, 0.00909090909090909, 0.0, 75, 5, 0, 0, 0, 55, 0.0, 0.0, 13
0, 0, 1, 0.00468010640234264, 28, 2.8000000000000003, 0.7909090909090909, 0.9999999997041633, 4, 1, 0.1, 0.25, 35, 65, 0, 0, 0, 125, 0.0, 0.046153846153846156, 13
0, 0, 1, 1.0, 109, 0.9909090909090909, 0.7909090909090909, 1.0, 1, 8, 0.00909090909090909, 0.0, 36, 13, 1, 0, 2, 49, 0.0, 0.0, 13
0, 0, 1, 0.9595374116640215, 75, 2.0454545454545454, 0.7909090909090909, 1.0, 2, 1, 0.02727272727272727, 0.0, 36, 31, 1, 0, 2, 94, 0.0967741935483871, 0.12903225806451613, 14
0, 0, 1, 0.00468010640234264, 28, 2.290909090909091, 0.7909090909090909, 0.9999999986568291, 3, 1, 0.08181818181818182, 0.15, 34, 25, 1, 0, 2, 93, 0.0, 0.08, 14
0, 0, 1, 0.00468010640234264, 28, 2.036363636363636, 0.7909090909090909, 0.9999999997934338, 3, 1, 0.07272727272727272, 0.15, 35, 9, 0, 0, 0, 62, 0.0, 0.0, 14
0, 0, 1, 1.0, 109, 0.9909090909090909, 0.7909090909090909, 1.0, 1, 8, 0.00909090909090909, 0.0, 60, 5, 1, 0, 2, 49, 0.0, 0.0, 14
0, 0, 1, 0.00468010640234264, 28, 2.8000000000000003, 0.7909090909090909, 0.9999999994991814, 4, 1, 0.1, 0.25, 34, 45, 1, 0, 2, 215, 0.08888888888888889, 0.2, 14
0, 0, 1, 0.00468010640234264, 28, 2.036363636363636, 0.7909090909090909, 0.9999999998998911, 3, 1, 0.07272727272727272, 0.15, 35, 15, 0, 0, 0, 183, 0.2, 0.0, 14
0, 0, 1, 1.0, 109, 0.9909090909090909, 0.7909090909090909, 1.0, 1, 8, 0.00909090909090909, 0.0, 36, 13, 1, 0, 2, 49, 0.0, 0.0, 14
0, 0, 1, 0.9999701102662932, 108, 0.9908256880733946, 0.045454545454545456, 1.0, 1, 8, 0.009174311926605505, 0.05, 111, 5, 0, 0, 0, 37, 0.0, 0.0, 18
0, 0, 1, 0.9999701102662932, 108, 0.9908256880733946, 0.02727272727272727, 1.0, 1, 8, 0.009174311926605505, 0.05, 112, 17, 1, 0, 15, 81, 0.0, 0.058823529411764705, 18
0, 0, 1, 0.9999701102662932, 108, 0.9908256880733946, 0.02727272727272727, 1.0, 1, 8, 0.009174311926605505, 0.05, 112, 21, 1, 0, 15, 81, 0.0, 0.09523809523809523, 18
0, 0, 1, 0.9999701102662932, 108, 0.9908256880733946, 0.045454545454545456, 1.0, 1, 8, 0.009174311926605505, 0.05, 111, 5, 0, 0, 0, 37, 0.0, 0.0, 18
0, 0, 1, 0.9985589699537922, 107, 1.9633027522935782, 0.045454545454545456, 1.0, 1, 8, 0.01834862385321101, 0.1, 113, 21, 4, 0, 16, 58, 0.0, 0.0, 18
0, 0, 1, 0.9984394110189653, 105, 1.926605504587156, 0.045454545454545456, 1.0, 1, 8, 0.01834862385321101, 0.1, 112, 5, 1, 0, 15, 55, 0.0, 0.0, 18
0, 0, 1, 0.9999701102662932, 108, 0.9908256880733946, 0.045454545454545456, 1.0, 1, 8, 0.009174311926605505, 0.05, 111, 1, 0, 0, 0, 36, 0.0, 0.0, 18
0, 0, 1, 0.9999701102662932, 108, 0.9908256880733946, 0.045454545454545456, 1.0, 1, 8, 0.009174311926605505, 0.05, 111, 5, 0, 0, 0, 37, 0.0, 0.0, 18
0, 0, 1, 0.9999701102662932, 108, 0.9908256880733946, 0.02727272727272727, 1.0, 1, 8, 0.009174311926605505, 0.05, 112, 19, 1, 0, 15, 107, 0.0, 0.10526315789473684, 18
0, 0, 1, 0.9985589699537922, 107, 0.9907407407407407, 0.03636363636363636, 1.0, 1, 8, 0.009259259259259259, 0.05, 114, 25, 3, 0, 17, 75, 0.0, 0.12, 18
0, 0, 1, 0.004731519298996331, 29, 1.0841121495327102, 0.4818181818181818, 0.9999999990614015, 3, 1, 0.037383177570093455, 0.1, 115, 23, 2, 0, 4, 82, 0.0, 0.043478260869565216, 18
0, 0, 1, 0.004731519298996331, 29, 1.0841121495327102, 0.4818181818181818, 0.9999999990614015, 3, 1, 0.037383177570093455, 0.1, 116, 23, 2, 0, 4, 87, 0.0, 0.043478260869565216, 18
0, 0, 1, 0.9984394110189653, 105, 0.9905660377358491, 0.01818181818181818, 1.0, 1, 8, 0.009433962264150943, 0.05, 117, 17, 1, 0, 4, 81, 0.0, 0.058823529411764705, 18
0, 0, 1, 0.9984394110189653, 105, 0.9905660377358491, 0.01818181818181818, 1.0, 1, 8, 0.009433962264150943, 0.05, 117, 21, 1, 0, 4, 81, 0.0, 0.09523809523809523, 18
0, 0, 1, 0.9984394110189653, 105, 0.9905660377358491, 0.01818181818181818, 1.0, 1, 8, 0.009433962264150943, 0.05, 117, 1, 0, 0, 4, 21, 0.0, 0.0, 18
0, 0, 1, 0.9984394110189653, 105, 0.9905660377358491, 0.01818181818181818, 1.0, 1, 8, 0.009433962264150943, 0.05, 117, 19, 1, 0, 4, 107, 0.0, 0.10526315789473684, 18
0, 0, 1, 0.004731519298996331, 29, 0.8365384615384616, 0.5727272727272728, 0.9999999990686774, 2, 1, 0.028846153846153848, 0.05, 111, 5, 0, 0, 0, 37, 0.0, 0.0, 19
0, 0, 1, 0.004731519298996331, 29, 0.8365384615384616, 0.5727272727272728, 0.9999999990686774, 2, 1, 0.028846153846153848, 0.05, 117, 17, 1, 0, 4, 81, 0.0, 0.058823529411764705, 19
0, 0, 1, 0.004731519298996331, 29, 0.8365384615384616, 0.5727272727272728, 0.9999999990686774, 2, 1, 0.028846153846153848, 0.05, 111, 5, 0, 0, 0, 37, 0.0, 0.0, 19
0, 0, 1, 0.004731519298996331, 29, 1.1153846153846154, 0.5727272727272728, 0.9999999990686774, 2, 1, 0.038461538461538464, 0.05, 117, 27, 2, 0, 4, 102, 0.0, 0.14814814814814814, 19
0, 0, 1, 0.004731519298996331, 29, 1.1153846153846154, 0.44545454545454544, 0.9999999990614015, 3, 1, 0.038461538461538464, 0.1, 111, 1, 0, 0, 0, 36, 0.0, 0.0, 19
0, 0, 1, 0.004731519298996331, 29, 1.1153846153846154, 0.44545454545454544, 0.9999999990614015, 3, 1, 0.038461538461538464, 0.1, 113, 21, 4, 0, 16, 58, 0.0, 0.0, 19
0, 0, 1, 0.004731519298996331, 29, 1.1153846153846154, 0.44545454545454544, 0.9999999990614015, 3, 1, 0.038461538461538464, 0.1, 112, 5, 1, 0, 15, 55, 0.0, 0.0, 19
0, 0, 1, 0.004731519298996331, 29, 1.6730769230769231, 0.44545454545454544, 0.9999999990614015, 5, 1, 0.057692307692307696, 0.2, 114, 25, 3, 0, 17, 75, 0.0, 0.12, 19
0, 0, 1, 0.004731519298996331, 29, 1.1153846153846154, 0.44545454545454544, 0.9999999990614015, 3, 1, 0.038461538461538464, 0.1, 117, 1, 0, 0, 4, 21, 0.0, 0.0, 19
0, 0, 1, 0.004731519298996331, 29, 0.8365384615384616, 0.5727272727272728, 0.9999999990686774, 2, 1, 0.028846153846153848, 0.05, 111, 5, 0, 0, 0, 37, 0.0, 0.0, 19
0, 0, 1, 0.004731519298996331, 29, 1.1153846153846154, 0.5727272727272728, 0.9999999990686774, 2, 1, 0.038461538461538464, 0.05, 117, 27, 2, 0, 4, 107, 0.0, 0.14814814814814814, 19
0, 0, 1, 0.004731519298996331, 29, 0.8446601941747574, 0.5636363636363636, 0.9999999990686774, 2, 1, 0.02912621359223301, 0.05, 118, 5, 1, 0, 13, 66, 0.2, 0.0, 8
0, 0, 1, 0.004731519298996331, 29, 1.1262135922330097, 0.44545454545454544, 0.9999999990614015, 3, 1, 0.038834951456310676, 0.1, 119, 79, 2, 0, 4, 111, 0.012658227848101266, 0.12658227848101267, 18
0, 0, 1, 0.004731519298996331, 29, 1.1262135922330097, 0.44545454545454544, 0.9999999990614015, 3, 1, 0.038834951456310676, 0.1, 120, 29, 2, 0, 4, 109, 0.0, 0.10344827586206896, 18
0, 0, 1, 0.004731519298996331, 29, 1.7058823529411764, 0.6, 0.9999999990686774, 3, 1, 0.058823529411764705, 0.05, 121, 27, 0, 0, 0, 89, 0.0, 0.07407407407407407, 15
0, 0, 1, 0.9969821587668569, 99, 1.9411764705882353, 0.01818181818181818, 1.0, 2, 7, 0.0196078431372549, 0.1, 66, 29, 0, 0, 0, 88, 0.0, 0.0, 11
0, 0, 1, 0.9969821587668569, 99, 1.9411764705882353, 0.01818181818181818, 1.0, 2, 7, 0.0196078431372549, 0.1, 70, 7, 0, 0, 0, 78, 0.0, 0.14285714285714285, 11
0, 0, 1, 0.004731519298996331, 29, 2.32, 0.5727272727272728, 0.9999999990681967, 3, 1, 0.08, 0.2, 122, 5, 1, 0, 2, 76, 0.4, 0.4, 8
0, 0, 1, 0.004731519298996331, 29, 0.6236559139784946, 0.5363636363636364, 0.9999999990686774, 1, 1, 0.021505376344086023, 0.05, 35, 11, 0, 0, 0, 48, 0.18181818181818182, 0.09090909090909091, 10
0, 0, 1, 0.004731519298996331, 29, 0.9456521739130435, 0.37272727272727274, 0.9999999990614015, 2, 1, 0.03260869565217391, 0.1, 123, 5, 1, 0, 1, 68, 0.0, 0.0, 8
0, 0, 1, 0.004731519298996331, 29, 0.6304347826086957, 0.5272727272727272, 0.9999999990686774, 1, 1, 0.021739130434782608, 0.05, 124, 5, 0, 0, 0, 42, 0.0, 0.0, 8
0, 0, 1, 0.004731519298996331, 29, 0.6304347826086957, 0.5272727272727272, 0.9999999990686774, 1, 1, 0.021739130434782608, 0.05, 125, 17, 0, 0, 0, 40, 0.0, 0.11764705882352941, 8
0, 0, 1, 0.004731519298996331, 29, 0.6304347826086957, 0.5272727272727272, 0.9999999990686774, 1, 1, 0.021739130434782608, 0.05, 126, 5, 0, 0, 0, 42, 0.0, 0.0, 8
0, 0, 1, 0.004731519298996331, 29, 0.9456521739130435, 0.37272727272727274, 0.9999999990614015, 2, 1, 0.03260869565217391, 0.1, 127, 29, 1, 0, 1, 82, 0.0, 0.06896551724137931, 8
0, 0, 1, 0.004731519298996331, 29, 0.9456521739130435, 0.37272727272727274, 0.9999999990614015, 2, 1, 0.03260869565217391, 0.1, 128, 29, 1, 0, 1, 82, 0.0, 0.06896551724137931, 8
0, 0, 1, 0.004731519298996331, 29, 0.9456521739130435, 0.4636363636363636, 0.9999999990614015, 2, 1, 0.03260869565217391, 0.1, 125, 7, 1, 0, 6, 55, 0.0, 0.0, 8
0, 0, 1, 0.004731519298996331, 29, 1.891304347826087, 0.5272727272727272, 0.999999999068274, 2, 1, 0.06521739130434782, 0.2, 129, 7, 0, 0, 0, 68, 0.14285714285714285, 0.0, 10
0, 0, 1, 0.004731519298996331, 29, 1.891304347826087, 0.5272727272727272, 0.999999999068274, 2, 1, 0.06521739130434782, 0.2, 130, 7, 0, 0, 0, 68, 0.14285714285714285, 0.0, 10
0, 0, 1, 0.004731519298996331, 29, 1.5934065934065933, 0.4727272727272727, 0.9999999990614015, 2, 1, 0.054945054945054944, 0.1, 131, 5, 0, 0, 0, 39, 0.0, 0.0, 8
0, 0, 1, 0.004731519298996331, 29, 0.9560439560439561, 0.5181818181818182, 0.9999999990686774, 1, 1, 0.03296703296703297, 0.05, 132, 47, 1, 0, 13, 79, 0.0, 0.10638297872340426, 20
0, 0, 1, 0.004731519298996331, 29, 0.6373626373626374, 0.5181818181818182, 0.9999999990686774, 1, 1, 0.02197802197802198, 0.05, 132, 5, 1, 0, 13, 22, 0.0, 0.0, 20
0, 0, 1, 0.004731519298996331, 29, 0.9560439560439561, 0.5181818181818182, 0.9999999990686774, 1, 1, 0.03296703296703297, 0.05, 132, 13, 1, 0, 13, 52, 0.38461538461538464, 0.23076923076923078, 20
0, 0, 1, 0.004731519298996331, 29, 1.9120879120879122, 0.5181818181818182, 0.9999999990672082, 2, 1, 0.06593406593406594, 0.25, 133, 17, 0, 0, 0, 60, 0.0, 0.058823529411764705, 10
0, 0, 1, 0.004731519298996331, 29, 0.9560439560439561, 0.5181818181818182, 0.9999999990686774, 1, 1, 0.03296703296703297, 0.05, 134, 29, 0, 0, 0, 86, 0.0, 0.1724137931034483, 21
0, 0, 1, 0.004731519298996331, 29, 0.6373626373626374, 0.5181818181818182, 0.9999999990686774, 1, 1, 0.02197802197802198, 0.05, 135, 7, 0, 0, 0, 68, 0.0, 0.14285714285714285, 21
0, 0, 1, 0.004731519298996331, 29, 0.9560439560439561, 0.5181818181818182, 0.9999999990686774, 1, 1, 0.03296703296703297, 0.05, 136, 33, 0, 0, 0, 83, 0.0, 0.15151515151515152, 21
0, 0, 1, 0.004731519298996331, 29, 1.9120879120879122, 0.5181818181818182, 0.9999999990663071, 2, 1, 0.06593406593406594, 0.2, 137, 27, 0, 0, 0, 77, 0.0, 0.14814814814814814, 21
0, 0, 1, 0.004731519298996331, 29, 0.9560439560439561, 0.5181818181818182, 0.9999999990686774, 1, 1, 0.03296703296703297, 0.05, 138, 29, 0, 0, 0, 81, 0.0, 0.1724137931034483, 21
0, 0, 1, 0.004731519298996331, 29, 0.6373626373626374, 0.5181818181818182, 0.9999999990686774, 1, 1, 0.02197802197802198, 0.05, 139, 15, 0, 0, 0, 78, 0.0, 0.2, 21
0, 0, 1, 0.004731519298996331, 29, 0.6373626373626374, 0.5181818181818182, 0.9999999990686774, 1, 1, 0.02197802197802198, 0.05, 140, 17, 0, 0, 0, 79, 0.0, 0.17647058823529413, 21
0, 0, 1, 0.9639481272612893, 90, 0.989010989010989, 0.02727272727272727, 1.0, 1, 1, 0.01098901098901099, 0.05, 141, 11, 1, 0, 4, 65, 0.0, 0.09090909090909091, 21
0, 0, 1, 0.004731519298996331, 29, 0.9560439560439561, 0.5181818181818182, 0.9999999990686774, 1, 1, 0.03296703296703297, 0.05, 142, 7, 1, 0, 4, 65, 0.0, 0.14285714285714285, 21
0, 0, 1, 0.004731519298996331, 29, 0.6373626373626374, 0.5181818181818182, 0.9999999990686774, 1, 1, 0.02197802197802198, 0.05, 143, 17, 0, 0, 0, 62, 0.0, 0.23529411764705882, 21
0, 0, 1, 0.004731519298996331, 29, 2.2555555555555555, 0.509090909090909, 0.9999999990622742, 2, 1, 0.07777777777777778, 0.3, 144, 25, 1, 0, 1, 98, 0.0, 0.04, 8
0, 0, 1, 0.004731519298996331, 29, 0.6444444444444445, 0.5, 0.9999999990686774, 1, 1, 0.022222222222222223, 0.05, 145, 5, 1, 0, 1, 96, 0.0, 0.0, 8
0, 0, 1, 0.004731519298996331, 29, 0.6444444444444445, 0.5, 0.9999999990686774, 1, 1, 0.022222222222222223, 0.05, 146, 5, 1, 0, 1, 119, 0.0, 0.0, 8
0, 0, 1, 0.004731519298996331, 29, 0.6444444444444445, 0.509090909090909, 0.9999999990686774, 1, 1, 0.022222222222222223, 0.05, 147, 5, 1, 0, 1, 78, 0.0, 0.0, 8
0, 0, 1, 0.004731519298996331, 29, 0.6444444444444445, 0.5, 0.9999999990686774, 1, 1, 0.022222222222222223, 0.05, 148, 5, 1, 0, 1, 121, 0.0, 0.0, 8
0, 0, 1, 0.004731519298996331, 29, 0.6444444444444445, 0.509090909090909, 0.9999999990686774, 1, 1, 0.022222222222222223, 0.05, 149, 15, 0, 0, 0, 71, 0.06666666666666667, 0.2, 21
0, 0, 1, 0.004731519298996331, 29, 0.651685393258427, 0.5, 0.9999999990686774, 1, 1, 0.02247191011235955, 0.05, 150, 5, 1, 0, 1, 124, 0.0, 0.0, 8
0, 0, 1, 0.004731519298996331, 29, 1.6477272727272727, 0.4909090909090909, 0.9999999990679763, 2, 1, 0.056818181818181816, 0.2, 135, 9, 0, 0, 0, 83, 0.0, 0.3333333333333333, 20
0, 0, 1, 0.004731519298996331, 29, 0.6590909090909091, 0.4909090909090909, 0.9999999990686774, 1, 1, 0.022727272727272728, 0.05, 132, 7, 1, 0, 13, 83, 0.0, 0.0, 20
0, 0, 1, 0.004731519298996331, 29, 1.6477272727272727, 0.4909090909090909, 0.9999999990672612, 2, 1, 0.056818181818181816, 0.2, 135, 9, 0, 0, 0, 70, 0.0, 0.3333333333333333, 20
0, 0, 1, 0.004731519298996331, 29, 0.6590909090909091, 0.4909090909090909, 0.9999999990686774, 1, 1, 0.022727272727272728, 0.05, 151, 25, 0, 0, 0, 91, 0.0, 0.16, 21
0, 0, 1, 0.004731519298996331, 29, 0.6590909090909091, 0.4909090909090909, 0.9999999990686774, 1, 1, 0.022727272727272728, 0.05, 135, 7, 0, 0, 0, 68, 0.0, 0.14285714285714285, 21
0, 0, 1, 0.004731519298996331, 29, 0.6590909090909091, 0.4909090909090909, 0.9999999990686774, 1, 1, 0.022727272727272728, 0.05, 135, 5, 0, 1, 0, 14, 0.0, 0.0, 21
0, 0, 1, 0.004731519298996331, 29, 0.6590909090909091, 0.4909090909090909, 0.9999999990686774, 1, 1, 0.022727272727272728, 0.05, 135, 5, 0, 1, 0, 78, 0.0, 0.0, 21
0, 0, 1, 0.004731519298996331, 29, 0.6590909090909091, 0.4909090909090909, 0.9999999990686774, 1, 1, 0.022727272727272728, 0.05, 152, 7, 0, 1, 0, 60, 0.2857142857142857, 0.2857142857142857, 21
0, 0, 1, 0.004731519298996331, 29, 1.8125, 0.41818181818181815, 0.9999999990638931, 2, 1, 0.0625, 0.2, 132, 5, 1, 0, 13, 24, 0.0, 0.0, 8
0, 0, 1, 0.004731519298996331, 29, 1.0875, 0.41818181818181815, 0.9999999990677009, 1, 1, 0.0375, 0.1, 153, 43, 0, 0, 0, 99, 0.023255813953488372, 0.11627906976744186, 8
0, 0, 1, 0.004731519298996331, 29, 1.0875, 0.32727272727272727, 0.9999999990614015, 2, 1, 0.0375, 0.1, 154, 21, 0, 0, 0, 77, 0.0, 0.09523809523809523, 8
0, 0, 1, 0.004731519298996331, 29, 0.7250000000000001, 0.41818181818181815, 0.9999999990686774, 1, 1, 0.025, 0.05, 155, 5, 1, 0, 18, 72, 0.0, 0.0, 16
0, 0, 1, 0.004731519298996331, 29, 0.7250000000000001, 0.41818181818181815, 0.9999999990686774, 1, 1, 0.025, 0.05, 156, 25, 1, 0, 18, 83, 0.04, 0.32, 16
0, 0, 1, 0.959883570545839, 78, 0.9873417721518987, 0.509090909090909, 1.0, 1, 1, 0.012658227848101266, 0.0, 157, 13, 0, 0, 0, 50, 0.0, 0.0, 17
0, 0, 1, 0.004731519298996331, 29, 0.7435897435897436, 0.4, 0.9999999990686774, 1, 1, 0.02564102564102564, 0.05, 158, 9, 0, 0, 0, 39, 0.0, 0.1111111111111111, 8
0, 0, 1, 0.004731519298996331, 29, 1.8589743589743588, 0.37272727272727274, 0.9999999990614015, 3, 1, 0.0641025641025641, 0.15, 159, 41, 0, 0, 0, 80, 0.0, 0.07317073170731707, 8
0, 0, 1, 0.004731519298996331, 29, 2.3513513513513513, 0.20909090909090908, 0.9999999990614015, 3, 1, 0.08108108108108109, 0.2, 160, 5, 0, 0, 0, 155, 0.0, 0.0, 8
0, 0, 1, 0.8865904308145272, 71, 0.986111111111111, 0.00909090909090909, 1.0, 1, 4, 0.013888888888888888, 0.05, 161, 23, 0, 0, 0, 98, 0.0, 0.043478260869565216, 8
0, 0, 1, 0.004731519298996331, 29, 2.013888888888889, 0.2, 0.9999999990614015, 3, 1, 0.06944444444444445, 0.2, 162, 15, 0, 0, 0, 87, 0.13333333333333333, 0.0, 8
0, 0, 1, 0.8865904308145272, 71, 0.986111111111111, 0.00909090909090909, 1.0, 1, 4, 0.013888888888888888, 0.05, 163, 7, 0, 0, 0, 155, 0.0, 0.0, 8
0, 0, 1, 0.004731519298996331, 29, 2.0422535211267605, 0.19090909090909092, 0.9999999990614015, 3, 1, 0.07042253521126761, 0.2, 164, 23, 0, 0, 0, 98, 0.0, 0.043478260869565216, 8
0, 0, 1, 0.004731519298996331, 29, 1.6338028169014085, 0.18181818181818182, 0.9999999990614015, 3, 1, 0.056338028169014086, 0.2, 165, 7, 0, 0, 0, 160, 0.0, 0.0, 8
0, 0, 1, 0.004731519298996331, 29, 2.5892857142857144, 0.2, 0.9999999990682542, 2, 1, 0.08928571428571429, 0.2, 166, 13, 0, 0, 0, 66, 0.0, 0.0, 10
0, 0, 1, 0.004731519298996331, 29, 2.5892857142857144, 0.2, 0.9999999990682392, 2, 1, 0.08928571428571429, 0.2, 167, 13, 0, 0, 0, 63, 0.0, 0.0, 10
0, 0, 1, 0.004731519298996331, 29, 2.5892857142857144, 0.2, 0.9999999990682392, 2, 1, 0.08928571428571429, 0.2, 167, 13, 0, 0, 0, 63, 0.0, 0.0, 10
0, 0, 1, 0.004731519298996331, 29, 2.5892857142857144, 0.2, 0.9999999990682373, 2, 1, 0.08928571428571429, 0.2, 168, 13, 0, 0, 0, 63, 0.0, 0.0, 10
0, 0, 1, 0.004731519298996331, 29, 2.6363636363636362, 0.19090909090909092, 0.9999999990664041, 2, 1, 0.09090909090909091, 0.2, 169, 13, 0, 0, 0, 82, 0.0, 0.0, 10
0, 0, 1, 0.010139645091345708, 35, 2.019230769230769, 0.14545454545454545, 0.9999999999854438, 1, 1, 0.057692307692307696, 0.15, 170, 5, 1, 0, 19, 43, 0.0, 0.0, 8
0, 0, 1, 0.24856404737650525, 51, 0.9807692307692308, 0.08181818181818182, 0.9999999999999998, 1, 1, 0.019230769230769232, 0.05, 82, 5, 0, 0, 0, 43, 0.0, 0.0, 8
0, 0, 1, 0.010139645091345708, 35, 2.019230769230769, 0.14545454545454545, 0.9999999999854439, 1, 1, 0.057692307692307696, 0.15, 171, 5, 1, 0, 19, 44, 0.0, 0.0, 8
0, 0, 1, 0.010139645091345708, 35, 2.019230769230769, 0.14545454545454545, 0.9999999999854441, 1, 1, 0.057692307692307696, 0.15, 172, 5, 0, 0, 0, 40, 0.0, 0.0, 8
0, 0, 1, 0.24856404737650525, 51, 0.9807692307692308, 0.08181818181818182, 0.9999999999999998, 1, 1, 0.019230769230769232, 0.05, 173, 5, 0, 0, 0, 42, 0.0, 0.0, 8
0, 0, 1, 0.24856404737650525, 51, 0.9807692307692308, 0.08181818181818182, 0.9999999999999998, 1, 1, 0.019230769230769232, 0.05, 174, 5, 0, 0, 0, 42, 0.0, 0.0, 8
0, 0, 1, 0.010139645091345708, 35, 1.3461538461538463, 0.14545454545454545, 0.9999999999854479, 1, 1, 0.038461538461538464, 0.1, 170, 5, 1, 0, 19, 31, 0.0, 0.0, 15
0, 0, 1, 0.010139645091345708, 35, 1.3461538461538463, 0.14545454545454545, 0.9999999999854479, 1, 1, 0.038461538461538464, 0.1, 173, 13, 0, 0, 0, 66, 0.15384615384615385, 0.23076923076923078, 15
0, 0, 1, 0.010139645091345708, 35, 1.3461538461538463, 0.14545454545454545, 0.9999999999854479, 1, 1, 0.038461538461538464, 0.1, 171, 5, 1, 0, 19, 32, 0.0, 0.0, 15
0, 0, 1, 0.010139645091345708, 35, 1.3461538461538463, 0.14545454545454545, 0.9999999999854479, 1, 1, 0.038461538461538464, 0.1, 172, 13, 0, 0, 0, 69, 0.15384615384615385, 0.23076923076923078, 15
0, 0, 1, 0.24856404737650525, 51, 0.9807692307692308, 0.08181818181818182, 0.9999999999999998, 1, 1, 0.019230769230769232, 0.05, 175, 13, 0, 0, 0, 82, 0.0, 0.07692307692307693, 10
0, 0, 1, 0.24856404737650525, 51, 0.9807692307692308, 0.08181818181818182, 0.9999999999999998, 1, 1, 0.019230769230769232, 0.05, 176, 13, 0, 0, 0, 84, 0.0, 0.07692307692307693, 10
0, 0, 1, 0.24856404737650525, 51, 0.9807692307692308, 0.08181818181818182, 0.9999999999999998, 1, 1, 0.019230769230769232, 0.05, 35, 9, 0, 1, 0, 47, 0.0, 0.1111111111111111, 10
0, 0, 1, 0.24856404737650525, 51, 0.9807692307692308, 0.08181818181818182, 0.9999999999999998, 1, 1, 0.019230769230769232, 0.05, 135, 9, 0, 0, 0, 83, 0.0, 0.2222222222222222, 10
0, 0, 1, 0.010139645091345708, 35, 1.4000000000000001, 0.12727272727272726, 0.9999999999854472, 1, 1, 0.04, 0.1, 112, 5, 1, 0, 15, 55, 0.0, 0.0, 19
0, 0, 1, 0.010139645091345708, 35, 1.4000000000000001, 0.12727272727272726, 0.9999999999854472, 1, 1, 0.04, 0.1, 112, 5, 1, 0, 15, 55, 0.0, 0.0, 19
0, 0, 1, 0.010139645091345708, 35, 1.4000000000000001, 0.12727272727272726, 0.9999999999854472, 1, 1, 0.04, 0.1, 113, 21, 4, 0, 20, 56, 0.0, 0.0, 19
0, 0, 1, 0.010139645091345708, 35, 1.4000000000000001, 0.12727272727272726, 0.9999999999854472, 1, 1, 0.04, 0.1, 114, 25, 3, 0, 21, 75, 0.0, 0.12, 19
0, 0, 1, 0.010139645091345708, 35, 1.4000000000000001, 0.12727272727272726, 0.9999999999854472, 1, 1, 0.04, 0.1, 112, 5, 1, 0, 15, 55, 0.0, 0.0, 19
0, 0, 1, 0.010139645091345708, 35, 1.4285714285714284, 0.11818181818181818, 0.9999999999854463, 1, 1, 0.04081632653061224, 0.1, 115, 23, 2, 0, 4, 82, 0.0, 0.043478260869565216, 20
0, 0, 1, 0.010139645091345708, 35, 1.4285714285714284, 0.11818181818181818, 0.9999999999854463, 1, 1, 0.04081632653061224, 0.1, 120, 29, 2, 0, 4, 109, 0.0, 0.10344827586206896, 20
0, 0, 1, 0.010139645091345708, 35, 1.4285714285714284, 0.11818181818181818, 0.9999999999854463, 1, 1, 0.04081632653061224, 0.1, 119, 79, 2, 0, 4, 111, 0.012658227848101266, 0.12658227848101267, 20
0, 0, 1, 0.010139645091345708, 35, 1.4285714285714284, 0.11818181818181818, 0.9999999999854463, 1, 1, 0.04081632653061224, 0.1, 116, 23, 2, 0, 4, 87, 0.0, 0.043478260869565216, 20
0, 0, 1, 0.010139645091345708, 35, 1.4583333333333333, 0.10909090909090909, 0.9999999999854445, 1, 1, 0.041666666666666664, 0.1, 177, 11, 1, 0, 13, 56, 0.18181818181818182, 0.2727272727272727, 16
0, 0, 1, 0.010139645091345708, 35, 2.441860465116279, 0.06363636363636363, 0.9999999999853307, 1, 1, 0.06976744186046512, 0.15, 173, 5, 0, 0, 0, 42, 0.0, 0.0, 8
0, 0, 1, 0.010139645091345708, 35, 1.627906976744186, 0.06363636363636363, 0.9999999999853344, 1, 1, 0.046511627906976744, 0.1, 173, 7, 1, 1, 22, 48, 0.0, 0.0, 8
0, 0, 1, 0.010139645091345708, 35, 1.627906976744186, 0.06363636363636363, 0.9999999999853344, 1, 1, 0.046511627906976744, 0.1, 178, 5, 0, 0, 0, 80, 0.0, 0.0, 8
0, 0, 1, 0.010139645091345708, 35, 1.627906976744186, 0.06363636363636363, 0.9999999999853344, 1, 1, 0.046511627906976744, 0.1, 172, 7, 1, 1, 22, 46, 0.0, 0.0, 8
0, 0, 1, 0.010139645091345708, 35, 1.627906976744186, 0.06363636363636363, 0.9999999999853344, 1, 1, 0.046511627906976744, 0.1, 62, 7, 1, 1, 1, 55, 0.0, 0.0, 8
0, 0, 1, 0.010139645091345708, 35, 1.6666666666666665, 0.05454545454545454, 0.9999999999852207, 1, 1, 0.047619047619047616, 0.1, 74, 13, 0, 0, 0, 106, 0.0, 0.3076923076923077, 10
0, 0, 1, 0.010139645091345708, 35, 1.6666666666666665, 0.05454545454545454, 0.9999999999852207, 1, 1, 0.047619047619047616, 0.1, 179, 11, 0, 0, 0, 90, 0.0, 0.09090909090909091, 10
0, 0, 1, 0.010139645091345708, 35, 1.6666666666666665, 0.05454545454545454, 0.9999999999852207, 1, 1, 0.047619047619047616, 0.1, 180, 11, 0, 0, 0, 89, 0.0, 0.09090909090909091, 10
0, 0, 1, 0.010139645091345708, 35, 1.7073170731707317, 0.045454545454545456, 0.9999999999849933, 1, 1, 0.04878048780487805, 0.1, 181, 7, 0, 0, 0, 96, 0.0, 0.14285714285714285, 8
0, 0, 1, 0.010139645091345708, 35, 1.7073170731707317, 0.045454545454545456, 0.9999999999849933, 1, 1, 0.04878048780487805, 0.1, 182, 5, 0, 0, 0, 37, 0.0, 0.0, 8
0, 0, 1, 0.010139645091345708, 35, 1.7073170731707317, 0.045454545454545456, 0.9999999999849933, 1, 1, 0.04878048780487805, 0.1, 183, 5, 1, 1, 22, 62, 0.0, 0.0, 8
0, 0, 1, 0.010139645091345708, 35, 1.7073170731707317, 0.045454545454545456, 0.9999999999849933, 1, 1, 0.04878048780487805, 0.1, 184, 5, 1, 1, 22, 61, 0.0, 0.0, 8
0, 0, 1, 0.010139645091345708, 35, 2.5609756097560976, 0.045454545454545456, 0.9999999999849729, 1, 1, 0.07317073170731707, 0.15, 185, 43, 0, 0, 0, 116, 0.16279069767441862, 0.13953488372093023, 8
0, 0, 1, 0.010139645091345708, 35, 1.7073170731707317, 0.045454545454545456, 0.9999999999849933, 1, 1, 0.04878048780487805, 0.1, 182, 7, 1, 1, 22, 43, 0.0, 0.0, 8
0, 0, 1, 0.010139645091345708, 35, 1.7073170731707317, 0.045454545454545456, 0.9999999999849933, 1, 1, 0.04878048780487805, 0.1, 181, 7, 1, 1, 22, 41, 0.0, 0.0, 8
0, 0, 1, 0.010139645091345708, 35, 1.7073170731707317, 0.045454545454545456, 0.9999999999849933, 1, 1, 0.04878048780487805, 0.1, 186, 5, 0, 0, 0, 67, 0.0, 0.2, 15
0, 0, 1, 0.010139645091345708, 35, 1.7073170731707317, 0.045454545454545456, 0.9999999999849933, 1, 1, 0.04878048780487805, 0.1, 187, 5, 0, 0, 0, 68, 0.0, 0.2, 15
0, 0, 1, 0.010139645091345708, 35, 0.9722222222222222, 0.00909090909090909, 0.9999999999854481, 1, 1, 0.027777777777777776, 0.05, 188, 7, 1, 0, 2, 64, 0.0, 0.2857142857142857, 8
0, 0, 1, 0.010139645091345708, 35, 0.9722222222222222, 0.00909090909090909, 0.9999999999854481, 1, 1, 0.027777777777777776, 0.05, 189, 9, 0, 0, 0, 113, 0.1111111111111111, 0.1111111111111111, 8
0, 0, 1, 0.010139645091345708, 35, 0.9722222222222222, 0.00909090909090909, 0.9999999999854481, 1, 1, 0.027777777777777776, 0.05, 190, 23, 0, 0, 0, 110, 0.0, 0.043478260869565216, 15
0, 0, 1, 0.00468010640234264, 28, 1.5999999999999999, 0.1, 0.999999998108251, 1, 1, 0.05714285714285714, 0.1, 38, 5, 0, 0, 0, 52, 0.0, 0.0, 22
0, 0, 1, 0.00468010640234264, 28, 1.5999999999999999, 0.1, 0.999999998108251, 1, 1, 0.05714285714285714, 0.1, 68, 5, 0, 0, 0, 55, 0.0, 0.0, 22
0, 0, 1, 0.00468010640234264, 28, 1.5999999999999999, 0.1, 0.999999998108251, 1, 1, 0.05714285714285714, 0.1, 37, 5, 0, 0, 0, 52, 0.0, 0.0, 22
0, 0, 1, 0.00468010640234264, 28, 1.5999999999999999, 0.1, 0.999999998108251, 1, 1, 0.05714285714285714, 0.1, 126, 5, 0, 0, 0, 42, 0.0, 0.0, 22
0, 0, 1, 0.00468010640234264, 28, 1.5999999999999999, 0.1, 0.999999998108251, 1, 1, 0.05714285714285714, 0.1, 33, 7, 0, 0, 0, 48, 0.0, 0.0, 22
0, 0, 1, 0.00468010640234264, 28, 2.4, 0.1, 0.9999999980947641, 1, 1, 0.08571428571428572, 0.15, 27, 53, 0, 0, 0, 91, 0.0, 0.07547169811320754, 22
0, 0, 1, 0.00468010640234264, 28, 2.4, 0.1, 0.999999998107395, 1, 1, 0.08571428571428572, 0.15, 42, 19, 0, 0, 0, 64, 0.0, 0.0, 22
0, 0, 1, 0.00468010640234264, 28, 1.5999999999999999, 0.1, 0.999999998108251, 1, 1, 0.05714285714285714, 0.1, 106, 5, 1, 0, 12, 25, 0.0, 0.0, 22
0, 0, 1, 0.00468010640234264, 28, 1.5999999999999999, 0.1, 0.999999998108251, 1, 1, 0.05714285714285714, 0.1, 104, 5, 1, 0, 12, 25, 0.0, 0.0, 22
0, 0, 1, 0.00468010640234264, 28, 1.5999999999999999, 0.1, 0.999999998108251, 1, 1, 0.05714285714285714, 0.1, 191, 7, 0, 0, 0, 62, 0.0, 0.2857142857142857, 22
0, 0, 1, 0.00468010640234264, 28, 1.5999999999999999, 0.1, 0.999999998108251, 1, 1, 0.05714285714285714, 0.1, 25, 33, 0, 0, 0, 76, 0.0, 0.09090909090909091, 22
0, 0, 1, 0.00468010640234264, 28, 2.4, 0.1, 0.9999999981081991, 1, 1, 0.08571428571428572, 0.15, 8, 27, 2, 0, 2, 88, 0.07407407407407407, 0.1111111111111111, 22
0, 0, 1, 0.00948468949484434, 34, 0.9714285714285714, 0.00909090909090909, 0.9999999999708962, 1, 1, 0.02857142857142857, 0.05, 118, 5, 1, 0, 13, 66, 0.2, 0.0, 22
0, 0, 1, 0.00468010640234264, 28, 1.5999999999999999, 0.1, 0.999999998108251, 1, 1, 0.05714285714285714, 0.1, 62, 7, 1, 1, 1, 55, 0.0, 0.0, 22
0, 0, 1, 0.00468010640234264, 28, 1.5999999999999999, 0.1, 0.999999998108251, 1, 1, 0.05714285714285714, 0.1, 183, 5, 1, 1, 22, 62, 0.0, 0.0, 22
0, 0, 1, 0.00468010640234264, 28, 1.5999999999999999, 0.1, 0.999999998108251, 1, 1, 0.05714285714285714, 0.1, 0, 17, 0, 0, 0, 78, 0.0, 0.17647058823529413, 22
0, 0, 1, 0.00948468949484434, 34, 0.9714285714285714, 0.01818181818181818, 0.9999999999708962, 1, 1, 0.02857142857142857, 0.05, 22, 9, 0, 0, 0, 81, 0.0, 0.2222222222222222, 22
0, 0, 1, 0.00468010640234264, 28, 1.5999999999999999, 0.1, 0.999999998108251, 1, 1, 0.05714285714285714, 0.1, 132, 5, 1, 0, 13, 47, 0.4, 0.0, 22
0, 0, 1, 0.00948468949484434, 34, 0.9714285714285714, 0.00909090909090909, 0.9999999999708962, 1, 1, 0.02857142857142857, 0.05, 77, 5, 0, 0, 0, 34, 0.0, 0.0, 22
0, 0, 1, 0.00468010640234264, 28, 1.5999999999999999, 0.1, 0.999999998108251, 1, 1, 0.05714285714285714, 0.1, 173, 7, 1, 1, 22, 48, 0.0, 0.0, 22
0, 0, 1, 0.00468010640234264, 28, 1.5999999999999999, 0.1, 0.999999998108251, 1, 1, 0.05714285714285714, 0.1, 107, 5, 0, 0, 0, 46, 0.0, 0.0, 22
0, 0, 1, 0.00948468949484434, 34, 0.9714285714285714, 0.01818181818181818, 0.9999999999708962, 1, 1, 0.02857142857142857, 0.05, 19, 11, 0, 0, 0, 48, 0.0, 0.09090909090909091, 22
0, 0, 1, 0.00468010640234264, 28, 1.5999999999999999, 0.1, 0.999999998108251, 1, 1, 0.05714285714285714, 0.1, 184, 5, 1, 1, 22, 61, 0.0, 0.0, 22
0, 0, 1, 0.00468010640234264, 28, 1.5999999999999999, 0.1, 0.999999998108251, 1, 1, 0.05714285714285714, 0.1, 125, 17, 0, 0, 0, 40, 0.0, 0.11764705882352941, 22
0, 0, 1, 0.00468010640234264, 28, 1.5999999999999999, 0.1, 0.999999998108251, 1, 1, 0.05714285714285714, 0.1, 11, 13, 0, 0, 0, 67, 0.0, 0.23076923076923078, 22
0, 0, 1, 0.00948468949484434, 34, 0.9714285714285714, 0.00909090909090909, 0.9999999999708962, 1, 1, 0.02857142857142857, 0.05, 32, 5, 0, 0, 0, 46, 0.0, 0.2, 22
0, 0, 1, 0.00468010640234264, 28, 1.5999999999999999, 0.1, 0.999999998108251, 1, 1, 0.05714285714285714, 0.1, 172, 7, 1, 1, 22, 46, 0.0, 0.0, 22
0, 0, 1, 0.00948468949484434, 34, 0.9714285714285714, 0.01818181818181818, 0.9999999999708962, 1, 1, 0.02857142857142857, 0.05, 14, 15, 1, 0, 4, 98, 0.0, 0.06666666666666667, 22
0, 0, 1, 0.00468010640234264, 28, 1.5999999999999999, 0.1, 0.999999998108251, 1, 1, 0.05714285714285714, 0.1, 182, 5, 0, 0, 0, 37, 0.0, 0.0, 22
0, 0, 1, 0.00468010640234264, 28, 1.5999999999999999, 0.1, 0.999999998108251, 1, 1, 0.05714285714285714, 0.1, 158, 9, 0, 0, 0, 39, 0.0, 0.1111111111111111, 22
0, 0, 1, 0.00468010640234264, 28, 1.5999999999999999, 0.1, 0.999999998108251, 1, 1, 0.05714285714285714, 0.1, 182, 7, 1, 1, 22, 43, 0.0, 0.0, 22
0, 0, 1, 0.00468010640234264, 28, 1.5999999999999999, 0.1, 0.999999998108251, 1, 1, 0.05714285714285714, 0.1, 181, 7, 1, 1, 22, 41, 0.0, 0.0, 22
0, 0, 1, 0.00468010640234264, 28, 1.5999999999999999, 0.1, 0.999999998108251, 1, 1, 0.05714285714285714, 0.1, 178, 5, 0, 0, 0, 80, 0.0, 0.0, 22
0, 0, 1, 0.00468010640234264, 28, 1.5999999999999999, 0.1, 0.999999998108251, 1, 1, 0.05714285714285714, 0.1, 153, 45, 0, 0, 0, 99, 0.022222222222222223, 0.1111111111111111, 22
0, 0, 1, 0.00948468949484434, 34, 0.9714285714285714, 0.00909090909090909, 0.9999999999708962, 1, 1, 0.02857142857142857, 0.05, 31, 13, 2, 0, 5, 56, 0.0, 0.07692307692307693, 22
0, 0, 1, 0.00468010640234264, 28, 1.5999999999999999, 0.1, 0.999999998108251, 1, 1, 0.05714285714285714, 0.1, 192, 7, 1, 1, 22, 62, 0.0, 0.0, 22
0, 0, 1, 0.00468010640234264, 28, 3.1999999999999997, 0.1, 0.999999998102013, 1, 1, 0.11428571428571428, 0.2, 2, 55, 0, 0, 0, 127, 0.07272727272727272, 0.05454545454545454, 22
0, 0, 1, 0.00468010640234264, 28, 1.5999999999999999, 0.1, 0.999999998108251, 1, 1, 0.05714285714285714, 0.1, 193, 7, 1, 1, 22, 49, 0.0, 0.0, 22
0, 0, 1, 0.00468010640234264, 28, 1.5999999999999999, 0.1, 0.999999998108251, 1, 1, 0.05714285714285714, 0.1, 194, 9, 1, 1, 22, 53, 0.0, 0.0, 22
0, 0, 1, 0.00468010640234264, 28, 1.5999999999999999, 0.1, 0.999999998108251, 1, 1, 0.05714285714285714, 0.1, 173, 5, 0, 0, 0, 42, 0.0, 0.0, 22
0, 0, 1, 0.00468010640234264, 28, 2.4, 0.1, 0.9999999981032703, 1, 1, 0.08571428571428572, 0.15, 21, 15, 0, 0, 0, 122, 0.0, 0.06666666666666667, 22
0, 0, 1, 0.00468010640234264, 28, 1.5999999999999999, 0.1, 0.999999998108251, 1, 1, 0.05714285714285714, 0.1, 189, 9, 0, 0, 0, 113, 0.1111111111111111, 0.1111111111111111, 22
0, 0, 1, 0.00468010640234264, 28, 1.5999999999999999, 0.1, 0.999999998108251, 1, 1, 0.05714285714285714, 0.1, 195, 5, 0, 0, 0, 49, 0.0, 0.2, 22
0, 0, 1, 0.00468010640234264, 28, 1.5999999999999999, 0.1, 0.999999998108251, 1, 1, 0.05714285714285714, 0.1, 188, 7, 1, 0, 2, 64, 0.0, 0.2857142857142857, 22
0, 0, 1, 0.00468010640234264, 28, 1.5999999999999999, 0.1, 0.999999998108251, 1, 1, 0.05714285714285714, 0.1, 122, 5, 1, 0, 2, 79, 0.4, 0.4, 22
0, 0, 1, 0.00468010640234264, 28, 1.5999999999999999, 0.1, 0.999999998108251, 1, 1, 0.05714285714285714, 0.1, 26, 7, 0, 0, 0, 48, 0.0, 0.0, 22
0, 0, 1, 0.00468010640234264, 28, 1.5999999999999999, 0.1, 0.999999998108251, 1, 1, 0.05714285714285714, 0.1, 196, 5, 0, 0, 0, 45, 0.0, 0.2, 22
0, 0, 1, 0.00468010640234264, 28, 1.5999999999999999, 0.1, 0.999999998108251, 1, 1, 0.05714285714285714, 0.1, 124, 5, 0, 0, 0, 42, 0.0, 0.0, 22
0, 0, 1, 0.00468010640234264, 28, 1.5999999999999999, 0.1, 0.999999998108251, 1, 1, 0.05714285714285714, 0.1, 41, 17, 0, 0, 0, 95, 0.0, 0.0, 22
0, 0, 1, 0.00468010640234264, 28, 1.5999999999999999, 0.1, 0.999999998108251, 1, 1, 0.05714285714285714, 0.1, 172, 5, 0, 0, 0, 40, 0.0, 0.0, 22
0, 0, 1, 0.00468010640234264, 28, 1.5999999999999999, 0.1, 0.999999998108251, 1, 1, 0.05714285714285714, 0.1, 181, 7, 0, 0, 0, 96, 0.0, 0.14285714285714285, 22
0, 0, 1, 0.00468010640234264, 28, 2.4, 0.1, 0.9999999980935913, 1, 1, 0.08571428571428572, 0.15, 185, 37, 0, 0, 0, 116, 0.1891891891891892, 0.10810810810810811, 22
0, 0, 1, 0.00948468949484434, 34, 0.9714285714285714, 0.00909090909090909, 0.9999999999708962, 1, 1, 0.02857142857142857, 0.05, 110, 5, 1, 0, 7, 31, 0.0, 0.0, 22
0, 0, 1, 0.00468010640234264, 28, 1.5999999999999999, 0.1, 0.999999998108251, 1, 1, 0.05714285714285714, 0.1, 109, 5, 0, 0, 0, 48, 0.0, 0.2, 22
0, 0, 1, 0.00468010640234264, 28, 1.5999999999999999, 0.1, 0.999999998108251, 1, 1, 0.05714285714285714, 0.1, 117, 17, 1, 0, 4, 81, 0.0, 0.058823529411764705, 23
0, 0, 1, 0.00468010640234264, 28, 1.5999999999999999, 0.1, 0.999999998108251, 1, 1, 0.05714285714285714, 0.1, 112, 5, 1, 0, 15, 55, 0.0, 0.0, 23
0, 0, 1, 0.00468010640234264, 28, 1.5999999999999999, 0.1, 0.999999998108251, 1, 1, 0.05714285714285714, 0.1, 111, 5, 0, 0, 0, 37, 0.0, 0.0, 23
0, 0, 1, 0.00468010640234264, 28, 1.5999999999999999, 0.1, 0.999999998108251, 1, 1, 0.05714285714285714, 0.1, 117, 27, 2, 0, 4, 102, 0.0, 0.14814814814814814, 23
0, 0, 1, 0.00468010640234264, 28, 1.5999999999999999, 0.1, 0.999999998108251, 1, 1, 0.05714285714285714, 0.1, 111, 5, 0, 0, 0, 37, 0.0, 0.0, 23
0, 0, 1, 0.00468010640234264, 28, 1.5999999999999999, 0.1, 0.999999998108251, 1, 1, 0.05714285714285714, 0.1, 112, 5, 1, 0, 15, 55, 0.0, 0.0, 23
0, 0, 1, 0.00468010640234264, 28, 1.5999999999999999, 0.1, 0.999999998108251, 1, 1, 0.05714285714285714, 0.1, 113, 21, 4, 0, 20, 56, 0.0, 0.0, 23
0, 0, 1, 0.00468010640234264, 28, 1.5999999999999999, 0.1, 0.999999998108251, 1, 1, 0.05714285714285714, 0.1, 114, 25, 3, 0, 21, 75, 0.0, 0.12, 23
0, 0, 1, 0.00468010640234264, 28, 1.5999999999999999, 0.1, 0.999999998108251, 1, 1, 0.05714285714285714, 0.1, 111, 5, 0, 0, 0, 37, 0.0, 0.0, 23
0, 0, 1, 0.00468010640234264, 28, 1.5999999999999999, 0.1, 0.999999998108251, 1, 1, 0.05714285714285714, 0.1, 112, 5, 1, 0, 15, 55, 0.0, 0.0, 23
0, 0, 1, 0.00468010640234264, 28, 1.5999999999999999, 0.1, 0.999999998108251, 1, 1, 0.05714285714285714, 0.1, 117, 27, 2, 0, 4, 107, 0.0, 0.14814814814814814, 23
0, 0, 1, 0.004555885179993039, 25, 2.142857142857143, 0.1, 0.9999999907578816, 1, 1, 0.08571428571428572, 0.15, 49, 61, 1, 0, 9, 115, 0.13114754098360656, 0.14754098360655737, 24
0, 0, 1, 0.00468010640234264, 28, 1.5999999999999999, 0.07272727272727272, 0.999999998108251, 1, 1, 0.05714285714285714, 0.1, 44, 5, 1, 0, 7, 37, 0.0, 0.0, 24
0, 0, 1, 0.00468010640234264, 28, 1.5999999999999999, 0.1, 0.999999998108251, 1, 1, 0.05714285714285714, 0.1, 52, 5, 1, 0, 8, 92, 0.0, 0.0, 24
0, 0, 1, 0.00468010640234264, 28, 1.5999999999999999, 0.1, 0.999999998108251, 1, 1, 0.05714285714285714, 0.1, 45, 5, 1, 0, 8, 91, 0.0, 0.0, 24
0, 0, 1, 0.00468010640234264, 28, 1.5999999999999999, 0.07272727272727272, 0.999999998108251, 1, 1, 0.05714285714285714, 0.1, 46, 5, 0, 0, 0, 45, 0.0, 0.0, 24
0, 0, 1, 0.00468010640234264, 28, 1.5999999999999999, 0.1, 0.999999998108251, 1, 1, 0.05714285714285714, 0.1, 51, 19, 1, 0, 9, 106, 0.05263157894736842, 0.21052631578947367, 24
0, 0, 1, 0.00468010640234264, 28, 1.5999999999999999, 0.1, 0.999999998108251, 1, 1, 0.05714285714285714, 0.1, 197, 43, 1, 0, 8, 106, 0.0, 0.023255813953488372, 24
0, 0, 1, 0.00468010640234264, 28, 1.5999999999999999, 0.1, 0.999999998108251, 1, 1, 0.05714285714285714, 0.1, 198, 43, 1, 0, 8, 107, 0.0, 0.023255813953488372, 24
0, 0, 1, 0.00468010640234264, 28, 1.5999999999999999, 0.07272727272727272, 0.999999998108251, 1, 1, 0.05714285714285714, 0.1, 50, 5, 1, 0, 7, 37, 0.0, 0.0, 24
0, 0, 1, 0.00468010640234264, 28, 1.5999999999999999, 0.1, 0.999999998108251, 1, 1, 0.05714285714285714, 0.1, 97, 5, 1, 0, 11, 29, 0.0, 0.0, 25
0, 0, 1, 0.00468010640234264, 28, 1.5999999999999999, 0.1, 0.999999998108251, 1, 1, 0.05714285714285714, 0.1, 96, 5, 1, 0, 12, 53, 0.0, 0.0, 25
0, 0, 1, 0.00468010640234264, 28, 1.5999999999999999, 0.1, 0.999999998108251, 1, 1, 0.05714285714285714, 0.1, 95, 5, 1, 0, 12, 54, 0.0, 0.0, 25
0, 0, 1, 0.00468010640234264, 28, 1.5999999999999999, 0.1, 0.999999998108251, 1, 1, 0.05714285714285714, 0.1, 93, 51, 2, 0, 2, 51, 0.09803921568627451, 0.17647058823529413, 25
0, 0, 1, 0.00468010640234264, 28, 1.5999999999999999, 0.1, 0.999999998108251, 1, 1, 0.05714285714285714, 0.1, 190, 23, 0, 0, 0, 110, 0.0, 0.043478260869565216, 25
0, 0, 1, 0.00468010640234264, 28, 1.5999999999999999, 0.1, 0.999999998108251, 1, 1, 0.05714285714285714, 0.1, 187, 5, 0, 0, 0, 68, 0.0, 0.2, 25
0, 0, 1, 0.00468010640234264, 28, 1.5999999999999999, 0.1, 0.999999998108251, 1, 1, 0.05714285714285714, 0.1, 81, 5, 1, 0, 2, 74, 0.0, 0.0, 25
0, 0, 1, 0.00468010640234264, 28, 1.5999999999999999, 0.1, 0.999999998108251, 1, 1, 0.05714285714285714, 0.1, 170, 5, 1, 0, 19, 31, 0.0, 0.0, 25
0, 0, 1, 0.00468010640234264, 28, 2.4, 0.1, 0.9999999981064229, 1, 1, 0.08571428571428572, 0.15, 85, 65, 0, 0, 0, 102, 0.23076923076923078, 0.07692307692307693, 25
0, 0, 1, 0.00468010640234264, 28, 1.5999999999999999, 0.1, 0.999999998108251, 1, 1, 0.05714285714285714, 0.1, 80, 5, 1, 0, 3, 33, 0.0, 0.0, 25
0, 0, 1, 0.00468010640234264, 28, 1.5999999999999999, 0.1, 0.999999998108251, 1, 1, 0.05714285714285714, 0.1, 173, 13, 0, 0, 0, 66, 0.15384615384615385, 0.23076923076923078, 25
0, 0, 1, 0.00468010640234264, 28, 1.5999999999999999, 0.1, 0.999999998108251, 1, 1, 0.05714285714285714, 0.1, 172, 13, 0, 0, 0, 69, 0.15384615384615385, 0.23076923076923078, 25
0, 0, 1, 0.00468010640234264, 28, 1.5999999999999999, 0.1, 0.999999998108251, 1, 1, 0.05714285714285714, 0.1, 186, 5, 0, 0, 0, 67, 0.0, 0.2, 25
0, 0, 1, 0.00948468949484434, 34, 0.9714285714285714, 0.00909090909090909, 0.9999999999708962, 1, 1, 0.02857142857142857, 0.05, 84, 127, 0, 0, 0, 83, 0.31496062992125984, 0.1968503937007874, 25
0, 0, 1, 0.00468010640234264, 28, 1.5999999999999999, 0.1, 0.999999998108251, 1, 1, 0.05714285714285714, 0.1, 171, 5, 1, 0, 19, 32, 0.0, 0.0, 25
0, 0, 1, 0.00468010640234264, 28, 1.5999999999999999, 0.1, 0.999999998108251, 1, 1, 0.05714285714285714, 0.1, 116, 23, 2, 0, 4, 87, 0.0, 0.043478260869565216, 26
0, 0, 1, 0.00468010640234264, 28, 1.5999999999999999, 0.1, 0.999999998108251, 1, 1, 0.05714285714285714, 0.1, 119, 79, 2, 0, 4, 111, 0.012658227848101266, 0.12658227848101267, 26
0, 0, 1, 0.00468010640234264, 28, 1.5999999999999999, 0.1, 0.999999998108251, 1, 1, 0.05714285714285714, 0.1, 120, 29, 2, 0, 4, 109, 0.0, 0.10344827586206896, 26
0, 0, 1, 0.00468010640234264, 28, 1.5999999999999999, 0.1, 0.999999998108251, 1, 1, 0.05714285714285714, 0.1, 115, 23, 2, 0, 4, 82, 0.0, 0.043478260869565216, 26
0, 0, 1, 0.00468010640234264, 28, 1.5999999999999999, 0.1, 0.999999998108251, 1, 1, 0.05714285714285714, 0.1, 135, 9, 0, 0, 0, 82, 0.0, 0.3333333333333333, 26
0, 0, 1, 0.00468010640234264, 28, 1.5999999999999999, 0.1, 0.999999998108251, 1, 1, 0.05714285714285714, 0.1, 132, 7, 1, 0, 13, 83, 0.0, 0.0, 26
0, 0, 1, 0.00468010640234264, 28, 1.5999999999999999, 0.1, 0.999999998108251, 1, 1, 0.05714285714285714, 0.1, 132, 47, 1, 0, 13, 79, 0.0, 0.10638297872340426, 26
0, 0, 1, 0.00468010640234264, 28, 1.5999999999999999, 0.1, 0.999999998108251, 1, 1, 0.05714285714285714, 0.1, 135, 9, 0, 0, 0, 73, 0.0, 0.3333333333333333, 26
0, 0, 1, 0.00468010640234264, 28, 1.5999999999999999, 0.1, 0.999999998108251, 1, 1, 0.05714285714285714, 0.1, 132, 5, 1, 0, 13, 22, 0.0, 0.0, 26
0, 0, 1, 0.00468010640234264, 28, 1.5999999999999999, 0.1, 0.999999998108251, 1, 1, 0.05714285714285714, 0.1, 132, 13, 1, 0, 13, 52, 0.38461538461538464, 0.23076923076923078, 26
0, 0, 1, 0.00468010640234264, 28, 1.5999999999999999, 0.1, 0.999999998108251, 1, 1, 0.05714285714285714, 0.1, 177, 11, 1, 0, 13, 56, 0.18181818181818182, 0.2727272727272727, 27
0, 0, 1, 0.00468010640234264, 28, 1.5999999999999999, 0.1, 0.999999998108251, 1, 1, 0.05714285714285714, 0.1, 155, 5, 1, 0, 18, 72, 0.0, 0.0, 27
0, 0, 1, 0.00468010640234264, 28, 1.5999999999999999, 0.1, 0.999999998108251, 1, 1, 0.05714285714285714, 0.1, 156, 25, 1, 0, 18, 83, 0.04, 0.32, 27
0, 0, 1, 0.00468010640234264, 28, 1.5999999999999999, 0.09090909090909091, 0.999999998108251, 1, 1, 0.05714285714285714, 0.1, 199, 19, 2, 0, 23, 103, 0.0, 0.21052631578947367, 28
0, 0, 1, 0.00468010640234264, 28, 1.5999999999999999, 0.09090909090909091, 0.999999998108251, 1, 1, 0.05714285714285714, 0.1, 74, 13, 0, 0, 0, 106, 0.0, 0.3076923076923077, 28
0, 0, 1, 0.00468010640234264, 28, 1.5999999999999999, 0.09090909090909091, 0.999999998108251, 1, 1, 0.05714285714285714, 0.1, 166, 13, 0, 0, 0, 65, 0.0, 0.0, 28
0, 0, 1, 0.00468010640234264, 28, 1.5999999999999999, 0.09090909090909091, 0.999999998108251, 1, 1, 0.05714285714285714, 0.1, 167, 13, 0, 0, 0, 62, 0.0, 0.0, 28
0, 0, 1, 0.00468010640234264, 28, 1.5999999999999999, 0.09090909090909091, 0.999999998108251, 1, 1, 0.05714285714285714, 0.1, 168, 13, 0, 0, 0, 62, 0.0, 0.0, 28
0, 0, 1, 0.00468010640234264, 28, 1.5999999999999999, 0.09090909090909091, 0.999999998108251, 1, 1, 0.05714285714285714, 0.1, 74, 13, 0, 0, 0, 106, 0.0, 0.3076923076923077, 28
0, 0, 1, 0.00468010640234264, 28, 1.5999999999999999, 0.09090909090909091, 0.999999998108251, 1, 1, 0.05714285714285714, 0.1, 180, 11, 0, 0, 0, 89, 0.0, 0.09090909090909091, 28
0, 0, 1, 0.00468010640234264, 28, 1.5999999999999999, 0.09090909090909091, 0.999999998108251, 1, 1, 0.05714285714285714, 0.1, 130, 7, 0, 0, 0, 67, 0.14285714285714285, 0.0, 28
0, 0, 1, 0.00468010640234264, 28, 1.5999999999999999, 0.09090909090909091, 0.999999998108251, 1, 1, 0.05714285714285714, 0.1, 167, 13, 0, 0, 0, 62, 0.0, 0.0, 28
0, 0, 1, 0.00468010640234264, 28, 1.5999999999999999, 0.09090909090909091, 0.999999998108251, 1, 1, 0.05714285714285714, 0.1, 73, 7, 0, 0, 0, 64, 0.0, 0.0, 28
0, 0, 1, 0.00468010640234264, 28, 1.5999999999999999, 0.09090909090909091, 0.999999998108251, 1, 1, 0.05714285714285714, 0.1, 179, 11, 0, 0, 0, 90, 0.0, 0.09090909090909091, 28
0, 0, 1, 0.00468010640234264, 28, 1.5999999999999999, 0.09090909090909091, 0.999999998108251, 1, 1, 0.05714285714285714, 0.1, 129, 7, 0, 0, 0, 67, 0.14285714285714285, 0.0, 28
0, 0, 1, 0.00468010640234264, 28, 1.5999999999999999, 0.09090909090909091, 0.999999998108251, 1, 1, 0.05714285714285714, 0.1, 133, 17, 0, 0, 0, 60, 0.0, 0.058823529411764705, 28
0, 0, 1, 0.00468010640234264, 28, 1.5999999999999999, 0.09090909090909091, 0.999999998108251, 1, 1, 0.05714285714285714, 0.1, 169, 13, 0, 0, 0, 82, 0.0, 0.0, 28
0, 0, 1, 0.00468010640234264, 28, 1.5999999999999999, 0.09090909090909091, 0.999999998108251, 1, 1, 0.05714285714285714, 0.1, 35, 11, 0, 0, 0, 48, 0.18181818181818182, 0.09090909090909091, 28
0, 0, 1, 0.00468010640234264, 28, 1.5999999999999999, 0.09090909090909091, 0.999999998108251, 1, 1, 0.05714285714285714, 0.1, 135, 7, 0, 0, 0, 68, 0.0, 0.14285714285714285, 29
0, 0, 1, 0.00468010640234264, 28, 1.5999999999999999, 0.09090909090909091, 0.999999998108251, 1, 1, 0.05714285714285714, 0.1, 135, 5, 0, 1, 0, 14, 0.0, 0.0, 29
0, 0, 1, 0.00468010640234264, 28, 1.5999999999999999, 0.09090909090909091, 0.999999998108251, 1, 1, 0.05714285714285714, 0.1, 151, 25, 0, 0, 0, 91, 0.0, 0.16, 29
0, 0, 1, 0.00468010640234264, 28, 1.5999999999999999, 0.09090909090909091, 0.999999998108251, 1, 1, 0.05714285714285714, 0.1, 136, 33, 0, 0, 0, 83, 0.0, 0.15151515151515152, 29
0, 0, 1, 0.00468010640234264, 28, 1.5999999999999999, 0.09090909090909091, 0.999999998108251, 1, 1, 0.05714285714285714, 0.1, 134, 29, 0, 0, 0, 86, 0.0, 0.1724137931034483, 29
0, 0, 1, 0.00468010640234264, 28, 1.5999999999999999, 0.09090909090909091, 0.999999998108251, 1, 1, 0.05714285714285714, 0.1, 135, 5, 0, 1, 0, 78, 0.0, 0.0, 29
0, 0, 1, 0.00468010640234264, 28, 1.5999999999999999, 0.09090909090909091, 0.999999998108251, 1, 1, 0.05714285714285714, 0.1, 137, 27, 0, 0, 0, 77, 0.0, 0.14814814814814814, 29
0, 0, 1, 0.00468010640234264, 28, 1.5999999999999999, 0.09090909090909091, 0.999999998108251, 1, 1, 0.05714285714285714, 0.1, 135, 7, 0, 0, 0, 68, 0.0, 0.14285714285714285, 29
0, 0, 1, 0.00468010640234264, 28, 1.5999999999999999, 0.09090909090909091, 0.999999998108251, 1, 1, 0.05714285714285714, 0.1, 138, 29, 0, 0, 0, 81, 0.0, 0.1724137931034483, 29
0, 0, 1, 0.00468010640234264, 28, 1.5999999999999999, 0.09090909090909091, 0.999999998108251, 1, 1, 0.05714285714285714, 0.1, 140, 17, 0, 0, 0, 79, 0.0, 0.17647058823529413, 29
0, 0, 1, 0.00468010640234264, 28, 1.5999999999999999, 0.09090909090909091, 0.999999998108251, 1, 1, 0.05714285714285714, 0.1, 139, 15, 0, 0, 0, 78, 0.0, 0.2, 29
0, 0, 1, 0.00468010640234264, 28, 1.5999999999999999, 0.09090909090909091, 0.999999998108251, 1, 1, 0.05714285714285714, 0.1, 142, 7, 1, 0, 4, 65, 0.0, 0.14285714285714285, 29
0, 0, 1, 0.00468010640234264, 28, 1.5999999999999999, 0.09090909090909091, 0.999999998108251, 1, 1, 0.05714285714285714, 0.1, 143, 17, 0, 0, 0, 62, 0.0, 0.23529411764705882, 29
0, 0, 1, 0.00468010640234264, 28, 1.5999999999999999, 0.09090909090909091, 0.999999998108251, 1, 1, 0.05714285714285714, 0.1, 149, 15, 0, 0, 0, 71, 0.06666666666666667, 0.2, 29
0, 0, 1, 0.00468010640234264, 28, 1.5999999999999999, 0.09090909090909091, 0.999999998108251, 1, 1, 0.05714285714285714, 0.1, 152, 7, 0, 1, 0, 60, 0.2857142857142857, 0.2857142857142857, 29
0, 0, 1, 0.00468010640234264, 28, 2.4, 0.1, 0.9999999981022962, 1, 1, 0.08571428571428572, 0.15, 21, 47, 0, 0, 0, 90, 0.3404255319148936, 0.0, 17
0, 0, 1, 0.00468010640234264, 28, 1.6470588235294117, 0.09090909090909091, 0.9999999980791472, 1, 1, 0.058823529411764705, 0.1, 200, 9, 1, 0, 2, 84, 0.0, 0.0, 22
0, 0, 1, 0.00468010640234264, 28, 1.6470588235294117, 0.09090909090909091, 0.9999999980791472, 1, 1, 0.058823529411764705, 0.1, 201, 5, 0, 0, 0, 33, 0.0, 0.2, 22
0, 0, 1, 0.00468010640234264, 28, 1.6470588235294117, 0.09090909090909091, 0.9999999980791472, 1, 1, 0.058823529411764705, 0.1, 202, 9, 0, 0, 0, 52, 0.0, 0.2222222222222222, 22
0, 0, 1, 0.00468010640234264, 28, 1.6470588235294117, 0.09090909090909091, 0.9999999980791472, 1, 1, 0.058823529411764705, 0.1, 203, 5, 0, 0, 0, 70, 0.0, 0.0, 22
0, 0, 1, 0.00468010640234264, 28, 1.6470588235294117, 0.09090909090909091, 0.9999999980791472, 1, 1, 0.058823529411764705, 0.1, 204, 7, 1, 1, 22, 47, 0.0, 0.0, 22
0, 0, 1, 0.00468010640234264, 28, 2.4705882352941178, 0.09090909090909091, 0.9999999980789719, 1, 1, 0.08823529411764706, 0.15, 205, 127, 0, 0, 0, 107, 0.31496062992125984, 0.1968503937007874, 25
0, 0, 1, 0.00468010640234264, 28, 1.696969696969697, 0.08181818181818182, 0.9999999980209395, 1, 1, 0.06060606060606061, 0.1, 206, 5, 0, 0, 0, 74, 0.0, 0.0, 25
0, 0, 1, 0.00468010640234264, 28, 1.75, 0.07272727272727272, 0.9999999979045242, 1, 1, 0.0625, 0.1, 207, 7, 1, 1, 22, 81, 0.0, 0.0, 22
0, 0, 0, 0.004250920482450959, 22, 0.9565217391304348, 0.20909090909090908, 0.9999998807907104, 1, 1, 0.043478260869565216, 0.0, 52, 5, 1, 0, 8, 92, 0.0, 0.0, 30
0, 0, 0, 0.004250920482450959, 22, 0.9565217391304348, 0.20909090909090908, 0.9999998807907104, 1, 1, 0.043478260869565216, 0.0, 198, 43, 1, 0, 8, 107, 0.0, 0.023255813953488372, 30
0, 0, 0, 0.004250920482450959, 22, 0.9565217391304348, 0.20909090909090908, 0.9999998807907104, 1, 1, 0.043478260869565216, 0.0, 49, 61, 1, 0, 9, 115, 0.13114754098360656, 0.14754098360655737, 30
0, 0, 0, 0.004250920482450959, 22, 0.9565217391304348, 0.20909090909090908, 0.9999998807907104, 1, 1, 0.043478260869565216, 0.0, 45, 5, 1, 0, 8, 91, 0.0, 0.0, 30
0, 0, 0, 0.004250920482450959, 22, 0.9565217391304348, 0.20909090909090908, 0.9999998807907104, 1, 1, 0.043478260869565216, 0.0, 51, 19, 1, 0, 9, 106, 0.05263157894736842, 0.21052631578947367, 30
0, 0, 0, 0.004250920482450959, 22, 0.9565217391304348, 0.20909090909090908, 0.9999998807907104, 1, 1, 0.043478260869565216, 0.0, 197, 43, 1, 0, 8, 106, 0.0, 0.023255813953488372, 30
0, 0, 0, 0.004250920482450959, 22, 0.9565217391304348, 0.20909090909090908, 0.9999998807907104, 1, 1, 0.043478260869565216, 0.0, 177, 11, 1, 0, 13, 56, 0.18181818181818182, 0.2727272727272727, 30
0, 0, 1, 0.004250920482450959, 22, 0.9565217391304348, 0.02727272727272727, 0.9999998807907104, 1, 1, 0.043478260869565216, 0.05, 206, 5, 0, 0, 0, 74, 0.0, 0.0, 30
0, 0, 1, 0.004250920482450959, 22, 0.9565217391304348, 0.02727272727272727, 0.9999998807907104, 1, 1, 0.043478260869565216, 0.05, 93, 51, 2, 0, 2, 51, 0.09803921568627451, 0.17647058823529413, 30
0, 0, 1, 0.004250920482450959, 22, 0.9565217391304348, 0.02727272727272727, 0.9999998807907104, 1, 1, 0.043478260869565216, 0.05, 96, 5, 1, 0, 12, 53, 0.0, 0.0, 30
0, 0, 1, 0.004250920482450959, 22, 0.9565217391304348, 0.02727272727272727, 0.9999998807907104, 1, 1, 0.043478260869565216, 0.05, 97, 5, 1, 0, 11, 29, 0.0, 0.0, 30
0, 0, 1, 0.004250920482450959, 22, 0.9565217391304348, 0.02727272727272727, 0.9999998807907104, 1, 1, 0.043478260869565216, 0.05, 190, 23, 0, 0, 0, 110, 0.0, 0.043478260869565216, 30
0, 0, 1, 0.004250920482450959, 22, 0.9565217391304348, 0.02727272727272727, 0.9999998807907104, 1, 1, 0.043478260869565216, 0.05, 95, 5, 1, 0, 12, 54, 0.0, 0.0, 30
0, 0, 0, 0.004250920482450959, 22, 0.9565217391304348, 0.20909090909090908, 0.9999998807907104, 1, 1, 0.043478260869565216, 0.0, 68, 5, 0, 0, 0, 55, 0.0, 0.0, 30
0, 0, 0, 0.004250920482450959, 22, 0.9565217391304348, 0.20909090909090908, 0.9999998807907104, 1, 1, 0.043478260869565216, 0.0, 38, 5, 0, 0, 0, 52, 0.0, 0.0, 30
0, 0, 0, 0.004250920482450959, 22, 0.9565217391304348, 0.20909090909090908, 0.9999998807907104, 1, 1, 0.043478260869565216, 0.0, 37, 5, 0, 0, 0, 52, 0.0, 0.0, 30
0, 0, 0, 0.004250920482450959, 22, 0.9565217391304348, 0.20909090909090908, 0.9999998807907104, 1, 1, 0.043478260869565216, 0.0, 156, 25, 1, 0, 18, 83, 0.04, 0.32, 30
0, 0, 0, 0.004250920482450959, 22, 0.9565217391304348, 0.20909090909090908, 0.9999998807907104, 1, 1, 0.043478260869565216, 0.0, 155, 5, 1, 0, 18, 72, 0.0, 0.0, 30
0, 0, 1, 0.004250920482450959, 22, 0.9565217391304348, 0.01818181818181818, 0.9999998807907104, 1, 1, 0.043478260869565216, 0.05, 132, 5, 1, 0, 13, 47, 0.4, 0.0, 30
0, 0, 0, 0.004250920482450959, 22, 0.9565217391304348, 0.20909090909090908, 0.9999998807907104, 1, 1, 0.043478260869565216, 0.0, 11, 13, 0, 0, 0, 67, 0.0, 0.23076923076923078, 30
0, 0, 0, 0.004250920482450959, 22, 0.9565217391304348, 0.20909090909090908, 0.9999998807907104, 1, 1, 0.043478260869565216, 0.0, 172, 5, 0, 0, 0, 40, 0.0, 0.0, 30
0, 0, 1, 0.004250920482450959, 22, 0.9565217391304348, 0.00909090909090909, 0.9999998807907104, 1, 1, 0.043478260869565216, 0.05, 203, 5, 0, 0, 0, 70, 0.0, 0.0, 30
0, 0, 0, 0.004250920482450959, 22, 0.9565217391304348, 0.20909090909090908, 0.9999998807907104, 1, 1, 0.043478260869565216, 0.0, 107, 5, 0, 0, 0, 46, 0.0, 0.0, 30
0, 0, 0, 0.004250920482450959, 22, 0.9565217391304348, 0.20909090909090908, 0.9999998807907104, 1, 1, 0.043478260869565216, 0.0, 158, 9, 0, 0, 0, 39, 0.0, 0.1111111111111111, 30
0, 0, 0, 0.004250920482450959, 22, 0.9565217391304348, 0.20909090909090908, 0.9999998807907104, 1, 1, 0.043478260869565216, 0.0, 191, 7, 0, 0, 0, 62, 0.0, 0.2857142857142857, 30
0, 0, 0, 0.004250920482450959, 22, 0.9565217391304348, 0.20909090909090908, 0.9999998807907104, 1, 1, 0.043478260869565216, 0.0, 109, 5, 0, 0, 0, 48, 0.0, 0.2, 30
0, 0, 0, 0.004250920482450959, 22, 0.9565217391304348, 0.20909090909090908, 0.9999998807907104, 1, 1, 0.043478260869565216, 0.0, 125, 17, 0, 0, 0, 40, 0.0, 0.11764705882352941, 30
0, 0, 0, 0.004037604861552414, 20, 1.7391304347826086, 0.20909090909090908, 0.9999998749756231, 1, 1, 0.08695652173913043, 0.0, 202, 9, 0, 0, 0, 52, 0.0, 0.2222222222222222, 30
0, 0, 0, 0.004250920482450959, 22, 0.9565217391304348, 0.20909090909090908, 0.9999998807907104, 1, 1, 0.043478260869565216, 0.0, 195, 5, 0, 0, 0, 49, 0.0, 0.2, 30
0, 0, 0, 0.004250920482450959, 22, 0.9565217391304348, 0.20909090909090908, 0.9999998807907104, 1, 1, 0.043478260869565216, 0.0, 182, 5, 0, 0, 0, 37, 0.0, 0.0, 30
0, 1, 0, 0.0038792148196876266, 19, 2.4782608695652173, 0.20909090909090908, 0.9999992420962488, 1, 1, 0.13043478260869565, 0.05, 2, 39, 0, 0, 0, 126, 0.10256410256410256, 0.0, 30
0, 0, 0, 0.004250920482450959, 22, 0.9565217391304348, 0.20909090909090908, 0.9999998807907104, 1, 1, 0.043478260869565216, 0.0, 62, 7, 1, 1, 1, 55, 0.0, 0.0, 30
0, 0, 0, 0.004250920482450959, 22, 0.9565217391304348, 0.20909090909090908, 0.9999998807907104, 1, 1, 0.043478260869565216, 0.0, 196, 5, 0, 0, 0, 45, 0.0, 0.2, 30
0, 0, 0, 0.004250920482450959, 22, 0.9565217391304348, 0.20909090909090908, 0.9999998807907104, 1, 1, 0.043478260869565216, 0.0, 21, 15, 0, 0, 0, 122, 0.0, 0.06666666666666667, 30
0, 0, 0, 0.004037604861552414, 20, 1.7391304347826086, 0.20909090909090908, 0.9999998792204454, 1, 1, 0.08695652173913043, 0.0, 153, 45, 0, 0, 0, 99, 0.022222222222222223, 0.1111111111111111, 30
0, 0, 0, 0.004250920482450959, 22, 0.9565217391304348, 0.20909090909090908, 0.9999998807907104, 1, 1, 0.043478260869565216, 0.0, 183, 5, 1, 1, 22, 62, 0.0, 0.0, 30
0, 0, 0, 0.004250920482450959, 22, 0.9565217391304348, 0.20909090909090908, 0.9999998807907104, 1, 1, 0.043478260869565216, 0.0, 181, 7, 0, 0, 0, 96, 0.0, 0.14285714285714285, 30
0, 0, 0, 0.004250920482450959, 22, 0.9565217391304348, 0.20909090909090908, 0.9999998807907104, 1, 1, 0.043478260869565216, 0.0, 26, 7, 0, 0, 0, 48, 0.0, 0.0, 30
0, 0, 0, 0.004250920482450959, 22, 0.9565217391304348, 0.20909090909090908, 0.9999998807907104, 1, 1, 0.043478260869565216, 0.0, 173, 5, 0, 0, 0, 42, 0.0, 0.0, 30
0, 0, 0, 0.004250920482450959, 22, 0.9565217391304348, 0.20909090909090908, 0.9999998807907104, 1, 1, 0.043478260869565216, 0.0, 173, 7, 1, 1, 22, 48, 0.0, 0.0, 30
0, 0, 0, 0.004250920482450959, 22, 0.9565217391304348, 0.20909090909090908, 0.9999998807907104, 1, 1, 0.043478260869565216, 0.0, 41, 17, 0, 0, 0, 95, 0.0, 0.0, 30
0, 0, 0, 0.004250920482450959, 22, 0.9565217391304348, 0.20909090909090908, 0.9999998807907104, 1, 1, 0.043478260869565216, 0.0, 189, 9, 0, 0, 0, 113, 0.1111111111111111, 0.1111111111111111, 30
0, 1, 0, 0.00023324211003637223, 5, 1.3043478260869565, 0.20909090909090908, 0.9877702846984587, 1, 1, 0.2608695652173913, 0.2, 185, 53, 0, 0, 0, 114, 0.07547169811320754, 0.1509433962264151, 30
0, 0, 0, 0.004250920482450959, 22, 0.9565217391304348, 0.20909090909090908, 0.9999998807907104, 1, 1, 0.043478260869565216, 0.0, 188, 7, 1, 0, 2, 64, 0.0, 0.2857142857142857, 30
0, 0, 0, 0.004250920482450959, 22, 0.9565217391304348, 0.20909090909090908, 0.9999998807907104, 1, 1, 0.043478260869565216, 0.0, 184, 5, 1, 1, 22, 61, 0.0, 0.0, 30
0, 0, 0, 0.004037604861552414, 20, 1.7391304347826086, 0.20909090909090908, 0.9999998745439355, 1, 1, 0.08695652173913043, 0.0, 122, 5, 1, 0, 2, 78, 0.4, 0.4, 30
0, 0, 0, 0.004250920482450959, 22, 0.9565217391304348, 0.20909090909090908, 0.9999998807907104, 1, 1, 0.043478260869565216, 0.0, 33, 7, 0, 0, 0, 48, 0.0, 0.0, 30
0, 0, 0, 0.004250920482450959, 22, 0.9565217391304348, 0.20909090909090908, 0.9999998807907104, 1, 1, 0.043478260869565216, 0.0, 172, 7, 1, 1, 22, 46, 0.0, 0.0, 30
0, 0, 0, 0.004250920482450959, 22, 0.9565217391304348, 0.20909090909090908, 0.9999998807907104, 1, 1, 0.043478260869565216, 0.0, 124, 5, 0, 0, 0, 42, 0.0, 0.0, 30
0, 0, 0, 0.004250920482450959, 22, 0.9565217391304348, 0.20909090909090908, 0.9999998807907104, 1, 1, 0.043478260869565216, 0.0, 182, 7, 1, 1, 22, 43, 0.0, 0.0, 30
0, 0, 0, 0.004250920482450959, 22, 0.9565217391304348, 0.20909090909090908, 0.9999998807907104, 1, 1, 0.043478260869565216, 0.0, 42, 19, 0, 0, 0, 64, 0.0, 0.0, 30
0, 0, 0, 0.004250920482450959, 22, 0.9565217391304348, 0.20909090909090908, 0.9999998807907104, 1, 1, 0.043478260869565216, 0.0, 181, 7, 1, 1, 22, 41, 0.0, 0.0, 30
0, 0, 0, 0.004250920482450959, 22, 0.9565217391304348, 0.20909090909090908, 0.9999998807907104, 1, 1, 0.043478260869565216, 0.0, 27, 53, 0, 0, 0, 91, 0.0, 0.07547169811320754, 30
0, 0, 0, 0.004250920482450959, 22, 0.9565217391304348, 0.20909090909090908, 0.9999998807907104, 1, 1, 0.043478260869565216, 0.0, 126, 5, 0, 0, 0, 42, 0.0, 0.0, 30
0, 0, 0, 0.004250920482450959, 22, 0.9565217391304348, 0.20909090909090908, 0.9999998807907104, 1, 1, 0.043478260869565216, 0.0, 192, 7, 1, 1, 22, 62, 0.0, 0.0, 30
0, 0, 0, 0.004250920482450959, 22, 0.9565217391304348, 0.20909090909090908, 0.9999998807907104, 1, 1, 0.043478260869565216, 0.0, 8, 27, 2, 0, 2, 88, 0.07407407407407407, 0.1111111111111111, 30
0, 0, 0, 0.004250920482450959, 22, 0.9565217391304348, 0.20909090909090908, 0.9999998807907104, 1, 1, 0.043478260869565216, 0.0, 193, 7, 1, 1, 22, 49, 0.0, 0.0, 30
0, 0, 0, 0.004250920482450959, 22, 0.9565217391304348, 0.20909090909090908, 0.9999998807907104, 1, 1, 0.043478260869565216, 0.0, 200, 9, 1, 0, 2, 84, 0.0, 0.0, 30
0, 0, 0, 0.004250920482450959, 22, 0.9565217391304348, 0.20909090909090908, 0.9999998807907104, 1, 1, 0.043478260869565216, 0.0, 194, 9, 1, 1, 22, 53, 0.0, 0.0, 30
0, 0, 0, 0.004250920482450959, 22, 0.9565217391304348, 0.20909090909090908, 0.9999998807907104, 1, 1, 0.043478260869565216, 0.0, 106, 5, 1, 0, 12, 25, 0.0, 0.0, 30
0, 0, 0, 0.004250920482450959, 22, 0.9565217391304348, 0.20909090909090908, 0.9999998807907104, 1, 1, 0.043478260869565216, 0.0, 104, 5, 1, 0, 12, 25, 0.0, 0.0, 30
0, 0, 0, 0.004250920482450959, 22, 0.9565217391304348, 0.20909090909090908, 0.9999998807907104, 1, 1, 0.043478260869565216, 0.0, 204, 7, 1, 1, 22, 47, 0.0, 0.0, 30
0, 0, 0, 0.004250920482450959, 22, 0.9565217391304348, 0.20909090909090908, 0.9999998807907104, 1, 1, 0.043478260869565216, 0.0, 178, 5, 0, 0, 0, 80, 0.0, 0.0, 30
0, 0, 0, 0.004250920482450959, 22, 0.9565217391304348, 0.20909090909090908, 0.9999998807907104, 1, 1, 0.043478260869565216, 0.0, 201, 5, 0, 0, 0, 33, 0.0, 0.2, 30
0, 0, 0, 0.004250920482450959, 22, 0.9565217391304348, 0.20909090909090908, 0.9999998807907104, 1, 1, 0.043478260869565216, 0.0, 0, 17, 0, 0, 0, 78, 0.0, 0.17647058823529413, 30
0, 0, 0, 0.004250920482450959, 22, 0.9565217391304348, 0.20909090909090908, 0.9999998807907104, 1, 1, 0.043478260869565216, 0.0, 25, 33, 0, 0, 0, 76, 0.0, 0.09090909090909091, 30
0, 0, 0, 0.004250920482450959, 22, 0.9565217391304348, 0.20909090909090908, 0.9999998807907104, 1, 1, 0.043478260869565216, 0.0, 207, 7, 1, 1, 22, 81, 0.0, 0.0, 30
0, 0, 0, 0.004250920482450959, 22, 0.9565217391304348, 0.20909090909090908, 0.9999998807907104, 1, 1, 0.043478260869565216, 0.0, 172, 13, 0, 0, 0, 69, 0.15384615384615385, 0.23076923076923078, 30
0, 0, 0, 0.004250920482450959, 22, 0.9565217391304348, 0.20909090909090908, 0.9999998807907104, 1, 1, 0.043478260869565216, 0.0, 81, 5, 1, 0, 2, 74, 0.0, 0.0, 30
0, 0, 1, 0.004250920482450959, 22, 0.9565217391304348, 0.02727272727272727, 0.9999998807907104, 1, 1, 0.043478260869565216, 0.05, 85, 65, 0, 0, 0, 102, 0.23076923076923078, 0.07692307692307693, 30
0, 1, 0, 0.0008616290543539698, 12, 1.0434782608695652, 0.20909090909090908, 0.9999835112085744, 1, 1, 0.08695652173913043, 0.05, 187, 7, 0, 0, 0, 68, 0.0, 0.14285714285714285, 30
0, 0, 0, 0.004250920482450959, 22, 0.9565217391304348, 0.20909090909090908, 0.9999998807907104, 1, 1, 0.043478260869565216, 0.0, 170, 5, 1, 0, 19, 31, 0.0, 0.0, 30
0, 0, 0, 0.004250920482450959, 22, 0.9565217391304348, 0.20909090909090908, 0.9999998807907104, 1, 1, 0.043478260869565216, 0.0, 80, 5, 1, 0, 3, 33, 0.0, 0.0, 30
0, 1, 0, 0.0008616290543539698, 12, 1.0434782608695652, 0.20909090909090908, 0.9999836683273315, 1, 1, 0.08695652173913043, 0.05, 186, 7, 0, 0, 0, 67, 0.0, 0.14285714285714285, 30
0, 1, 0, 0.0038792148196876266, 19, 1.6521739130434783, 0.20909090909090908, 0.9999998724855099, 1, 1, 0.08695652173913043, 0.05, 205, 131, 0, 0, 0, 107, 0.3053435114503817, 0.1984732824427481, 30
0, 0, 0, 0.004250920482450959, 22, 0.9565217391304348, 0.20909090909090908, 0.9999998807907104, 1, 1, 0.043478260869565216, 0.0, 171, 5, 1, 0, 19, 32, 0.0, 0.0, 30
0, 0, 0, 0.004250920482450959, 22, 0.9565217391304348, 0.20909090909090908, 0.9999998807907104, 1, 1, 0.043478260869565216, 0.0, 173, 13, 0, 0, 0, 66, 0.15384615384615385, 0.23076923076923078, 30
0, 0, 0, 0.004250920482450959, 22, 0.9565217391304348, 0.20909090909090908, 0.9999998807907104, 1, 1, 0.043478260869565216, 0.0, 111, 5, 0, 0, 0, 37, 0.0, 0.0, 31
0, 0, 0, 0.004250920482450959, 22, 0.9565217391304348, 0.20909090909090908, 0.9999998807907104, 1, 1, 0.043478260869565216, 0.0, 117, 17, 1, 0, 4, 81, 0.0, 0.058823529411764705, 31
0, 0, 0, 0.004250920482450959, 22, 0.9565217391304348, 0.20909090909090908, 0.9999998807907104, 1, 1, 0.043478260869565216, 0.0, 112, 5, 1, 0, 15, 55, 0.0, 0.0, 31
0, 0, 0, 0.004250920482450959, 22, 0.9565217391304348, 0.20909090909090908, 0.9999998807907104, 1, 1, 0.043478260869565216, 0.0, 115, 23, 2, 0, 4, 82, 0.0, 0.043478260869565216, 31
0, 0, 0, 0.004250920482450959, 22, 0.9565217391304348, 0.20909090909090908, 0.9999998807907104, 1, 1, 0.043478260869565216, 0.0, 119, 79, 2, 0, 4, 111, 0.012658227848101266, 0.12658227848101267, 31
0, 0, 0, 0.004250920482450959, 22, 0.9565217391304348, 0.20909090909090908, 0.9999998807907104, 1, 1, 0.043478260869565216, 0.0, 116, 23, 2, 0, 4, 87, 0.0, 0.043478260869565216, 31
0, 0, 0, 0.004250920482450959, 22, 0.9565217391304348, 0.20909090909090908, 0.9999998807907104, 1, 1, 0.043478260869565216, 0.0, 120, 29, 2, 0, 4, 109, 0.0, 0.10344827586206896, 31
0, 0, 0, 0.004250920482450959, 22, 0.9565217391304348, 0.20909090909090908, 0.9999998807907104, 1, 1, 0.043478260869565216, 0.0, 135, 9, 0, 0, 0, 82, 0.0, 0.3333333333333333, 31
0, 0, 0, 0.004250920482450959, 22, 0.9565217391304348, 0.20909090909090908, 0.9999998807907104, 1, 1, 0.043478260869565216, 0.0, 132, 7, 1, 0, 13, 83, 0.0, 0.0, 31
0, 0, 0, 0.004250920482450959, 22, 0.9565217391304348, 0.20909090909090908, 0.9999998807907104, 1, 1, 0.043478260869565216, 0.0, 132, 47, 1, 0, 13, 79, 0.0, 0.10638297872340426, 31
0, 0, 0, 0.004250920482450959, 22, 0.9565217391304348, 0.20909090909090908, 0.9999998807907104, 1, 1, 0.043478260869565216, 0.0, 135, 9, 0, 0, 0, 73, 0.0, 0.3333333333333333, 31
0, 0, 0, 0.004250920482450959, 22, 0.9565217391304348, 0.20909090909090908, 0.9999998807907104, 1, 1, 0.043478260869565216, 0.0, 111, 5, 0, 0, 0, 37, 0.0, 0.0, 31
0, 0, 0, 0.004250920482450959, 22, 0.9565217391304348, 0.20909090909090908, 0.9999998807907104, 1, 1, 0.043478260869565216, 0.0, 117, 27, 2, 0, 4, 102, 0.0, 0.14814814814814814, 31
0, 0, 0, 0.004250920482450959, 22, 0.9565217391304348, 0.20909090909090908, 0.9999998807907104, 1, 1, 0.043478260869565216, 0.0, 112, 5, 1, 0, 15, 55, 0.0, 0.0, 31
0, 0, 0, 0.004250920482450959, 22, 0.9565217391304348, 0.20909090909090908, 0.9999998807907104, 1, 1, 0.043478260869565216, 0.0, 132, 5, 1, 0, 13, 22, 0.0, 0.0, 31
0, 0, 0, 0.004250920482450959, 22, 0.9565217391304348, 0.20909090909090908, 0.9999998807907104, 1, 1, 0.043478260869565216, 0.0, 113, 21, 4, 0, 20, 56, 0.0, 0.0, 31
0, 0, 0, 0.004250920482450959, 22, 0.9565217391304348, 0.20909090909090908, 0.9999998807907104, 1, 1, 0.043478260869565216, 0.0, 114, 25, 3, 0, 21, 75, 0.0, 0.12, 31
0, 0, 0, 0.004250920482450959, 22, 0.9565217391304348, 0.20909090909090908, 0.9999998807907104, 1, 1, 0.043478260869565216, 0.0, 117, 27, 2, 0, 4, 107, 0.0, 0.14814814814814814, 31
0, 0, 0, 0.004250920482450959, 22, 0.9565217391304348, 0.20909090909090908, 0.9999998807907104, 1, 1, 0.043478260869565216, 0.0, 111, 5, 0, 0, 0, 37, 0.0, 0.0, 31
0, 0, 0, 0.004250920482450959, 22, 0.9565217391304348, 0.20909090909090908, 0.9999998807907104, 1, 1, 0.043478260869565216, 0.0, 112, 5, 1, 0, 15, 55, 0.0, 0.0, 31
0, 0, 0, 0.004250920482450959, 22, 0.9565217391304348, 0.20909090909090908, 0.9999998807907104, 1, 1, 0.043478260869565216, 0.0, 132, 13, 1, 0, 13, 52, 0.38461538461538464, 0.23076923076923078, 31
0, 0, 1, 0.004250920482450959, 22, 0.9565217391304348, 0.06363636363636363, 0.9999998807907104, 1, 1, 0.043478260869565216, 0.05, 35, 27, 0, 0, 0, 103, 0.0, 0.07407407407407407, 32
0, 0, 1, 0.004250920482450959, 22, 0.9565217391304348, 0.06363636363636363, 0.9999998807907104, 1, 1, 0.043478260869565216, 0.05, 37, 7, 0, 0, 0, 52, 0.0, 0.0, 32
0, 0, 1, 0.004250920482450959, 22, 0.9565217391304348, 0.06363636363636363, 0.9999998807907104, 1, 1, 0.043478260869565216, 0.05, 99, 9, 0, 0, 0, 43, 0.0, 0.0, 32
0, 0, 1, 0.004250920482450959, 22, 0.9565217391304348, 0.06363636363636363, 0.9999998807907104, 1, 1, 0.043478260869565216, 0.05, 102, 31, 0, 0, 0, 81, 0.0967741935483871, 0.0, 32
0, 0, 1, 0.004250920482450959, 22, 0.9565217391304348, 0.06363636363636363, 0.9999998807907104, 1, 1, 0.043478260869565216, 0.05, 38, 11, 0, 0, 0, 52, 0.09090909090909091, 0.0, 32
0, 0, 1, 0.004250920482450959, 22, 0.9565217391304348, 0.06363636363636363, 0.9999998807907104, 1, 1, 0.043478260869565216, 0.05, 68, 3, 0, 0, 0, 55, 0.0, 0.0, 32
0, 0, 1, 0.004250920482450959, 22, 0.9565217391304348, 0.06363636363636363, 0.9999998807907104, 1, 1, 0.043478260869565216, 0.05, 21, 17, 0, 0, 0, 36, 0.0, 0.058823529411764705, 32
0, 1, 1, 0.0015372136764691794, 17, 2.217391304347826, 0.06363636363636363, 0.9999997627073548, 1, 1, 0.13043478260869565, 0.15, 35, 57, 0, 0, 0, 148, 0.03508771929824561, 0.12280701754385964, 32
0, 0, 1, 0.004250920482450959, 22, 0.9565217391304348, 0.06363636363636363, 0.9999998807907104, 1, 1, 0.043478260869565216, 0.05, 98, 5, 1, 0, 2, 70, 0.0, 0.2, 32
0, 0, 1, 0.004250920482450959, 22, 0.9565217391304348, 0.06363636363636363, 0.9999998807907104, 1, 1, 0.043478260869565216, 0.05, 100, 15, 1, 1, 4, 113, 0.06666666666666667, 0.06666666666666667, 32
0, 0, 1, 0.004250920482450959, 22, 0.9565217391304348, 0.06363636363636363, 0.9999998807907104, 1, 1, 0.043478260869565216, 0.05, 101, 5, 1, 1, 12, 40, 0.0, 0.0, 32
0, 0, 1, 0.004037604861552414, 20, 1.7391304347826086, 0.06363636363636363, 0.9999998754794055, 1, 1, 0.08695652173913043, 0.1, 21, 47, 0, 0, 0, 90, 0.3404255319148936, 0.0, 33
0, 0, 1, 0.004250920482450959, 22, 0.9565217391304348, 0.06363636363636363, 0.9999998807907104, 1, 1, 0.043478260869565216, 0.05, 157, 13, 0, 0, 0, 50, 0.0, 0.0, 33
0, 1, 1, 0.0015372136764691794, 17, 2.217391304347826, 0.06363636363636363, 0.9999998169760722, 1, 1, 0.13043478260869565, 0.15, 35, 25, 0, 0, 0, 71, 0.2, 0.16, 33
0, 0, 1, 0.004250920482450959, 22, 0.9565217391304348, 0.06363636363636363, 0.9999998807907104, 1, 1, 0.043478260869565216, 0.05, 35, 65, 0, 0, 0, 125, 0.0, 0.046153846153846156, 34
0, 0, 1, 0.004250920482450959, 22, 0.9565217391304348, 0.06363636363636363, 0.9999998807907104, 1, 1, 0.043478260869565216, 0.05, 36, 13, 1, 0, 2, 49, 0.0, 0.0, 34
0, 0, 1, 0.004250920482450959, 22, 0.9565217391304348, 0.06363636363636363, 0.9999998807907104, 1, 1, 0.043478260869565216, 0.05, 75, 5, 0, 0, 0, 55, 0.0, 0.0, 34
0, 0, 1, 0.004250920482450959, 22, 0.9565217391304348, 0.06363636363636363, 0.9999998807907104, 1, 1, 0.043478260869565216, 0.05, 34, 25, 1, 0, 2, 93, 0.0, 0.08, 35
0, 0, 1, 0.004250920482450959, 22, 0.9565217391304348, 0.06363636363636363, 0.9999998807907104, 1, 1, 0.043478260869565216, 0.05, 35, 9, 0, 0, 0, 62, 0.0, 0.0, 35
0, 0, 1, 0.004250920482450959, 22, 0.9565217391304348, 0.06363636363636363, 0.9999998807907104, 1, 1, 0.043478260869565216, 0.05, 36, 31, 1, 0, 2, 94, 0.0967741935483871, 0.12903225806451613, 35
0, 0, 1, 0.004250920482450959, 22, 0.9565217391304348, 0.06363636363636363, 0.9999998807907104, 1, 1, 0.043478260869565216, 0.05, 34, 45, 1, 0, 2, 215, 0.08888888888888889, 0.2, 35
0, 0, 1, 0.004250920482450959, 22, 0.9565217391304348, 0.06363636363636363, 0.9999998807907104, 1, 1, 0.043478260869565216, 0.05, 35, 15, 0, 0, 0, 183, 0.2, 0.0, 35
0, 0, 1, 0.004250920482450959, 22, 0.9565217391304348, 0.06363636363636363, 0.9999998807907104, 1, 1, 0.043478260869565216, 0.05, 36, 13, 1, 0, 2, 49, 0.0, 0.0, 35
0, 0, 1, 0.004250920482450959, 22, 0.9565217391304348, 0.06363636363636363, 0.9999998807907104, 1, 1, 0.043478260869565216, 0.05, 60, 5, 1, 0, 2, 49, 0.0, 0.0, 35
0, 0, 0, 0.004152629242761479, 21, 0.9545454545454546, 0.2, 0.9999997615814209, 1, 1, 0.045454545454545456, 0.0, 208, 5, 0, 0, 0, 66, 0.0, 0.0, 30
0, 0, 0, 0.004037604861552414, 20, 0.9523809523809523, 0.19090909090909092, 0.9999995231628418, 1, 1, 0.047619047619047616, 0.0, 132, 5, 1, 0, 13, 47, 0.4, 0.0, 31
1, 0, 0, 0.0038792148196876266, 19, 0.9500000000000001, 0.18181818181818182, 0.9999990463256836, 1, 1, 0.05, 0.05, 209, 17, 1, 0, 2, 110, 0.0, 0.17647058823529413, 30
1, 0, 0, 0.0038792148196876266, 19, 0.9500000000000001, 0.18181818181818182, 0.9999990463256836, 1, 1, 0.05, 0.05, 210, 5, 0, 0, 0, 23, 0.0, 0.0, 30
1, 0, 0, 0.0038792148196876266, 19, 0.9500000000000001, 0.18181818181818182, 0.9999990463256836, 1, 1, 0.05, 0.05, 190, 9, 0, 0, 0, 110, 0.0, 0.1111111111111111, 30
1, 0, 0, 0.0038792148196876266, 19, 0.9500000000000001, 0.18181818181818182, 0.9999990463256836, 1, 1, 0.05, 0.05, 93, 51, 2, 0, 2, 51, 0.09803921568627451, 0.17647058823529413, 30
1, 0, 0, 0.0038792148196876266, 19, 0.9500000000000001, 0.18181818181818182, 0.9999990463256836, 1, 1, 0.05, 0.05, 95, 5, 1, 0, 12, 54, 0.0, 0.0, 30
1, 0, 0, 0.0038792148196876266, 19, 0.9500000000000001, 0.18181818181818182, 0.9999990463256836, 1, 1, 0.05, 0.05, 97, 5, 1, 0, 11, 29, 0.0, 0.0, 30
1, 0, 0, 0.0038792148196876266, 19, 0.9500000000000001, 0.18181818181818182, 0.9999990463256836, 1, 1, 0.05, 0.05, 96, 5, 1, 0, 12, 53, 0.0, 0.0, 30
1, 0, 0, 0.0038792148196876266, 19, 0.9500000000000001, 0.18181818181818182, 0.9999990463256836, 1, 1, 0.05, 0.05, 206, 5, 0, 0, 0, 74, 0.0, 0.0, 30
1, 1, 0, 0.000263642779362033, 7, 0.7000000000000001, 0.18181818181818182, 0.9996525560221423, 1, 1, 0.1, 0.1, 211, 75, 0, 0, 0, 102, 0.2, 0.10666666666666667, 30
1, 0, 0, 0.0015506257364657945, 18, 0.9473684210526315, 0.17272727272727273, 0.9999980926513672, 1, 1, 0.05263157894736842, 0.05, 96, 5, 1, 0, 12, 39, 0.2, 0.0, 30
1, 0, 0, 0.0015506257364657945, 18, 0.9473684210526315, 0.17272727272727273, 0.9999980926513672, 1, 1, 0.05263157894736842, 0.05, 206, 5, 0, 0, 0, 35, 0.0, 0.0, 30
1, 0, 0, 0.0015506257364657945, 18, 0.9473684210526315, 0.17272727272727273, 0.9999980926513672, 1, 1, 0.05263157894736842, 0.05, 95, 5, 1, 0, 12, 39, 0.2, 0.0, 30
1, 0, 0, 0.0015506257364657945, 18, 0.9473684210526315, 0.17272727272727273, 0.9999980926513672, 1, 1, 0.05263157894736842, 0.05, 190, 13, 0, 0, 0, 110, 0.15384615384615385, 0.07692307692307693, 30
1, 0, 0, 0.0012818736009145748, 15, 0.9375, 0.14545454545454545, 0.9999847412109375, 1, 1, 0.0625, 0.05, 35, 27, 0, 0, 0, 103, 0.0, 0.07407407407407407, 36
1, 1, 0, 0.0002117189470894233, 4, 0.75, 0.14545454545454545, 0.9935405214038207, 1, 1, 0.1875, 0.15, 21, 25, 0, 0, 0, 61, 0.0, 0.04, 36
1, 0, 0, 0.0012818736009145748, 15, 0.9375, 0.14545454545454545, 0.9999847412109375, 1, 1, 0.0625, 0.05, 98, 5, 1, 0, 2, 70, 0.0, 0.2, 36
1, 0, 0, 0.0012818736009145748, 15, 0.9375, 0.14545454545454545, 0.9999847412109375, 1, 1, 0.0625, 0.05, 100, 15, 1, 1, 4, 113, 0.06666666666666667, 0.06666666666666667, 36
1, 1, 0, 0.0002117189470894233, 4, 0.5, 0.14545454545454545, 0.9943757668519632, 1, 1, 0.125, 0.1, 37, 9, 0, 0, 0, 52, 0.0, 0.0, 36
1, 0, 0, 0.0012818736009145748, 15, 0.9375, 0.14545454545454545, 0.9999847412109375, 1, 1, 0.0625, 0.05, 101, 5, 1, 1, 12, 40, 0.0, 0.0, 36
1, 0, 0, 0.0012818736009145748, 15, 0.9375, 0.14545454545454545, 0.9999847412109375, 1, 1, 0.0625, 0.05, 102, 31, 0, 0, 0, 81, 0.0967741935483871, 0.0, 36
1, 0, 0, 0.0012818736009145748, 15, 0.9375, 0.14545454545454545, 0.9999847412109375, 1, 1, 0.0625, 0.05, 68, 3, 0, 0, 0, 55, 0.0, 0.0, 36
1, 1, 0, 0.0002117189470894233, 4, 0.5, 0.14545454545454545, 0.9958767599902802, 1, 1, 0.125, 0.1, 38, 13, 0, 0, 0, 52, 0.07692307692307693, 0.0, 36
1, 0, 0, 0.0012818736009145748, 15, 0.9375, 0.14545454545454545, 0.9999847412109375, 1, 1, 0.0625, 0.05, 99, 9, 0, 0, 0, 43, 0.0, 0.0, 36
1, 0, 0, 0.0012818736009145748, 15, 0.9375, 0.14545454545454545, 0.9999847412109375, 1, 1, 0.0625, 0.05, 35, 57, 0, 0, 0, 148, 0.03508771929824561, 0.12280701754385964, 36
1, 0, 0, 0.0012818736009145748, 15, 0.9375, 0.14545454545454545, 0.9999847412109375, 1, 1, 0.0625, 0.05, 157, 13, 0, 0, 0, 50, 0.0, 0.0, 37
1, 1, 0, 0.00025974689526777814, 6, 0.75, 0.14545454545454545, 0.9995503303548033, 1, 1, 0.125, 0.1, 35, 27, 0, 0, 0, 71, 0.18518518518518517, 0.14814814814814814, 37
1, 1, 0, 0.00025974689526777814, 6, 0.75, 0.14545454545454545, 0.9996503179053489, 1, 1, 0.125, 0.1, 21, 49, 0, 0, 0, 90, 0.32653061224489793, 0.0, 37
1, 0, 0, 0.0012818736009145748, 15, 0.9375, 0.14545454545454545, 0.9999847412109375, 1, 1, 0.0625, 0.05, 36, 13, 1, 0, 2, 49, 0.0, 0.0, 38
1, 0, 0, 0.0012818736009145748, 15, 0.9375, 0.14545454545454545, 0.9999847412109375, 1, 1, 0.0625, 0.05, 75, 5, 0, 0, 0, 55, 0.0, 0.0, 38
1, 0, 0, 0.0012818736009145748, 15, 0.9375, 0.14545454545454545, 0.9999847412109375, 1, 1, 0.0625, 0.05, 35, 65, 0, 0, 0, 125, 0.0, 0.046153846153846156, 38
1, 0, 0, 0.0012818736009145748, 15, 0.9375, 0.14545454545454545, 0.9999847412109375, 1, 1, 0.0625, 0.05, 34, 25, 1, 0, 2, 93, 0.0, 0.08, 39
1, 0, 0, 0.0012818736009145748, 15, 0.9375, 0.14545454545454545, 0.9999847412109375, 1, 1, 0.0625, 0.05, 35, 9, 0, 0, 0, 62, 0.0, 0.0, 39
1, 0, 0, 0.0012818736009145748, 15, 0.9375, 0.14545454545454545, 0.9999847412109375, 1, 1, 0.0625, 0.05, 36, 31, 1, 0, 2, 94, 0.0967741935483871, 0.12903225806451613, 39
1, 0, 0, 0.0012818736009145748, 15, 0.9375, 0.14545454545454545, 0.9999847412109375, 1, 1, 0.0625, 0.05, 35, 15, 0, 0, 0, 183, 0.2, 0.0, 39
1, 0, 0, 0.0012818736009145748, 15, 0.9375, 0.14545454545454545, 0.9999847412109375, 1, 1, 0.0625, 0.05, 36, 13, 1, 0, 2, 49, 0.0, 0.0, 39
1, 0, 0, 0.0012818736009145748, 15, 0.9375, 0.14545454545454545, 0.9999847412109375, 1, 1, 0.0625, 0.05, 60, 5, 1, 0, 2, 49, 0.0, 0.0, 39
1, 0, 0, 0.0012818736009145748, 15, 0.9375, 0.14545454545454545, 0.9999847412109375, 1, 1, 0.0625, 0.05, 34, 45, 1, 0, 2, 215, 0.08888888888888889, 0.2, 39
1, 0, 0, 0.00023324211003637223, 5, 0.8333333333333333, 0.05454545454545454, 0.984375, 1, 1, 0.16666666666666666, 0.05, 212, 13, 0, 0, 0, 95, 0.0, 0.0, 30
