0, 0.998498178939034, 0.001501821060965954
0, 0.999798178939034, 0.00020182106096595408
0, 0.995698178939034, 0.0043018210609659545
0, 0.999898178939034, 0.00010182106096595407
0, 0.999998178939034, 1.8210609659540776e-06
0, 0.991998178939034, 0.008001821060965955
0, 0.999998178939034, 1.8210609659540776e-06
0, 0.998298178939034, 0.0017018210609659541
0, 0.999098178939034, 0.0009018210609659541
0, 0.948998178939034, 0.05100182106096596
0, 0.998998178939034, 0.001001821060965954
0, 0.998598178939034, 0.001401821060965954
0, 0.999998178939034, 1.8210609659540776e-06
0, 0.999998178939034, 1.8210609659540776e-06
0, 0.999998178939034, 1.8210609659540776e-06
0, 0.999998178939034, 1.8210609659540776e-06
0, 0.998998178939034, 0.001001821060965954
0, 0.999498178939034, 0.000501821060965954
0, 0.999098178939034, 0.0009018210609659541
0, 0.998698178939034, 0.001301821060965954
0, 0.999998178939034, 1.8210609659540776e-06
0, 0.998798178939034, 0.0012018210609659541
0, 0.999098178939034, 0.0009018210609659541
0, 0.999898178939034, 0.00010182106096595407
0, 0.999998178939034, 1.8210609659540776e-06
0, 0.999098178939034, 0.0009018210609659541
0, 0.999998178939034, 1.8210609659540776e-06
0, 0.999998178939034, 1.8210609659540776e-06
0, 0.999098178939034, 0.0009018210609659541
0, 0.999098178939034, 0.0009018210609659541
0, 0.999998178939034, 1.8210609659540776e-06
0, 0.998698178939034, 0.001301821060965954
0, 0.999998178939034, 1.8210609659540776e-06
0, 0.998798178939034, 0.0012018210609659541
0, 0.998998178939034, 0.001001821060965954
0, 0.999098178939034, 0.0009018210609659541
0, 0.999598178939034, 0.00040182106096595403
0, 0.998798178939034, 0.0012018210609659541
0, 0.999998178939034, 1.8210609659540776e-06
0, 0.999998178939034, 1.8210609659540776e-06
0, 0.999998178939034, 1.8210609659540776e-06
0, 0.999998178939034, 1.8210609659540776e-06
0, 0.995798178939034, 0.004201821060965954
0, 0.999098178939034, 0.0009018210609659541
0, 0.998798178939034, 0.0012018210609659541
0, 0.998798178939034, 0.0012018210609659541
0, 0.999998178939034, 1.8210609659540776e-06
0, 0.999998178939034, 1.8210609659540776e-06
0, 0.998998178939034, 0.001001821060965954
0, 0.999998178939034, 1.8210609659540776e-06
0, 0.998998178939034, 0.001001821060965954
0, 0.999798178939034, 0.00020182106096595408
0, 0.999998178939034, 1.8210609659540776e-06
0, 0.999998178939034, 1.8210609659540776e-06
0, 0.996898178939034, 0.003101821060965954
0, 0.998998178939034, 0.001001821060965954
0, 0.999898178939034, 0.00010182106096595407
0, 0.998998178939034, 0.001001821060965954
0, 0.998598178939034, 0.001401821060965954
0, 0.998998178939034, 0.001001821060965954
0, 0.999998178939034, 1.8210609659540776e-06
0, 0.999998178939034, 1.8210609659540776e-06
0, 0.998998178939034, 0.001001821060965954
0, 0.998998178939034, 0.001001821060965954
0, 0.998498178939034, 0.001501821060965954
0, 0.999898178939034, 0.00010182106096595407
0, 0.999998178939034, 1.8210609659540776e-06
0, 0.999998178939034, 1.8210609659540776e-06
0, 0.999998178939034, 1.8210609659540776e-06
0, 0.998998178939034, 0.001001821060965954
0, 0.999798178939034, 0.00020182106096595408
0, 0.999998178939034, 1.8210609659540776e-06
0, 0.995798178939034, 0.004201821060965954
0, 0.998998178939034, 0.001001821060965954
0, 0.998998178939034, 0.001001821060965954
0, 0.997298178939034, 0.002701821060965954
0, 0.999898178939034, 0.00010182106096595407
0, 0.998898178939034, 0.001101821060965954
0, 0.999998178939034, 1.8210609659540776e-06
0, 0.999998178939034, 1.8210609659540776e-06
0, 0.998998178939034, 0.001001821060965954
0, 0.997898178939034, 0.002101821060965954
0, 0.995798178939034, 0.004201821060965954
0, 0.998398178939034, 0.001601821060965954
1, 0.3451, 0.6549
0, 0.994698178939034, 0.0053018210609659545
0, 0.999998178939034, 1.8210609659540776e-06
0, 0.999998178939034, 1.8210609659540776e-06
0, 0.998998178939034, 0.001001821060965954
0, 0.999998178939034, 1.8210609659540776e-06
0, 0.998998178939034, 0.001001821060965954
0, 0.999598178939034, 0.00040182106096595403
0, 0.997498178939034, 0.002501821060965954
0, 0.999098178939034, 0.0009018210609659541
0, 0.999798178939034, 0.00020182106096595408
0, 0.999998178939034, 1.8210609659540776e-06
0, 0.996298178939034, 0.003701821060965954
0, 0.999998178939034, 1.8210609659540776e-06
0, 0.999598178939034, 0.00040182106096595403
0, 0.999898178939034, 0.00010182106096595407
0, 0.999498178939034, 0.000501821060965954
0, 0.963898178939034, 0.036101821060965954
0, 0.999898178939034, 0.00010182106096595407
0, 0.992298178939034, 0.007701821060965955
1, 0.333, 0.667
0, 0.999998178939034, 1.8210609659540776e-06
0, 0.999998178939034, 1.8210609659540776e-06
0, 0.945698178939034, 0.05430182106096595
0, 0.999798178939034, 0.00020182106096595405
0, 0.999998178939034, 1.8210609659540776e-06
0, 0.980598178939034, 0.019401821060965954
0, 0.999998178939034, 1.8210609659540776e-06
0, 0.999998178939034, 1.8210609659540776e-06
0, 0.999998178939034, 1.8210609659540776e-06
0, 0.938998178939034, 0.06100182106096595
0, 0.997898178939034, 0.002101821060965954
0, 0.998498178939034, 0.001501821060965954
0, 0.971098178939034, 0.028901821060965956
0, 0.999798178939034, 0.00020182106096595408
0, 0.999698178939034, 0.0003018210609659541
1, 0.0103, 0.9897
0, 0.999998178939034, 1.8210609659540776e-06
0, 0.999998178939034, 1.8210609659540776e-06
0, 0.999898178939034, 0.00010182106096595407
0, 0.972898178939034, 0.027101821060965956
0, 0.999198178939034, 0.000801821060965954
0, 0.998998178939034, 0.001001821060965954
0, 0.999998178939034, 1.8210609659540776e-06
0, 0.999698178939034, 0.00030182106096595404
0, 0.998498178939034, 0.001501821060965954
0, 0.997098178939034, 0.0029018210609659542
0, 0.999498178939034, 0.000501821060965954
0, 0.999898178939034, 0.00010182106096595407
0, 0.999998178939034, 1.8210609659540776e-06
0, 0.999998178939034, 1.8210609659540776e-06
0, 0.999998178939034, 1.8210609659540776e-06
0, 0.999998178939034, 1.8210609659540776e-06
1, 0.5804, 0.4196
0, 0.999998178939034, 1.8210609659540776e-06
0, 0.9112, 0.0888
0, 0.999998178939034, 1.8210609659540776e-06
0, 0.999598178939034, 0.00040182106096595403
0, 0.998598178939034, 0.001401821060965954
0, 0.998498178939034, 0.001501821060965954
0, 0.970898178939034, 0.029101821060965954
0, 0.993898178939034, 0.006101821060965954
0, 0.999498178939034, 0.000501821060965954
0, 0.999998178939034, 1.8210609659540776e-06
0, 0.999898178939034, 0.00010182106096595407
0, 0.990798178939034, 0.009201821060965955
0, 0.999998178939034, 1.8210609659540776e-06
0, 0.991398178939034, 0.008601821060965955
0, 0.999998178939034, 1.8210609659540776e-06
0, 0.999998178939034, 1.8210609659540776e-06
0, 0.997098178939034, 0.0029018210609659542
0, 0.999198178939034, 0.000801821060965954
0, 0.999898178939034, 0.00010182106096595407
0, 0.999998178939034, 1.8210609659540776e-06
0, 0.999998178939034, 1.8210609659540776e-06
0, 0.999998178939034, 1.8210609659540776e-06
0, 0.999998178939034, 1.8210609659540776e-06
0, 0.999998178939034, 1.8210609659540776e-06
0, 0.999998178939034, 1.8210609659540776e-06
0, 0.999998178939034, 1.8210609659540776e-06
0, 0.999998178939034, 1.8210609659540776e-06
0, 0.999998178939034, 1.8210609659540776e-06
0, 0.999998178939034, 1.8210609659540776e-06
0, 0.999998178939034, 1.8210609659540776e-06
0, 0.999998178939034, 1.8210609659540776e-06
0, 0.997298178939034, 0.002701821060965954
0, 0.997598178939034, 0.0024018210609659542
0, 0.999198178939034, 0.000801821060965954
0, 0.998198178939034, 0.001801821060965954
0, 1.0, 0.0
0, 1.0, 0.0
0, 1.0, 0.0
0, 0.999998178939034, 1.8210609659540776e-06
0, 0.999998178939034, 1.8210609659540776e-06
0, 0.998298178939034, 0.0017018210609659541
0, 0.999998178939034, 1.8210609659540776e-06
0, 0.999998178939034, 1.8210609659540776e-06
0, 0.999898178939034, 0.00010182106096595407
0, 0.995998178939034, 0.004001821060965954
0, 0.999498178939034, 0.000501821060965954
0, 0.999498178939034, 0.000501821060965954
0, 0.999998178939034, 1.8210609659540776e-06
0, 0.999498178939034, 0.000501821060965954
0, 0.998698178939034, 0.001301821060965954
0, 0.999798178939034, 0.00020182106096595408
0, 0.991498178939034, 0.008501821060965954
0, 0.999998178939034, 1.8210609659540776e-06
0, 0.9998, 0.0002
0, 0.999998178939034, 1.8210609659540776e-06
0, 0.999898178939034, 0.00010182106096595407
0, 0.999998178939034, 1.8210609659540776e-06
0, 0.999998178939034, 1.8210609659540776e-06
0, 0.999998178939034, 1.8210609659540776e-06
0, 0.988098178939034, 0.011901821060965954
0, 0.9998, 0.0002
0, 0.9991, 0.0009
0, 0.9942, 0.0058
0, 0.999798178939034, 0.00020182106096595408
0, 0.999498178939034, 0.000501821060965954
0, 0.999998178939034, 1.8210609659540776e-06
0, 0.999798178939034, 0.00020182106096595408
0, 0.999398178939034, 0.0006018210609659541
0, 0.999798178939034, 0.00020182106096595408
0, 0.999998178939034, 1.8210609659540776e-06
0, 0.999998178939034, 1.8210609659540776e-06
0, 0.998898178939034, 0.001101821060965954
0, 0.997098178939034, 0.0029018210609659542
0, 0.999798178939034, 0.00020182106096595408
0, 0.999098178939034, 0.0009018210609659541
0, 0.999998178939034, 1.8210609659540776e-06
0, 0.9982, 0.0018
0, 0.999698178939034, 0.00030182106096595404
0, 0.999998178939034, 1.8210609659540776e-06
0, 0.999998178939034, 1.8210609659540776e-06
0, 0.999998178939034, 1.8210609659540776e-06
0, 0.999998178939034, 1.8210609659540776e-06
0, 0.999998178939034, 1.8210609659540776e-06
0, 0.999998178939034, 1.8210609659540776e-06
0, 0.999998178939034, 1.8210609659540776e-06
0, 0.999998178939034, 1.8210609659540776e-06
0, 0.999998178939034, 1.8210609659540776e-06
0, 0.999998178939034, 1.8210609659540776e-06
0, 0.999998178939034, 1.8210609659540776e-06
0, 0.999998178939034, 1.8210609659540776e-06
0, 0.999998178939034, 1.8210609659540776e-06
0, 0.995198178939034, 0.004801821060965954
0, 0.996998178939034, 0.003001821060965954
0, 0.982498178939034, 0.017501821060965955
0, 0.9948, 0.0052
0, 0.966598178939034, 0.03340182106096595
0, 0.948798178939034, 0.05120182106096595
0, 0.986898178939034, 0.013101821060965954
0, 0.9964, 0.0036
0, 0.9952, 0.0048
0, 0.9981, 0.0019
1, 0.2456, 0.7544
0, 0.9985, 0.0015
0, 0.9988, 0.0012
0, 0.997798178939034, 0.002201821060965954
0, 0.996798178939034, 0.003201821060965954
1, 0.3777, 0.6223
0, 0.912, 0.088
0, 0.990898178939034, 0.009101821060965954
0, 0.973798178939034, 0.026201821060965955
0, 0.9971, 0.0029
0, 0.991698178939034, 0.008301821060965955
0, 0.993398178939034, 0.006601821060965954
0, 0.997798178939034, 0.002201821060965954
0, 0.994898178939034, 0.005101821060965954
0, 0.997798178939034, 0.002201821060965954
1, 0.0001, 0.9999
0, 0.994898178939034, 0.005101821060965954
0, 0.3996, 0.6004
1, 0.009, 0.991
0, 0.986798178939034, 0.013201821060965955
0, 0.998298178939034, 0.0017018210609659541
0, 0.996798178939034, 0.003201821060965954
0, 0.996298178939034, 0.003701821060965954
0, 0.997298178939034, 0.002701821060965954
0, 0.997598178939034, 0.0024018210609659542
0, 0.995998178939034, 0.004001821060965954
0, 0.997498178939034, 0.002501821060965954
0, 0.996598178939034, 0.0034018210609659543
0, 0.996598178939034, 0.0034018210609659543
0, 0.997198178939034, 0.002801821060965954
0, 0.997798178939034, 0.002201821060965954
0, 0.997598178939034, 0.0024018210609659542
0, 0.995698178939034, 0.0043018210609659545
0, 0.993698178939034, 0.006301821060965954
0, 0.994598178939034, 0.005401821060965954
0, 0.993698178939034, 0.006301821060965954
0, 0.992698178939034, 0.0073018210609659545
0, 0.993798178939034, 0.006201821060965954
0, 0.992698178939034, 0.0073018210609659545
0, 0.992698178939034, 0.0073018210609659545
0, 0.989898178939034, 0.010101821060965955
0, 0.992698178939034, 0.0073018210609659545
0, 0.9715, 0.0285
0, 0.9621, 0.0379
0, 0.9667, 0.0333
0, 0.9641, 0.0359
0, 0.9582, 0.0418
0, 0.9677, 0.0323
0, 0.9572, 0.0428
0, 0.995198178939034, 0.004801821060965954
0, 0.995698178939034, 0.0043018210609659545
0, 0.993898178939034, 0.006101821060965954
0, 0.995198178939034, 0.004801821060965954
0, 0.995398178939034, 0.004601821060965954
0, 0.993998178939034, 0.006001821060965954
0, 0.995198178939034, 0.004801821060965954
0, 0.984498178939034, 0.015501821060965955
0, 0.983898178939034, 0.016101821060965953
0, 0.987098178939034, 0.012901821060965955
0, 0.983898178939034, 0.016101821060965953
0, 0.987998178939034, 0.012001821060965956
0, 0.986098178939034, 0.013901821060965954
0, 0.968498178939034, 0.031501821060965954
0, 0.964498178939034, 0.03550182106096596
0, 0.972998178939034, 0.027001821060965953
0, 0.974898178939034, 0.025101821060965954
0, 0.933098178939034, 0.06690182106096595
0, 0.954398178939034, 0.045601821060965955
0, 0.971598178939034, 0.028401821060965955
0, 0.972798178939034, 0.027201821060965956
0, 0.969298178939034, 0.030701821060965955
0, 0.963398178939034, 0.036601821060965954
0, 0.969998178939034, 0.030001821060965956
0, 0.957398178939034, 0.04260182106096595
0, 0.9988, 0.0012
1, 0.336, 0.664
0, 0.998798178939034, 0.0012018210609659541
0, 0.9689981789390341, 0.031001821060965953
0, 0.999098178939034, 0.0009018210609659541
0, 0.996298178939034, 0.003701821060965954
0, 0.5168, 0.4832
0, 0.4987, 0.5013
0, 0.4983, 0.5017
0, 0.7048, 0.2952
0, 0.4859, 0.5141
0, 0.4796, 0.5204
1, 0.0295, 0.9705
0, 0.990898178939034, 0.009101821060965954
0, 0.999898178939034, 0.00010182106096595407
0, 0.989598178939034, 0.010401821060965955
0, 0.999998178939034, 1.8210609659540776e-06
0, 0.999998178939034, 1.8210609659540776e-06
0, 0.999998178939034, 1.8210609659540776e-06
0, 0.999898178939034, 0.00010182106096595407
1, 0.314, 0.686
1, 0.999698178939034, 0.0003018210609659541
0, 0.964598178939034, 0.035401821060965954
0, 0.999798178939034, 0.00020182106096595408
0, 0.998298178939034, 0.0017018210609659541
0, 0.9981, 0.0019
0, 0.998498178939034, 0.001501821060965954
0, 0.999998178939034, 1.8210609659540776e-06
0, 0.999898178939034, 0.00010182106096595407
0, 0.999898178939034, 0.00010182106096595407
0, 0.999998178939034, 1.8210609659540776e-06
0, 0.999998178939034, 1.8210609659540776e-06
0, 0.999298178939034, 0.000701821060965954
0, 0.999998178939034, 1.8210609659540776e-06
0, 0.999998178939034, 1.8210609659540776e-06
0, 0.999898178939034, 0.00010182106096595407
0, 0.999998178939034, 1.8210609659540776e-06
0, 0.999998178939034, 1.8210609659540776e-06
0, 0.998598178939034, 0.001401821060965954
0, 0.999498178939034, 0.000501821060965954
0, 0.991898178939034, 0.008101821060965955
0, 0.999798178939034, 0.00020182106096595408
0, 0.9972, 0.0028
0, 0.999998178939034, 1.8210609659540776e-06
0, 0.999198178939034, 0.000801821060965954
0, 0.999898178939034, 0.00010182106096595407
0, 0.999798178939034, 0.00020182106096595408
0, 0.999998178939034, 1.8210609659540776e-06
0, 0.9982, 0.0018
0, 0.999998178939034, 1.8210609659540776e-06
0, 0.999998178939034, 1.8210609659540776e-06
0, 0.999898178939034, 0.00010182106096595407
0, 0.999998178939034, 1.8210609659540776e-06
0, 0.999798178939034, 0.00020182106096595408
0, 0.999998178939034, 1.8210609659540776e-06
0, 0.999998178939034, 1.8210609659540776e-06
0, 0.999098178939034, 0.0009018210609659541
0, 0.998098178939034, 0.001901821060965954
0, 0.999998178939034, 1.8210609659540776e-06
0, 0.999698178939034, 0.0003018210609659541
0, 0.999998178939034, 1.8210609659540776e-06
0, 0.991498178939034, 0.008501821060965954
0, 0.999898178939034, 0.00010182106096595407
0, 0.999998178939034, 1.8210609659540776e-06
0, 0.999998178939034, 1.8210609659540776e-06
0, 0.999998178939034, 1.8210609659540776e-06
0, 0.999798178939034, 0.00020182106096595408
0, 0.999998178939034, 1.8210609659540776e-06
0, 0.999898178939034, 0.00010182106096595407
0, 0.999698178939034, 0.0003018210609659541
0, 0.999998178939034, 1.8210609659540776e-06
0, 0.999998178939034, 1.8210609659540776e-06
0, 0.999898178939034, 0.00010182106096595407
0, 0.994598178939034, 0.005401821060965954
0, 0.993698178939034, 0.006301821060965954
0, 0.999098178939034, 0.0009018210609659541
0, 0.995498178939034, 0.004501821060965954
0, 0.999998178939034, 1.8210609659540776e-06
0, 0.999898178939034, 0.00010182106096595407
0, 0.999998178939034, 1.8210609659540776e-06
0, 0.999998178939034, 1.8210609659540776e-06
0, 0.999998178939034, 1.8210609659540776e-06
0, 0.999898178939034, 0.00010182106096595407
0, 0.999498178939034, 0.000501821060965954
0, 0.999898178939034, 0.00010182106096595407
0, 0.999898178939034, 0.00010182106096595407
0, 0.999698178939034, 0.0003018210609659541
0, 0.999998178939034, 1.8210609659540776e-06
0, 0.993698178939034, 0.006301821060965954
0, 0.999998178939034, 1.8210609659540776e-06
0, 0.999998178939034, 1.8210609659540776e-06
0, 0.995298178939034, 0.004701821060965954
0, 0.999998178939034, 1.8210609659540776e-06
0, 0.998598178939034, 0.001401821060965954
0, 0.999998178939034, 1.8210609659540776e-06
0, 0.999898178939034, 0.00010182106096595407
0, 0.999998178939034, 1.8210609659540776e-06
0, 0.999998178939034, 1.8210609659540776e-06
0, 0.999998178939034, 1.8210609659540776e-06
0, 0.9961, 0.0039
0, 0.9894, 0.0106
0, 0.9941, 0.0059
0, 0.986198178939034, 0.013801821060965955
0, 0.999998178939034, 1.8210609659540776e-06
0, 0.999898178939034, 0.00010182106096595407
0, 0.999098178939034, 0.0009018210609659541
0, 0.999998178939034, 1.8210609659540776e-06
0, 0.9987, 0.0013
0, 0.999798178939034, 0.00020182106096595408
0, 0.986898178939034, 0.013101821060965954
0, 0.987798178939034, 0.012201821060965954
0, 0.999998178939034, 1.8210609659540776e-06
0, 0.9985, 0.0015
0, 0.999998178939034, 1.8210609659540776e-06
0, 0.999898178939034, 0.00010182106096595407
0, 0.999998178939034, 1.8210609659540776e-06
0, 0.986898178939034, 0.013101821060965954
0, 0.999898178939034, 0.00010182106096595407
0, 0.999998178939034, 1.8210609659540776e-06
0, 0.999998178939034, 1.8210609659540776e-06
0, 0.999998178939034, 1.8210609659540776e-06
1, 0.986798178939034, 0.013201821060965955
0, 0.995998178939034, 0.004001821060965954
0, 0.979598178939034, 0.020401821060965955
0, 0.989098178939034, 0.010901821060965955
1, 0.957798178939034, 0.042201821060965955
1, 0.991998178939034, 0.008001821060965955
0, 0.999298178939034, 0.000701821060965954
0, 0.989698178939034, 0.010301821060965955
0, 0.999998178939034, 1.8210609659540776e-06
0, 0.999998178939034, 1.8210609659540776e-06
0, 0.986398178939034, 0.013601821060965955
0, 0.999598178939034, 0.00040182106096595403
0, 0.999098178939034, 0.0009018210609659541
0, 0.9989, 0.0011
0, 0.973298178939034, 0.026701821060965955
0, 0.945398178939034, 0.05460182106096595
0, 0.992498178939034, 0.007501821060965955
0, 0.992098178939034, 0.007901821060965954
0, 0.996498178939034, 0.003501821060965954
0, 0.972798178939034, 0.027201821060965956
0, 0.999898178939034, 0.00010182106096595407
0, 0.990598178939034, 0.009401821060965954
1, 0.968098178939034, 0.03190182106096595
0, 0.999998178939034, 1.8210609659540776e-06
0, 0.989898178939034, 0.010101821060965955
0, 0.999998178939034, 1.8210609659540776e-06
0, 0.990798178939034, 0.009201821060965955
0, 0.998098178939034, 0.001901821060965954
0, 0.999898178939034, 0.00010182106096595407
0, 0.999998178939034, 1.8210609659540776e-06
1, 0.999998178939034, 1.8210609659540776e-06
0, 0.941398178939034, 0.058601821060965946
0, 0.999998178939034, 1.8210609659540776e-06
0, 0.988398178939034, 0.011601821060965955
0, 0.986998178939034, 0.013001821060965955
0, 0.973498178939034, 0.026501821060965956
0, 0.999998178939034, 1.8210609659540776e-06
0, 0.967798178939034, 0.03220182106096595
0, 0.994598178939034, 0.005401821060965954
0, 0.986898178939034, 0.013101821060965954
0, 0.976798178939034, 0.023201821060965955
0, 0.999998178939034, 1.8210609659540776e-06
1, 0.999598178939034, 0.00040182106096595403
0, 0.999798178939034, 0.00020182106096595408
0, 0.979398178939034, 0.020601821060965954
1, 0.989298178939034, 0.010701821060965955
0, 0.990898178939034, 0.009101821060965954
0, 0.999998178939034, 1.8210609659540776e-06
0, 0.977798178939034, 0.022201821060965955
0, 0.980198178939034, 0.019801821060965955
1, 0.956598178939034, 0.043401821060965955
0, 0.990798178939034, 0.009201821060965955
0, 0.999898178939034, 0.00010182106096595407
0, 0.983898178939034, 0.016101821060965953
1, 0.982598178939034, 0.017401821060965956
0, 0.999098178939034, 0.0009018210609659541
0, 0.984398178939034, 0.015601821060965955
0, 0.971998178939034, 0.028001821060965954
0, 0.996998178939034, 0.003001821060965954
0, 0.971798178939034, 0.028201821060965956
1, 0.3232, 0.6768
0, 0.999998178939034, 1.8210609659540776e-06
0, 0.990098178939034, 0.009901821060965954
0, 0.999998178939034, 1.8210609659540776e-06
0, 0.998198178939034, 0.001801821060965954
1, 0.961898178939034, 0.038101821060965956
1, 0.0051, 0.9949
0, 0.985898178939034, 0.014101821060965955
0, 0.999998178939034, 1.8210609659540776e-06
0, 0.989698178939034, 0.010301821060965955
0, 0.987998178939034, 0.012001821060965956
0, 0.990398178939034, 0.009601821060965954
0, 0.9891981789390341, 0.010801821060965954
0, 0.999698178939034, 0.00030182106096595404
0, 0.998498178939034, 0.001501821060965954
0, 0.967498178939034, 0.032501821060965955
0, 0.999498178939034, 0.000501821060965954
0, 0.990098178939034, 0.009901821060965954
0, 0.999898178939034, 0.00010182106096595407
0, 0.999998178939034, 1.8210609659540776e-06
0, 0.999998178939034, 1.8210609659540776e-06
0, 0.9982, 0.0018
0, 0.9941981789390341, 0.005801821060965954
0, 0.999998178939034, 1.8210609659540776e-06
0, 0.999998178939034, 1.8210609659540776e-06
1, 0.0088, 0.9912
0, 0.999098178939034, 0.0009018210609659541
0, 0.999998178939034, 1.8210609659540776e-06
0, 0.987298178939034, 0.012701821060965955
0, 0.991298178939034, 0.008701821060965955
0, 0.965498178939034, 0.034501821060965956
0, 0.999998178939034, 1.8210609659540776e-06
0, 0.999898178939034, 0.00010182106096595407
0, 0.987598178939034, 0.012401821060965955
0, 0.999998178939034, 1.8210609659540776e-06
0, 0.999998178939034, 1.8210609659540776e-06
0, 0.999798178939034, 0.00020182106096595408
0, 0.999798178939034, 0.00020182106096595408
0, 0.999798178939034, 0.00020182106096595408
0, 0.999098178939034, 0.0009018210609659541
0, 0.999998178939034, 1.8210609659540776e-06
0, 0.998198178939034, 0.001801821060965954
0, 0.972398178939034, 0.027601821060965953
0, 0.987298178939034, 0.012701821060965955
0, 0.964198178939034, 0.03580182106096595
0, 0.989398178939034, 0.010601821060965955
0, 0.999898178939034, 0.00010182106096595407
0, 0.999998178939034, 1.8210609659540776e-06
0, 0.986898178939034, 0.013101821060965954
0, 0.975998178939034, 0.024001821060965954
0, 0.999998178939034, 1.8210609659540776e-06
0, 0.999998178939034, 1.8210609659540776e-06
0, 0.989498178939034, 0.010501821060965954
0, 0.986098178939034, 0.013901821060965954
0, 0.987898178939034, 0.012101821060965955
0, 0.999998178939034, 1.8210609659540776e-06
0, 0.969198178939034, 0.030801821060965955
0, 0.999298178939034, 0.000701821060965954
0, 0.999898178939034, 0.00010182106096595407
0, 0.9175, 0.0825
0, 0.9177, 0.0823
0, 0.9037, 0.0963
0, 0.9108, 0.0892
0, 0.9366, 0.0634
0, 0.9147, 0.0853
0, 0.8999, 0.1001
0, 0.915498178939034, 0.08450182106096595
0, 0.996598178939034, 0.0034018210609659543
0, 0.996998178939034, 0.003001821060965954
0, 0.998198178939034, 0.001801821060965954
0, 0.997298178939034, 0.002701821060965954
0, 0.995498178939034, 0.004501821060965954
0, 0.995498178939034, 0.004501821060965954
0, 0.998198178939034, 0.001801821060965954
0, 0.9316981789390341, 0.06830182106096595
0, 0.8802981789390341, 0.11970182106096595
0, 0.9968, 0.0032
0, 0.9971, 0.0029
0, 0.884398178939034, 0.11560182106096595
0, 0.9969, 0.0031
0, 0.9971, 0.0029
0, 0.925498178939034, 0.07450182106096595
0, 0.818698178939034, 0.18130182106096596
0, 0.943398178939034, 0.05660182106096595
0, 0.926598178939034, 0.07340182106096595
0, 0.931198178939034, 0.06880182106096595
0, 0.920498178939034, 0.07950182106096595
0, 0.933198178939034, 0.06680182106096595
0, 0.812898178939034, 0.18710182106096596
0, 0.894798178939034, 0.10520182106096596
0, 0.920398178939034, 0.07960182106096594
0, 0.882998178939034, 0.11700182106096595
0, 0.999998178939034, 1.8210609659540776e-06
0, 0.999998178939034, 1.8210609659540776e-06
0, 0.999998178939034, 1.8210609659540776e-06
0, 0.999998178939034, 1.8210609659540776e-06
0, 0.999998178939034, 1.8210609659540776e-06
0, 0.999998178939034, 1.8210609659540776e-06
0, 0.999998178939034, 1.8210609659540776e-06
0, 0.999998178939034, 1.8210609659540776e-06
0, 0.999998178939034, 1.8210609659540776e-06
0, 0.999998178939034, 1.8210609659540776e-06
0, 0.999998178939034, 1.8210609659540776e-06
0, 0.999998178939034, 1.8210609659540776e-06
0, 0.999498178939034, 0.000501821060965954
0, 0.986698178939034, 0.013301821060965955
1, 0.0066, 0.9934
0, 0.999998178939034, 1.8210609659540776e-06
0, 0.965898178939034, 0.03410182106096595
0, 0.998698178939034, 0.001301821060965954
0, 0.995998178939034, 0.004001821060965954
0, 0.998298178939034, 0.0017018210609659541
0, 0.999998178939034, 1.8210609659540776e-06
0, 0.999998178939034, 1.8210609659540776e-06
0, 0.999898178939034, 0.00010182106096595407
0, 0.999998178939034, 1.8210609659540776e-06
0, 0.999998178939034, 1.8210609659540776e-06
0, 0.994, 0.006
0, 0.9951, 0.0049
0, 0.9982, 0.0018
0, 0.9985, 0.0015
0, 0.9975, 0.0025
0, 0.9974, 0.0026
0, 0.998, 0.002
0, 0.9928, 0.0072
0, 0.999998178939034, 1.8210609659540776e-06
0, 0.999898178939034, 0.00010182106096595407
0, 0.999698178939034, 0.0003018210609659541
0, 0.999998178939034, 1.8210609659540776e-06
0, 0.998498178939034, 0.001501821060965954
0, 0.9977, 0.0023
0, 0.9826, 0.0174
0, 0.999998178939034, 1.8210609659540776e-06
0, 0.992, 0.008
0, 0.9978, 0.0022
0, 0.9931, 0.0069
0, 0.989498178939034, 0.010501821060965954
0, 0.999798178939034, 0.00020182106096595408
0, 0.999498178939034, 0.000501821060965954
0, 0.987898178939034, 0.012101821060965955
0, 0.999098178939034, 0.0009018210609659541
0, 0.982298178939034, 0.017701821060965954
0, 0.974198178939034, 0.025801821060965954
0, 0.999798178939034, 0.00020182106096595408
0, 0.999798178939034, 0.00020182106096595408
0, 0.999398178939034, 0.0006018210609659541
0, 0.988298178939034, 0.011701821060965954
0, 0.999998178939034, 1.8210609659540776e-06
0, 0.992298178939034, 0.007701821060965955
0, 0.997098178939034, 0.0029018210609659542
0, 0.998898178939034, 0.001101821060965954
0, 0.988998178939034, 0.011001821060965955
0, 0.9964, 0.0036
0, 0.982798178939034, 0.017201821060965954
0, 0.999798178939034, 0.00020182106096595408
0, 0.983898178939034, 0.016101821060965953
0, 0.9906, 0.0094
0, 0.9977, 0.0023
0, 0.989, 0.011
0, 0.9987, 0.0013
0, 0.9829, 0.0171
0, 0.9985, 0.0015
0, 0.9961, 0.0039
0, 0.990298178939034, 0.009701821060965956
0, 0.999998178939034, 1.8210609659540776e-06
0, 0.999998178939034, 1.8210609659540776e-06
0, 0.999998178939034, 1.8210609659540776e-06
0, 0.999998178939034, 1.8210609659540776e-06
0, 0.999998178939034, 1.8210609659540776e-06
0, 0.999998178939034, 1.8210609659540776e-06
0, 0.988798178939034, 0.011201821060965955
0, 0.999998178939034, 1.8210609659540776e-06
0, 0.999998178939034, 1.8210609659540776e-06
0, 0.999998178939034, 1.8210609659540776e-06
0, 0.999998178939034, 1.8210609659540776e-06
0, 0.999998178939034, 1.8210609659540776e-06
0, 0.999998178939034, 1.8210609659540776e-06
0, 0.9983, 0.0017
0, 0.9972, 0.0028
0, 0.904398178939034, 0.09560182106096594
0, 0.924998178939034, 0.07500182106096595
0, 0.917998178939034, 0.08200182106096594
0, 0.920298178939034, 0.07970182106096595
0, 0.9925, 0.0075
0, 0.995198178939034, 0.004801821060965954
0, 0.995198178939034, 0.004801821060965954
0, 0.995198178939034, 0.004801821060965954
0, 0.995198178939034, 0.004801821060965954
0, 0.995198178939034, 0.004801821060965954
0, 0.995198178939034, 0.004801821060965954
0, 0.995198178939034, 0.004801821060965954
0, 0.995198178939034, 0.004801821060965954
0, 0.995198178939034, 0.004801821060965954
0, 0.995198178939034, 0.004801821060965954
0, 0.995198178939034, 0.004801821060965954
0, 0.995398178939034, 0.004601821060965954
1, 0.0004, 0.9996
0, 0.994098178939034, 0.005901821060965954
1, 0.332, 0.668
0, 0.995198178939034, 0.004801821060965954
1, 0.959798178939034, 0.04020182106096595
1, 0.959298178939034, 0.040701821060965954
0, 0.991698178939034, 0.008301821060965955
0, 0.980998178939034, 0.019001821060965953
0, 0.996598178939034, 0.0034018210609659543
0, 0.9967, 0.0033
0, 0.964098178939034, 0.035901821060965955
0, 0.973998178939034, 0.026001821060965956
0, 0.995398178939034, 0.004601821060965954
1, 0.994098178939034, 0.005901821060965954
0, 0.9841, 0.0159
0, 0.946398178939034, 0.05360182106096595
0, 0.971298178939034, 0.028701821060965953
0, 0.970298178939034, 0.029701821060965954
0, 0.994398178939034, 0.005601821060965954
0, 0.999998178939034, 1.8210609659540776e-06
0, 0.965198178939034, 0.03480182106096596
0, 0.997798178939034, 0.002201821060965954
0, 0.974298178939034, 0.025701821060965954
0, 0.920398178939034, 0.07960182106096594
0, 0.894298178939034, 0.10570182106096596
0, 0.999998178939034, 1.8210609659540776e-06
0, 0.998598178939034, 0.001401821060965954
0, 0.955498178939034, 0.04450182106096595
0, 0.984998178939034, 0.015001821060965955
0, 0.996398178939034, 0.003601821060965954
0, 0.995598178939034, 0.004401821060965954
1, 0.0184, 0.9816
0, 0.821798178939034, 0.17820182106096594
0, 0.829498178939034, 0.17050182106096595
0, 0.875998178939034, 0.12400182106096595
0, 0.858698178939034, 0.14130182106096595
0, 0.816498178939034, 0.18350182106096594
0, 0.737398178939034, 0.26260182106096597
0, 0.817298178939034, 0.18270182106096594
0, 0.817498178939034, 0.18250182106096594
0, 0.819498178939034, 0.18050182106096596
0, 0.876798178939034, 0.12320182106096594
0, 0.881498178939034, 0.11850182106096595
0, 0.854498178939034, 0.14550182106096596
0, 0.888198178939034, 0.11180182106096595
0, 0.858698178939034, 0.14130182106096595
0, 0.867898178939034, 0.13210182106096596
0, 0.846398178939034, 0.15360182106096595
0, 0.922798178939034, 0.07720182106096594
0, 0.856998178939034, 0.14300182106096596
0, 0.859098178939034, 0.14090182106096594
0, 0.861398178939034, 0.13860182106096594
0, 0.860198178939034, 0.13980182106096595
0, 0.817198178939034, 0.18280182106096596
0, 0.888998178939034, 0.11100182106096596
0, 0.881998178939034, 0.11800182106096595
0, 0.805798178939034, 0.19420182106096595
0, 0.915998178939034, 0.08400182106096594
0, 0.916998178939034, 0.08300182106096594
0, 0.790298178939034, 0.20970182106096594
0, 0.851798178939034, 0.14820182106096594
0, 0.816498178939034, 0.18350182106096594
0, 0.9729, 0.0271
0, 0.878198178939034, 0.12180182106096595
0, 0.859198178939034, 0.14080182106096595
1, 0.3562, 0.6438
0, 0.888698178939034, 0.11130182106096595
0, 0.924498178939034, 0.07550182106096595
0, 0.9923, 0.0077
0, 0.993998178939034, 0.006001821060965954
0, 0.993098178939034, 0.006901821060965954
0, 0.994898178939034, 0.005101821060965954
0, 0.992798178939034, 0.007201821060965955
0, 0.999998178939034, 1.8210609659540776e-06
0, 0.996898178939034, 0.003101821060965954
0, 0.955398178939034, 0.044601821060965954
0, 0.960398178939034, 0.03960182106096596
0, 0.999998178939034, 1.8210609659540776e-06
0, 0.999998178939034, 1.8210609659540776e-06
0, 0.975298178939034, 0.024701821060965953
0, 0.992798178939034, 0.007201821060965955
1, 0.0253, 0.9747
0, 0.962398178939034, 0.037601821060965955
0, 0.999998178939034, 1.8210609659540776e-06
0, 0.976898178939034, 0.023101821060965956
0, 0.992398178939034, 0.007601821060965954
0, 0.955698178939034, 0.04430182106096595
0, 0.9911981789390341, 0.008801821060965954
0, 0.992898178939034, 0.007101821060965955
0, 0.933998178939034, 0.06600182106096594
0, 0.985998178939034, 0.014001821060965956
0, 0.986798178939034, 0.013201821060965955
0, 0.912698178939034, 0.08730182106096594
0, 0.989498178939034, 0.010501821060965954
0, 0.989398178939034, 0.010601821060965955
0, 0.933498178939034, 0.06650182106096594
0, 0.953998178939034, 0.04600182106096595
0, 0.967298178939034, 0.032701821060965953
0, 0.971598178939034, 0.028401821060965955
0, 0.972398178939034, 0.027601821060965953
1, 0.003, 0.997
0, 0.955498178939034, 0.04450182106096595
1, 0.0043, 0.9957
0, 0.982, 0.018
0, 0.948498178939034, 0.05150182106096595
0, 0.962598178939034, 0.037401821060965956
0, 0.942098178939034, 0.05790182106096595
0, 0.951198178939034, 0.04880182106096596
0, 0.999998178939034, 1.8210609659540776e-06
0, 0.987698178939034, 0.012301821060965955
0, 0.995398178939034, 0.004601821060965954
1, 0.3574, 0.6426
0, 0.976698178939034, 0.023301821060965955
0, 0.968798178939034, 0.031201821060965956
1, 0.3568, 0.6432
0, 0.990998178939034, 0.009001821060965955
1, 0.0049, 0.9951
0, 0.993998178939034, 0.006001821060965954
0, 0.940498178939034, 0.05950182106096595
1, 0.3436, 0.6564
0, 0.942998178939034, 0.05700182106096595
1, 0.3418, 0.6582
1, 0.3573, 0.6427
1, 0.3437, 0.6563
0, 0.940498178939034, 0.05950182106096595
0, 0.9982, 0.0018
1, 0.3433, 0.6567
1, 0.3339, 0.6661
1, 0.3504, 0.6496
0, 0.881598178939034, 0.11840182106096594
1, 0.3398, 0.6602
0, 0.9276981789390341, 0.07230182106096594
1, 0.3434, 0.6566
1, 0.3434, 0.6566
1, 0.0118, 0.9882
1, 0.3493, 0.6507
0, 0.9266981789390341, 0.07330182106096594
1, 0.3452, 0.6548
1, 0.3512, 0.6488
1, 0.3462, 0.6538
1, 0.3436, 0.6564
0, 0.9905, 0.0095
1, 0.3401, 0.6599
1, 0.3457, 0.6543
1, 0.3443, 0.6557
0, 0.9276981789390341, 0.07230182106096594
1, 0.3442, 0.6558
0, 0.925698178939034, 0.07430182106096594
0, 0.9266981789390341, 0.07330182106096594
1, 0.3406, 0.6594
0, 0.9926, 0.0074
1, 0.3434, 0.6566
0, 0.942898178939034, 0.05710182106096595
0, 0.9905, 0.0095
0, 0.9983, 0.0017
1, 0.3448, 0.6552
0, 0.943498178939034, 0.05650182106096595
1, 0.3438, 0.6562
1, 0.3434, 0.6566
1, 0.3408, 0.6592
0, 0.9926, 0.0074
1, 0.3436, 0.6564
0, 0.941098178939034, 0.05890182106096595
1, 0.3509, 0.6491
1, 0.0126, 0.9874
0, 0.9983, 0.0017
0, 0.998, 0.002
1, 0.342, 0.658
0, 0.9925, 0.0075
1, 0.0124, 0.9876
1, 0.0117, 0.9883
1, 0.3443, 0.6557
0, 0.944798178939034, 0.055201821060965946
0, 0.944698178939034, 0.05530182106096595
1, 0.3435, 0.6565
1, 0.0124, 0.9876
0, 0.9911, 0.0089
0, 0.9926, 0.0074
1, 0.3434, 0.6566
0, 0.943098178939034, 0.056901821060965946
1, 0.3411, 0.6589
1, 0.343, 0.657
1, 0.342, 0.658
1, 0.3407, 0.6593
1, 0.3375, 0.6625
1, 0.3456, 0.6544
0, 0.940698178939034, 0.05930182106096595
0, 0.881598178939034, 0.11840182106096594
0, 0.9734, 0.0266
1, 0.0121, 0.9879
0, 0.941098178939034, 0.05890182106096595
0, 0.940598178939034, 0.05940182106096595
0, 0.940898178939034, 0.059101821060965946
0, 0.902198178939034, 0.09780182106096595
0, 0.925798178939034, 0.07420182106096596
0, 0.9743, 0.0257
1, 0.980498178939034, 0.019501821060965954
1, 0.012, 0.988
1, 0.0103, 0.9897
0, 0.940698178939034, 0.05930182106096595
0, 0.9808, 0.0192
0, 0.942898178939034, 0.05710182106096595
0, 0.925798178939034, 0.07420182106096596
0, 0.925798178939034, 0.07420182106096596
0, 0.846798178939034, 0.15320182106096594
0, 0.925798178939034, 0.07420182106096596
0, 0.941198178939034, 0.05880182106096595
0, 0.859498178939034, 0.14050182106096595
0, 0.905698178939034, 0.09430182106096595
0, 0.9338, 0.0662
0, 0.9266981789390341, 0.07330182106096594
0, 0.941098178939034, 0.05890182106096595
0, 0.859498178939034, 0.14050182106096595
0, 0.940198178939034, 0.059801821060965946
0, 0.9745, 0.0255
1, 0.887998178939034, 0.11200182106096596
0, 0.9374, 0.0626
0, 0.9899, 0.0101
0, 0.9338, 0.0662
0, 0.9886, 0.0114
0, 0.874598178939034, 0.12540182106096595
0, 0.9887, 0.0113
0, 0.9894, 0.0106
0, 0.9899, 0.0101
0, 0.921398178939034, 0.07860182106096594
0, 0.922698178939034, 0.07730182106096595
0, 0.9408, 0.0592
0, 0.927898178939034, 0.07210182106096595
0, 0.9433, 0.0567
0, 0.9887, 0.0113
0, 0.927798178939034, 0.07220182106096595
0, 0.919998178939034, 0.08000182106096596
0, 0.9296981789390341, 0.07030182106096595
0, 0.884898178939034, 0.11510182106096595
0, 0.886298178939034, 0.11370182106096595
0, 0.925198178939034, 0.07480182106096595
0, 0.884898178939034, 0.11510182106096595
0, 0.923298178939034, 0.07670182106096594
0, 0.925398178939034, 0.07460182106096595
0, 0.925198178939034, 0.07480182106096595
0, 0.927998178939034, 0.07200182106096595
0, 0.928098178939034, 0.07190182106096595
0, 0.928098178939034, 0.07190182106096595
0, 0.927798178939034, 0.07220182106096595
0, 0.922298178939034, 0.07770182106096594
0, 0.927998178939034, 0.07200182106096595
0, 0.927798178939034, 0.07220182106096595
0, 0.9887, 0.0113
0, 0.921298178939034, 0.07870182106096595
0, 0.9882, 0.0118
0, 0.9884, 0.0116
0, 0.9348, 0.0652
0, 0.9887, 0.0113
0, 0.9804, 0.0196
0, 0.946798178939034, 0.05320182106096595
0, 0.9386, 0.0614
0, 0.946398178939034, 0.05360182106096595
0, 0.884598178939034, 0.11540182106096594
0, 0.924998178939034, 0.07500182106096595
0, 0.846698178939034, 0.15330182106096596
0, 0.924698178939034, 0.07530182106096595
0, 0.947598178939034, 0.05240182106096595
0, 0.920298178939034, 0.07970182106096595
0, 0.946398178939034, 0.05360182106096595
0, 0.923198178939034, 0.07680182106096595
0, 0.946498178939034, 0.05350182106096595
0, 0.9697, 0.0303
0, 0.9637, 0.0363
0, 0.947398178939034, 0.05260182106096595
0, 0.950398178939034, 0.04960182106096595
0, 0.946398178939034, 0.05360182106096595
0, 0.947398178939034, 0.05260182106096595
0, 0.991798178939034, 0.008201821060965954
0, 0.946398178939034, 0.05360182106096595
0, 0.9416, 0.0584
0, 0.952198178939034, 0.047801821060965956
0, 0.930198178939034, 0.06980182106096595
0, 0.946998178939034, 0.05300182106096595
0, 0.946398178939034, 0.05360182106096595
0, 0.947698178939034, 0.052301821060965946
0, 0.9912, 0.0088
0, 0.936998178939034, 0.06300182106096595
0, 0.946098178939034, 0.05390182106096595
0, 0.936998178939034, 0.06300182106096595
0, 0.946398178939034, 0.05360182106096595
0, 0.948598178939034, 0.05140182106096595
0, 0.943598178939034, 0.05640182106096595
1, 0.3501, 0.6499
0, 0.945598178939034, 0.05440182106096595
0, 0.946198178939034, 0.05380182106096595
0, 0.982, 0.018
0, 0.946198178939034, 0.05380182106096595
0, 0.9508981789390341, 0.04910182106096595
0, 0.947498178939034, 0.05250182106096595
0, 0.947098178939034, 0.05290182106096595
0, 0.846798178939034, 0.15320182106096594
0, 0.945698178939034, 0.05430182106096595
1, 0.879798178939034, 0.12020182106096595
0, 0.946598178939034, 0.05340182106096595
0, 0.974098178939034, 0.025901821060965956
0, 0.946198178939034, 0.05380182106096595
0, 0.948598178939034, 0.05140182106096595
0, 0.891198178939034, 0.10880182106096595
0, 0.891098178939034, 0.10890182106096595
0, 0.882198178939034, 0.11780182106096596
0, 0.882898178939034, 0.11710182106096595
0, 0.938698178939034, 0.06130182106096595
0, 0.891198178939034, 0.10880182106096595
0, 0.936098178939034, 0.06390182106096595
0, 0.946898178939034, 0.05310182106096595
0, 0.971098178939034, 0.028901821060965956
0, 0.821498178939034, 0.17850182106096596
0, 0.8802981789390341, 0.11970182106096595
0, 0.793298178939034, 0.20670182106096596
0, 0.847398178939034, 0.15260182106096595
0, 0.99, 0.01
0, 0.885298178939034, 0.11470182106096595
0, 0.869498178939034, 0.13050182106096594
0, 0.988, 0.012
0, 0.9919, 0.0081
0, 0.720598178939034, 0.27940182106096595
0, 0.809898178939034, 0.19010182106096596
0, 0.825198178939034, 0.17480182106096595
0, 0.680598178939034, 0.31940182106096593
0, 0.857898178939034, 0.14210182106096594
0, 0.824498178939034, 0.17550182106096596
0, 0.9266981789390341, 0.07330182106096594
0, 0.921798178939034, 0.07820182106096595
0, 0.724298178939034, 0.27570182106096597
0, 0.854498178939034, 0.14550182106096596
0, 0.865998178939034, 0.13400182106096595
0, 0.852798178939034, 0.14720182106096594
0, 0.444198178939034, 0.555801821060966
0, 0.876998178939034, 0.12300182106096595
0, 0.850698178939034, 0.14930182106096596
0, 0.860498178939034, 0.13950182106096595
0, 0.849598178939034, 0.15040182106096595
0, 0.919998178939034, 0.08000182106096596
0, 0.821298178939034, 0.17870182106096594
0, 0.999998178939034, 1.8210609659540776e-06
0, 0.999998178939034, 1.8210609659540776e-06
0, 0.999998178939034, 1.8210609659540776e-06
0, 0.999998178939034, 1.8210609659540776e-06
0, 0.999998178939034, 1.8210609659540776e-06
0, 0.999998178939034, 1.8210609659540776e-06
0, 0.999998178939034, 1.8210609659540776e-06
0, 0.999998178939034, 1.8210609659540776e-06
0, 0.999998178939034, 1.8210609659540776e-06
0, 0.999998178939034, 1.8210609659540776e-06
0, 0.999998178939034, 1.8210609659540776e-06
0, 0.999998178939034, 1.8210609659540776e-06
0, 0.999898178939034, 0.00010182106096595407
0, 0.999998178939034, 1.8210609659540776e-06
0, 0.999898178939034, 0.00010182106096595407
0, 0.999998178939034, 1.8210609659540776e-06
0, 0.999898178939034, 0.00010182106096595407
0, 0.999998178939034, 1.8210609659540776e-06
0, 0.999998178939034, 1.8210609659540776e-06
0, 0.999998178939034, 1.8210609659540776e-06
0, 0.999898178939034, 0.00010182106096595407
0, 0.999998178939034, 1.8210609659540776e-06
0, 0.999898178939034, 0.00010182106096595407
0, 0.999998178939034, 1.8210609659540776e-06
0, 0.8066981789390341, 0.19330182106096594
0, 0.873298178939034, 0.12670182106096595
0, 0.432, 0.568
0, 0.686, 0.314
0, 0.4223, 0.5777
0, 0.4439, 0.5561
0, 0.849398178939034, 0.15060182106096595
0, 0.961798178939034, 0.03820182106096595
0, 0.989298178939034, 0.010701821060965955
1, 0.988198178939034, 0.011801821060965955
0, 0.995798178939034, 0.004201821060965954
1, 0.0067, 0.9933
0, 0.928398178939034, 0.07160182106096595
0, 0.993098178939034, 0.006901821060965954
0, 0.964598178939034, 0.035401821060965954
1, 0.993098178939034, 0.006901821060965954
0, 0.936398178939034, 0.06360182106096594
0, 0.945898178939034, 0.05410182106096595
0, 0.967498178939034, 0.032501821060965955
0, 0.988398178939034, 0.011601821060965955
0, 0.930798178939034, 0.06920182106096595
0, 0.935498178939034, 0.06450182106096596
0, 0.932098178939034, 0.06790182106096596
0, 0.931198178939034, 0.06880182106096595
0, 0.994998178939034, 0.005001821060965954
1, 0.0053, 0.9947
0, 0.972398178939034, 0.027601821060965953
0, 0.986498178939034, 0.013501821060965955
0, 0.9938, 0.0062
0, 0.950198178939034, 0.04980182106096596
0, 0.923198178939034, 0.07680182106096595
0, 0.953498178939034, 0.04650182106096595
0, 0.992998178939034, 0.007001821060965955
0, 0.998198178939034, 0.001801821060965954
0, 0.947798178939034, 0.05220182106096595
0, 0.947898178939034, 0.05210182106096595
0, 0.999898178939034, 0.00010182106096595407
0, 0.969, 0.031
0, 0.993598178939034, 0.006401821060965955
0, 0.994498178939034, 0.005501821060965954
0, 0.999698178939034, 0.0003018210609659541
0, 0.998298178939034, 0.0017018210609659541
0, 0.999098178939034, 0.0009018210609659541
0, 0.999598178939034, 0.00040182106096595403
0, 0.4881, 0.5119
1, 0.0244, 0.9756
0, 0.999298178939034, 0.000701821060965954
0, 0.972898178939034, 0.027101821060965956
0, 0.999098178939034, 0.0009018210609659541
0, 0.994598178939034, 0.005401821060965954
0, 0.969998178939034, 0.030001821060965956
0, 0.994098178939034, 0.005901821060965954
0, 0.990898178939034, 0.009101821060965954
0, 0.941498178939034, 0.05850182106096595
0, 0.874198178939034, 0.12580182106096596
0, 0.926798178939034, 0.07320182106096595
0, 0.990298178939034, 0.009701821060965956
0, 0.993898178939034, 0.006101821060965954
0, 0.960798178939034, 0.03920182106096595
0, 0.991898178939034, 0.008101821060965955
0, 0.972698178939034, 0.027301821060965955
0, 0.982398178939034, 0.017601821060965955
0, 0.992098178939034, 0.007901821060965954
0, 0.992798178939034, 0.007201821060965955
0, 0.901398178939034, 0.09860182106096595
0, 0.999998178939034, 1.8210609659540776e-06
0, 0.999998178939034, 1.8210609659540776e-06
0, 0.999798178939034, 0.00020182106096595405
0, 0.999798178939034, 0.00020182106096595405
0, 0.999798178939034, 0.00020182106096595405
0, 0.999998178939034, 1.8210609659540776e-06
0, 0.996898178939034, 0.003101821060965954
0, 0.999798178939034, 0.00020182106096595405
0, 0.999998178939034, 1.8210609659540776e-06
0, 0.999798178939034, 0.00020182106096595405
0, 0.999698178939034, 0.0003018210609659541
0, 0.999998178939034, 1.8210609659540776e-06
0, 0.999998178939034, 1.8210609659540776e-06
0, 0.8268981789390341, 0.17310182106096594
1, 0.3353, 0.6647
0, 0.961998178939034, 0.03800182106096595
0, 0.952498178939034, 0.047501821060965954
0, 0.860798178939034, 0.13920182106096596
0, 0.860698178939034, 0.13930182106096595
0, 0.787698178939034, 0.21230182106096596
0, 0.876098178939034, 0.12390182106096595
1, 0.3458, 0.6542
1, 0.3409, 0.6591
1, 0.3448, 0.6552
1, 0.3452, 0.6548
1, 0.3475, 0.6525
1, 0.3457, 0.6543
1, 0.3521, 0.6479
1, 0.3431, 0.6569
1, 0.3431, 0.6569
1, 0.345, 0.655
1, 0.3411, 0.6589
0, 0.952398178939034, 0.04760182106096596
1, 0.3374, 0.6626
0, 0.956798178939034, 0.043201821060965956
0, 0.956798178939034, 0.043201821060965956
0, 0.948298178939034, 0.05170182106096595
0, 0.953498178939034, 0.04650182106096595
0, 0.951798178939034, 0.04820182106096595
0, 0.946698178939034, 0.05330182106096595
0, 0.949098178939034, 0.050901821060965954
0, 0.984398178939034, 0.015601821060965955
0, 0.9518981789390341, 0.04810182106096596
0, 0.990998178939034, 0.009001821060965955
0, 0.998098178939034, 0.001901821060965954
0, 0.985898178939034, 0.014101821060965955
0, 0.911198178939034, 0.08880182106096594
0, 0.9927, 0.0073
0, 0.9911, 0.0089
0, 0.9925, 0.0075
0, 0.9892, 0.0108
0, 0.993, 0.007
0, 0.9925, 0.0075
0, 0.971498178939034, 0.028501821060965955
0, 0.975298178939034, 0.024701821060965953
0, 0.975898178939034, 0.024101821060965953
0, 0.973998178939034, 0.026001821060965956
0, 0.976998178939034, 0.023001821060965953
0, 0.939398178939034, 0.06060182106096595
0, 0.976198178939034, 0.023801821060965955
0, 0.977298178939034, 0.022701821060965955
0, 0.984898178939034, 0.015101821060965954
0, 0.9891981789390341, 0.010801821060965954
0, 0.992098178939034, 0.007901821060965954
0, 0.4953, 0.5047
0, 0.4791, 0.5209
0, 0.518, 0.482
0, 0.9947, 0.0053
0, 0.4897, 0.5103
0, 0.4899, 0.5101
0, 0.4899, 0.5101
0, 0.4829, 0.5171
0, 0.4783, 0.5217
0, 0.4786, 0.5214
0, 0.4787, 0.5213
0, 0.4827, 0.5173
0, 0.4828, 0.5172
0, 0.4805, 0.5195
0, 0.5021, 0.4979
0, 0.5019, 0.4981
0, 0.5015, 0.4985
0, 0.5006, 0.4994
0, 0.983698178939034, 0.016301821060965956
0, 0.990298178939034, 0.009701821060965956
0, 0.988598178939034, 0.011401821060965954
0, 0.990498178939034, 0.009501821060965955
0, 0.988498178939034, 0.011501821060965955
0, 0.979598178939034, 0.020401821060965955
0, 0.990798178939034, 0.009201821060965955
0, 0.994498178939034, 0.005501821060965954
0, 0.993398178939034, 0.006601821060965954
0, 0.993998178939034, 0.006001821060965954
0, 0.4028, 0.5972
0, 0.3949, 0.6051
0, 0.3962, 0.6038
1, 0.001, 0.999
1, 0.0008, 0.9992
1, 0.0063, 0.9937
1, 0.0072, 0.9928
1, 0.0059, 0.9941
1, 0.001, 0.999
1, 0.001, 0.999
1, 0.0018, 0.9982
1, 0.0069, 0.9931
1, 0.0059, 0.9941
1, 0.0059, 0.9941
1, 0.0015, 0.9985
1, 0.001, 0.999
1, 0.0015, 0.9985
1, 0.0081, 0.9919
1, 0.0011, 0.9989
1, 0.0077, 0.9923
1, 0.0065, 0.9935
1, 0.0074, 0.9926
1, 0.0077, 0.9923
1, 0.0074, 0.9926
1, 0.0018, 0.9982
1, 0.0011, 0.9989
1, 0.0373, 0.9627
1, 0.0067, 0.9933
1, 0.0074, 0.9926
1, 0.0018, 0.9982
1, 0.0067, 0.9933
1, 0.0379, 0.9621
1, 0.001, 0.999
1, 0.0073, 0.9927
1, 0.0074, 0.9926
1, 0.0059, 0.9941
1, 0.001, 0.999
1, 0.0015, 0.9985
1, 0.001, 0.999
1, 0.0008, 0.9992
1, 0.0381, 0.9619
1, 0.0072, 0.9928
1, 0.0069, 0.9931
1, 0.0015, 0.9985
1, 0.0404, 0.9596
1, 0.0018, 0.9982
1, 0.0011, 0.9989
1, 0.0059, 0.9941
1, 0.001, 0.999
1, 0.0426, 0.9574
1, 0.0011, 0.9989
1, 0.0015, 0.9985
1, 0.001, 0.999
1, 0.0018, 0.9982
1, 0.0059, 0.9941
1, 0.001, 0.999
1, 0.0015, 0.9985
1, 0.0073, 0.9927
1, 0.0014, 0.9986
1, 0.0015, 0.9985
1, 0.0059, 0.9941
1, 0.0015, 0.9985
1, 0.001, 0.999
1, 0.0009, 0.9991
1, 0.0008, 0.9992
1, 0.0073, 0.9927
1, 0.0073, 0.9927
1, 0.0014, 0.9986
1, 0.3457, 0.6543
1, 0.3444, 0.6556
1, 0.3445, 0.6555
0, 0.9639, 0.0361
0, 0.9624, 0.0376
0, 0.9686, 0.0314
0, 0.9667, 0.0333
0, 0.9719, 0.0281
0, 0.9695, 0.0305
0, 0.9611, 0.0389
0, 0.9675, 0.0325
0, 0.9673, 0.0327
0, 0.9643, 0.0357
0, 0.9642, 0.0358
0, 0.9664, 0.0336
0, 0.9579, 0.0421
0, 0.9584, 0.0416
0, 0.9699, 0.0301
0, 0.9693, 0.0307
0, 0.9706, 0.0294
0, 0.9688, 0.0312
0, 0.9671, 0.0329
0, 0.9659, 0.0341
0, 0.969, 0.031
0, 0.965, 0.035
0, 0.9722, 0.0278
0, 0.9537, 0.0463
0, 0.9708, 0.0292
0, 0.9723, 0.0277
0, 0.9983, 0.0017
0, 0.9707, 0.0293
0, 0.9683, 0.0317
0, 0.954, 0.046
0, 0.9631, 0.0369
0, 0.9647, 0.0353
0, 0.9607, 0.0393
0, 0.9673, 0.0327
0, 0.9624, 0.0376
0, 0.9625, 0.0375
0, 0.9639, 0.0361
0, 0.9673, 0.0327
0, 0.9623, 0.0377
0, 0.9622, 0.0378
0, 0.9672, 0.0328
0, 0.9656, 0.0344
0, 0.9656, 0.0344
0, 0.9652, 0.0348
0, 0.964, 0.036
0, 0.9669, 0.0331
0, 0.9659, 0.0341
0, 0.9658, 0.0342
0, 0.9636, 0.0364
0, 0.9658, 0.0342
0, 0.9674, 0.0326
0, 0.9654, 0.0346
0, 0.9639, 0.0361
0, 0.9686, 0.0314
0, 0.9657, 0.0343
0, 0.9613, 0.0387
0, 0.9563, 0.0437
0, 0.9565, 0.0435
0, 0.9536, 0.0464
0, 0.9974, 0.0026
0, 0.9212, 0.0788
0, 0.966, 0.034
0, 0.962, 0.038
0, 0.9549, 0.0451
0, 0.9669, 0.0331
0, 0.9563, 0.0437
0, 0.9773, 0.0227
0, 0.96, 0.04
0, 0.9658, 0.0342
0, 0.965, 0.035
0, 0.9698, 0.0302
0, 0.9687, 0.0313
0, 0.9585, 0.0415
0, 0.9645, 0.0355
0, 0.9645, 0.0355
0, 0.9647, 0.0353
0, 0.97, 0.03
0, 0.9652, 0.0348
0, 0.9685, 0.0315
0, 0.9708, 0.0292
0, 0.9683, 0.0317
0, 0.9628, 0.0372
0, 0.9644, 0.0356
0, 0.9658, 0.0342
0, 0.9618, 0.0382
0, 0.9643, 0.0357
0, 0.9607, 0.0393
0, 0.962, 0.038
0, 0.9683, 0.0317
0, 0.9639, 0.0361
0, 0.9654, 0.0346
0, 0.9646, 0.0354
0, 0.9652, 0.0348
0, 0.9653, 0.0347
0, 0.9657, 0.0343
0, 0.9681, 0.0319
0, 0.9648, 0.0352
0, 0.9639, 0.0361
0, 0.9654, 0.0346
0, 0.9663, 0.0337
0, 0.9692, 0.0308
0, 0.9639, 0.0361
0, 0.959, 0.041
0, 0.9654, 0.0346
0, 0.9628, 0.0372
0, 0.9632, 0.0368
0, 0.9631, 0.0369
0, 0.9638, 0.0362
0, 0.9643, 0.0357
0, 0.9637, 0.0363
0, 0.9661, 0.0339
0, 0.9647, 0.0353
0, 0.9575, 0.0425
0, 0.9628, 0.0372
0, 0.9663, 0.0337
0, 0.9635, 0.0365
0, 0.9648, 0.0352
0, 0.9639, 0.0361
0, 0.9663, 0.0337
0, 0.9648, 0.0352
0, 0.9654, 0.0346
0, 0.9681, 0.0319
0, 0.9592, 0.0408
0, 0.9683, 0.0317
0, 0.9643, 0.0357
0, 0.9652, 0.0348
0, 0.9654, 0.0346
0, 0.9646, 0.0354
0, 0.9618, 0.0382
0, 0.9644, 0.0356
0, 0.9637, 0.0363
0, 0.9653, 0.0347
0, 0.9686, 0.0314
0, 0.9628, 0.0372
0, 0.9644, 0.0356
0, 0.9663, 0.0337
0, 0.9659, 0.0341
0, 0.9692, 0.0308
0, 0.9632, 0.0368
0, 0.9663, 0.0337
0, 0.9663, 0.0337
0, 0.9644, 0.0356
0, 0.9657, 0.0343
0, 0.9628, 0.0372
0, 0.9648, 0.0352
0, 0.9632, 0.0368
0, 0.9687, 0.0313
0, 0.9626, 0.0374
0, 0.9572, 0.0428
0, 0.984, 0.016
0, 0.9718, 0.0282
0, 0.9941, 0.0059
0, 0.9791, 0.0209
0, 0.982, 0.018
0, 0.9882, 0.0118
0, 0.9879, 0.0121
0, 0.9719, 0.0281
0, 0.9718, 0.0282
0, 0.9817, 0.0183
0, 0.9682, 0.0318
0, 0.9718, 0.0282
0, 0.9694, 0.0306
0, 0.9931, 0.0069
0, 0.985, 0.015
0, 0.9794, 0.0206
0, 0.9603, 0.0397
0, 0.9688, 0.0312
0, 0.9047, 0.0953
0, 0.9912, 0.0088
0, 0.9837, 0.0163
0, 0.9921, 0.0079
0, 0.9667, 0.0333
0, 0.9927, 0.0073
0, 0.9914, 0.0086
0, 0.9933, 0.0067
0, 0.9944, 0.0056
0, 0.9921, 0.0079
0, 0.994, 0.006
0, 0.995, 0.005
0, 0.9886, 0.0114
0, 0.9914, 0.0086
0, 0.9673, 0.0327
0, 0.9927, 0.0073
0, 0.9331, 0.0669
0, 0.9507, 0.0493
0, 0.9693, 0.0307
0, 0.9816, 0.0184
0, 0.942, 0.058
0, 0.9845, 0.0155
0, 0.954, 0.046
0, 0.9797, 0.0203
0, 0.961, 0.039
0, 0.9751, 0.0249
0, 0.9678, 0.0322
0, 0.9516, 0.0484
0, 0.95, 0.05
0, 0.9821, 0.0179
0, 0.9543, 0.0457
0, 0.9597, 0.0403
0, 0.97, 0.03
0, 0.9516, 0.0484
0, 0.9809, 0.0191
0, 0.9497, 0.0503
0, 0.986, 0.014
0, 0.9944, 0.0056
0, 0.995, 0.005
0, 0.9825, 0.0175
0, 0.9945, 0.0055
0, 0.9729, 0.0271
0, 0.9819, 0.0181
0, 0.9823, 0.0177
0, 0.9845, 0.0155
0, 0.9794, 0.0206
0, 0.9521, 0.0479
0, 0.9726, 0.0274
0, 0.9568, 0.0432
0, 0.9599, 0.0401
0, 0.9678, 0.0322
0, 0.9513, 0.0487
0, 0.9641, 0.0359
0, 0.954, 0.046
0, 0.9618, 0.0382
0, 0.9695, 0.0305
0, 0.9675, 0.0325
0, 0.9795, 0.0205
0, 0.9564, 0.0436
0, 0.9663, 0.0337
0, 0.9626, 0.0374
0, 0.9669, 0.0331
0, 0.9687, 0.0313
0, 0.9669, 0.0331
0, 0.9653, 0.0347
0, 0.9673, 0.0327
0, 0.962, 0.038
0, 0.9665, 0.0335
0, 0.9642, 0.0358
0, 0.9666, 0.0334
0, 0.9669, 0.0331
0, 0.9656, 0.0344
0, 0.964, 0.036
0, 0.9672, 0.0328
0, 0.9669, 0.0331
0, 0.9647, 0.0353
0, 0.9674, 0.0326
0, 0.9664, 0.0336
0, 0.9674, 0.0326
0, 0.9673, 0.0327
0, 0.9672, 0.0328
0, 0.966, 0.034
0, 0.9669, 0.0331
0, 0.9669, 0.0331
0, 0.9633, 0.0367
0, 0.9669, 0.0331
0, 0.9659, 0.0341
0, 0.967, 0.033
0, 0.964, 0.036
0, 0.9673, 0.0327
0, 0.9627, 0.0373
0, 0.9663, 0.0337
0, 0.9638, 0.0362
0, 0.9669, 0.0331
0, 0.9673, 0.0327
0, 0.9669, 0.0331
0, 0.9669, 0.0331
0, 0.9669, 0.0331
0, 0.9639, 0.0361
0, 0.967, 0.033
0, 0.9674, 0.0326
0, 0.9687, 0.0313
0, 0.967, 0.033
0, 0.9637, 0.0363
0, 0.9669, 0.0331
0, 0.9671, 0.0329
0, 0.967, 0.033
0, 0.9639, 0.0361
0, 0.9662, 0.0338
0, 0.9669, 0.0331
0, 0.9655, 0.0345
0, 0.9641, 0.0359
0, 0.9654, 0.0346
0, 0.9617, 0.0383
0, 0.9674, 0.0326
0, 0.9601, 0.0399
0, 0.9668, 0.0332
0, 0.9662, 0.0338
0, 0.9592, 0.0408
0, 0.9678, 0.0322
0, 0.9673, 0.0327
0, 0.9642, 0.0358
0, 0.9659, 0.0341
0, 0.9674, 0.0326
0, 0.963, 0.037
0, 0.9675, 0.0325
0, 0.9673, 0.0327
0, 0.967, 0.033
0, 0.9675, 0.0325
0, 0.9648, 0.0352
0, 0.9657, 0.0343
0, 0.9646, 0.0354
0, 0.9667, 0.0333
0, 0.967, 0.033
0, 0.9696, 0.0304
0, 0.9659, 0.0341
0, 0.9633, 0.0367
0, 0.9648, 0.0352
0, 0.9641, 0.0359
0, 0.9648, 0.0352
0, 0.9644, 0.0356
0, 0.9668, 0.0332
0, 0.9615, 0.0385
0, 0.9648, 0.0352
0, 0.9644, 0.0356
0, 0.9675, 0.0325
0, 0.9669, 0.0331
0, 0.9675, 0.0325
0, 0.9664, 0.0336
0, 0.9525, 0.0475
0, 0.964, 0.036
0, 0.9677, 0.0323
0, 0.9654, 0.0346
0, 0.9666, 0.0334
0, 0.9678, 0.0322
0, 0.9635, 0.0365
0, 0.9674, 0.0326
0, 0.9684, 0.0316
0, 0.9672, 0.0328
0, 0.9853, 0.0147
0, 0.9673, 0.0327
0, 0.9688, 0.0312
0, 0.9643, 0.0357
0, 0.966, 0.034
0, 0.9662, 0.0338
0, 0.9662, 0.0338
0, 0.9641, 0.0359
0, 0.9652, 0.0348
0, 0.9574, 0.0426
0, 0.9637, 0.0363
0, 0.9639, 0.0361
0, 0.9678, 0.0322
0, 0.9645, 0.0355
0, 0.9659, 0.0341
0, 0.9675, 0.0325
0, 0.9675, 0.0325
0, 0.9366, 0.0634
0, 0.9543, 0.0457
0, 0.9677, 0.0323
0, 0.9673, 0.0327
0, 0.9659, 0.0341
0, 0.9677, 0.0323
0, 0.9552, 0.0448
0, 0.9648, 0.0352
0, 0.9637, 0.0363
0, 0.9666, 0.0334
0, 0.9579, 0.0421
0, 0.9661, 0.0339
0, 0.9688, 0.0312
0, 0.967, 0.033
0, 0.9624, 0.0376
0, 0.9681, 0.0319
0, 0.9638, 0.0362
0, 0.9641, 0.0359
0, 0.9644, 0.0356
0, 0.9644, 0.0356
0, 0.9648, 0.0352
0, 0.957, 0.043
0, 0.9556, 0.0444
0, 0.9648, 0.0352
0, 0.9576, 0.0424
0, 0.9774, 0.0226
0, 0.9663, 0.0337
0, 0.9669, 0.0331
0, 0.9675, 0.0325
0, 0.9574, 0.0426
0, 0.9618, 0.0382
0, 0.9646, 0.0354
0, 0.964, 0.036
0, 0.9647, 0.0353
0, 0.9678, 0.0322
0, 0.9641, 0.0359
0, 0.9663, 0.0337
0, 0.9648, 0.0352
0, 0.9645, 0.0355
0, 0.9574, 0.0426
0, 0.9677, 0.0323
0, 0.9647, 0.0353
0, 0.9675, 0.0325
0, 0.9678, 0.0322
0, 0.9643, 0.0357
0, 0.9675, 0.0325
0, 0.9661, 0.0339
0, 0.9637, 0.0363
0, 0.9641, 0.0359
0, 0.9632, 0.0368
0, 0.9478, 0.0522
0, 0.9622, 0.0378
0, 0.9448, 0.0552
0, 0.9652, 0.0348
0, 0.9571, 0.0429
0, 0.9637, 0.0363
0, 0.9628, 0.0372
0, 0.9483, 0.0517
0, 0.9658, 0.0342
0, 0.9553, 0.0447
0, 0.9622, 0.0378
0, 0.9619, 0.0381
0, 0.9455, 0.0545
0, 0.9411, 0.0589
0, 0.9441, 0.0559
0, 0.9534, 0.0466
0, 0.947, 0.053
0, 0.9358, 0.0642
0, 0.9488, 0.0512
0, 0.9531, 0.0469
0, 0.9665, 0.0335
0, 0.9606, 0.0394
0, 0.9467, 0.0533
0, 0.9832, 0.0168
0, 0.9761, 0.0239
0, 0.9919, 0.0081
0, 0.9669, 0.0331
0, 0.9631, 0.0369
0, 0.966, 0.034
0, 0.9645, 0.0355
0, 0.9627, 0.0373
0, 0.9545, 0.0455
0, 0.9584, 0.0416
0, 0.971, 0.029
0, 0.9718, 0.0282
0, 0.9718, 0.0282
0, 0.9717, 0.0283
0, 0.9717, 0.0283
0, 0.971, 0.029
0, 0.971, 0.029
0, 0.9718, 0.0282
0, 0.971, 0.029
0, 0.9718, 0.0282
0, 0.971, 0.029
0, 0.971, 0.029
0, 0.9678, 0.0322
0, 0.9685, 0.0315
0, 0.9714, 0.0286
0, 0.9685, 0.0315
0, 0.9685, 0.0315
0, 0.9678, 0.0322
0, 0.9678, 0.0322
0, 0.9678, 0.0322
0, 0.9678, 0.0322
0, 0.9684, 0.0316
0, 0.9684, 0.0316
0, 0.9678, 0.0322
0, 0.9681, 0.0319
0, 0.9629, 0.0371
0, 0.9647, 0.0353
0, 0.9628, 0.0372
0, 0.959, 0.041
0, 0.9583, 0.0417
0, 0.9663, 0.0337
0, 0.9524, 0.0476
0, 0.9663, 0.0337
0, 0.9647, 0.0353
0, 0.9639, 0.0361
0, 0.9631, 0.0369
0, 0.9765, 0.0235
0, 0.9811, 0.0189
0, 0.9149, 0.0851
0, 0.9653, 0.0347
0, 0.9447, 0.0553
0, 0.884, 0.116
0, 0.8963, 0.1037
0, 0.9648, 0.0352
0, 0.9697, 0.0303
0, 0.9819, 0.0181
0, 0.9625, 0.0375
0, 0.9646, 0.0354
0, 0.9956, 0.0044
0, 0.9814, 0.0186
0, 0.9979, 0.0021
0, 0.986, 0.014
0, 0.9507, 0.0493
0, 0.9654, 0.0346
0, 0.9814, 0.0186
0, 0.9675, 0.0325
0, 0.9695, 0.0305
0, 0.9592, 0.0408
0, 0.9587, 0.0413
0, 0.9401, 0.0599
0, 0.9729, 0.0271
0, 0.9993, 0.0007
0, 0.9991, 0.0009
0, 0.9991, 0.0009
0, 0.9575, 0.0425
0, 0.9991, 0.0009
0, 0.9978, 0.0022
0, 0.9985, 0.0015
0, 0.9688, 0.0312
0, 0.9625, 0.0375
0, 0.9625, 0.0375
0, 0.969, 0.031
0, 0.967, 0.033
0, 0.9648, 0.0352
0, 0.9694, 0.0306
0, 0.9868, 0.0132
0, 0.9723, 0.0277
0, 0.9721, 0.0279
0, 0.9928, 0.0072
0, 0.9946, 0.0054
0, 0.9936, 0.0064
0, 0.9943, 0.0057
0, 0.9596, 0.0404
0, 0.9877, 0.0123
0, 0.9879, 0.0121
0, 0.9646, 0.0354
0, 0.9662, 0.0338
0, 0.9207, 0.0793
0, 0.9721, 0.0279
0, 0.9702, 0.0298
0, 0.9722, 0.0278
0, 0.9711, 0.0289
0, 0.9721, 0.0279
0, 0.9702, 0.0298
0, 0.9722, 0.0278
0, 0.9702, 0.0298
0, 0.9702, 0.0298
0, 0.9657, 0.0343
0, 0.9702, 0.0298
0, 0.9722, 0.0278
0, 0.9721, 0.0279
0, 0.9885, 0.0115
0, 0.998, 0.002
0, 0.9974, 0.0026
0, 0.9988, 0.0012
0, 0.9997, 0.0003
0, 0.998, 0.002
0, 0.9991, 0.0009
0, 0.9995, 0.0005
0, 0.9803, 0.0197
0, 0.9671, 0.0329
0, 0.9697, 0.0303
0, 0.9827, 0.0173
0, 0.9582, 0.0418
0, 0.9829, 0.0171
0, 0.9857, 0.0143
0, 0.9588, 0.0412
0, 0.9798, 0.0202
0, 0.9895, 0.0105
0, 0.9705, 0.0295
0, 0.9906, 0.0094
0, 0.9803, 0.0197
0, 0.981, 0.019
0, 0.9606, 0.0394
0, 0.9518, 0.0482
0, 0.9729, 0.0271
0, 0.9907, 0.0093
0, 0.9712, 0.0288
0, 0.9847, 0.0153
0, 0.996, 0.004
0, 0.9933, 0.0067
0, 0.9947, 0.0053
0, 0.9907, 0.0093
0, 0.982, 0.018
0, 0.9939, 0.0061
0, 0.991, 0.009
0, 0.9901, 0.0099
0, 0.9813, 0.0187
0, 0.9891, 0.0109
0, 0.9904, 0.0096
0, 0.9899, 0.0101
0, 0.9898, 0.0102
0, 0.9875, 0.0125
0, 0.9853, 0.0147
0, 0.9914, 0.0086
0, 0.9807, 0.0193
0, 0.9853, 0.0147
0, 0.9914, 0.0086
0, 0.9875, 0.0125
0, 0.9875, 0.0125
0, 0.9853, 0.0147
0, 0.9915, 0.0085
0, 0.9892, 0.0108
0, 0.9888, 0.0112
0, 0.9893, 0.0107
0, 0.976, 0.024
0, 0.9839, 0.0161
0, 0.991, 0.009
0, 0.9798, 0.0202
0, 0.9284, 0.0716
0, 0.938, 0.062
0, 0.982, 0.018
0, 0.9811, 0.0189
0, 0.9906, 0.0094
0, 0.9904, 0.0096
0, 0.9688, 0.0312
0, 0.9398, 0.0602
0, 0.9665, 0.0335
0, 0.9881, 0.0119
0, 0.9786, 0.0214
0, 0.9863, 0.0137
0, 0.9855, 0.0145
0, 0.9614, 0.0386
0, 0.8986, 0.1014
0, 0.9901, 0.0099
0, 0.9871, 0.0129
0, 0.9457, 0.0543
0, 0.9835, 0.0165
0, 0.9857, 0.0143
0, 0.9841, 0.0159
0, 0.9819, 0.0181
0, 0.9822, 0.0178
0, 0.982, 0.018
0, 0.9802, 0.0198
0, 0.9664, 0.0336
0, 0.9831, 0.0169
0, 0.9611, 0.0389
0, 0.9883, 0.0117
0, 0.9312, 0.0688
0, 0.989, 0.011
0, 0.9655, 0.0345
0, 0.9845, 0.0155
0, 0.9658, 0.0342
0, 0.9926, 0.0074
0, 0.9854, 0.0146
0, 0.9926, 0.0074
0, 0.9912, 0.0088
0, 0.9922, 0.0078
0, 0.9484, 0.0516
0, 0.9946, 0.0054
0, 0.9888, 0.0112
0, 0.9404, 0.0596
0, 0.9863, 0.0137
0, 0.9856, 0.0144
0, 0.939, 0.061
0, 0.9869, 0.0131
0, 0.987, 0.013
0, 0.9565, 0.0435
0, 0.9806, 0.0194
0, 0.9626, 0.0374
0, 0.9574, 0.0426
0, 0.979, 0.021
0, 0.979, 0.021
0, 0.9739, 0.0261
0, 0.974, 0.026
0, 0.9609, 0.0391
0, 0.9695, 0.0305
0, 0.9715, 0.0285
0, 0.9774, 0.0226
0, 0.9743, 0.0257
0, 0.9044, 0.0956
0, 0.9569, 0.0431
0, 0.9724, 0.0276
0, 0.9708, 0.0292
0, 0.9807, 0.0193
0, 0.9759, 0.0241
0, 0.9777, 0.0223
0, 0.9745, 0.0255
0, 0.97, 0.03
0, 0.9966, 0.0034
1, 0.995398178939034, 0.004601821060965954
1, 0.993498178939034, 0.006501821060965955
1, 0.985298178939034, 0.014701821060965955
1, 0.974898178939034, 0.025101821060965954
1, 0.971998178939034, 0.028001821060965954
1, 0.985798178939034, 0.014201821060965954
1, 0.966698178939034, 0.03330182106096596
1, 0.993898178939034, 0.006101821060965954
1, 0.9911981789390341, 0.008801821060965954
1, 0.989498178939034, 0.010501821060965954
1, 0.977998178939034, 0.022001821060965956
1, 0.924898178939034, 0.07510182106096595
1, 0.993898178939034, 0.006101821060965954
1, 0.970198178939034, 0.029801821060965954
1, 0.994798178939034, 0.005201821060965954
1, 0.981898178939034, 0.018101821060965955
1, 0.994898178939034, 0.005101821060965954
1, 0.993398178939034, 0.006601821060965954
1, 0.994598178939034, 0.005401821060965954
1, 0.961998178939034, 0.03800182106096595
1, 0.994398178939034, 0.005601821060965954
1, 0.990698178939034, 0.009301821060965955
1, 0.994698178939034, 0.0053018210609659545
1, 0.987998178939034, 0.012001821060965956
1, 0.994898178939034, 0.005101821060965954
1, 0.994398178939034, 0.005601821060965954
1, 0.987898178939034, 0.012101821060965955
1, 0.993798178939034, 0.006201821060965954
1, 0.0093, 0.9907
1, 0.994998178939034, 0.005001821060965954
1, 0.9941981789390341, 0.005801821060965954
1, 0.990598178939034, 0.009401821060965954
1, 0.994598178939034, 0.005401821060965954
1, 0.9921981789390341, 0.007801821060965955
1, 0.990498178939034, 0.009501821060965955
1, 0.990998178939034, 0.009001821060965955
1, 0.991998178939034, 0.008001821060965955
1, 0.991098178939034, 0.008901821060965955
1, 0.990098178939034, 0.009901821060965954
1, 0.994598178939034, 0.005401821060965954
1, 0.993298178939034, 0.006701821060965955
1, 0.9941981789390341, 0.005801821060965954
1, 0.993598178939034, 0.006401821060965955
1, 0.993898178939034, 0.006101821060965954
1, 0.993798178939034, 0.006201821060965954
1, 0.9941981789390341, 0.005801821060965954
1, 0.9941981789390341, 0.005801821060965954
1, 0.994898178939034, 0.005101821060965954
1, 0.993498178939034, 0.006501821060965955
1, 0.994498178939034, 0.005501821060965954
1, 0.994698178939034, 0.0053018210609659545
1, 0.9941981789390341, 0.005801821060965954
1, 0.991998178939034, 0.008001821060965955
1, 0.991998178939034, 0.008001821060965955
1, 0.982298178939034, 0.017701821060965954
1, 0.982198178939034, 0.017801821060965953
1, 0.920798178939034, 0.07920182106096595
1, 0.991998178939034, 0.008001821060965955
1, 0.954798178939034, 0.04520182106096596
1, 0.994098178939034, 0.005901821060965954
1, 0.969498178939034, 0.030501821060965956
1, 0.982798178939034, 0.017201821060965954
1, 0.977898178939034, 0.022101821060965955
1, 0.9941981789390341, 0.005801821060965954
1, 0.908198178939034, 0.09180182106096595
1, 0.989298178939034, 0.010701821060965955
1, 0.982398178939034, 0.017601821060965955
1, 0.9882, 0.0118
1, 0.973098178939034, 0.026901821060965954
1, 0.995198178939034, 0.004801821060965954
1, 0.992398178939034, 0.007601821060965954
1, 0.995398178939034, 0.004601821060965954
1, 0.9921981789390341, 0.007801821060965955
1, 0.986398178939034, 0.013601821060965955
1, 0.995498178939034, 0.004501821060965954
1, 0.991798178939034, 0.008201821060965954
1, 0.991898178939034, 0.008101821060965955
1, 0.995298178939034, 0.004701821060965954
1, 0.993898178939034, 0.006101821060965954
1, 0.991898178939034, 0.008101821060965955
1, 0.9941981789390341, 0.005801821060965954
1, 0.994798178939034, 0.005201821060965954
1, 0.992498178939034, 0.007501821060965955
1, 0.992798178939034, 0.007201821060965955
1, 0.994798178939034, 0.005201821060965954
1, 0.994398178939034, 0.005601821060965954
1, 0.995098178939034, 0.004901821060965954
1, 0.991998178939034, 0.008001821060965955
1, 0.992898178939034, 0.007101821060965955
1, 0.990298178939034, 0.009701821060965956
1, 0.991998178939034, 0.008001821060965955
1, 0.992098178939034, 0.007901821060965954
1, 0.994998178939034, 0.005001821060965954
1, 0.992598178939034, 0.007401821060965955
1, 0.994798178939034, 0.005201821060965954
1, 0.991698178939034, 0.008301821060965955
1, 0.994298178939034, 0.005701821060965954
1, 0.992698178939034, 0.0073018210609659545
1, 0.994298178939034, 0.005701821060965954
1, 0.9891981789390341, 0.010801821060965954
1, 0.992498178939034, 0.007501821060965955
1, 0.994898178939034, 0.005101821060965954
1, 0.9941981789390341, 0.005801821060965954
1, 0.992098178939034, 0.007901821060965954
1, 0.989698178939034, 0.010301821060965955
1, 0.993898178939034, 0.006101821060965954
1, 0.993798178939034, 0.006201821060965954
1, 0.994998178939034, 0.005001821060965954
1, 0.993898178939034, 0.006101821060965954
1, 0.992098178939034, 0.007901821060965954
1, 0.991998178939034, 0.008001821060965955
1, 0.992998178939034, 0.007001821060965955
1, 0.994798178939034, 0.005201821060965954
1, 0.994798178939034, 0.005201821060965954
1, 0.993898178939034, 0.006101821060965954
1, 0.994698178939034, 0.0053018210609659545
1, 0.992698178939034, 0.0073018210609659545
1, 0.992498178939034, 0.007501821060965955
1, 0.9941981789390341, 0.005801821060965954
1, 0.994998178939034, 0.005001821060965954
1, 0.991698178939034, 0.008301821060965955
1, 0.992898178939034, 0.007101821060965955
1, 0.994398178939034, 0.005601821060965954
1, 0.991998178939034, 0.008001821060965955
1, 0.995198178939034, 0.004801821060965954
1, 0.992498178939034, 0.007501821060965955
1, 0.989298178939034, 0.010701821060965955
1, 0.994098178939034, 0.005901821060965954
1, 0.992598178939034, 0.007401821060965955
1, 0.992598178939034, 0.007401821060965955
1, 0.992098178939034, 0.007901821060965954
1, 0.993798178939034, 0.006201821060965954
1, 0.992098178939034, 0.007901821060965954
1, 0.994998178939034, 0.005001821060965954
1, 0.995098178939034, 0.004901821060965954
1, 0.994998178939034, 0.005001821060965954
1, 0.994298178939034, 0.005701821060965954
1, 0.994998178939034, 0.005001821060965954
1, 0.994298178939034, 0.005701821060965954
1, 0.992098178939034, 0.007901821060965954
1, 0.993798178939034, 0.006201821060965954
1, 0.993798178939034, 0.006201821060965954
1, 0.992098178939034, 0.007901821060965954
1, 0.9826, 0.0174
1, 0.982198178939034, 0.017801821060965953
1, 0.9931981789390341, 0.006801821060965955
1, 0.980198178939034, 0.019801821060965955
1, 0.990298178939034, 0.009701821060965956
1, 0.4167, 0.5833
1, 0.989998178939034, 0.010001821060965956
1, 0.4032, 0.5968
1, 0.988798178939034, 0.011201821060965955
1, 0.991898178939034, 0.008101821060965955
1, 0.992098178939034, 0.007901821060965954
1, 0.9941981789390341, 0.005801821060965954
1, 0.9921981789390341, 0.007801821060965955
1, 0.992798178939034, 0.007201821060965955
1, 0.3766, 0.6234
1, 0.989498178939034, 0.010501821060965954
1, 0.994598178939034, 0.005401821060965954
1, 0.9941981789390341, 0.005801821060965954
1, 0.993798178939034, 0.006201821060965954
1, 0.9941981789390341, 0.005801821060965954
1, 0.970198178939034, 0.029801821060965954
1, 0.989298178939034, 0.010701821060965955
1, 0.979998178939034, 0.020001821060965954
1, 0.988198178939034, 0.011801821060965955
1, 0.3862, 0.6138
1, 0.968598178939034, 0.03140182106096596
1, 0.992798178939034, 0.007201821060965955
1, 0.988198178939034, 0.011801821060965955
1, 0.3786, 0.6214
1, 0.3724, 0.6276
1, 0.983898178939034, 0.016101821060965953
1, 0.988398178939034, 0.011601821060965955
1, 0.986098178939034, 0.013901821060965954
1, 0.962698178939034, 0.03730182106096595
1, 0.3702, 0.6298
1, 0.984998178939034, 0.015001821060965955
1, 0.983498178939034, 0.016501821060965954
1, 0.945498178939034, 0.054501821060965946
1, 0.989398178939034, 0.010601821060965955
1, 0.960298178939034, 0.03970182106096595
1, 0.989798178939034, 0.010201821060965954
1, 0.961198178939034, 0.038801821060965955
1, 0.942698178939034, 0.05730182106096595
1, 0.985298178939034, 0.014701821060965955
1, 0.982598178939034, 0.017401821060965956
1, 0.988698178939034, 0.011301821060965955
1, 0.991598178939034, 0.008401821060965955
1, 0.989098178939034, 0.010901821060965955
1, 0.984698178939034, 0.015301821060965955
1, 0.3819, 0.6181
1, 0.975098178939034, 0.024901821060965956
1, 0.989898178939034, 0.010101821060965955
1, 0.987998178939034, 0.012001821060965956
1, 0.3898, 0.6102
1, 0.954698178939034, 0.045301821060965954
1, 0.988598178939034, 0.011401821060965954
1, 0.962398178939034, 0.037601821060965955
1, 0.991498178939034, 0.008501821060965954
1, 0.981398178939034, 0.018601821060965956
1, 0.981398178939034, 0.018601821060965956
1, 0.396, 0.604
1, 0.977898178939034, 0.022101821060965955
1, 0.979298178939034, 0.020701821060965953
1, 0.987098178939034, 0.012901821060965955
1, 0.4009, 0.5991
1, 0.987898178939034, 0.012101821060965955
1, 0.986698178939034, 0.013301821060965955
1, 0.984498178939034, 0.015501821060965955
1, 0.988598178939034, 0.011401821060965954
1, 0.982898178939034, 0.017101821060965954
1, 0.3956, 0.6044
1, 0.3978, 0.6022
1, 0.990598178939034, 0.009401821060965954
1, 0.985098178939034, 0.014901821060965955
1, 0.960698178939034, 0.039301821060965955
1, 0.3764, 0.6236
1, 0.9800981789390341, 0.019901821060965955
1, 0.988098178939034, 0.011901821060965954
1, 0.981598178939034, 0.018401821060965953
1, 0.987898178939034, 0.012101821060965955
1, 0.977198178939034, 0.022801821060965954
1, 0.3998, 0.6002
1, 0.988298178939034, 0.011701821060965954
1, 0.982198178939034, 0.017801821060965953
1, 0.3962, 0.6038
1, 0.945898178939034, 0.05410182106096595
1, 0.9891981789390341, 0.010801821060965954
1, 0.9911981789390341, 0.008801821060965954
1, 0.991098178939034, 0.008901821060965955
1, 0.992698178939034, 0.0073018210609659545
1, 0.988898178939034, 0.011101821060965954
1, 0.984498178939034, 0.015501821060965955
1, 0.987398178939034, 0.012601821060965955
1, 0.992098178939034, 0.007901821060965954
1, 0.991898178939034, 0.008101821060965955
1, 0.984198178939034, 0.015801821060965955
1, 0.9810981789390341, 0.018901821060965954
1, 0.952398178939034, 0.04760182106096596
1, 0.990398178939034, 0.009601821060965954
1, 0.9810981789390341, 0.018901821060965954
1, 0.989798178939034, 0.010201821060965954
1, 0.989598178939034, 0.010401821060965955
1, 0.929498178939034, 0.07050182106096595
1, 0.9135981789390341, 0.08640182106096594
1, 0.979898178939034, 0.020101821060965953
1, 0.983698178939034, 0.016301821060965956
1, 0.989598178939034, 0.010401821060965955
1, 0.979998178939034, 0.020001821060965954
1, 0.987398178939034, 0.012601821060965955
1, 0.957698178939034, 0.04230182106096596
1, 0.932698178939034, 0.06730182106096595
1, 0.962698178939034, 0.03730182106096595
1, 0.929798178939034, 0.07020182106096595
1, 0.961898178939034, 0.038101821060965956
1, 0.975498178939034, 0.024501821060965955
1, 0.975698178939034, 0.024301821060965956
1, 0.9810981789390341, 0.018901821060965954
1, 0.3848, 0.6152
1, 0.979298178939034, 0.020701821060965953
1, 0.3816, 0.6184
1, 0.981798178939034, 0.018201821060965954
1, 0.982998178939034, 0.017001821060965955
1, 0.980198178939034, 0.019801821060965955
1, 0.980398178939034, 0.019601821060965956
0, 0.9869, 0.0131
0, 0.9809, 0.0191
0, 0.9732, 0.0268
0, 0.974, 0.026
0, 0.9862, 0.0138
0, 0.9427, 0.0573
0, 0.9878, 0.0122
1, 0.952498178939034, 0.047501821060965954
1, 0.4035, 0.5965
1, 0.921798178939034, 0.07820182106096595
1, 0.962198178939034, 0.037801821060965954
1, 0.974598178939034, 0.025401821060965956
1, 0.984398178939034, 0.015601821060965955
1, 0.984398178939034, 0.015601821060965955
1, 0.984298178939034, 0.015701821060965956
1, 0.984198178939034, 0.015801821060965955
1, 0.984198178939034, 0.015801821060965955
1, 0.984398178939034, 0.015601821060965955
1, 0.984398178939034, 0.015601821060965955
1, 0.984198178939034, 0.015801821060965955
1, 0.984198178939034, 0.015801821060965955
1, 0.984398178939034, 0.015601821060965955
1, 0.984398178939034, 0.015601821060965955
1, 0.984198178939034, 0.015801821060965955
1, 0.981998178939034, 0.018001821060965956
1, 0.981998178939034, 0.018001821060965956
1, 0.984398178939034, 0.015601821060965955
1, 0.982098178939034, 0.017901821060965956
1, 0.982198178939034, 0.017801821060965953
1, 0.982198178939034, 0.017801821060965953
1, 0.982198178939034, 0.017801821060965953
1, 0.981998178939034, 0.018001821060965956
1, 0.981998178939034, 0.018001821060965956
1, 0.982198178939034, 0.017801821060965953
1, 0.982198178939034, 0.017801821060965953
1, 0.981998178939034, 0.018001821060965956
1, 0.981398178939034, 0.018601821060965956
1, 0.984398178939034, 0.015601821060965955
1, 0.978998178939034, 0.021001821060965955
1, 0.973698178939034, 0.026301821060965954
1, 0.9649, 0.0351
1, 0.373, 0.627
1, 0.984398178939034, 0.015601821060965955
1, 0.981398178939034, 0.018601821060965956
1, 0.978998178939034, 0.021001821060965955
1, 0.984298178939034, 0.015701821060965956
1, 0.978998178939034, 0.021001821060965955
1, 0.981498178939034, 0.018501821060965956
1, 0.984598178939034, 0.015401821060965954
1, 0.978298178939034, 0.021701821060965954
1, 0.980898178939034, 0.019101821060965956
1, 0.976598178939034, 0.023401821060965954
1, 0.979298178939034, 0.020701821060965953
1, 0.982798178939034, 0.017201821060965954
1, 0.9821, 0.0179
1, 0.982098178939034, 0.017901821060965956
1, 0.981998178939034, 0.018001821060965956
1, 0.950598178939034, 0.04940182106096595
1, 0.980798178939034, 0.019201821060965955
1, 0.981398178939034, 0.018601821060965956
1, 0.3886, 0.6114
1, 0.3492, 0.6508
1, 0.977998178939034, 0.022001821060965956
1, 0.978898178939034, 0.021101821060965954
1, 0.0028, 0.9972
0, 0.9808, 0.0192
1, 0.0054, 0.9946
1, 0.978498178939034, 0.021501821060965955
1, 0.958998178939034, 0.041001821060965955
1, 0.944898178939034, 0.05510182106096595
1, 0.975098178939034, 0.024901821060965956
1, 0.979398178939034, 0.020601821060965954
1, 0.980198178939034, 0.019801821060965955
1, 0.984098178939034, 0.015901821060965955
0, 0.9746, 0.0254
1, 0.978898178939034, 0.021101821060965954
1, 0.962298178939034, 0.03770182106096596
1, 0.977898178939034, 0.022101821060965955
1, 0.973198178939034, 0.026801821060965954
1, 0.968198178939034, 0.031801821060965955
1, 0.970298178939034, 0.029701821060965954
1, 0.944898178939034, 0.05510182106096595
1, 0.979498178939034, 0.020501821060965954
1, 0.981298178939034, 0.018701821060965955
1, 0.962898178939034, 0.037101821060965955
1, 0.978498178939034, 0.021501821060965955
1, 0.964798178939034, 0.035201821060965956
1, 0.920098178939034, 0.07990182106096595
1, 0.972398178939034, 0.027601821060965953
1, 0.975998178939034, 0.024001821060965954
1, 0.982698178939034, 0.017301821060965956
1, 0.965598178939034, 0.034401821060965954
1, 0.968798178939034, 0.031201821060965956
1, 0.981798178939034, 0.018201821060965954
1, 0.980698178939034, 0.019301821060965955
1, 0.980498178939034, 0.019501821060965954
1, 0.980898178939034, 0.019101821060965956
1, 0.983998178939034, 0.016001821060965954
1, 0.976898178939034, 0.023101821060965956
1, 0.980898178939034, 0.019101821060965956
1, 0.970298178939034, 0.029701821060965954
1, 0.976998178939034, 0.023001821060965953
1, 0.3707, 0.6293
1, 0.3959, 0.6041
1, 0.3969, 0.6031
1, 0.970598178939034, 0.029401821060965956
1, 0.984998178939034, 0.015001821060965955
1, 0.981298178939034, 0.018701821060965955
1, 0.3559, 0.6441
1, 0.358, 0.642
1, 0.974598178939034, 0.025401821060965956
1, 0.960298178939034, 0.03970182106096595
1, 0.979998178939034, 0.020001821060965954
1, 0.969998178939034, 0.030001821060965956
1, 0.848098178939034, 0.15190182106096595
0, 0.9677, 0.0323
1, 0.3767, 0.6233
1, 0.9257, 0.0743
1, 0.3702, 0.6298
0, 0.9348, 0.0652
1, 0.8737, 0.1263
1, 0.898, 0.102
1, 0.8063, 0.1937
1, 0.8135, 0.1865
1, 0.8285, 0.1715
1, 0.973798178939034, 0.026201821060965955
1, 0.8053, 0.1947
1, 0.956598178939034, 0.043401821060965955
1, 0.8543, 0.1457
1, 0.8231, 0.1769
1, 0.8151, 0.1849
1, 0.3534, 0.6466
1, 0.8252, 0.1748
1, 0.825, 0.175
1, 0.3334, 0.6666
1, 0.8081, 0.1919
1, 0.957398178939034, 0.04260182106096595
1, 0.3898, 0.6102
1, 0.961998178939034, 0.03800182106096595
1, 0.834598178939034, 0.16540182106096596
1, 0.969298178939034, 0.030701821060965955
1, 0.3692, 0.6308
1, 0.963898178939034, 0.036101821060965954
1, 0.3772, 0.6228
1, 0.955498178939034, 0.04450182106096595
1, 0.782398178939034, 0.21760182106096596
1, 0.3904, 0.6096
1, 0.0058, 0.9942
1, 0.966598178939034, 0.03340182106096595
1, 0.934098178939034, 0.06590182106096595
1, 0.865598178939034, 0.13440182106096596
1, 0.936698178939034, 0.06330182106096595
1, 0.962598178939034, 0.037401821060965956
1, 0.9573, 0.0427
1, 0.970198178939034, 0.029801821060965954
1, 0.967598178939034, 0.03240182106096595
1, 0.9586, 0.0414
1, 0.969098178939034, 0.030901821060965954
1, 0.967798178939034, 0.03220182106096595
1, 0.959998178939034, 0.040001821060965954
1, 0.967698178939034, 0.032301821060965956
1, 0.951098178939034, 0.04890182106096595
1, 0.976798178939034, 0.023201821060965955
1, 0.965098178939034, 0.034901821060965954
1, 0.3859, 0.6141
1, 0.960198178939034, 0.039801821060965956
1, 0.957998178939034, 0.042001821060965956
1, 0.0371, 0.9629
1, 0.956198178939034, 0.04380182106096595
1, 0.3512, 0.6488
1, 0.966498178939034, 0.033501821060965956
1, 0.953298178939034, 0.04670182106096595
1, 0.953198178939034, 0.046801821060965955
1, 0.950598178939034, 0.04940182106096595
1, 0.953398178939034, 0.046601821060965956
1, 0.3464, 0.6536
1, 0.3448, 0.6552
1, 0.8472, 0.1528
1, 0.4002, 0.5998
1, 0.3978, 0.6022
1, 0.3522, 0.6478
1, 0.3532, 0.6468
1, 0.3499, 0.6501
1, 0.3519, 0.6481
1, 0.3526, 0.6474
1, 0.3527, 0.6473
1, 0.3497, 0.6503
1, 0.3377, 0.6623
1, 0.3364, 0.6636
1, 0.3308, 0.6692
1, 0.3329, 0.6671
