1, 0.4144, 0.5856
1, 0.4148, 0.5852
1, 0.4023, 0.5977
1, 0.4023, 0.5977
1, 0.414, 0.586
1, 0.3885, 0.6115
1, 0.4209, 0.5791
1, 0.4138, 0.5862
1, 0.4024, 0.5976
1, 0.4147, 0.5853
1, 0.3962, 0.6038
1, 0.3796, 0.6204
1, 0.3835, 0.6165
1, 0.3714, 0.6286
1, 0.3841, 0.6159
1, 0.3826, 0.6174
1, 0.3658, 0.6342
1, 0.3843, 0.6157
1, 0.3715, 0.6285
1, 0.3713, 0.6287
1, 0.3851, 0.6149
1, 0.3891, 0.6109
1, 0.3754, 0.6246
1, 0.3748, 0.6252
1, 0.3731, 0.6269
1, 0.3743, 0.6257
1, 0.3751, 0.6249
1, 0.36, 0.64
1, 0.368, 0.632
1, 0.376, 0.624
1, 0.37, 0.63
1, 0.3911, 0.6089
1, 0.4064, 0.5936
1, 0.3795, 0.6205
1, 0.3811, 0.6189
1, 0.363, 0.637
1, 0.3556, 0.6444
1, 0.3659, 0.6341
1, 0.3691, 0.6309
1, 0.3689, 0.6311
1, 0.3608, 0.6392
1, 0.3731, 0.6269
1, 0.364, 0.636
1, 0.3966, 0.6034
1, 0.3734, 0.6266
1, 0.3533, 0.6467
1, 0.3679, 0.6321
1, 0.369, 0.631
1, 0.3645, 0.6355
1, 0.3967, 0.6033
1, 0.3642, 0.6358
1, 0.361, 0.639
1, 0.3714, 0.6286
1, 0.3661, 0.6339
1, 0.3616, 0.6384
1, 0.3691, 0.6309
1, 0.3698, 0.6302
1, 0.3757, 0.6243
1, 0.3627, 0.6373
1, 0.3734, 0.6266
1, 0.3614, 0.6386
1, 0.4138, 0.5862
1, 0.3623, 0.6377
1, 0.3611, 0.6389
1, 0.3511, 0.6489
1, 0.3895, 0.6105
1, 0.3632, 0.6368
1, 0.3757, 0.6243
1, 0.3667, 0.6333
1, 0.3701, 0.6299
1, 0.4068, 0.5932
1, 0.3679, 0.6321
1, 0.369, 0.631
1, 0.3689, 0.6311
1, 0.3658, 0.6342
1, 0.3634, 0.6366
1, 0.3689, 0.6311
1, 0.3591, 0.6409
1, 0.3704, 0.6296
1, 0.3773, 0.6227
1, 0.3639, 0.6361
1, 0.3693, 0.6307
1, 0.3615, 0.6385
1, 0.3803, 0.6197
1, 0.3676, 0.6324
1, 0.3695, 0.6305
1, 0.3643, 0.6357
1, 0.351, 0.649
1, 0.3718, 0.6282
1, 0.3638, 0.6362
1, 0.3663, 0.6337
1, 0.3605, 0.6395
1, 0.3757, 0.6243
1, 0.3696, 0.6304
1, 0.3873, 0.6127
1, 0.3672, 0.6328
1, 0.3684, 0.6316
1, 0.3569, 0.6431
1, 0.3719, 0.6281
1, 0.3757, 0.6243
1, 0.3631, 0.6369
1, 0.3757, 0.6243
1, 0.3626, 0.6374
1, 0.369, 0.631
1, 0.3507, 0.6493
1, 0.3556, 0.6444
1, 0.3803, 0.6197
1, 0.3734, 0.6266
1, 0.373, 0.627
1, 0.3803, 0.6197
1, 0.3562, 0.6438
1, 0.3708, 0.6292
1, 0.3679, 0.6321
1, 0.3655, 0.6345
1, 0.3748, 0.6252
1, 0.3566, 0.6434
1, 0.3768, 0.6232
1, 0.3973, 0.6027
1, 0.357, 0.643
1, 0.3557, 0.6443
1, 0.3734, 0.6266
1, 0.3523, 0.6477
1, 0.3702, 0.6298
1, 0.3693, 0.6307
1, 0.373, 0.627
1, 0.3768, 0.6232
1, 0.363, 0.637
1, 0.3712, 0.6288
1, 0.3748, 0.6252
1, 0.3669, 0.6331
1, 0.373, 0.627
1, 0.3556, 0.6444
1, 0.3557, 0.6443
1, 0.3716, 0.6284
1, 0.3688, 0.6312
1, 0.3643, 0.6357
1, 0.3561, 0.6439
1, 0.3692, 0.6308
1, 0.3707, 0.6293
1, 0.3663, 0.6337
1, 0.363, 0.637
1, 0.3815, 0.6185
1, 0.3575, 0.6425
1, 0.3701, 0.6299
1, 0.3768, 0.6232
1, 0.3768, 0.6232
1, 0.3529, 0.6471
1, 0.3695, 0.6305
1, 0.3688, 0.6312
1, 0.3553, 0.6447
1, 0.3644, 0.6356
1, 0.3734, 0.6266
1, 0.3663, 0.6337
1, 0.3691, 0.6309
1, 0.3723, 0.6277
1, 0.3734, 0.6266
1, 0.3757, 0.6243
1, 0.3679, 0.6321
1, 0.3657, 0.6343
1, 0.3632, 0.6368
1, 0.3657, 0.6343
1, 0.3568, 0.6432
1, 0.3534, 0.6466
1, 0.369, 0.631
1, 0.3511, 0.6489
1, 0.3605, 0.6395
1, 0.3497, 0.6503
1, 0.3783, 0.6217
1, 0.3685, 0.6315
1, 0.3704, 0.6296
1, 0.3511, 0.6489
1, 0.3629, 0.6371
1, 0.374, 0.626
1, 0.365, 0.635
1, 0.3554, 0.6446
1, 0.3675, 0.6325
1, 0.365, 0.635
1, 0.3684, 0.6316
1, 0.3684, 0.6316
1, 0.3562, 0.6438
1, 0.3593, 0.6407
1, 0.3498, 0.6502
1, 0.3684, 0.6316
1, 0.3511, 0.6489
1, 0.3682, 0.6318
1, 0.3734, 0.6266
1, 0.3562, 0.6438
1, 0.3803, 0.6197
1, 0.3682, 0.6318
1, 0.3692, 0.6308
1, 0.3622, 0.6378
1, 0.3634, 0.6366
1, 0.3494, 0.6506
1, 0.3929, 0.6071
1, 0.3605, 0.6395
1, 0.3645, 0.6355
1, 0.3679, 0.6321
1, 0.379, 0.621
1, 0.3699, 0.6301
1, 0.3716, 0.6284
1, 0.3777, 0.6223
1, 0.3644, 0.6356
1, 0.3632, 0.6368
1, 0.3976, 0.6024
1, 0.3608, 0.6392
1, 0.3542, 0.6458
1, 0.3733, 0.6267
1, 0.3526, 0.6474
1, 0.364, 0.636
1, 0.3722, 0.6278
1, 0.3657, 0.6343
1, 0.3757, 0.6243
1, 0.3684, 0.6316
1, 0.3575, 0.6425
1, 0.3568, 0.6432
1, 0.3691, 0.6309
1, 0.354, 0.646
1, 0.3573, 0.6427
1, 0.3575, 0.6425
1, 0.35, 0.65
1, 0.3681, 0.6319
1, 0.3682, 0.6318
1, 0.3579, 0.6421
1, 0.369, 0.631
1, 0.3531, 0.6469
1, 0.3803, 0.6197
1, 0.3631, 0.6369
1, 0.3511, 0.6489
1, 0.3966, 0.6034
1, 0.3632, 0.6368
1, 0.3713, 0.6287
1, 0.3661, 0.6339
1, 0.3682, 0.6318
1, 0.3757, 0.6243
1, 0.364, 0.636
1, 0.3651, 0.6349
1, 0.3711, 0.6289
1, 0.3713, 0.6287
1, 0.3661, 0.6339
1, 0.3491, 0.6509
1, 0.3694, 0.6306
1, 0.369, 0.631
1, 0.3675, 0.6325
1, 0.3596, 0.6404
1, 0.356, 0.644
1, 0.3682, 0.6318
1, 0.3498, 0.6502
1, 0.3786, 0.6214
1, 0.354, 0.646
1, 0.3757, 0.6243
1, 0.3638, 0.6362
1, 0.373, 0.627
1, 0.3712, 0.6288
1, 0.3734, 0.6266
1, 0.3663, 0.6337
1, 0.3734, 0.6266
1, 0.3734, 0.6266
1, 0.3721, 0.6279
1, 0.3663, 0.6337
1, 0.352, 0.648
1, 0.3663, 0.6337
1, 0.3558, 0.6442
1, 0.3639, 0.6361
1, 0.3701, 0.6299
1, 0.3698, 0.6302
1, 0.364, 0.636
1, 0.3553, 0.6447
1, 0.3982, 0.6018
1, 0.3701, 0.6299
1, 0.3746, 0.6254
1, 0.3688, 0.6312
1, 0.373, 0.627
1, 0.3831, 0.6169
1, 0.3768, 0.6232
1, 0.3518, 0.6482
1, 0.3695, 0.6305
1, 0.3695, 0.6305
1, 0.3674, 0.6326
1, 0.3877, 0.6123
1, 0.3559, 0.6441
1, 0.3709, 0.6291
1, 0.3629, 0.6371
1, 0.3879, 0.6121
1, 0.3739, 0.6261
1, 0.3612, 0.6388
1, 0.3748, 0.6252
1, 0.3973, 0.6027
1, 0.3665, 0.6335
1, 0.3608, 0.6392
1, 0.3624, 0.6376
1, 0.3643, 0.6357
1, 0.3829, 0.6171
1, 0.3679, 0.6321
1, 0.3679, 0.6321
1, 0.3657, 0.6343
1, 0.3643, 0.6357
1, 0.3559, 0.6441
1, 0.3628, 0.6372
1, 0.3748, 0.6252
1, 0.3523, 0.6477
1, 0.374, 0.626
1, 0.3698, 0.6302
1, 0.3815, 0.6185
1, 0.363, 0.637
1, 0.3766, 0.6234
1, 0.3639, 0.6361
1, 0.3791, 0.6209
1, 0.3635, 0.6365
1, 0.3663, 0.6337
1, 0.3558, 0.6442
1, 0.3635, 0.6365
1, 0.3695, 0.6305
1, 0.3737, 0.6263
1, 0.3768, 0.6232
1, 0.3748, 0.6252
1, 0.3815, 0.6185
1, 0.3791, 0.6209
1, 0.3701, 0.6299
1, 0.3815, 0.6185
1, 0.3815, 0.6185
1, 0.3698, 0.6302
1, 0.3982, 0.6018
1, 0.3674, 0.6326
1, 0.3695, 0.6305
1, 0.3669, 0.6331
1, 0.3663, 0.6337
1, 0.3701, 0.6299
1, 0.3493, 0.6507
1, 0.3768, 0.6232
1, 0.3663, 0.6337
1, 0.3529, 0.6471
1, 0.3791, 0.6209
1, 0.3712, 0.6288
1, 0.3815, 0.6185
1, 0.3748, 0.6252
1, 0.3628, 0.6372
1, 0.3612, 0.6388
1, 0.3732, 0.6268
1, 0.3558, 0.6442
1, 0.3674, 0.6326
1, 0.3667, 0.6333
1, 0.3667, 0.6333
1, 0.3688, 0.6312
1, 0.349, 0.651
1, 0.3982, 0.6018
1, 0.3621, 0.6379
1, 0.3729, 0.6271
1, 0.3709, 0.6291
1, 0.366, 0.634
1, 0.3628, 0.6372
1, 0.3688, 0.6312
1, 0.3679, 0.6321
1, 0.3791, 0.6209
1, 0.3734, 0.6266
1, 0.373, 0.627
1, 0.3635, 0.6365
1, 0.3669, 0.6331
1, 0.3597, 0.6403
1, 0.3601, 0.6399
1, 0.349, 0.651
1, 0.3734, 0.6266
1, 0.3546, 0.6454
1, 0.3663, 0.6337
1, 0.3647, 0.6353
1, 0.3701, 0.6299
1, 0.3567, 0.6433
1, 0.352, 0.648
1, 0.3935, 0.6065
1, 0.3773, 0.6227
1, 0.3695, 0.6305
1, 0.3601, 0.6399
1, 0.3688, 0.6312
1, 0.3643, 0.6357
1, 0.3529, 0.6471
1, 0.3643, 0.6357
1, 0.3689, 0.6311
1, 0.3639, 0.6361
1, 0.3688, 0.6312
1, 0.3877, 0.6123
1, 0.3685, 0.6315
1, 0.3701, 0.6299
1, 0.3711, 0.6289
1, 0.3597, 0.6403
1, 0.3529, 0.6471
1, 0.3701, 0.6299
1, 0.3791, 0.6209
1, 0.3679, 0.6321
1, 0.3701, 0.6299
1, 0.3768, 0.6232
1, 0.3701, 0.6299
1, 0.3529, 0.6471
1, 0.3698, 0.6302
1, 0.3695, 0.6305
1, 0.3651, 0.6349
1, 0.3529, 0.6471
1, 0.3768, 0.6232
1, 0.3668, 0.6332
1, 0.3625, 0.6375
1, 0.3546, 0.6454
1, 0.3768, 0.6232
1, 0.3643, 0.6357
1, 0.3695, 0.6305
1, 0.3712, 0.6288
1, 0.3744, 0.6256
1, 0.3597, 0.6403
1, 0.3742, 0.6258
1, 0.3688, 0.6312
1, 0.3788, 0.6212
1, 0.3788, 0.6212
1, 0.3512, 0.6488
1, 0.3621, 0.6379
1, 0.3688, 0.6312
1, 0.367, 0.633
1, 0.3647, 0.6353
1, 0.3877, 0.6123
1, 0.3671, 0.6329
1, 0.3734, 0.6266
1, 0.363, 0.637
1, 0.3695, 0.6305
1, 0.3653, 0.6347
1, 0.3701, 0.6299
1, 0.3746, 0.6254
1, 0.3736, 0.6264
1, 0.3618, 0.6382
1, 0.3492, 0.6508
1, 0.3665, 0.6335
1, 0.3628, 0.6372
1, 0.3521, 0.6479
1, 0.359, 0.641
1, 0.3573, 0.6427
1, 0.3529, 0.6471
1, 0.3612, 0.6388
1, 0.3695, 0.6305
1, 0.362, 0.638
1, 0.3643, 0.6357
1, 0.3768, 0.6232
1, 0.3674, 0.6326
1, 0.371, 0.629
1, 0.3529, 0.6471
1, 0.3729, 0.6271
1, 0.3701, 0.6299
1, 0.3696, 0.6304
1, 0.3709, 0.6291
1, 0.3663, 0.6337
1, 0.3831, 0.6169
1, 0.3665, 0.6335
1, 0.3791, 0.6209
1, 0.3729, 0.6271
1, 0.3815, 0.6185
1, 0.3709, 0.6291
1, 0.3588, 0.6412
1, 0.3746, 0.6254
1, 0.3464, 0.6536
1, 0.3698, 0.6302
1, 0.3529, 0.6471
1, 0.3665, 0.6335
1, 0.3679, 0.6321
1, 0.3746, 0.6254
1, 0.3731, 0.6269
1, 0.373, 0.627
1, 0.373, 0.627
1, 0.3768, 0.6232
1, 0.3766, 0.6234
1, 0.3573, 0.6427
1, 0.366, 0.634
1, 0.3729, 0.6271
1, 0.3688, 0.6312
1, 0.3635, 0.6365
1, 0.368, 0.632
1, 0.373, 0.627
1, 0.3528, 0.6472
1, 0.3813, 0.6187
1, 0.3791, 0.6209
1, 0.3813, 0.6187
1, 0.3708, 0.6292
1, 0.3658, 0.6342
1, 0.3748, 0.6252
1, 0.3658, 0.6342
1, 0.3667, 0.6333
1, 0.3748, 0.6252
1, 0.3675, 0.6325
1, 0.3552, 0.6448
1, 0.3688, 0.6312
1, 0.3748, 0.6252
1, 0.3688, 0.6312
1, 0.3696, 0.6304
1, 0.3621, 0.6379
1, 0.3701, 0.6299
1, 0.3831, 0.6169
1, 0.3679, 0.6321
1, 0.3663, 0.6337
1, 0.3982, 0.6018
1, 0.3635, 0.6365
1, 0.3628, 0.6372
1, 0.3629, 0.6371
1, 0.3573, 0.6427
1, 0.3663, 0.6337
1, 0.3551, 0.6449
1, 0.3529, 0.6471
1, 0.3768, 0.6232
1, 0.3701, 0.6299
1, 0.3748, 0.6252
1, 0.3773, 0.6227
1, 0.3529, 0.6471
1, 0.3529, 0.6471
1, 0.3731, 0.6269
1, 0.3647, 0.6353
1, 0.3731, 0.6269
1, 0.371, 0.629
1, 0.3546, 0.6454
1, 0.3729, 0.6271
1, 0.3746, 0.6254
1, 0.3597, 0.6403
1, 0.3769, 0.6231
1, 0.3573, 0.6427
1, 0.3671, 0.6329
1, 0.3552, 0.6448
1, 0.3547, 0.6453
1, 0.3679, 0.6321
1, 0.3682, 0.6318
1, 0.3682, 0.6318
1, 0.3684, 0.6316
1, 0.3782, 0.6218
1, 0.3734, 0.6266
1, 0.3701, 0.6299
1, 0.361, 0.639
1, 0.3625, 0.6375
1, 0.3605, 0.6395
1, 0.37, 0.63
1, 0.3679, 0.6321
1, 0.3632, 0.6368
1, 0.3608, 0.6392
1, 0.3554, 0.6446
1, 0.3497, 0.6503
1, 0.3716, 0.6284
1, 0.3511, 0.6489
1, 0.3731, 0.6269
1, 0.364, 0.636
1, 0.3694, 0.6306
1, 0.3511, 0.6489
1, 0.3698, 0.6302
1, 0.3682, 0.6318
1, 0.3767, 0.6233
1, 0.3714, 0.6286
1, 0.3734, 0.6266
1, 0.35, 0.65
1, 0.3691, 0.6309
1, 0.3873, 0.6127
1, 0.3757, 0.6243
1, 0.3691, 0.6309
1, 0.3616, 0.6384
1, 0.37, 0.63
1, 0.3578, 0.6422
1, 0.3718, 0.6282
1, 0.3623, 0.6377
1, 0.3634, 0.6366
1, 0.3495, 0.6505
1, 0.3684, 0.6316
1, 0.3686, 0.6314
1, 0.3497, 0.6503
1, 0.3873, 0.6127
1, 0.3757, 0.6243
1, 0.3616, 0.6384
1, 0.3691, 0.6309
1, 0.369, 0.631
1, 0.3639, 0.6361
1, 0.3634, 0.6366
1, 0.3612, 0.6388
1, 0.3515, 0.6485
1, 0.3757, 0.6243
1, 0.3767, 0.6233
1, 0.3511, 0.6489
1, 0.356, 0.644
1, 0.3724, 0.6276
1, 0.3707, 0.6293
1, 0.3628, 0.6372
1, 0.3786, 0.6214
1, 0.3499, 0.6501
1, 0.353, 0.647
1, 0.3684, 0.6316
1, 0.3682, 0.6318
1, 0.3567, 0.6433
1, 0.369, 0.631
1, 0.3511, 0.6489
1, 0.3631, 0.6369
1, 0.3884, 0.6116
1, 0.3806, 0.6194
1, 0.374, 0.626
1, 0.3682, 0.6318
1, 0.379, 0.621
1, 0.3605, 0.6395
1, 0.3654, 0.6346
1, 0.3777, 0.6223
1, 0.3632, 0.6368
1, 0.3887, 0.6113
1, 0.3757, 0.6243
1, 0.3777, 0.6223
1, 0.3773, 0.6227
1, 0.3605, 0.6395
1, 0.3786, 0.6214
1, 0.3708, 0.6292
1, 0.3711, 0.6289
1, 0.3611, 0.6389
1, 0.3543, 0.6457
1, 0.3494, 0.6506
1, 0.3694, 0.6306
1, 0.3824, 0.6176
1, 0.3731, 0.6269
1, 0.365, 0.635
1, 0.3725, 0.6275
1, 0.369, 0.631
1, 0.3669, 0.6331
1, 0.3734, 0.6266
1, 0.3714, 0.6286
1, 0.392, 0.608
1, 0.3612, 0.6388
1, 0.3649, 0.6351
1, 0.3928, 0.6072
1, 0.3636, 0.6364
1, 0.3869, 0.6131
1, 0.3705, 0.6295
1, 0.3627, 0.6373
1, 0.3601, 0.6399
1, 0.3789, 0.6211
1, 0.3629, 0.6371
1, 0.3769, 0.6231
1, 0.3972, 0.6028
1, 0.3682, 0.6318
1, 0.3542, 0.6458
1, 0.3731, 0.6269
1, 0.3734, 0.6266
1, 0.3799, 0.6201
1, 0.3799, 0.6201
1, 0.3867, 0.6133
1, 0.5025, 0.4975
1, 0.3566, 0.6434
1, 0.3648, 0.6352
1, 0.3461, 0.6539
1, 0.3514, 0.6486
1, 0.3728, 0.6272
1, 0.3962, 0.6038
1, 0.3881, 0.6119
1, 0.3578, 0.6422
1, 0.3643, 0.6357
1, 0.3722, 0.6278
1, 0.3666, 0.6334
1, 0.3681, 0.6319
1, 0.3676, 0.6324
1, 0.3734, 0.6266
1, 0.3693, 0.6307
1, 0.3646, 0.6354
1, 0.3466, 0.6534
1, 0.3655, 0.6345
1, 0.3647, 0.6353
1, 0.364, 0.636
1, 0.3827, 0.6173
1, 0.3698, 0.6302
1, 0.3507, 0.6493
1, 0.382, 0.618
1, 0.3344, 0.6656
0, 0.5783, 0.4217
0, 0.576, 0.424
0, 0.5785, 0.4215
0, 0.5724, 0.4276
0, 0.5789, 0.4211
0, 0.5782, 0.4218
0, 0.578, 0.422
1, 0.3709, 0.6291
1, 0.3592, 0.6408
1, 0.369, 0.631
1, 0.2915, 0.7085
1, 0.3492, 0.6508
1, 0.3517, 0.6483
1, 0.3639, 0.6361
1, 0.3657, 0.6343
1, 0.3676, 0.6324
1, 0.3816, 0.6184
1, 0.366, 0.634
1, 0.2622, 0.7378
1, 0.3739, 0.6261
1, 0.368, 0.632
1, 0.3676, 0.6324
1, 0.3831, 0.6169
1, 0.3747, 0.6253
1, 0.3784, 0.6216
1, 0.3678, 0.6322
1, 0.3654, 0.6346
1, 0.3717, 0.6283
1, 0.3684, 0.6316
1, 0.3734, 0.6266
1, 0.3856, 0.6144
1, 0.3767, 0.6233
1, 0.3576, 0.6424
1, 0.3682, 0.6318
1, 0.3755, 0.6245
1, 0.3568, 0.6432
1, 0.401, 0.599
1, 0.3583, 0.6417
1, 0.3767, 0.6233
1, 0.3762, 0.6238
1, 0.3727, 0.6273
1, 0.3794, 0.6206
1, 0.3759, 0.6241
1, 0.3612, 0.6388
1, 0.3584, 0.6416
1, 0.3669, 0.6331
1, 0.3818, 0.6182
1, 0.4112, 0.5888
1, 0.3697, 0.6303
1, 0.37, 0.63
1, 0.3623, 0.6377
1, 0.4022, 0.5978
1, 0.3729, 0.6271
1, 0.3794, 0.6206
1, 0.3742, 0.6258
1, 0.4017, 0.5983
1, 0.3847, 0.6153
1, 0.3691, 0.6309
1, 0.3847, 0.6153
1, 0.3604, 0.6396
1, 0.3515, 0.6485
1, 0.3561, 0.6439
1, 0.3535, 0.6465
1, 0.3683, 0.6317
1, 0.3767, 0.6233
1, 0.3681, 0.6319
1, 0.3662, 0.6338
1, 0.3784, 0.6216
1, 0.3804, 0.6196
1, 0.3786, 0.6214
1, 0.3718, 0.6282
1, 0.3664, 0.6336
1, 0.3625, 0.6375
1, 0.3656, 0.6344
1, 0.3646, 0.6354
1, 0.3655, 0.6345
1, 0.4033, 0.5967
1, 0.3699, 0.6301
1, 0.3683, 0.6317
1, 0.3587, 0.6413
1, 0.3628, 0.6372
1, 0.3783, 0.6217
1, 0.3611, 0.6389
1, 0.3953, 0.6047
1, 0.367, 0.633
1, 0.3564, 0.6436
1, 0.3713, 0.6287
1, 0.3708, 0.6292
1, 0.3708, 0.6292
1, 0.3678, 0.6322
1, 0.3693, 0.6307
1, 0.3684, 0.6316
1, 0.3685, 0.6315
1, 0.3667, 0.6333
1, 0.363, 0.637
1, 0.3622, 0.6378
1, 0.3703, 0.6297
1, 0.3643, 0.6357
1, 0.356, 0.644
1, 0.3632, 0.6368
1, 0.3685, 0.6315
1, 0.3703, 0.6297
1, 0.3594, 0.6406
1, 0.4029, 0.5971
1, 0.3774, 0.6226
1, 0.3684, 0.6316
1, 0.3943, 0.6057
1, 0.3785, 0.6215
1, 0.3696, 0.6304
1, 0.3691, 0.6309
1, 0.4048, 0.5952
1, 0.3734, 0.6266
1, 0.3701, 0.6299
1, 0.3705, 0.6295
1, 0.3643, 0.6357
1, 0.3692, 0.6308
1, 0.3709, 0.6291
1, 0.3548, 0.6452
1, 0.3823, 0.6177
1, 0.3792, 0.6208
1, 0.3531, 0.6469
1, 0.3868, 0.6132
1, 0.4105, 0.5895
1, 0.3698, 0.6302
1, 0.3758, 0.6242
1, 0.3813, 0.6187
1, 0.3758, 0.6242
1, 0.3713, 0.6287
1, 0.368, 0.632
1, 0.3791, 0.6209
1, 0.3745, 0.6255
1, 0.3761, 0.6239
1, 0.3692, 0.6308
1, 0.3696, 0.6304
1, 0.3687, 0.6313
1, 0.3911, 0.6089
1, 0.3834, 0.6166
1, 0.3943, 0.6057
1, 0.3796, 0.6204
1, 0.3649, 0.6351
1, 0.3692, 0.6308
1, 0.3736, 0.6264
1, 0.379, 0.621
1, 0.3678, 0.6322
1, 0.2776, 0.7224
1, 0.3561, 0.6439
1, 0.3683, 0.6317
1, 0.3739, 0.6261
1, 0.3719, 0.6281
1, 0.3705, 0.6295
1, 0.3628, 0.6372
1, 0.3702, 0.6298
1, 0.3813, 0.6187
1, 0.284, 0.716
1, 0.3593, 0.6407
1, 0.3515, 0.6485
1, 0.3556, 0.6444
1, 0.2814, 0.7186
1, 0.3513, 0.6487
1, 0.3606, 0.6394
1, 0.3598, 0.6402
1, 0.3696, 0.6304
1, 0.3716, 0.6284
1, 0.3969, 0.6031
1, 0.4007, 0.5993
1, 0.3676, 0.6324
1, 0.3798, 0.6202
1, 0.3663, 0.6337
1, 0.4119, 0.5881
1, 0.414, 0.586
1, 0.4089, 0.5911
1, 0.4116, 0.5884
1, 0.4161, 0.5839
1, 0.4103, 0.5897
1, 0.4094, 0.5906
1, 0.4182, 0.5818
1, 0.4129, 0.5871
1, 0.4145, 0.5855
1, 0.4174, 0.5826
1, 0.4104, 0.5896
1, 0.4175, 0.5825
1, 0.4138, 0.5862
1, 0.4094, 0.5906
1, 0.4096, 0.5904
1, 0.4043, 0.5957
1, 0.4147, 0.5853
1, 0.4062, 0.5938
1, 0.4147, 0.5853
1, 0.4015, 0.5985
1, 0.4295, 0.5705
1, 0.4185, 0.5815
1, 0.4111, 0.5889
1, 0.4119, 0.5881
1, 0.4123, 0.5877
1, 0.4033, 0.5967
1, 0.4127, 0.5873
1, 0.433, 0.567
1, 0.4105, 0.5895
1, 0.4041, 0.5959
1, 0.4168, 0.5832
1, 0.4114, 0.5886
1, 0.4125, 0.5875
1, 0.4112, 0.5888
1, 0.4446, 0.5554
1, 0.413, 0.587
1, 0.4583, 0.5417
1, 0.4256, 0.5744
1, 0.4438, 0.5562
1, 0.417, 0.583
1, 0.4266, 0.5734
1, 0.456, 0.544
1, 0.422, 0.578
1, 0.4216, 0.5784
1, 0.4457, 0.5543
1, 0.4084, 0.5916
1, 0.4423, 0.5577
1, 0.4262, 0.5738
1, 0.4301, 0.5699
1, 0.4381, 0.5619
1, 0.4711, 0.5289
1, 0.4258, 0.5742
1, 0.4312, 0.5688
1, 0.4315, 0.5685
1, 0.4472, 0.5528
1, 0.425, 0.575
1, 0.4711, 0.5289
1, 0.4137, 0.5863
1, 0.4465, 0.5535
1, 0.4718, 0.5282
1, 0.4606, 0.5394
1, 0.4711, 0.5289
1, 0.4465, 0.5535
1, 0.4282, 0.5718
1, 0.4242, 0.5758
1, 0.4217, 0.5783
1, 0.4243, 0.5757
1, 0.4461, 0.5539
1, 0.4276, 0.5724
1, 0.4372, 0.5628
1, 0.4485, 0.5515
1, 0.4391, 0.5609
1, 0.4357, 0.5643
1, 0.4349, 0.5651
1, 0.4485, 0.5515
1, 0.4475, 0.5525
1, 0.435, 0.565
1, 0.4871, 0.5129
1, 0.4804, 0.5196
1, 0.4583, 0.5417
0, 0.9667, 0.0333
1, 0.4355, 0.5645
0, 0.9667, 0.0333
1, 0.4448, 0.5552
1, 0.429, 0.571
0, 0.9634, 0.0366
1, 0.4358, 0.5642
1, 0.4232, 0.5768
0, 0.9682, 0.0318
1, 0.4871, 0.5129
1, 0.4474, 0.5526
0, 0.9667, 0.0333
1, 0.4269, 0.5731
1, 0.4648, 0.5352
0, 0.9669, 0.0331
1, 0.4358, 0.5642
1, 0.4434, 0.5566
1, 0.4495, 0.5505
1, 0.4431, 0.5569
1, 0.4367, 0.5633
1, 0.4557, 0.5443
1, 0.4824, 0.5176
1, 0.4781, 0.5219
1, 0.3045, 0.6955
1, 0.4704, 0.5296
1, 0.4387, 0.5613
1, 0.5037, 0.4963
1, 0.2935, 0.7065
1, 0.4794, 0.5206
1, 0.3048, 0.6952
1, 0.4947, 0.5053
0, 0.9639, 0.0361
1, 0.4469, 0.5531
1, 0.5348, 0.4652
1, 0.5064, 0.4936
1, 0.4484, 0.5516
1, 0.5123, 0.4877
1, 0.5111, 0.4889
1, 0.4854, 0.5146
1, 0.4809, 0.5191
1, 0.4628, 0.5372
1, 0.4484, 0.5516
1, 0.4854, 0.5146
1, 0.4692, 0.5308
1, 0.4697, 0.5303
1, 0.4441, 0.5559
1, 0.4518, 0.5482
1, 0.4852, 0.5148
1, 0.4753, 0.5247
1, 0.5004, 0.4996
1, 0.4985, 0.5015
1, 0.4915, 0.5085
1, 0.4368, 0.5632
1, 0.4283, 0.5717
1, 0.4289, 0.5711
1, 0.4264, 0.5736
1, 0.4326, 0.5674
1, 0.4307, 0.5693
1, 0.4857, 0.5143
1, 0.5203, 0.4797
1, 0.5052, 0.4948
1, 0.4498, 0.5502
1, 0.4316, 0.5684
1, 0.4457, 0.5543
1, 0.5357, 0.4643
1, 0.4401, 0.5599
1, 0.4663, 0.5337
1, 0.5357, 0.4643
1, 0.4527, 0.5473
1, 0.4514, 0.5486
1, 0.4458, 0.5542
1, 0.4552, 0.5448
1, 0.4381, 0.5619
1, 0.4693, 0.5307
1, 0.4381, 0.5619
1, 0.4402, 0.5598
1, 0.4401, 0.5599
1, 0.4441, 0.5559
1, 0.4902, 0.5098
1, 0.4695, 0.5305
0, 0.8384, 0.1616
0, 0.8474, 0.1526
0, 0.8241, 0.1759
0, 0.8561, 0.1439
0, 0.8241, 0.1759
0, 0.8261, 0.1739
0, 0.8398, 0.1602
0, 0.8423, 0.1577
0, 0.8244, 0.1756
0, 0.8379, 0.1621
0, 0.8245, 0.1755
0, 0.8241, 0.1759
0, 0.8244, 0.1756
0, 0.8386, 0.1614
0, 0.8392, 0.1608
0, 0.8368, 0.1632
0, 0.8688, 0.1312
0, 0.8371, 0.1629
0, 0.8477, 0.1523
0, 0.8241, 0.1759
0, 0.8247, 0.1753
0, 0.8239, 0.1761
0, 0.8243, 0.1757
0, 0.8247, 0.1753
0, 0.8303, 0.1697
0, 0.8308, 0.1692
0, 0.8726, 0.1274
0, 0.847, 0.153
0, 0.8503, 0.1497
0, 0.8241, 0.1759
0, 0.8247, 0.1753
0, 0.8241, 0.1759
0, 0.8393, 0.1607
0, 0.8276, 0.1724
0, 0.8248, 0.1752
0, 0.8245, 0.1755
0, 0.8442, 0.1558
0, 0.8237, 0.1763
0, 0.8465, 0.1535
0, 0.8237, 0.1763
0, 0.8265, 0.1735
0, 0.8244, 0.1756
0, 0.8441, 0.1559
0, 0.8406, 0.1594
0, 0.8242, 0.1758
0, 0.8432, 0.1568
0, 0.8245, 0.1755
0, 0.8248, 0.1752
0, 0.8261, 0.1739
0, 0.8526, 0.1474
0, 0.8241, 0.1759
0, 0.8254, 0.1746
0, 0.839, 0.161
0, 0.8241, 0.1759
0, 0.8347, 0.1653
0, 0.8227, 0.1773
0, 0.8196, 0.1804
0, 0.8331, 0.1669
0, 0.834, 0.166
0, 0.8179, 0.1821
0, 0.8431, 0.1569
0, 0.8412, 0.1588
0, 0.833, 0.167
0, 0.817, 0.183
0, 0.816, 0.184
0, 0.8184, 0.1816
0, 0.82, 0.18
0, 0.8439, 0.1561
0, 0.8455, 0.1545
0, 0.8478, 0.1522
0, 0.8196, 0.1804
0, 0.8248, 0.1752
0, 0.8428, 0.1572
0, 0.8129, 0.1871
0, 0.8173, 0.1827
0, 0.8164, 0.1836
0, 0.8179, 0.1821
0, 0.8506, 0.1494
0, 0.8412, 0.1588
0, 0.8062, 0.1938
0, 0.8064, 0.1936
0, 0.818, 0.182
0, 0.8112, 0.1888
0, 0.809, 0.191
0, 0.8477, 0.1523
0, 0.8584, 0.1416
0, 0.8482, 0.1518
0, 0.8682, 0.1318
0, 0.8525, 0.1475
0, 0.8981, 0.1019
0, 0.8264, 0.1736
0, 0.8866, 0.1134
0, 0.8521, 0.1479
0, 0.8502, 0.1498
0, 0.8185, 0.1815
0, 0.824, 0.176
0, 0.816, 0.184
0, 0.858, 0.142
0, 0.8183, 0.1817
0, 0.8752, 0.1248
0, 0.8472, 0.1528
0, 0.8529, 0.1471
0, 0.8183, 0.1817
0, 0.8477, 0.1523
0, 0.8525, 0.1475
0, 0.8478, 0.1522
0, 0.848, 0.152
0, 0.8281, 0.1719
0, 0.8756, 0.1244
0, 0.8479, 0.1521
0, 0.8482, 0.1518
0, 0.8514, 0.1486
0, 0.8294, 0.1706
0, 0.8638, 0.1362
0, 0.8686, 0.1314
0, 0.8709, 0.1291
0, 0.873, 0.127
0, 0.8612, 0.1388
0, 0.8335, 0.1665
0, 0.9154, 0.0846
0, 0.7864, 0.2136
0, 0.8237, 0.1763
0, 0.7849, 0.2151
0, 0.838, 0.162
0, 0.8384, 0.1616
0, 0.8385, 0.1615
0, 0.8617, 0.1383
0, 0.8261, 0.1739
0, 0.836, 0.164
0, 0.8529, 0.1471
0, 0.8592, 0.1408
0, 0.8482, 0.1518
0, 0.8594, 0.1406
0, 0.8557, 0.1443
0, 0.8782, 0.1218
0, 0.8493, 0.1507
0, 0.8642, 0.1358
0, 0.8518, 0.1482
0, 0.8482, 0.1518
0, 0.8782, 0.1218
0, 0.8859, 0.1141
0, 0.8592, 0.1408
0, 0.8586, 0.1414
0, 0.8859, 0.1141
0, 0.8603, 0.1397
0, 0.8594, 0.1406
0, 0.8727, 0.1273
0, 0.8636, 0.1364
0, 0.8618, 0.1382
0, 0.8518, 0.1482
0, 0.8486, 0.1514
0, 0.8586, 0.1414
0, 0.8859, 0.1141
0, 0.8486, 0.1514
0, 0.881, 0.119
0, 0.8859, 0.1141
0, 0.8592, 0.1408
0, 0.8482, 0.1518
0, 0.8594, 0.1406
0, 0.8642, 0.1358
0, 0.8782, 0.1218
0, 0.8782, 0.1218
0, 0.855, 0.145
0, 0.8598, 0.1402
0, 0.8977, 0.1023
0, 0.8859, 0.1141
0, 0.8548, 0.1452
0, 0.8885, 0.1115
0, 0.8493, 0.1507
0, 0.8482, 0.1518
0, 0.8481, 0.1519
0, 0.854, 0.146
0, 0.8782, 0.1218
0, 0.8672, 0.1328
0, 0.8587, 0.1413
0, 0.8889, 0.1111
0, 0.8686, 0.1314
0, 0.8499, 0.1501
0, 0.8565, 0.1435
0, 0.8565, 0.1435
0, 0.8479, 0.1521
0, 0.8856, 0.1144
0, 0.8824, 0.1176
0, 0.8482, 0.1518
0, 0.8502, 0.1498
0, 0.8591, 0.1409
0, 0.8505, 0.1495
0, 0.8965, 0.1035
0, 0.8621, 0.1379
0, 0.8567, 0.1433
0, 0.8527, 0.1473
0, 0.8935, 0.1065
0, 0.8505, 0.1495
0, 0.8489, 0.1511
0, 0.897, 0.103
0, 0.8505, 0.1495
0, 0.8727, 0.1273
0, 0.8558, 0.1442
0, 0.8646, 0.1354
0, 0.8484, 0.1516
0, 0.8574, 0.1426
0, 0.8563, 0.1437
0, 0.8654, 0.1346
0, 0.8483, 0.1517
0, 0.8536, 0.1464
0, 0.8698, 0.1302
0, 0.8568, 0.1432
0, 0.9023, 0.0977
0, 0.8827, 0.1173
0, 0.8978, 0.1022
0, 0.8515, 0.1485
0, 0.8784, 0.1216
0, 0.8773, 0.1227
0, 0.8555, 0.1445
0, 0.8902, 0.1098
0, 0.9004, 0.0996
0, 0.8484, 0.1516
0, 0.8693, 0.1307
0, 0.8484, 0.1516
0, 0.8782, 0.1218
0, 0.8591, 0.1409
0, 0.8706, 0.1294
0, 0.8734, 0.1266
0, 0.8889, 0.1111
0, 0.8775, 0.1225
0, 0.8483, 0.1517
0, 0.8685, 0.1315
0, 0.9652, 0.0348
0, 0.8478, 0.1522
0, 0.8859, 0.1141
0, 0.8824, 0.1176
0, 0.9239, 0.0761
0, 0.9696, 0.0304
1, 0.5424, 0.4576
1, 0.6345, 0.3655
1, 0.589, 0.411
1, 0.5504, 0.4496
1, 0.5401, 0.4599
1, 0.6025, 0.3975
1, 0.6155, 0.3845
0, 0.7834, 0.2166
0, 0.6831, 0.3169
0, 0.7745, 0.2255
0, 0.7883, 0.2117
0, 0.7766, 0.2234
0, 0.7682, 0.2318
0, 0.7183, 0.2817
0, 0.7137, 0.2863
0, 0.6864, 0.3136
0, 0.7281, 0.2719
0, 0.7773, 0.2227
0, 0.7737, 0.2263
0, 0.7673, 0.2327
0, 0.7699, 0.2301
0, 0.7693, 0.2307
0, 0.7667, 0.2333
0, 0.7672, 0.2328
0, 0.7642, 0.2358
0, 0.7579, 0.2421
0, 0.767, 0.233
0, 0.7774, 0.2226
0, 0.7642, 0.2358
0, 0.7686, 0.2314
0, 0.7534, 0.2466
0, 0.7791, 0.2209
0, 0.7768, 0.2232
0, 0.7648, 0.2352
0, 0.7658, 0.2342
0, 0.7637, 0.2363
0, 0.7672, 0.2328
0, 0.7735, 0.2265
0, 0.7595, 0.2405
0, 0.6996, 0.3004
0, 0.7123, 0.2877
0, 0.6954, 0.3046
0, 0.6711, 0.3289
0, 0.7687, 0.2313
0, 0.7554, 0.2446
0, 0.7788, 0.2212
0, 0.7738, 0.2262
0, 0.7691, 0.2309
0, 0.7658, 0.2342
0, 0.7654, 0.2346
0, 0.7737, 0.2263
0, 0.7633, 0.2367
0, 0.7785, 0.2215
0, 0.7679, 0.2321
0, 0.7747, 0.2253
0, 0.7661, 0.2339
0, 0.7746, 0.2254
0, 0.7614, 0.2386
0, 0.7751, 0.2249
0, 0.7741, 0.2259
0, 0.7628, 0.2372
0, 0.7658, 0.2342
0, 0.747, 0.253
0, 0.7651, 0.2349
0, 0.7348, 0.2652
0, 0.7642, 0.2358
0, 0.7695, 0.2305
0, 0.769, 0.231
0, 0.7656, 0.2344
0, 0.7104, 0.2896
0, 0.7282, 0.2718
0, 0.7222, 0.2778
0, 0.6793, 0.3207
0, 0.8142, 0.1858
0, 0.6821, 0.3179
0, 0.6889, 0.3111
0, 0.707, 0.293
0, 0.6882, 0.3118
0, 0.6791, 0.3209
0, 0.7531, 0.2469
0, 0.755, 0.245
0, 0.7533, 0.2467
0, 0.675, 0.325
0, 0.7505, 0.2495
0, 0.7249, 0.2751
0, 0.704, 0.296
0, 0.7202, 0.2798
0, 0.6639, 0.3361
0, 0.7142, 0.2858
0, 0.6999, 0.3001
0, 0.7282, 0.2718
0, 0.6766, 0.3234
0, 0.755, 0.245
0, 0.6664, 0.3336
0, 0.6745, 0.3255
0, 0.7531, 0.2469
0, 0.675, 0.325
0, 0.7533, 0.2467
0, 0.704, 0.296
0, 0.7206, 0.2794
0, 0.7249, 0.2751
0, 0.7202, 0.2798
0, 0.7505, 0.2495
0, 0.6999, 0.3001
0, 0.7541, 0.2459
0, 0.6679, 0.3321
0, 0.9762, 0.0238
0, 0.3658, 0.6342
0, 0.372, 0.628
0, 0.3845, 0.6155
0, 0.3018, 0.6982
0, 0.3173, 0.6827
0, 0.3, 0.7
0, 0.817, 0.183
0, 0.8159, 0.1841
0, 0.8195, 0.1805
0, 0.8158, 0.1842
0, 0.8187, 0.1813
0, 0.8187, 0.1813
0, 0.8194, 0.1806
0, 0.8061, 0.1939
0, 0.8196, 0.1804
0, 0.8166, 0.1834
0, 0.8159, 0.1841
0, 0.8158, 0.1842
0, 0.8166, 0.1834
0, 0.82, 0.18
0, 0.8187, 0.1813
0, 0.8221, 0.1779
0, 0.8089, 0.1911
0, 0.8195, 0.1805
0, 0.7998, 0.2002
0, 0.3689, 0.6311
0, 0.8327, 0.1673
0, 0.823, 0.177
0, 0.3642, 0.6358
0, 0.3712, 0.6288
0, 0.8387, 0.1613
0, 0.8379, 0.1621
0, 0.3705, 0.6295
0, 0.3768, 0.6232
0, 0.3626, 0.6374
0, 0.3708, 0.6292
0, 0.8364, 0.1636
0, 0.3739, 0.6261
0, 0.8435, 0.1565
0, 0.8169, 0.1831
0, 0.8215, 0.1785
0, 0.8273, 0.1727
0, 0.8279, 0.1721
0, 0.8271, 0.1729
0, 0.8276, 0.1724
0, 0.8295, 0.1705
0, 0.831, 0.169
0, 0.8272, 0.1728
0, 0.8198, 0.1802
0, 0.3608, 0.6392
0, 0.3694, 0.6306
0, 0.7426, 0.2574
0, 0.3709, 0.6291
0, 0.6571, 0.3429
0, 0.7302, 0.2698
0, 0.6661, 0.3339
0, 0.7563, 0.2437
0, 0.6575, 0.3425
0, 0.3638, 0.6362
0, 0.6644, 0.3356
0, 0.7195, 0.2805
0, 0.8285, 0.1715
0, 0.7662, 0.2338
0, 0.9781, 0.0219
0, 0.978, 0.022
0, 0.3521, 0.6479
0, 0.3324, 0.6676
0, 0.3404, 0.6596
0, 0.9773, 0.0227
0, 0.9778, 0.0222
0, 0.3784, 0.6216
0, 0.3791, 0.6209
0, 0.9722, 0.0278
0, 0.9722, 0.0278
0, 0.9719, 0.0281
0, 0.9356, 0.0644
0, 0.9303, 0.0697
0, 0.9685, 0.0315
0, 0.366, 0.634
0, 0.3585, 0.6415
0, 0.3761, 0.6239
0, 0.3785, 0.6215
0, 0.3547, 0.6453
0, 0.3568, 0.6432
0, 0.3572, 0.6428
0, 0.3795, 0.6205
0, 0.3767, 0.6233
0, 0.3691, 0.6309
0, 0.303, 0.697
0, 0.3103, 0.6897
0, 0.8065, 0.1935
0, 0.8065, 0.1935
0, 0.3712, 0.6288
0, 0.3792, 0.6208
0, 0.3771, 0.6229
0, 0.3654, 0.6346
0, 0.3792, 0.6208
0, 0.3759, 0.6241
0, 0.375, 0.625
0, 0.3725, 0.6275
0, 0.3665, 0.6335
0, 0.3665, 0.6335
0, 0.366, 0.634
0, 0.366, 0.634
0, 0.3025, 0.6975
0, 0.2936, 0.7064
0, 0.2998, 0.7002
0, 0.3081, 0.6919
0, 0.3719, 0.6281
0, 0.3595, 0.6405
0, 0.3703, 0.6297
0, 0.3703, 0.6297
0, 0.3207, 0.6793
0, 0.3104, 0.6896
0, 0.3184, 0.6816
1, 0.3311, 0.6689
0, 0.3125, 0.6875
0, 0.7032, 0.2968
0, 0.9553, 0.0447
0, 0.7967, 0.2033
0, 0.655, 0.345
0, 0.9604, 0.0396
0, 0.9617, 0.0383
0, 0.9581, 0.0419
0, 0.9617, 0.0383
0, 0.9759, 0.0241
0, 0.958, 0.042
0, 0.9618, 0.0382
0, 0.6966, 0.3034
0, 0.6988, 0.3012
0, 0.72, 0.28
0, 0.7216, 0.2784
0, 0.7628, 0.2372
0, 0.7178, 0.2822
0, 0.4749, 0.5251
0, 0.874, 0.126
0, 0.5353, 0.4647
1, 0.5113, 0.4887
1, 0.5132, 0.4868
1, 0.5654, 0.4346
1, 0.5109, 0.4891
1, 0.565, 0.435
1, 0.5118, 0.4882
1, 0.5642, 0.4358
1, 0.5107, 0.4893
1, 0.5602, 0.4398
1, 0.5615, 0.4385
1, 0.5627, 0.4373
1, 0.5526, 0.4474
1, 0.5507, 0.4493
1, 0.572, 0.428
1, 0.5494, 0.4506
1, 0.5578, 0.4422
1, 0.5567, 0.4433
1, 0.5345, 0.4655
1, 0.5333, 0.4667
1, 0.5346, 0.4654
1, 0.5484, 0.4516
1, 0.5331, 0.4669
1, 0.5464, 0.4536
1, 0.5686, 0.4314
1, 0.5641, 0.4359
1, 0.5659, 0.4341
1, 0.5586, 0.4414
1, 0.5512, 0.4488
1, 0.5452, 0.4548
1, 0.5372, 0.4628
1, 0.56, 0.44
1, 0.5483, 0.4517
1, 0.5375, 0.4625
1, 0.569, 0.431
1, 0.5661, 0.4339
1, 0.5602, 0.4398
1, 0.5569, 0.4431
1, 0.55, 0.45
1, 0.5465, 0.4535
1, 0.5721, 0.4279
1, 0.5455, 0.4545
1, 0.559, 0.441
1, 0.5456, 0.4544
1, 0.5437, 0.4563
1, 0.5437, 0.4563
1, 0.5628, 0.4372
1, 0.5551, 0.4449
1, 0.5724, 0.4276
1, 0.5465, 0.4535
1, 0.566, 0.434
1, 0.5594, 0.4406
1, 0.5623, 0.4377
1, 0.549, 0.451
1, 0.5587, 0.4413
1, 0.5174, 0.4826
1, 0.5628, 0.4372
1, 0.5417, 0.4583
1, 0.5099, 0.4901
1, 0.5151, 0.4849
1, 0.5565, 0.4435
1, 0.568, 0.432
1, 0.5481, 0.4519
1, 0.5623, 0.4377
1, 0.5667, 0.4333
1, 0.5606, 0.4394
1, 0.5437, 0.4563
1, 0.5681, 0.4319
1, 0.5437, 0.4563
1, 0.5566, 0.4434
1, 0.5626, 0.4374
1, 0.556, 0.444
1, 0.5657, 0.4343
1, 0.5721, 0.4279
1, 0.5454, 0.4546
1, 0.5455, 0.4545
1, 0.5696, 0.4304
1, 0.545, 0.455
1, 0.5509, 0.4491
1, 0.5614, 0.4386
1, 0.5574, 0.4426
1, 0.557, 0.443
1, 0.5629, 0.4371
1, 0.5455, 0.4545
1, 0.5493, 0.4507
1, 0.5721, 0.4279
1, 0.5599, 0.4401
1, 0.5583, 0.4417
1, 0.5511, 0.4489
1, 0.5621, 0.4379
1, 0.5449, 0.4551
1, 0.5465, 0.4535
1, 0.559, 0.441
1, 0.5621, 0.4379
1, 0.5456, 0.4544
1, 0.5576, 0.4424
1, 0.5564, 0.4436
1, 0.55, 0.45
1, 0.5641, 0.4359
1, 0.5459, 0.4541
1, 0.5449, 0.4551
1, 0.5535, 0.4465
1, 0.559, 0.441
1, 0.572, 0.428
1, 0.571, 0.429
1, 0.557, 0.443
1, 0.5693, 0.4307
1, 0.5449, 0.4551
1, 0.5586, 0.4414
1, 0.5566, 0.4434
1, 0.5437, 0.4563
1, 0.5626, 0.4374
1, 0.5417, 0.4583
1, 0.572, 0.428
1, 0.5501, 0.4499
1, 0.5581, 0.4419
1, 0.5299, 0.4701
1, 0.5304, 0.4696
1, 0.5319, 0.4681
1, 0.5332, 0.4668
1, 0.5292, 0.4708
1, 0.548, 0.452
1, 0.5299, 0.4701
1, 0.5315, 0.4685
1, 0.5304, 0.4696
1, 0.5359, 0.4641
1, 0.5309, 0.4691
1, 0.5283, 0.4717
1, 0.5304, 0.4696
1, 0.5279, 0.4721
1, 0.5411, 0.4589
1, 0.542, 0.458
1, 0.5578, 0.4422
1, 0.5288, 0.4712
1, 0.5353, 0.4647
1, 0.5411, 0.4589
1, 0.5302, 0.4698
1, 0.5491, 0.4509
1, 0.5302, 0.4698
1, 0.5452, 0.4548
1, 0.5573, 0.4427
1, 0.5455, 0.4545
1, 0.5353, 0.4647
1, 0.5359, 0.4641
1, 0.5334, 0.4666
1, 0.5578, 0.4422
1, 0.5359, 0.4641
1, 0.5571, 0.4429
1, 0.5453, 0.4547
1, 0.5365, 0.4635
1, 0.561, 0.439
1, 0.559, 0.441
1, 0.5578, 0.4422
1, 0.5578, 0.4422
1, 0.544, 0.456
1, 0.5365, 0.4635
1, 0.5321, 0.4679
1, 0.53, 0.47
1, 0.5304, 0.4696
1, 0.5325, 0.4675
1, 0.5394, 0.4606
1, 0.558, 0.442
1, 0.5576, 0.4424
1, 0.5446, 0.4554
1, 0.5536, 0.4464
1, 0.5299, 0.4701
1, 0.5305, 0.4695
1, 0.5334, 0.4666
1, 0.5359, 0.4641
1, 0.5436, 0.4564
1, 0.5293, 0.4707
1, 0.5428, 0.4572
1, 0.5581, 0.4419
1, 0.5325, 0.4675
1, 0.5479, 0.4521
1, 0.5423, 0.4577
1, 0.5303, 0.4697
1, 0.5596, 0.4404
1, 0.5341, 0.4659
1, 0.5628, 0.4372
1, 0.5299, 0.4701
1, 0.5491, 0.4509
1, 0.5304, 0.4696
1, 0.5469, 0.4531
1, 0.5435, 0.4565
1, 0.5536, 0.4464
1, 0.5354, 0.4646
1, 0.5665, 0.4335
1, 0.545, 0.455
1, 0.5456, 0.4544
1, 0.5626, 0.4374
1, 0.562, 0.438
1, 0.5437, 0.4563
1, 0.5501, 0.4499
1, 0.5626, 0.4374
1, 0.5721, 0.4279
1, 0.5437, 0.4563
1, 0.5569, 0.4431
1, 0.5511, 0.4489
1, 0.5471, 0.4529
1, 0.5465, 0.4535
1, 0.559, 0.441
1, 0.558, 0.442
1, 0.5583, 0.4417
1, 0.5437, 0.4563
1, 0.5453, 0.4547
1, 0.5498, 0.4502
1, 0.5466, 0.4534
1, 0.5566, 0.4434
1, 0.5657, 0.4343
1, 0.5442, 0.4558
1, 0.5502, 0.4498
1, 0.5456, 0.4544
1, 0.5622, 0.4378
1, 0.5469, 0.4531
1, 0.5425, 0.4575
1, 0.552, 0.448
1, 0.5662, 0.4338
1, 0.5438, 0.4562
1, 0.5511, 0.4489
1, 0.5495, 0.4505
1, 0.5455, 0.4545
1, 0.5442, 0.4558
1, 0.567, 0.433
1, 0.5614, 0.4386
1, 0.5456, 0.4544
1, 0.5495, 0.4505
1, 0.5619, 0.4381
1, 0.547, 0.453
1, 0.5565, 0.4435
1, 0.5522, 0.4478
1, 0.5584, 0.4416
1, 0.5687, 0.4313
1, 0.5621, 0.4379
1, 0.5438, 0.4562
1, 0.5457, 0.4543
1, 0.5448, 0.4552
1, 0.5502, 0.4498
1, 0.5621, 0.4379
1, 0.5621, 0.4379
1, 0.5456, 0.4544
1, 0.547, 0.453
1, 0.5437, 0.4563
1, 0.5632, 0.4368
1, 0.5485, 0.4515
1, 0.5459, 0.4541
1, 0.55, 0.45
1, 0.571, 0.429
1, 0.5613, 0.4387
1, 0.5564, 0.4436
1, 0.5436, 0.4564
1, 0.5657, 0.4343
1, 0.5675, 0.4325
1, 0.5511, 0.4489
1, 0.5446, 0.4554
1, 0.5563, 0.4437
1, 0.543, 0.457
1, 0.5565, 0.4435
1, 0.5715, 0.4285
1, 0.5456, 0.4544
1, 0.547, 0.453
1, 0.546, 0.454
1, 0.5511, 0.4489
1, 0.5503, 0.4497
1, 0.5453, 0.4547
1, 0.5494, 0.4506
1, 0.5641, 0.4359
1, 0.5487, 0.4513
1, 0.545, 0.455
1, 0.5415, 0.4585
1, 0.5419, 0.4581
1, 0.5293, 0.4707
1, 0.5299, 0.4701
1, 0.5354, 0.4646
1, 0.5578, 0.4422
1, 0.5581, 0.4419
1, 0.532, 0.468
1, 0.5419, 0.4581
1, 0.5286, 0.4714
1, 0.5279, 0.4721
1, 0.5455, 0.4545
1, 0.5491, 0.4509
1, 0.5365, 0.4635
1, 0.5464, 0.4536
1, 0.5491, 0.4509
1, 0.4925, 0.5075
1, 0.5304, 0.4696
1, 0.5359, 0.4641
1, 0.5288, 0.4712
1, 0.5397, 0.4603
1, 0.5299, 0.4701
1, 0.5297, 0.4703
1, 0.5351, 0.4649
1, 0.5581, 0.4419
1, 0.5303, 0.4697
1, 0.5336, 0.4664
1, 0.5359, 0.4641
1, 0.5579, 0.4421
1, 0.5576, 0.4424
1, 0.5578, 0.4422
1, 0.5357, 0.4643
1, 0.5327, 0.4673
1, 0.4868, 0.5132
1, 0.5288, 0.4712
1, 0.535, 0.465
1, 0.5425, 0.4575
1, 0.5571, 0.4429
1, 0.5394, 0.4606
1, 0.544, 0.456
1, 0.5319, 0.4681
1, 0.5476, 0.4524
1, 0.5359, 0.4641
1, 0.5359, 0.4641
1, 0.5495, 0.4505
1, 0.5288, 0.4712
1, 0.5302, 0.4698
1, 0.5495, 0.4505
1, 0.5457, 0.4543
1, 0.5288, 0.4712
1, 0.5287, 0.4713
1, 0.559, 0.441
1, 0.5578, 0.4422
1, 0.5424, 0.4576
1, 0.548, 0.452
1, 0.5455, 0.4545
1, 0.5357, 0.4643
1, 0.561, 0.439
1, 0.5357, 0.4643
1, 0.5495, 0.4505
1, 0.5359, 0.4641
1, 0.5359, 0.4641
1, 0.53, 0.47
1, 0.5571, 0.4429
1, 0.5341, 0.4659
1, 0.5302, 0.4698
1, 0.5456, 0.4544
1, 0.5343, 0.4657
1, 0.5288, 0.4712
1, 0.5411, 0.4589
1, 0.5578, 0.4422
1, 0.5442, 0.4558
1, 0.5573, 0.4427
1, 0.5332, 0.4668
1, 0.5307, 0.4693
1, 0.5335, 0.4665
1, 0.5354, 0.4646
1, 0.5576, 0.4424
1, 0.532, 0.468
1, 0.5344, 0.4656
1, 0.5032, 0.4968
1, 0.5394, 0.4606
1, 0.4683, 0.5317
1, 0.5427, 0.4573
1, 0.5302, 0.4698
1, 0.5411, 0.4589
1, 0.5299, 0.4701
1, 0.5365, 0.4635
1, 0.5432, 0.4568
1, 0.5291, 0.4709
1, 0.5427, 0.4573
1, 0.5288, 0.4712
1, 0.5445, 0.4555
1, 0.5362, 0.4638
1, 0.5293, 0.4707
1, 0.5296, 0.4704
1, 0.559, 0.441
1, 0.548, 0.452
1, 0.5313, 0.4687
1, 0.5476, 0.4524
1, 0.5495, 0.4505
1, 0.5278, 0.4722
1, 0.5435, 0.4565
1, 0.5365, 0.4635
1, 0.5578, 0.4422
1, 0.53, 0.47
1, 0.5365, 0.4635
1, 0.5545, 0.4455
1, 0.5444, 0.4556
1, 0.5286, 0.4714
1, 0.542, 0.458
1, 0.5491, 0.4509
1, 0.5349, 0.4651
1, 0.5424, 0.4576
1, 0.5323, 0.4677
1, 0.5573, 0.4427
1, 0.5424, 0.4576
1, 0.5288, 0.4712
1, 0.5344, 0.4656
1, 0.5357, 0.4643
1, 0.5411, 0.4589
1, 0.5419, 0.4581
1, 0.5365, 0.4635
1, 0.5439, 0.4561
1, 0.5299, 0.4701
1, 0.5578, 0.4422
1, 0.5549, 0.4451
1, 0.5299, 0.4701
1, 0.5365, 0.4635
1, 0.5355, 0.4645
1, 0.5276, 0.4724
1, 0.5291, 0.4709
1, 0.5578, 0.4422
1, 0.5313, 0.4687
1, 0.5436, 0.4564
1, 0.5394, 0.4606
1, 0.5419, 0.4581
1, 0.5394, 0.4606
1, 0.5365, 0.4635
1, 0.5352, 0.4648
1, 0.5551, 0.4449
1, 0.5455, 0.4545
1, 0.5451, 0.4549
1, 0.5424, 0.4576
1, 0.5299, 0.4701
1, 0.5348, 0.4652
1, 0.5435, 0.4565
1, 0.5419, 0.4581
1, 0.5359, 0.4641
1, 0.5304, 0.4696
1, 0.5438, 0.4562
1, 0.5552, 0.4448
1, 0.5279, 0.4721
1, 0.5455, 0.4545
1, 0.551, 0.449
1, 0.53, 0.47
1, 0.5364, 0.4636
1, 0.5495, 0.4505
1, 0.5454, 0.4546
1, 0.5445, 0.4555
1, 0.5598, 0.4402
1, 0.5476, 0.4524
1, 0.5599, 0.4401
1, 0.5365, 0.4635
1, 0.5598, 0.4402
1, 0.5601, 0.4399
1, 0.529, 0.471
1, 0.5357, 0.4643
1, 0.5322, 0.4678
1, 0.5576, 0.4424
1, 0.5444, 0.4556
1, 0.5583, 0.4417
1, 0.5309, 0.4691
1, 0.5325, 0.4675
1, 0.5601, 0.4399
1, 0.5357, 0.4643
1, 0.5365, 0.4635
1, 0.527, 0.473
1, 0.5473, 0.4527
1, 0.5288, 0.4712
1, 0.5595, 0.4405
1, 0.555, 0.445
1, 0.558, 0.442
1, 0.5443, 0.4557
1, 0.5576, 0.4424
1, 0.546, 0.454
1, 0.5491, 0.4509
1, 0.5573, 0.4427
1, 0.5537, 0.4463
1, 0.5495, 0.4505
1, 0.5573, 0.4427
1, 0.5302, 0.4698
1, 0.531, 0.469
1, 0.53, 0.47
1, 0.5443, 0.4557
1, 0.5581, 0.4419
1, 0.5349, 0.4651
1, 0.5288, 0.4712
1, 0.5357, 0.4643
1, 0.5573, 0.4427
1, 0.5425, 0.4575
1, 0.5455, 0.4545
1, 0.5302, 0.4698
1, 0.5419, 0.4581
1, 0.5491, 0.4509
1, 0.5302, 0.4698
1, 0.5365, 0.4635
1, 0.5578, 0.4422
1, 0.5588, 0.4412
1, 0.5289, 0.4711
1, 0.5342, 0.4658
1, 0.5359, 0.4641
1, 0.5578, 0.4422
1, 0.5359, 0.4641
1, 0.532, 0.468
1, 0.5426, 0.4574
1, 0.531, 0.469
1, 0.5327, 0.4673
1, 0.5476, 0.4524
1, 0.5477, 0.4523
1, 0.5435, 0.4565
1, 0.544, 0.456
1, 0.5352, 0.4648
1, 0.5341, 0.4659
1, 0.5394, 0.4606
1, 0.5436, 0.4564
1, 0.5425, 0.4575
1, 0.5491, 0.4509
1, 0.5365, 0.4635
1, 0.5578, 0.4422
1, 0.53, 0.47
1, 0.5416, 0.4584
1, 0.5357, 0.4643
1, 0.5455, 0.4545
1, 0.5573, 0.4427
1, 0.5478, 0.4522
1, 0.5404, 0.4596
1, 0.4963, 0.5037
1, 0.5288, 0.4712
1, 0.5471, 0.4529
1, 0.542, 0.458
1, 0.5357, 0.4643
1, 0.53, 0.47
1, 0.5588, 0.4412
1, 0.559, 0.441
1, 0.5573, 0.4427
1, 0.5581, 0.4419
1, 0.5573, 0.4427
1, 0.5334, 0.4666
1, 0.53, 0.47
1, 0.5436, 0.4564
1, 0.5576, 0.4424
1, 0.5573, 0.4427
1, 0.548, 0.452
1, 0.5578, 0.4422
1, 0.53, 0.47
1, 0.5411, 0.4589
1, 0.5357, 0.4643
1, 0.5302, 0.4698
1, 0.544, 0.456
1, 0.5578, 0.4422
1, 0.5588, 0.4412
1, 0.5424, 0.4576
1, 0.5296, 0.4704
1, 0.5394, 0.4606
1, 0.5495, 0.4505
1, 0.5359, 0.4641
1, 0.5293, 0.4707
1, 0.5588, 0.4412
1, 0.53, 0.47
1, 0.5641, 0.4359
1, 0.5422, 0.4578
1, 0.5555, 0.4445
1, 0.5476, 0.4524
1, 0.5599, 0.4401
1, 0.5456, 0.4544
1, 0.5465, 0.4535
1, 0.5732, 0.4268
1, 0.5568, 0.4432
1, 0.5482, 0.4518
1, 0.5473, 0.4527
1, 0.5469, 0.4531
1, 0.5446, 0.4554
1, 0.545, 0.455
1, 0.5666, 0.4334
1, 0.5501, 0.4499
1, 0.5479, 0.4521
1, 0.5626, 0.4374
1, 0.5584, 0.4416
1, 0.5446, 0.4554
1, 0.5637, 0.4363
1, 0.5551, 0.4449
1, 0.5458, 0.4542
1, 0.5724, 0.4276
1, 0.5495, 0.4505
1, 0.572, 0.428
1, 0.5561, 0.4439
1, 0.5443, 0.4557
1, 0.5637, 0.4363
1, 0.5436, 0.4564
1, 0.5619, 0.4381
1, 0.558, 0.442
1, 0.5461, 0.4539
1, 0.5661, 0.4339
1, 0.5526, 0.4474
1, 0.5447, 0.4553
1, 0.5574, 0.4426
1, 0.5574, 0.4426
1, 0.5417, 0.4583
1, 0.5465, 0.4535
1, 0.5583, 0.4417
1, 0.563, 0.437
1, 0.5475, 0.4525
1, 0.5665, 0.4335
1, 0.5681, 0.4319
1, 0.5457, 0.4543
1, 0.5446, 0.4554
1, 0.5678, 0.4322
1, 0.5456, 0.4544
1, 0.5498, 0.4502
1, 0.5515, 0.4485
1, 0.556, 0.444
1, 0.5479, 0.4521
1, 0.5456, 0.4544
1, 0.5562, 0.4438
1, 0.5593, 0.4407
1, 0.5659, 0.4341
1, 0.5507, 0.4493
1, 0.5468, 0.4532
1, 0.562, 0.438
1, 0.5648, 0.4352
1, 0.5449, 0.4551
1, 0.5724, 0.4276
1, 0.509, 0.491
1, 0.5141, 0.4859
1, 0.5627, 0.4373
1, 0.5624, 0.4376
1, 0.5566, 0.4434
1, 0.5609, 0.4391
1, 0.4984, 0.5016
1, 0.5462, 0.4538
1, 0.5464, 0.4536
1, 0.5642, 0.4358
1, 0.5586, 0.4414
1, 0.5614, 0.4386
1, 0.5563, 0.4437
1, 0.5634, 0.4366
1, 0.5425, 0.4575
1, 0.5411, 0.4589
1, 0.5567, 0.4433
1, 0.5474, 0.4526
1, 0.5479, 0.4521
1, 0.5696, 0.4304
1, 0.55, 0.45
1, 0.5473, 0.4527
1, 0.5417, 0.4583
1, 0.5475, 0.4525
1, 0.5465, 0.4535
1, 0.5671, 0.4329
1, 0.5451, 0.4549
1, 0.5585, 0.4415
1, 0.5481, 0.4519
1, 0.5673, 0.4327
1, 0.5584, 0.4416
1, 0.5481, 0.4519
1, 0.5453, 0.4547
1, 0.5465, 0.4535
1, 0.5634, 0.4366
1, 0.5721, 0.4279
1, 0.5476, 0.4524
1, 0.5626, 0.4374
1, 0.5429, 0.4571
1, 0.5626, 0.4374
1, 0.5622, 0.4378
1, 0.5638, 0.4362
1, 0.5417, 0.4583
1, 0.556, 0.444
1, 0.4924, 0.5076
1, 0.4774, 0.5226
1, 0.5741, 0.4259
1, 0.5036, 0.4964
1, 0.4882, 0.5118
1, 0.5476, 0.4524
1, 0.5484, 0.4516
1, 0.5475, 0.4525
1, 0.5613, 0.4387
1, 0.5595, 0.4405
1, 0.5494, 0.4506
1, 0.5501, 0.4499
1, 0.4743, 0.5257
1, 0.5453, 0.4547
1, 0.5457, 0.4543
1, 0.4693, 0.5307
1, 0.5002, 0.4998
1, 0.4715, 0.5285
1, 0.4811, 0.5189
1, 0.4762, 0.5238
1, 0.5001, 0.4999
1, 0.5097, 0.4903
1, 0.5089, 0.4911
1, 0.5463, 0.4537
1, 0.5486, 0.4514
1, 0.5478, 0.4522
1, 0.5707, 0.4293
1, 0.552, 0.448
1, 0.5468, 0.4532
1, 0.5099, 0.4901
1, 0.5167, 0.4833
1, 0.5459, 0.4541
1, 0.5565, 0.4435
1, 0.5507, 0.4493
1, 0.5622, 0.4378
1, 0.547, 0.453
1, 0.5465, 0.4535
1, 0.5491, 0.4509
1, 0.56, 0.44
1, 0.5625, 0.4375
1, 0.562, 0.438
1, 0.5645, 0.4355
1, 0.5662, 0.4338
1, 0.5493, 0.4507
1, 0.5477, 0.4523
1, 0.5459, 0.4541
1, 0.5594, 0.4406
1, 0.5464, 0.4536
1, 0.5439, 0.4561
1, 0.5477, 0.4523
1, 0.5474, 0.4526
1, 0.5497, 0.4503
1, 0.5521, 0.4479
1, 0.567, 0.433
1, 0.5683, 0.4317
1, 0.5526, 0.4474
1, 0.5624, 0.4376
1, 0.5647, 0.4353
1, 0.5632, 0.4368
1, 0.5623, 0.4377
1, 0.5632, 0.4368
1, 0.5656, 0.4344
1, 0.5599, 0.4401
1, 0.5623, 0.4377
1, 0.5734, 0.4266
1, 0.5649, 0.4351
1, 0.5487, 0.4513
1, 0.5636, 0.4364
1, 0.5604, 0.4396
1, 0.5578, 0.4422
1, 0.5565, 0.4435
1, 0.5559, 0.4441
1, 0.5467, 0.4533
1, 0.5631, 0.4369
1, 0.5635, 0.4365
1, 0.5632, 0.4368
1, 0.5643, 0.4357
1, 0.5715, 0.4285
1, 0.5757, 0.4243
1, 0.5514, 0.4486
1, 0.5528, 0.4472
1, 0.5624, 0.4376
1, 0.5106, 0.4894
1, 0.5002, 0.4998
1, 0.5526, 0.4474
1, 0.5474, 0.4526
1, 0.5757, 0.4243
1, 0.5515, 0.4485
1, 0.5647, 0.4353
1, 0.5665, 0.4335
1, 0.5484, 0.4516
1, 0.5631, 0.4369
1, 0.5614, 0.4386
1, 0.5647, 0.4353
1, 0.5594, 0.4406
1, 0.5621, 0.4379
1, 0.5637, 0.4363
1, 0.5526, 0.4474
1, 0.5499, 0.4501
1, 0.5455, 0.4545
1, 0.5469, 0.4531
1, 0.5512, 0.4488
1, 0.5647, 0.4353
1, 0.5491, 0.4509
1, 0.5507, 0.4493
1, 0.5633, 0.4367
1, 0.569, 0.431
1, 0.5489, 0.4511
1, 0.5486, 0.4514
1, 0.5511, 0.4489
1, 0.5323, 0.4677
1, 0.5326, 0.4674
1, 0.5359, 0.4641
1, 0.5353, 0.4647
1, 0.5511, 0.4489
1, 0.5488, 0.4512
1, 0.5595, 0.4405
1, 0.5565, 0.4435
1, 0.5563, 0.4437
1, 0.5458, 0.4542
1, 0.5654, 0.4346
1, 0.5337, 0.4663
1, 0.5445, 0.4555
1, 0.5321, 0.4679
1, 0.5346, 0.4654
1, 0.5474, 0.4526
1, 0.5335, 0.4665
1, 0.5487, 0.4513
1, 0.546, 0.454
1, 0.5495, 0.4505
1, 0.5525, 0.4475
1, 0.549, 0.451
1, 0.5527, 0.4473
1, 0.5492, 0.4508
1, 0.5501, 0.4499
1, 0.5525, 0.4475
1, 0.5639, 0.4361
1, 0.5637, 0.4363
1, 0.5486, 0.4514
1, 0.5659, 0.4341
1, 0.4994, 0.5006
1, 0.5474, 0.4526
1, 0.5495, 0.4505
1, 0.5475, 0.4525
1, 0.5497, 0.4503
1, 0.4979, 0.5021
1, 0.5453, 0.4547
1, 0.5472, 0.4528
1, 0.5465, 0.4535
1, 0.5502, 0.4498
1, 0.5491, 0.4509
1, 0.5478, 0.4522
1, 0.5638, 0.4362
1, 0.5703, 0.4297
1, 0.5751, 0.4249
1, 0.5663, 0.4337
1, 0.5447, 0.4553
1, 0.5505, 0.4495
1, 0.5492, 0.4508
1, 0.5529, 0.4471
1, 0.5495, 0.4505
1, 0.5481, 0.4519
1, 0.5473, 0.4527
1, 0.5636, 0.4364
1, 0.5476, 0.4524
1, 0.5492, 0.4508
1, 0.5501, 0.4499
1, 0.5474, 0.4526
1, 0.4864, 0.5136
1, 0.5501, 0.4499
1, 0.5505, 0.4495
1, 0.5492, 0.4508
1, 0.5483, 0.4517
1, 0.5491, 0.4509
1, 0.5501, 0.4499
1, 0.5471, 0.4529
1, 0.5021, 0.4979
1, 0.5479, 0.4521
1, 0.5465, 0.4535
1, 0.547, 0.453
1, 0.5506, 0.4494
1, 0.5614, 0.4386
1, 0.5564, 0.4436
1, 0.5666, 0.4334
1, 0.5522, 0.4478
1, 0.5452, 0.4548
1, 0.5487, 0.4513
1, 0.5528, 0.4472
1, 0.5499, 0.4501
1, 0.5501, 0.4499
1, 0.552, 0.448
1, 0.553, 0.447
1, 0.4969, 0.5031
1, 0.562, 0.438
1, 0.5504, 0.4496
1, 0.5553, 0.4447
1, 0.5506, 0.4494
1, 0.5674, 0.4326
1, 0.5664, 0.4336
1, 0.5736, 0.4264
1, 0.5577, 0.4423
1, 0.4988, 0.5012
1, 0.5606, 0.4394
1, 0.5549, 0.4451
1, 0.5717, 0.4283
1, 0.5594, 0.4406
1, 0.5599, 0.4401
1, 0.5585, 0.4415
1, 0.5547, 0.4453
1, 0.5521, 0.4479
1, 0.5508, 0.4492
1, 0.5536, 0.4464
1, 0.4956, 0.5044
1, 0.5459, 0.4541
1, 0.5509, 0.4491
1, 0.5546, 0.4454
1, 0.55, 0.45
1, 0.5568, 0.4432
1, 0.5534, 0.4466
1, 0.548, 0.452
1, 0.5546, 0.4454
1, 0.5517, 0.4483
1, 0.5649, 0.4351
1, 0.571, 0.429
1, 0.5573, 0.4427
1, 0.5633, 0.4367
1, 0.5359, 0.4641
1, 0.5503, 0.4497
1, 0.5605, 0.4395
1, 0.552, 0.448
1, 0.5509, 0.4491
1, 0.5539, 0.4461
1, 0.5539, 0.4461
1, 0.555, 0.445
1, 0.5608, 0.4392
1, 0.5561, 0.4439
1, 0.5528, 0.4472
1, 0.5564, 0.4436
1, 0.5521, 0.4479
1, 0.5695, 0.4305
1, 0.5528, 0.4472
1, 0.5519, 0.4481
1, 0.5521, 0.4479
1, 0.5513, 0.4487
1, 0.5546, 0.4454
1, 0.551, 0.449
1, 0.5557, 0.4443
1, 0.4936, 0.5064
1, 0.5537, 0.4463
1, 0.5565, 0.4435
1, 0.5645, 0.4355
1, 0.5705, 0.4295
1, 0.5496, 0.4504
1, 0.5626, 0.4374
1, 0.5705, 0.4295
1, 0.5624, 0.4376
1, 0.5655, 0.4345
1, 0.5656, 0.4344
1, 0.5609, 0.4391
1, 0.5621, 0.4379
1, 0.5611, 0.4389
1, 0.5496, 0.4504
1, 0.5786, 0.4214
1, 0.5694, 0.4306
1, 0.557, 0.443
1, 0.5705, 0.4295
1, 0.5728, 0.4272
1, 0.5762, 0.4238
1, 0.5797, 0.4203
1, 0.5455, 0.4545
1, 0.5624, 0.4376
1, 0.5838, 0.4162
1, 0.5727, 0.4273
1, 0.5635, 0.4365
1, 0.5645, 0.4355
1, 0.5693, 0.4307
1, 0.562, 0.438
1, 0.5691, 0.4309
1, 0.565, 0.435
1, 0.5449, 0.4551
1, 0.5498, 0.4502
1, 0.5438, 0.4562
1, 0.5603, 0.4397
1, 0.5646, 0.4354
1, 0.5586, 0.4414
1, 0.5703, 0.4297
1, 0.5644, 0.4356
1, 0.5497, 0.4503
1, 0.5323, 0.4677
1, 0.5541, 0.4459
1, 0.5348, 0.4652
1, 0.5353, 0.4647
1, 0.523, 0.477
1, 0.5509, 0.4491
1, 0.5462, 0.4538
1, 0.5528, 0.4472
1, 0.5476, 0.4524
1, 0.5396, 0.4604
1, 0.5252, 0.4748
1, 0.4853, 0.5147
1, 0.5291, 0.4709
1, 0.5463, 0.4537
1, 0.5256, 0.4744
1, 0.5509, 0.4491
1, 0.539, 0.461
1, 0.5394, 0.4606
1, 0.549, 0.451
1, 0.551, 0.449
1, 0.5615, 0.4385
1, 0.5497, 0.4503
1, 0.5716, 0.4284
1, 0.5633, 0.4367
1, 0.5623, 0.4377
1, 0.557, 0.443
1, 0.5679, 0.4321
1, 0.5467, 0.4533
1, 0.5773, 0.4227
1, 0.5568, 0.4432
1, 0.5496, 0.4504
1, 0.4995, 0.5005
1, 0.5395, 0.4605
1, 0.557, 0.443
1, 0.5117, 0.4883
1, 0.5411, 0.4589
1, 0.5024, 0.4976
1, 0.5536, 0.4464
1, 0.5567, 0.4433
1, 0.5045, 0.4955
1, 0.5, 0.5
1, 0.5523, 0.4477
1, 0.5358, 0.4642
1, 0.5437, 0.4563
1, 0.5402, 0.4598
1, 0.5476, 0.4524
1, 0.528, 0.472
1, 0.5281, 0.4719
1, 0.564, 0.436
1, 0.545, 0.455
1, 0.5476, 0.4524
1, 0.5305, 0.4695
1, 0.4789, 0.5211
1, 0.5466, 0.4534
1, 0.5463, 0.4537
1, 0.4764, 0.5236
1, 0.4708, 0.5292
1, 0.4789, 0.5211
1, 0.5467, 0.4533
1, 0.5446, 0.4554
1, 0.5447, 0.4553
1, 0.545, 0.455
1, 0.5462, 0.4538
1, 0.5453, 0.4547
1, 0.4947, 0.5053
1, 0.5447, 0.4553
1, 0.5475, 0.4525
1, 0.5738, 0.4262
1, 0.4742, 0.5258
1, 0.5675, 0.4325
1, 0.5591, 0.4409
1, 0.5468, 0.4532
1, 0.5508, 0.4492
1, 0.5507, 0.4493
1, 0.5504, 0.4496
1, 0.4976, 0.5024
1, 0.5504, 0.4496
1, 0.5349, 0.4651
1, 0.5349, 0.4651
1, 0.5491, 0.4509
1, 0.536, 0.464
1, 0.5367, 0.4633
1, 0.5372, 0.4628
1, 0.5399, 0.4601
1, 0.5399, 0.4601
1, 0.5339, 0.4661
1, 0.5313, 0.4687
1, 0.5313, 0.4687
1, 0.5381, 0.4619
1, 0.5357, 0.4643
1, 0.5335, 0.4665
1, 0.5497, 0.4503
1, 0.5367, 0.4633
1, 0.5497, 0.4503
1, 0.5659, 0.4341
1, 0.5486, 0.4514
1, 0.56, 0.44
1, 0.5505, 0.4495
1, 0.5453, 0.4547
1, 0.55, 0.45
1, 0.5464, 0.4536
1, 0.5472, 0.4528
1, 0.5485, 0.4515
1, 0.533, 0.467
1, 0.5497, 0.4503
1, 0.499, 0.501
1, 0.5543, 0.4457
1, 0.5379, 0.4621
1, 0.5366, 0.4634
1, 0.5442, 0.4558
0, 0.6322, 0.3678
0, 0.3, 0.7
0, 0.8612, 0.1388
0, 0.3771, 0.6229
0, 0.8183, 0.1817
0, 0.8183, 0.1817
0, 0.7788, 0.2212
0, 0.831, 0.169
0, 0.8265, 0.1735
0, 0.8331, 0.1669
0, 0.9023, 0.0977
0, 0.824, 0.176
0, 0.8477, 0.1523
0, 0.8555, 0.1445
0, 0.8331, 0.1669
0, 0.9154, 0.0846
0, 0.3638, 0.6362
0, 0.8978, 0.1022
0, 0.9581, 0.0419
0, 0.3703, 0.6297
0, 0.8521, 0.1479
0, 0.7137, 0.2863
0, 0.3173, 0.6827
0, 0.8977, 0.1023
0, 0.8782, 0.1218
0, 0.8484, 0.1516
0, 0.8555, 0.1445
0, 0.7505, 0.2495
0, 0.848, 0.152
0, 0.8276, 0.1724
0, 0.7737, 0.2263
0, 0.8244, 0.1756
0, 0.8978, 0.1022
0, 0.372, 0.628
0, 0.3103, 0.6897
0, 0.8237, 0.1763
0, 0.7658, 0.2342
0, 0.3568, 0.6432
0, 0.7864, 0.2136
0, 0.7682, 0.2318
0, 0.8398, 0.1602
0, 0.6821, 0.3179
0, 0.8685, 0.1315
0, 0.818, 0.182
0, 0.3725, 0.6275
0, 0.8557, 0.1443
0, 0.9773, 0.0227
0, 0.8682, 0.1318
0, 0.7348, 0.2652
0, 0.704, 0.296
0, 0.6996, 0.3004
0, 0.8455, 0.1545
0, 0.824, 0.176
0, 0.8183, 0.1817
0, 0.5785, 0.4215
0, 0.8261, 0.1739
0, 0.8486, 0.1514
0, 0.9696, 0.0304
0, 0.9618, 0.0382
0, 0.82, 0.18
0, 0.578, 0.422
0, 0.3585, 0.6415
0, 0.8506, 0.1494
0, 0.8276, 0.1724
0, 0.3, 0.7
0, 0.8276, 0.1724
0, 0.9773, 0.0227
0, 0.3725, 0.6275
0, 0.7785, 0.2215
0, 0.8478, 0.1522
0, 0.366, 0.634
0, 0.7541, 0.2459
0, 0.9023, 0.0977
0, 0.8244, 0.1756
0, 0.8303, 0.1697
0, 0.3691, 0.6309
0, 0.8529, 0.1471
0, 0.372, 0.628
0, 0.8364, 0.1636
0, 0.7642, 0.2358
0, 0.8591, 0.1409
0, 0.8379, 0.1621
0, 0.817, 0.183
0, 0.3795, 0.6205
0, 0.8241, 0.1759
0, 0.9696, 0.0304
0, 0.3703, 0.6297
0, 0.7348, 0.2652
0, 0.82, 0.18
0, 0.9696, 0.0304
0, 0.9667, 0.0333
0, 0.8782, 0.1218
0, 0.8406, 0.1594
0, 0.8594, 0.1406
0, 0.8364, 0.1636
0, 0.8364, 0.1636
0, 0.8241, 0.1759
0, 0.7183, 0.2817
0, 0.2936, 0.7064
0, 0.82, 0.18
0, 0.818, 0.182
0, 0.8112, 0.1888
0, 0.9154, 0.0846
0, 0.3103, 0.6897
0, 0.8379, 0.1621
0, 0.7785, 0.2215
0, 0.7554, 0.2446
0, 0.8824, 0.1176
0, 0.8303, 0.1697
0, 0.8502, 0.1498
0, 0.5789, 0.4211
0, 0.8525, 0.1475
0, 0.8561, 0.1439
0, 0.8129, 0.1871
0, 0.8568, 0.1432
0, 0.8824, 0.1176
0, 0.978, 0.022
0, 0.7654, 0.2346
0, 0.9685, 0.0315
0, 0.7774, 0.2226
0, 0.8859, 0.1141
0, 0.8261, 0.1739
0, 0.7642, 0.2358
0, 0.8484, 0.1516
0, 0.8173, 0.1827
0, 0.8824, 0.1176
0, 0.8335, 0.1665
0, 0.7773, 0.2227
0, 0.9669, 0.0331
0, 0.8482, 0.1518
0, 0.8866, 0.1134
0, 0.3792, 0.6208
0, 0.8331, 0.1669
0, 0.7785, 0.2215
0, 0.8221, 0.1779
0, 0.8484, 0.1516
0, 0.3104, 0.6896
0, 0.8221, 0.1779
0, 0.7735, 0.2265
0, 0.7123, 0.2877
0, 0.8478, 0.1522
0, 0.8727, 0.1273
0, 0.8248, 0.1752
0, 0.6864, 0.3136
0, 0.8183, 0.1817
0, 0.7505, 0.2495
0, 0.7579, 0.2421
0, 0.8303, 0.1697
0, 0.8558, 0.1442
0, 0.3638, 0.6362
0, 0.82, 0.18
0, 0.8889, 0.1111
0, 0.8261, 0.1739
0, 0.8484, 0.1516
0, 0.8782, 0.1218
0, 0.8129, 0.1871
0, 0.9722, 0.0278
0, 0.8555, 0.1445
0, 0.8638, 0.1362
0, 0.8247, 0.1753
0, 0.8484, 0.1516
0, 0.8248, 0.1752
0, 0.5353, 0.4647
0, 0.8183, 0.1817
0, 0.8978, 0.1022
0, 0.9667, 0.0333
0, 0.3, 0.7
0, 0.8215, 0.1785
0, 0.3785, 0.6215
0, 0.7679, 0.2321
0, 0.3719, 0.6281
0, 0.6661, 0.3339
0, 0.3585, 0.6415
0, 0.8221, 0.1779
0, 0.8482, 0.1518
0, 0.8506, 0.1494
0, 0.8194, 0.1806
0, 0.8866, 0.1134
0, 0.372, 0.628
0, 0.3, 0.7
0, 0.836, 0.164
0, 0.8237, 0.1763
0, 0.8239, 0.1761
0, 0.3694, 0.6306
0, 0.3768, 0.6232
0, 0.8505, 0.1495
0, 0.8859, 0.1141
0, 0.8889, 0.1111
0, 0.8859, 0.1141
0, 0.8183, 0.1817
0, 0.675, 0.325
0, 0.6571, 0.3429
0, 0.8565, 0.1435
0, 0.8179, 0.1821
0, 0.7747, 0.2253
0, 0.6745, 0.3255
0, 0.3725, 0.6275
0, 0.8398, 0.1602
0, 0.8592, 0.1408
0, 0.8398, 0.1602
0, 0.7216, 0.2784
0, 0.8244, 0.1756
0, 0.8185, 0.1815
0, 0.8479, 0.1521
0, 0.9617, 0.0383
0, 0.7747, 0.2253
0, 0.8965, 0.1035
0, 0.7642, 0.2358
0, 0.8775, 0.1225
0, 0.8484, 0.1516
0, 0.8089, 0.1911
0, 0.8856, 0.1144
0, 0.8089, 0.1911
0, 0.8241, 0.1759
0, 0.7642, 0.2358
0, 0.838, 0.162
0, 0.7633, 0.2367
0, 0.8244, 0.1756
0, 0.8518, 0.1482
0, 0.3018, 0.6982
0, 0.8502, 0.1498
0, 0.8239, 0.1761
0, 0.8061, 0.1939
0, 0.8568, 0.1432
0, 0.7785, 0.2215
0, 0.9773, 0.0227
0, 0.655, 0.345
0, 0.8173, 0.1827
0, 0.8265, 0.1735
0, 0.8248, 0.1752
0, 0.9696, 0.0304
0, 0.9667, 0.0333
0, 0.8173, 0.1827
0, 0.3784, 0.6216
0, 0.3585, 0.6415
0, 0.8179, 0.1821
0, 0.7735, 0.2265
0, 0.7745, 0.2255
0, 0.3792, 0.6208
0, 0.5785, 0.4215
0, 0.858, 0.142
0, 0.8568, 0.1432
0, 0.8527, 0.1473
0, 0.8484, 0.1516
0, 0.6999, 0.3001
0, 0.8432, 0.1568
0, 0.8638, 0.1362
0, 0.8386, 0.1614
0, 0.8478, 0.1522
0, 0.7533, 0.2467
0, 0.3, 0.7
0, 0.8484, 0.1516
0, 0.8248, 0.1752
0, 0.3104, 0.6896
0, 0.8978, 0.1022
0, 0.3572, 0.6428
0, 0.831, 0.169
0, 0.8478, 0.1522
0, 0.8386, 0.1614
0, 0.7628, 0.2372
0, 0.8592, 0.1408
0, 0.8364, 0.1636
0, 0.8477, 0.1523
0, 0.8782, 0.1218
0, 0.8478, 0.1522
0, 0.3104, 0.6896
0, 0.3689, 0.6311
0, 0.8183, 0.1817
0, 0.8089, 0.1911
0, 0.7658, 0.2342
0, 0.3125, 0.6875
0, 0.9669, 0.0331
0, 0.8441, 0.1559
0, 0.5785, 0.4215
0, 0.8682, 0.1318
0, 0.8565, 0.1435
0, 0.8183, 0.1817
0, 0.6661, 0.3339
0, 0.5353, 0.4647
0, 0.3694, 0.6306
0, 0.6639, 0.3361
0, 0.3792, 0.6208
0, 0.5353, 0.4647
0, 0.8379, 0.1621
0, 0.8303, 0.1697
0, 0.8484, 0.1516
0, 0.7747, 0.2253
0, 0.834, 0.166
0, 0.9023, 0.0977
0, 0.3585, 0.6415
0, 0.9639, 0.0361
0, 0.9652, 0.0348
0, 0.8159, 0.1841
0, 0.7864, 0.2136
0, 0.7864, 0.2136
0, 0.8159, 0.1841
0, 0.8241, 0.1759
0, 0.3608, 0.6392
0, 0.3521, 0.6479
0, 0.7998, 0.2002
0, 0.8484, 0.1516
0, 0.7737, 0.2263
0, 0.8423, 0.1577
0, 0.8478, 0.1522
0, 0.8241, 0.1759
0, 0.8244, 0.1756
0, 0.8482, 0.1518
0, 0.8525, 0.1475
0, 0.8482, 0.1518
0, 0.7642, 0.2358
0, 0.8482, 0.1518
0, 0.8241, 0.1759
0, 0.834, 0.166
0, 0.8455, 0.1545
0, 0.8646, 0.1354
0, 0.834, 0.166
0, 0.8221, 0.1779
0, 0.8195, 0.1805
0, 0.7656, 0.2344
0, 0.8483, 0.1517
0, 0.7735, 0.2265
0, 0.8439, 0.1561
0, 0.824, 0.176
0, 0.9669, 0.0331
0, 0.834, 0.166
0, 0.3725, 0.6275
0, 0.3665, 0.6335
0, 0.82, 0.18
0, 0.3585, 0.6415
0, 0.7541, 0.2459
0, 0.3703, 0.6297
0, 0.8482, 0.1518
0, 0.8693, 0.1307
0, 0.8502, 0.1498
0, 0.8364, 0.1636
0, 0.8248, 0.1752
0, 0.8129, 0.1871
0, 0.8642, 0.1358
0, 0.8248, 0.1752
0, 0.7633, 0.2367
0, 0.3547, 0.6453
0, 0.8183, 0.1817
0, 0.8227, 0.1773
0, 0.8965, 0.1035
0, 0.8518, 0.1482
0, 0.3081, 0.6919
0, 0.978, 0.022
0, 0.8245, 0.1755
0, 0.82, 0.18
0, 0.8586, 0.1414
0, 0.8254, 0.1746
0, 0.958, 0.042
0, 0.8386, 0.1614
0, 0.2936, 0.7064
0, 0.9759, 0.0241
0, 0.8379, 0.1621
0, 0.9154, 0.0846
0, 0.7642, 0.2358
0, 0.3103, 0.6897
0, 0.9696, 0.0304
0, 0.8478, 0.1522
0, 0.8866, 0.1134
0, 0.8502, 0.1498
0, 0.8856, 0.1144
0, 0.7658, 0.2342
0, 0.8245, 0.1755
0, 0.3792, 0.6208
0, 0.8303, 0.1697
0, 0.8978, 0.1022
0, 0.704, 0.296
0, 0.8591, 0.1409
0, 0.8603, 0.1397
0, 0.3792, 0.6208
0, 0.8371, 0.1629
0, 0.8089, 0.1911
0, 0.8525, 0.1475
0, 0.8565, 0.1435
0, 0.8431, 0.1569
0, 0.7633, 0.2367
0, 0.7137, 0.2863
0, 0.7785, 0.2215
0, 0.9617, 0.0383
0, 0.8688, 0.1312
0, 0.836, 0.164
0, 0.8555, 0.1445
0, 0.8612, 0.1388
0, 0.3725, 0.6275
0, 0.7747, 0.2253
0, 0.8482, 0.1518
0, 0.8089, 0.1911
0, 0.7642, 0.2358
0, 0.8303, 0.1697
0, 0.8215, 0.1785
0, 0.3792, 0.6208
0, 0.8239, 0.1761
0, 0.6639, 0.3361
0, 0.3626, 0.6374
0, 0.3725, 0.6275
0, 0.8379, 0.1621
0, 0.7735, 0.2265
0, 0.8129, 0.1871
0, 0.8505, 0.1495
0, 0.8392, 0.1608
0, 0.3547, 0.6453
0, 0.8423, 0.1577
0, 0.8061, 0.1939
0, 0.8889, 0.1111
0, 0.8482, 0.1518
0, 0.8379, 0.1621
0, 0.8241, 0.1759
0, 0.8502, 0.1498
0, 0.8062, 0.1938
0, 0.8169, 0.1831
0, 0.8584, 0.1416
0, 0.8505, 0.1495
0, 0.8536, 0.1464
0, 0.8276, 0.1724
0, 0.8379, 0.1621
0, 0.7654, 0.2346
0, 0.8824, 0.1176
0, 0.8568, 0.1432
0, 0.3725, 0.6275
0, 0.8248, 0.1752
0, 0.3768, 0.6232
0, 0.7747, 0.2253
0, 0.8386, 0.1614
0, 0.8482, 0.1518
0, 0.7864, 0.2136
0, 0.8824, 0.1176
0, 0.8254, 0.1746
0, 0.6661, 0.3339
0, 0.8555, 0.1445
0, 0.8221, 0.1779
0, 0.7735, 0.2265
0, 0.7747, 0.2253
0, 0.3595, 0.6405
0, 0.8237, 0.1763
0, 0.8563, 0.1437
0, 0.8594, 0.1406
0, 0.8195, 0.1805
0, 0.8981, 0.1019
0, 0.7533, 0.2467
0, 0.3768, 0.6232
0, 0.8112, 0.1888
0, 0.9617, 0.0383
0, 0.8646, 0.1354
0, 0.8859, 0.1141
0, 0.8824, 0.1176
0, 0.3771, 0.6229
0, 0.9762, 0.0238
0, 0.8782, 0.1218
0, 0.8062, 0.1938
0, 0.7673, 0.2327
0, 0.8455, 0.1545
0, 0.8591, 0.1409
0, 0.6679, 0.3321
0, 0.9773, 0.0227
0, 0.836, 0.164
0, 0.8455, 0.1545
0, 0.6999, 0.3001
0, 0.5782, 0.4218
0, 0.7788, 0.2212
0, 0.8455, 0.1545
0, 0.8866, 0.1134
0, 0.3703, 0.6297
0, 0.8685, 0.1315
0, 0.3103, 0.6897
0, 0.8261, 0.1739
0, 0.8965, 0.1035
0, 0.3712, 0.6288
0, 0.8824, 0.1176
0, 0.7563, 0.2437
0, 0.3712, 0.6288
0, 0.8455, 0.1545
0, 0.3665, 0.6335
0, 0.7642, 0.2358
0, 0.8483, 0.1517
0, 0.7656, 0.2344
0, 0.6966, 0.3034
0, 0.8618, 0.1382
0, 0.8386, 0.1614
0, 0.8525, 0.1475
0, 0.82, 0.18
0, 0.8782, 0.1218
0, 0.7541, 0.2459
0, 0.7579, 0.2421
0, 0.8592, 0.1408
0, 0.3691, 0.6309
0, 0.7735, 0.2265
0, 0.8682, 0.1318
0, 0.8568, 0.1432
0, 0.82, 0.18
0, 0.7695, 0.2305
0, 0.8483, 0.1517
0, 0.9639, 0.0361
0, 0.704, 0.296
0, 0.8254, 0.1746
0, 0.366, 0.634
0, 0.6639, 0.3361
0, 0.8272, 0.1728
0, 0.7282, 0.2718
0, 0.8393, 0.1607
0, 0.7735, 0.2265
0, 0.372, 0.628
0, 0.7533, 0.2467
0, 0.8195, 0.1805
0, 0.7032, 0.2968
0, 0.8241, 0.1759
0, 0.8591, 0.1409
0, 0.3103, 0.6897
0, 0.82, 0.18
0, 0.3572, 0.6428
0, 0.8276, 0.1724
0, 0.6639, 0.3361
0, 0.8525, 0.1475
0, 0.9759, 0.0241
0, 0.8502, 0.1498
0, 0.8386, 0.1614
0, 0.6821, 0.3179
0, 0.8061, 0.1939
0, 0.9617, 0.0383
0, 0.5353, 0.4647
0, 0.818, 0.182
0, 0.767, 0.233
0, 0.3626, 0.6374
0, 0.8484, 0.1516
0, 0.7137, 0.2863
0, 0.858, 0.142
0, 0.8371, 0.1629
0, 0.8244, 0.1756
0, 0.8295, 0.1705
0, 0.7686, 0.2314
0, 0.8978, 0.1022
0, 0.769, 0.231
0, 0.655, 0.345
0, 0.3792, 0.6208
0, 0.8594, 0.1406
0, 0.8978, 0.1022
0, 0.747, 0.253
0, 0.9667, 0.0333
0, 0.978, 0.022
0, 0.7633, 0.2367
0, 0.8482, 0.1518
0, 0.8889, 0.1111
0, 0.839, 0.161
0, 0.8243, 0.1757
0, 0.5353, 0.4647
0, 0.7628, 0.2372
0, 0.834, 0.166
0, 0.874, 0.126
0, 0.824, 0.176
0, 0.8859, 0.1141
0, 0.8981, 0.1019
0, 0.8241, 0.1759
0, 0.82, 0.18
0, 0.6996, 0.3004
0, 0.8173, 0.1827
0, 0.8248, 0.1752
0, 0.3725, 0.6275
0, 0.8591, 0.1409
0, 0.8574, 0.1426
0, 0.8483, 0.1517
0, 0.3725, 0.6275
0, 0.8265, 0.1735
0, 0.6791, 0.3209
0, 0.6639, 0.3361
0, 0.9652, 0.0348
0, 0.82, 0.18
0, 0.7123, 0.2877
0, 0.8242, 0.1758
0, 0.3792, 0.6208
0, 0.6996, 0.3004
0, 0.9639, 0.0361
0, 0.8379, 0.1621
0, 0.3703, 0.6297
0, 0.8412, 0.1588
0, 0.8555, 0.1445
0, 0.3768, 0.6232
0, 0.8379, 0.1621
0, 0.8555, 0.1445
0, 0.8187, 0.1813
0, 0.9154, 0.0846
0, 0.8525, 0.1475
0, 0.8594, 0.1406
0, 0.8568, 0.1432
0, 0.8241, 0.1759
0, 0.7741, 0.2259
0, 0.8484, 0.1516
0, 0.8061, 0.1939
0, 0.8594, 0.1406
0, 0.5353, 0.4647
0, 0.8529, 0.1471
0, 0.7745, 0.2255
0, 0.5789, 0.4211
0, 0.8586, 0.1414
0, 0.6793, 0.3207
0, 0.3725, 0.6275
0, 0.8618, 0.1382
0, 0.3595, 0.6405
0, 0.7642, 0.2358
0, 0.8379, 0.1621
0, 0.9652, 0.0348
0, 0.816, 0.184
0, 0.8477, 0.1523
0, 0.7658, 0.2342
0, 0.8482, 0.1518
0, 0.8978, 0.1022
0, 0.8483, 0.1517
0, 0.8734, 0.1266
0, 0.8484, 0.1516
0, 0.834, 0.166
0, 0.8441, 0.1559
0, 0.9696, 0.0304
0, 0.8241, 0.1759
0, 0.9669, 0.0331
0, 0.8866, 0.1134
0, 0.7648, 0.2352
0, 0.8183, 0.1817
0, 0.3691, 0.6309
0, 0.8061, 0.1939
0, 0.6821, 0.3179
0, 0.8089, 0.1911
0, 0.8484, 0.1516
0, 0.8529, 0.1471
0, 0.3725, 0.6275
0, 0.8248, 0.1752
0, 0.7658, 0.2342
0, 0.707, 0.293
0, 0.366, 0.634
0, 0.8064, 0.1936
0, 0.3104, 0.6896
0, 0.8617, 0.1383
0, 0.8271, 0.1729
0, 0.3568, 0.6432
0, 0.7633, 0.2367
0, 0.8241, 0.1759
0, 0.8158, 0.1842
0, 0.8824, 0.1176
0, 0.8594, 0.1406
0, 0.8618, 0.1382
0, 0.8642, 0.1358
0, 0.372, 0.628
0, 0.8221, 0.1779
0, 0.7123, 0.2877
0, 0.8276, 0.1724
0, 0.8261, 0.1739
0, 0.3103, 0.6897
0, 0.7505, 0.2495
0, 0.7661, 0.2339
0, 0.8129, 0.1871
0, 0.7032, 0.2968
0, 0.3694, 0.6306
0, 0.8568, 0.1432
0, 0.8978, 0.1022
0, 0.3104, 0.6896
0, 0.9023, 0.0977
0, 0.8273, 0.1727
0, 0.7628, 0.2372
0, 0.8555, 0.1445
0, 0.8428, 0.1572
0, 0.8064, 0.1936
0, 0.9617, 0.0383
0, 0.3768, 0.6232
0, 0.7178, 0.2822
0, 0.8183, 0.1817
0, 0.8276, 0.1724
0, 0.8065, 0.1935
0, 0.8866, 0.1134
0, 0.8506, 0.1494
0, 0.7773, 0.2227
0, 0.7579, 0.2421
0, 0.8536, 0.1464
0, 0.8477, 0.1523
0, 0.82, 0.18
0, 0.3, 0.7
0, 0.8555, 0.1445
0, 0.8245, 0.1755
0, 0.7642, 0.2358
0, 0.8327, 0.1673
0, 0.817, 0.183
0, 0.836, 0.164
0, 0.82, 0.18
0, 0.7426, 0.2574
0, 0.8455, 0.1545
0, 0.8859, 0.1141
0, 0.3025, 0.6975
0, 0.3638, 0.6362
0, 0.8455, 0.1545
0, 0.7773, 0.2227
0, 0.8555, 0.1445
0, 0.8477, 0.1523
0, 0.7747, 0.2253
0, 0.8241, 0.1759
0, 0.8371, 0.1629
0, 0.8261, 0.1739
0, 0.8483, 0.1517
0, 0.8502, 0.1498
0, 0.3712, 0.6288
0, 0.8398, 0.1602
0, 0.873, 0.127
0, 0.8241, 0.1759
0, 0.8612, 0.1388
0, 0.8331, 0.1669
0, 0.7137, 0.2863
0, 0.8568, 0.1432
0, 0.9682, 0.0318
0, 0.3404, 0.6596
0, 0.8866, 0.1134
0, 0.3725, 0.6275
0, 0.7505, 0.2495
0, 0.6711, 0.3289
0, 0.6864, 0.3136
0, 0.3705, 0.6295
0, 0.874, 0.126
0, 0.8221, 0.1779
0, 0.8484, 0.1516
0, 0.7735, 0.2265
0, 0.8327, 0.1673
0, 0.9669, 0.0331
0, 0.7672, 0.2328
0, 0.8183, 0.1817
0, 0.8859, 0.1141
0, 0.8384, 0.1616
0, 0.8265, 0.1735
0, 0.8859, 0.1141
0, 0.9617, 0.0383
0, 0.8221, 0.1779
0, 0.8379, 0.1621
0, 0.7998, 0.2002
0, 0.8221, 0.1779
0, 0.9773, 0.0227
0, 0.8859, 0.1141
0, 0.366, 0.634
0, 0.8406, 0.1594
0, 0.836, 0.164
0, 0.7579, 0.2421
0, 0.82, 0.18
0, 0.7747, 0.2253
0, 0.3703, 0.6297
0, 0.3784, 0.6216
0, 0.7032, 0.2968
0, 0.7104, 0.2896
0, 0.7741, 0.2259
0, 0.8484, 0.1516
0, 0.8502, 0.1498
0, 0.8502, 0.1498
0, 0.8398, 0.1602
0, 0.9154, 0.0846
0, 0.7672, 0.2328
0, 0.8477, 0.1523
0, 0.824, 0.176
0, 0.6711, 0.3289
0, 0.7735, 0.2265
0, 0.8482, 0.1518
0, 0.8064, 0.1936
0, 0.6999, 0.3001
0, 0.8331, 0.1669
0, 0.8478, 0.1522
0, 0.8272, 0.1728
0, 0.8981, 0.1019
0, 0.6639, 0.3361
0, 0.6821, 0.3179
0, 0.8386, 0.1614
0, 0.3725, 0.6275
0, 0.8889, 0.1111
0, 0.9023, 0.0977
0, 0.823, 0.177
0, 0.9652, 0.0348
0, 0.8379, 0.1621
0, 0.7735, 0.2265
0, 0.8978, 0.1022
0, 0.8261, 0.1739
0, 0.6571, 0.3429
0, 0.8859, 0.1141
0, 0.8237, 0.1763
0, 0.7834, 0.2166
0, 0.7747, 0.2253
0, 0.7658, 0.2342
0, 0.8978, 0.1022
0, 0.7642, 0.2358
0, 0.7642, 0.2358
0, 0.6575, 0.3425
0, 0.3665, 0.6335
0, 0.8248, 0.1752
0, 0.8243, 0.1757
0, 0.9239, 0.0761
0, 0.8265, 0.1735
0, 0.8241, 0.1759
0, 0.3081, 0.6919
0, 0.8272, 0.1728
0, 0.655, 0.345
0, 0.8221, 0.1779
0, 0.7658, 0.2342
0, 0.2998, 0.7002
0, 0.8502, 0.1498
0, 0.8617, 0.1383
0, 0.704, 0.296
0, 0.836, 0.164
0, 0.8598, 0.1402
0, 0.9669, 0.0331
0, 0.8859, 0.1141
0, 0.8525, 0.1475
0, 0.8568, 0.1432
0, 0.3404, 0.6596
0, 0.8568, 0.1432
0, 0.2936, 0.7064
0, 0.7137, 0.2863
0, 0.9762, 0.0238
0, 0.8089, 0.1911
0, 0.3658, 0.6342
0, 0.3768, 0.6232
0, 0.9722, 0.0278
0, 0.8521, 0.1479
0, 0.8568, 0.1432
0, 0.8612, 0.1388
0, 0.3767, 0.6233
0, 0.6322, 0.3678
0, 0.6966, 0.3034
0, 0.8493, 0.1507
0, 0.873, 0.127
0, 0.831, 0.169
0, 0.8265, 0.1735
0, 0.3768, 0.6232
0, 0.7628, 0.2372
0, 0.3792, 0.6208
0, 0.7735, 0.2265
0, 0.8244, 0.1756
0, 0.8586, 0.1414
0, 0.9667, 0.0333
0, 0.8859, 0.1141
0, 0.8478, 0.1522
0, 0.7773, 0.2227
0, 0.8529, 0.1471
0, 0.8295, 0.1705
0, 0.8477, 0.1523
0, 0.3694, 0.6306
0, 0.82, 0.18
0, 0.8368, 0.1632
0, 0.897, 0.103
0, 0.8221, 0.1779
0, 0.8169, 0.1831
0, 0.7348, 0.2652
0, 0.9553, 0.0447
0, 0.3768, 0.6232
0, 0.8089, 0.1911
0, 0.372, 0.628
0, 0.8248, 0.1752
0, 0.82, 0.18
0, 0.8215, 0.1785
0, 0.8859, 0.1141
0, 0.7695, 0.2305
0, 0.5789, 0.4211
0, 0.8525, 0.1475
0, 0.817, 0.183
0, 0.3768, 0.6232
0, 0.8555, 0.1445
0, 0.9652, 0.0348
0, 0.8502, 0.1498
0, 0.9652, 0.0348
0, 0.8859, 0.1141
0, 0.9773, 0.0227
0, 0.8129, 0.1871
0, 0.9154, 0.0846
0, 0.8889, 0.1111
0, 0.7661, 0.2339
0, 0.9634, 0.0366
0, 0.3689, 0.6311
0, 0.8244, 0.1756
0, 0.3665, 0.6335
0, 0.7541, 0.2459
0, 0.8525, 0.1475
0, 0.7534, 0.2466
0, 0.7785, 0.2215
0, 0.8179, 0.1821
0, 0.8482, 0.1518
0, 0.8364, 0.1636
0, 0.3725, 0.6275
0, 0.2998, 0.7002
0, 0.8387, 0.1613
0, 0.7651, 0.2349
0, 0.3608, 0.6392
0, 0.9669, 0.0331
0, 0.8478, 0.1522
0, 0.8412, 0.1588
0, 0.3759, 0.6241
0, 0.8241, 0.1759
0, 0.8379, 0.1621
0, 0.8483, 0.1517
0, 0.8183, 0.1817
0, 0.8285, 0.1715
0, 0.8965, 0.1035
0, 0.3768, 0.6232
0, 0.82, 0.18
0, 0.8586, 0.1414
0, 0.874, 0.126
0, 0.8159, 0.1841
0, 0.6639, 0.3361
0, 0.8775, 0.1225
0, 0.3845, 0.6155
0, 0.8483, 0.1517
0, 0.82, 0.18
0, 0.7791, 0.2209
0, 0.9773, 0.0227
0, 0.817, 0.183
0, 0.3018, 0.6982
0, 0.6679, 0.3321
0, 0.7183, 0.2817
0, 0.8782, 0.1218
0, 0.8525, 0.1475
0, 0.8486, 0.1514
0, 0.7667, 0.2333
0, 0.9617, 0.0383
0, 0.824, 0.176
0, 0.7864, 0.2136
0, 0.7735, 0.2265
0, 0.9669, 0.0331
0, 0.3081, 0.6919
0, 0.8398, 0.1602
0, 0.7505, 0.2495
0, 0.9639, 0.0361
0, 0.8685, 0.1315
0, 0.7533, 0.2467
0, 0.7505, 0.2495
0, 0.9773, 0.0227
0, 0.8594, 0.1406
0, 0.8824, 0.1176
0, 0.6821, 0.3179
0, 0.3725, 0.6275
0, 0.372, 0.628
0, 0.8782, 0.1218
0, 0.8856, 0.1144
0, 0.8978, 0.1022
0, 0.3103, 0.6897
0, 0.7658, 0.2342
0, 0.818, 0.182
0, 0.8265, 0.1735
0, 0.8371, 0.1629
0, 0.6745, 0.3255
0, 0.8824, 0.1176
0, 0.8089, 0.1911
0, 0.8386, 0.1614
0, 0.8303, 0.1697
0, 0.8158, 0.1842
0, 0.8859, 0.1141
0, 0.8431, 0.1569
0, 0.7773, 0.2227
0, 0.767, 0.233
0, 0.82, 0.18
0, 0.8221, 0.1779
0, 0.8568, 0.1432
0, 0.3703, 0.6297
0, 0.9722, 0.0278
0, 0.7123, 0.2877
0, 0.8618, 0.1382
0, 0.7651, 0.2349
0, 0.9618, 0.0382
0, 0.8244, 0.1756
0, 0.9023, 0.0977
0, 0.8112, 0.1888
0, 0.7747, 0.2253
0, 0.834, 0.166
0, 0.8276, 0.1724
0, 0.6821, 0.3179
0, 0.7658, 0.2342
0, 0.8195, 0.1805
0, 0.7735, 0.2265
0, 0.7735, 0.2265
0, 0.8428, 0.1572
0, 0.3585, 0.6415
0, 0.9759, 0.0241
0, 0.8327, 0.1673
0, 0.3725, 0.6275
0, 0.8536, 0.1464
0, 0.831, 0.169
0, 0.2936, 0.7064
0, 0.8642, 0.1358
0, 0.8866, 0.1134
0, 0.8112, 0.1888
0, 0.8261, 0.1739
0, 0.8978, 0.1022
0, 0.8478, 0.1522
0, 0.7672, 0.2328
0, 0.3104, 0.6896
0, 0.2936, 0.7064
0, 0.5353, 0.4647
0, 0.3785, 0.6215
0, 0.9773, 0.0227
0, 0.82, 0.18
0, 0.8465, 0.1535
0, 0.8685, 0.1315
0, 0.8686, 0.1314
0, 0.7667, 0.2333
0, 0.8368, 0.1632
0, 0.8183, 0.1817
0, 0.7137, 0.2863
0, 0.7579, 0.2421
0, 0.8478, 0.1522
0, 0.8594, 0.1406
0, 0.3665, 0.6335
0, 0.8752, 0.1248
0, 0.9778, 0.0222
0, 0.82, 0.18
0, 0.8978, 0.1022
0, 0.8244, 0.1756
0, 0.9669, 0.0331
0, 0.8483, 0.1517
0, 0.3018, 0.6982
0, 0.8331, 0.1669
0, 0.8482, 0.1518
0, 0.9239, 0.0761
0, 0.8276, 0.1724
0, 0.3595, 0.6405
0, 0.3665, 0.6335
0, 0.897, 0.103
0, 0.8244, 0.1756
0, 0.8592, 0.1408
0, 0.8525, 0.1475
0, 0.8331, 0.1669
0, 0.3784, 0.6216
0, 0.372, 0.628
0, 0.7282, 0.2718
0, 0.3081, 0.6919
0, 0.372, 0.628
0, 0.7834, 0.2166
0, 0.3709, 0.6291
0, 0.8276, 0.1724
0, 0.8502, 0.1498
0, 0.8439, 0.1561
0, 0.8502, 0.1498
0, 0.8824, 0.1176
0, 0.3768, 0.6232
0, 0.3768, 0.6232
0, 0.8478, 0.1522
0, 0.8112, 0.1888
0, 0.6821, 0.3179
0, 0.8483, 0.1517
0, 0.3626, 0.6374
0, 0.8592, 0.1408
0, 0.8276, 0.1724
0, 0.8727, 0.1273
0, 0.7864, 0.2136
0, 0.7745, 0.2255
0, 0.7348, 0.2652
0, 0.8525, 0.1475
0, 0.8482, 0.1518
0, 0.8586, 0.1414
0, 0.8244, 0.1756
0, 0.8441, 0.1559
0, 0.3689, 0.6311
0, 0.7505, 0.2495
0, 0.8586, 0.1414
0, 0.8386, 0.1614
0, 0.8478, 0.1522
0, 0.3103, 0.6897
0, 0.8241, 0.1759
0, 0.8386, 0.1614
0, 0.9023, 0.0977
0, 0.7849, 0.2151
0, 0.8183, 0.1817
0, 0.8331, 0.1669
0, 0.7637, 0.2363
0, 0.8502, 0.1498
0, 0.3725, 0.6275
0, 0.8727, 0.1273
0, 0.7682, 0.2318
0, 0.7628, 0.2372
0, 0.8303, 0.1697
0, 0.8129, 0.1871
0, 0.3768, 0.6232
0, 0.6745, 0.3255
0, 0.8824, 0.1176
0, 0.8565, 0.1435
0, 0.3665, 0.6335
0, 0.767, 0.233
0, 0.8241, 0.1759
0, 0.7735, 0.2265
0, 0.6821, 0.3179
0, 0.8195, 0.1805
0, 0.3665, 0.6335
0, 0.3703, 0.6297
0, 0.8586, 0.1414
0, 0.8598, 0.1402
0, 0.6954, 0.3046
0, 0.7348, 0.2652
0, 0.6821, 0.3179
0, 0.7202, 0.2798
0, 0.8221, 0.1779
0, 0.3103, 0.6897
0, 0.8158, 0.1842
0, 0.8195, 0.1805
0, 0.7682, 0.2318
0, 0.836, 0.164
0, 0.8502, 0.1498
0, 0.8239, 0.1761
0, 0.8276, 0.1724
0, 0.7137, 0.2863
0, 0.8775, 0.1225
0, 0.5353, 0.4647
0, 0.8061, 0.1939
0, 0.874, 0.126
0, 0.8568, 0.1432
0, 0.3767, 0.6233
0, 0.9023, 0.0977
0, 0.6766, 0.3234
0, 0.8393, 0.1607
0, 0.9669, 0.0331
0, 0.8244, 0.1756
0, 0.675, 0.325
0, 0.7633, 0.2367
0, 0.7658, 0.2342
0, 0.8392, 0.1608
0, 0.8129, 0.1871
0, 0.3585, 0.6415
0, 0.8484, 0.1516
0, 0.7348, 0.2652
0, 0.3585, 0.6415
0, 0.8525, 0.1475
0, 0.8612, 0.1388
0, 0.978, 0.022
0, 0.6882, 0.3118
0, 0.8272, 0.1728
0, 0.8752, 0.1248
0, 0.8482, 0.1518
0, 0.7633, 0.2367
0, 0.7773, 0.2227
0, 0.3712, 0.6288
0, 0.3725, 0.6275
0, 0.8482, 0.1518
0, 0.8965, 0.1035
0, 0.8112, 0.1888
0, 0.8591, 0.1409
0, 0.8568, 0.1432
0, 0.8243, 0.1757
0, 0.8866, 0.1134
0, 0.7505, 0.2495
0, 0.82, 0.18
0, 0.3103, 0.6897
0, 0.8706, 0.1294
0, 0.3585, 0.6415
0, 0.7348, 0.2652
0, 0.8183, 0.1817
0, 0.3768, 0.6232
0, 0.3103, 0.6897
0, 0.7849, 0.2151
0, 0.7686, 0.2314
0, 0.824, 0.176
0, 0.6821, 0.3179
0, 0.8612, 0.1388
0, 0.9685, 0.0315
0, 0.2936, 0.7064
0, 0.8276, 0.1724
0, 0.8261, 0.1739
0, 0.8598, 0.1402
0, 0.4749, 0.5251
0, 0.8782, 0.1218
0, 0.8183, 0.1817
0, 0.8978, 0.1022
0, 0.8221, 0.1779
0, 0.6711, 0.3289
0, 0.3, 0.7
0, 0.8612, 0.1388
0, 0.8672, 0.1328
0, 0.8502, 0.1498
0, 0.897, 0.103
0, 0.9617, 0.0383
0, 0.8525, 0.1475
0, 0.8617, 0.1383
0, 0.8387, 0.1613
0, 0.9023, 0.0977
0, 0.8638, 0.1362
0, 0.7348, 0.2652
0, 0.8239, 0.1761
0, 0.3768, 0.6232
0, 0.3104, 0.6896
0, 0.3125, 0.6875
0, 0.8505, 0.1495
0, 0.8594, 0.1406
0, 0.3691, 0.6309
0, 0.7695, 0.2305
0, 0.3184, 0.6816
0, 0.7579, 0.2421
0, 0.3768, 0.6232
0, 0.3404, 0.6596
0, 0.9617, 0.0383
0, 0.8061, 0.1939
0, 0.8856, 0.1144
0, 0.8727, 0.1273
0, 0.7137, 0.2863
0, 0.3725, 0.6275
0, 0.8506, 0.1494
0, 0.8455, 0.1545
0, 0.8129, 0.1871
0, 0.8482, 0.1518
0, 0.704, 0.296
0, 0.8303, 0.1697
0, 0.372, 0.628
0, 0.8276, 0.1724
0, 0.82, 0.18
0, 0.7195, 0.2805
0, 0.8187, 0.1813
0, 0.8064, 0.1936
0, 0.755, 0.245
0, 0.7662, 0.2338
0, 0.3725, 0.6275
0, 0.8612, 0.1388
0, 0.9722, 0.0278
0, 0.7628, 0.2372
0, 0.5353, 0.4647
0, 0.8477, 0.1523
0, 0.8889, 0.1111
0, 0.8978, 0.1022
0, 0.8866, 0.1134
0, 0.8978, 0.1022
0, 0.7651, 0.2349
0, 0.9154, 0.0846
0, 0.8248, 0.1752
0, 0.3768, 0.6232
0, 0.6966, 0.3034
0, 0.6882, 0.3118
0, 0.6639, 0.3361
0, 0.7791, 0.2209
0, 0.7216, 0.2784
0, 0.6988, 0.3012
0, 0.6639, 0.3361
0, 0.834, 0.166
0, 0.9667, 0.0333
0, 0.7579, 0.2421
0, 0.3585, 0.6415
0, 0.6679, 0.3321
0, 0.8824, 0.1176
0, 0.3, 0.7
0, 0.3725, 0.6275
0, 0.3712, 0.6288
0, 0.7505, 0.2495
0, 0.8493, 0.1507
0, 0.366, 0.634
0, 0.82, 0.18
0, 0.8247, 0.1753
0, 0.8682, 0.1318
0, 0.8179, 0.1821
0, 0.8506, 0.1494
0, 0.8978, 0.1022
0, 0.8432, 0.1568
0, 0.6639, 0.3361
0, 0.874, 0.126
0, 0.8371, 0.1629
0, 0.6679, 0.3321
0, 0.704, 0.296
0, 0.8241, 0.1759
0, 0.9004, 0.0996
0, 0.8506, 0.1494
0, 0.8237, 0.1763
0, 0.5789, 0.4211
0, 0.8303, 0.1697
0, 0.372, 0.628
0, 0.7533, 0.2467
0, 0.8371, 0.1629
0, 0.7651, 0.2349
0, 0.8478, 0.1522
0, 0.7785, 0.2215
0, 0.3792, 0.6208
0, 0.8386, 0.1614
0, 0.372, 0.628
0, 0.8782, 0.1218
0, 0.7642, 0.2358
0, 0.7699, 0.2301
0, 0.8782, 0.1218
0, 0.8598, 0.1402
0, 0.3792, 0.6208
0, 0.704, 0.296
0, 0.3708, 0.6292
0, 0.7178, 0.2822
0, 0.8529, 0.1471
0, 0.836, 0.164
0, 0.9669, 0.0331
0, 0.8594, 0.1406
0, 0.897, 0.103
0, 0.8612, 0.1388
0, 0.8518, 0.1482
0, 0.8386, 0.1614
0, 0.6821, 0.3179
0, 0.8482, 0.1518
0, 0.3585, 0.6415
0, 0.7785, 0.2215
0, 0.3081, 0.6919
0, 0.704, 0.296
0, 0.8183, 0.1817
0, 0.8752, 0.1248
0, 0.3768, 0.6232
0, 0.8965, 0.1035
0, 0.2936, 0.7064
0, 0.834, 0.166
0, 0.8978, 0.1022
0, 0.8568, 0.1432
0, 0.831, 0.169
0, 0.3725, 0.6275
0, 0.8529, 0.1471
0, 0.8478, 0.1522
0, 0.897, 0.103
0, 0.8477, 0.1523
0, 0.8529, 0.1471
0, 0.824, 0.176
0, 0.8379, 0.1621
0, 0.8568, 0.1432
0, 0.8455, 0.1545
0, 0.2936, 0.7064
0, 0.8112, 0.1888
0, 0.8465, 0.1535
0, 0.8727, 0.1273
0, 0.8241, 0.1759
0, 0.3771, 0.6229
0, 0.8978, 0.1022
0, 0.8281, 0.1719
0, 0.8227, 0.1773
0, 0.817, 0.183
0, 0.7563, 0.2437
0, 0.3768, 0.6232
0, 0.7672, 0.2328
0, 0.3712, 0.6288
0, 0.9669, 0.0331
0, 0.3703, 0.6297
0, 0.8584, 0.1416
0, 0.8179, 0.1821
0, 0.6821, 0.3179
0, 0.8195, 0.1805
0, 0.8221, 0.1779
0, 0.8194, 0.1806
0, 0.7672, 0.2328
0, 0.8568, 0.1432
0, 0.8782, 0.1218
0, 0.7864, 0.2136
0, 0.8483, 0.1517
0, 0.8594, 0.1406
0, 0.8561, 0.1439
0, 0.6793, 0.3207
0, 0.8281, 0.1719
0, 0.303, 0.697
0, 0.817, 0.183
0, 0.8502, 0.1498
0, 0.8335, 0.1665
0, 0.8455, 0.1545
0, 0.8061, 0.1939
0, 0.9773, 0.0227
0, 0.8196, 0.1804
0, 0.8244, 0.1756
0, 0.6679, 0.3321
0, 0.8586, 0.1414
0, 0.818, 0.182
0, 0.8727, 0.1273
0, 0.8276, 0.1724
0, 0.9696, 0.0304
0, 0.3703, 0.6297
0, 0.8478, 0.1522
0, 0.8237, 0.1763
0, 0.3521, 0.6479
0, 0.8393, 0.1607
0, 0.7864, 0.2136
0, 0.8502, 0.1498
0, 0.8244, 0.1756
0, 0.7788, 0.2212
0, 0.8244, 0.1756
0, 0.3768, 0.6232
0, 0.8525, 0.1475
0, 0.7735, 0.2265
0, 0.8525, 0.1475
0, 0.7123, 0.2877
0, 0.8061, 0.1939
0, 0.8412, 0.1588
0, 0.978, 0.022
0, 0.3103, 0.6897
0, 0.9239, 0.0761
0, 0.372, 0.628
0, 0.3768, 0.6232
0, 0.8482, 0.1518
0, 0.8706, 0.1294
0, 0.8866, 0.1134
0, 0.3691, 0.6309
0, 0.2936, 0.7064
0, 0.8379, 0.1621
0, 0.7628, 0.2372
0, 0.6966, 0.3034
0, 0.8254, 0.1746
0, 0.8264, 0.1736
0, 0.3, 0.7
0, 0.8221, 0.1779
0, 0.8478, 0.1522
0, 0.8392, 0.1608
0, 0.8179, 0.1821
0, 0.8248, 0.1752
0, 0.8978, 0.1022
0, 0.874, 0.126
0, 0.7661, 0.2339
0, 0.8866, 0.1134
0, 0.6996, 0.3004
0, 0.8089, 0.1911
0, 0.7741, 0.2259
0, 0.8592, 0.1408
0, 0.8386, 0.1614
0, 0.82, 0.18
0, 0.8379, 0.1621
0, 0.8194, 0.1806
0, 0.8483, 0.1517
0, 0.6711, 0.3289
0, 0.7737, 0.2263
0, 0.7741, 0.2259
0, 0.8477, 0.1523
0, 0.3025, 0.6975
0, 0.9023, 0.0977
0, 0.8247, 0.1753
0, 0.8506, 0.1494
0, 0.3103, 0.6897
0, 0.8646, 0.1354
0, 0.9669, 0.0331
0, 0.7773, 0.2227
0, 0.8483, 0.1517
0, 0.8371, 0.1629
0, 0.874, 0.126
0, 0.3703, 0.6297
0, 0.372, 0.628
0, 0.8734, 0.1266
0, 0.6664, 0.3336
0, 0.3725, 0.6275
0, 0.8247, 0.1753
0, 0.9023, 0.0977
0, 0.8364, 0.1636
0, 0.372, 0.628
0, 0.6679, 0.3321
0, 0.8505, 0.1495
0, 0.8195, 0.1805
0, 0.8061, 0.1939
0, 0.8183, 0.1817
0, 0.8385, 0.1615
0, 0.9023, 0.0977
0, 0.8859, 0.1141
0, 0.8965, 0.1035
0, 0.6661, 0.3339
0, 0.8889, 0.1111
0, 0.8272, 0.1728
0, 0.7735, 0.2265
0, 0.8303, 0.1697
0, 0.8276, 0.1724
0, 0.7682, 0.2318
0, 0.82, 0.18
0, 0.8465, 0.1535
0, 0.8368, 0.1632
0, 0.3725, 0.6275
0, 0.8978, 0.1022
0, 0.8364, 0.1636
0, 0.8782, 0.1218
0, 0.2936, 0.7064
0, 0.831, 0.169
0, 0.6679, 0.3321
0, 0.8371, 0.1629
0, 0.3845, 0.6155
0, 0.8089, 0.1911
0, 0.7541, 0.2459
0, 0.8089, 0.1911
0, 0.5789, 0.4211
0, 0.9617, 0.0383
0, 0.8221, 0.1779
0, 0.7735, 0.2265
0, 0.9759, 0.0241
0, 0.8243, 0.1757
0, 0.3771, 0.6229
0, 0.8158, 0.1842
0, 0.8478, 0.1522
0, 0.7282, 0.2718
0, 0.7178, 0.2822
0, 0.8978, 0.1022
0, 0.8241, 0.1759
0, 0.747, 0.253
0, 0.8482, 0.1518
0, 0.8978, 0.1022
0, 0.8179, 0.1821
0, 0.8331, 0.1669
0, 0.8379, 0.1621
0, 0.82, 0.18
0, 0.6711, 0.3289
0, 0.9617, 0.0383
0, 0.3725, 0.6275
0, 0.8478, 0.1522
0, 0.8594, 0.1406
0, 0.8965, 0.1035
0, 0.2936, 0.7064
0, 0.8244, 0.1756
0, 0.823, 0.177
0, 0.9617, 0.0383
0, 0.8379, 0.1621
0, 0.8965, 0.1035
0, 0.8824, 0.1176
0, 0.9023, 0.0977
0, 0.8392, 0.1608
0, 0.8247, 0.1753
0, 0.8594, 0.1406
0, 0.8482, 0.1518
0, 0.7554, 0.2446
0, 0.8392, 0.1608
0, 0.6571, 0.3429
0, 0.3404, 0.6596
0, 0.8978, 0.1022
0, 0.8594, 0.1406
0, 0.9023, 0.0977
0, 0.8112, 0.1888
0, 0.7563, 0.2437
0, 0.3608, 0.6392
0, 0.8276, 0.1724
0, 0.8195, 0.1805
0, 0.3585, 0.6415
0, 0.8568, 0.1432
0, 0.8244, 0.1756
0, 0.8782, 0.1218
0, 0.824, 0.176
0, 0.3018, 0.6982
0, 0.8782, 0.1218
0, 0.3654, 0.6346
0, 0.8379, 0.1621
0, 0.8379, 0.1621
0, 0.366, 0.634
0, 0.7788, 0.2212
0, 0.8195, 0.1805
0, 0.8782, 0.1218
0, 0.7788, 0.2212
0, 0.8478, 0.1522
0, 0.8187, 0.1813
0, 0.8368, 0.1632
0, 0.82, 0.18
0, 0.8248, 0.1752
0, 0.8392, 0.1608
0, 0.8594, 0.1406
0, 0.836, 0.164
0, 0.8866, 0.1134
0, 0.8782, 0.1218
0, 0.9023, 0.0977
0, 0.8978, 0.1022
0, 0.8618, 0.1382
0, 0.9685, 0.0315
0, 0.8384, 0.1616
0, 0.9023, 0.0977
0, 0.8965, 0.1035
0, 0.8247, 0.1753
0, 0.7679, 0.2321
0, 0.3792, 0.6208
0, 0.3184, 0.6816
