0, 0, 61, 1.0, 11815013, 0, 0, 0, 0.05454545454545454
1, 1, 109, 1.0, 0, 0, 0, 0, 0.00909090909090909
2, 2, 109, 1.0, 0, 0, 0, 0, 0.00909090909090909
3, 3, 109, 1.0, 0, 0, 0, 0, 0.00909090909090909
4, 4, 109, 1.0, 0, 0, 0, 0, 0.00909090909090909
5, 5, 98, 1.0, 3538416, 0, 0, 0, 0.01818181818181818
6, 6, 109, 1.0, 0, 0, 0, 0, 0.00909090909090909
7, 7, 98, 1.0, 3538416, 0, 0, 0, 0.01818181818181818
8, 8, 109, 1.0, 0, 0, 0, 0, 0.00909090909090909
9, 9, 109, 1.0, 0, 0, 0, 0, 0.00909090909090909
10, 10, 109, 1.0, 0, 0, 0, 0, 0.00909090909090909
11, 11, 109, 1.0, 0, 0, 0, 0, 0.00909090909090909
12, 12, 109, 1.0, 0, 0, 0, 0, 0.00909090909090909
13, 13, 109, 1.0, 0, 0, 0, 0, 0.00909090909090909
14, 14, 109, 1.0, 0, 0, 0, 0, 0.00909090909090909
15, 15, 109, 1.0, 0, 0, 0, 0, 0.00909090909090909
16, 16, 109, 1.0, 0, 0, 0, 0, 0.00909090909090909
17, 17, 109, 1.0, 0, 0, 0, 0, 0.00909090909090909
18, 18, 109, 1.0, 0, 0, 0, 0, 0.00909090909090909
19, 19, 109, 1.0, 0, 0, 0, 0, 0.00909090909090909
20, 20, 109, 1.0, 0, 0, 0, 0, 0.00909090909090909
21, 21, 109, 1.0, 0, 0, 0, 0, 0.00909090909090909
22, 22, 109, 1.0, 0, 0, 0, 0, 0.00909090909090909
23, 23, 109, 1.0, 0, 0, 0, 0, 0.00909090909090909
24, 24, 109, 1.0, 0, 0, 0, 0, 0.00909090909090909
25, 25, 109, 1.0, 0, 0, 0, 0, 0.00909090909090909
26, 26, 109, 1.0, 0, 0, 0, 0, 0.00909090909090909
27, 27, 109, 1.0, 0, 0, 0, 0, 0.00909090909090909
28, 28, 109, 1.0, 0, 0, 0, 0, 0.00909090909090909
29, 29, 109, 1.0, 0, 0, 0, 0, 0.00909090909090909
30, 30, 109, 1.0, 0, 0, 0, 0, 0.00909090909090909
31, 31, 109, 1.0, 0, 0, 0, 0, 0.00909090909090909
32, 32, 109, 1.0, 0, 0, 0, 0, 0.00909090909090909
33, 33, 109, 1.0, 0, 0, 0, 0, 0.00909090909090909
34, 34, 109, 1.0, 0, 0, 0, 0, 0.00909090909090909
35, 35, 109, 1.0, 0, 0, 0, 0, 0.00909090909090909
36, 36, 109, 1.0, 0, 0, 0, 0, 0.00909090909090909
37, 37, 109, 1.0, 0, 0, 0, 0, 0.00909090909090909
38, 38, 109, 1.0, 0, 0, 0, 0, 0.00909090909090909
39, 39, 109, 1.0, 0, 0, 0, 0, 0.00909090909090909
40, 40, 109, 1.0, 0, 0, 0, 0, 0.00909090909090909
41, 41, 109, 1.0, 0, 0, 0, 0, 0.00909090909090909
42, 42, 109, 1.0, 0, 0, 0, 0, 0.00909090909090909
43, 43, 109, 1.0, 0, 0, 0, 0, 0.00909090909090909
44, 44, 109, 1.0, 0, 0, 0, 0, 0.00909090909090909
45, 45, 109, 1.0, 0, 0, 0, 0, 0.00909090909090909
46, 46, 109, 1.0, 0, 0, 0, 0, 0.00909090909090909
47, 47, 109, 1.0, 0, 0, 0, 0, 0.00909090909090909
48, 48, 109, 1.0, 0, 0, 0, 0, 0.00909090909090909
49, 49, 109, 1.0, 0, 0, 0, 0, 0.00909090909090909
50, 50, 109, 1.0, 0, 0, 0, 0, 0.00909090909090909
51, 51, 109, 1.0, 0, 0, 0, 0, 0.00909090909090909
52, 52, 109, 1.0, 0, 0, 0, 0, 0.00909090909090909
53, 53, 109, 1.0, 0, 0, 0, 0, 0.00909090909090909
54, 54, 109, 1.0, 0, 0, 0, 0, 0.00909090909090909
55, 55, 109, 1.0, 0, 0, 0, 0, 0.00909090909090909
56, 56, 109, 1.0, 0, 0, 0, 0, 0.00909090909090909
57, 57, 109, 1.0, 0, 0, 0, 0, 0.00909090909090909
58, 58, 109, 1.0, 0, 0, 0, 0, 0.00909090909090909
59, 59, 109, 1.0, 0, 0, 0, 0, 0.00909090909090909
60, 60, 109, 1.0, 0, 0, 0, 0, 0.00909090909090909
61, 61, 109, 1.0, 0, 0, 0, 0, 0.00909090909090909
62, 62, 109, 1.0, 0, 0, 0, 0, 0.00909090909090909
63, 63, 109, 1.0, 0, 0, 0, 0, 0.00909090909090909
64, 64, 109, 1.0, 0, 0, 0, 0, 0.00909090909090909
65, 65, 109, 1.0, 0, 0, 0, 0, 0.00909090909090909
66, 66, 109, 1.0, 0, 0, 0, 0, 0.00909090909090909
67, 67, 109, 1.0, 0, 0, 0, 0, 0.00909090909090909
68, 68, 109, 1.0, 0, 0, 0, 0, 0.00909090909090909
69, 69, 109, 1.0, 0, 0, 0, 0, 0.00909090909090909
70, 70, 109, 1.0, 0, 0, 0, 0, 0.00909090909090909
71, 71, 109, 1.0, 0, 0, 0, 0, 0.00909090909090909
72, 72, 109, 1.0, 0, 0, 0, 0, 0.00909090909090909
73, 73, 109, 1.0, 0, 0, 0, 0, 0.00909090909090909
74, 74, 109, 1.0, 0, 0, 0, 0, 0.00909090909090909
75, 75, 109, 1.0, 0, 0, 0, 0, 0.00909090909090909
76, 76, 109, 1.0, 0, 0, 0, 0, 0.00909090909090909
77, 77, 109, 1.0, 0, 0, 0, 0, 0.00909090909090909
78, 78, 109, 1.0, 0, 0, 0, 0, 0.00909090909090909
79, 79, 109, 1.0, 0, 0, 0, 0, 0.00909090909090909
80, 80, 109, 1.0, 0, 0, 0, 0, 0.00909090909090909
81, 81, 109, 1.0, 0, 0, 0, 0, 0.00909090909090909
82, 82, 109, 1.0, 0, 0, 0, 0, 0.00909090909090909
83, 83, 109, 1.0, 0, 0, 0, 0, 0.00909090909090909
84, 84, 18, 0.9999997448572379, 19443061, 0, 0, 0, 0.05454545454545454
85, 85, 109, 1.0, 0, 0, 0, 0, 0.00909090909090909
86, 86, 109, 1.0, 0, 0, 0, 0, 0.00909090909090909
87, 87, 109, 1.0, 0, 0, 0, 0, 0.00909090909090909
88, 88, 109, 1.0, 0, 0, 0, 0, 0.00909090909090909
89, 89, 109, 1.0, 0, 0, 0, 0, 0.00909090909090909
90, 90, 109, 1.0, 0, 0, 0, 0, 0.00909090909090909
91, 91, 109, 1.0, 0, 0, 0, 0, 0.00909090909090909
92, 92, 109, 1.0, 0, 0, 0, 0, 0.00909090909090909
93, 93, 109, 1.0, 0, 0, 0, 0, 0.00909090909090909
94, 94, 109, 1.0, 0, 0, 0, 0, 0.00909090909090909
95, 95, 109, 1.0, 0, 0, 0, 0, 0.00909090909090909
96, 96, 109, 1.0, 0, 0, 0, 0, 0.00909090909090909
97, 97, 109, 1.0, 0, 0, 0, 0, 0.00909090909090909
98, 98, 109, 1.0, 0, 0, 0, 0, 0.00909090909090909
99, 99, 109, 1.0, 0, 0, 0, 0, 0.00909090909090909
100, 100, 109, 1.0, 0, 0, 0, 0, 0.00909090909090909
101, 101, 109, 1.0, 0, 0, 0, 0, 0.00909090909090909
102, 102, 109, 1.0, 0, 0, 0, 0, 0.00909090909090909
103, 103, 109, 1.0, 0, 0, 0, 0, 0.00909090909090909
104, 104, 109, 1.0, 0, 0, 0, 0, 0.00909090909090909
105, 105, 37, 0.9999999999999523, 17451220, 0, 0, 0, 0.05454545454545454
106, 106, 109, 1.0, 0, 0, 0, 0, 0.00909090909090909
107, 107, 109, 1.0, 0, 0, 0, 0, 0.00909090909090909
108, 108, 109, 1.0, 0, 0, 0, 0, 0.00909090909090909
109, 109, 109, 1.0, 0, 0, 0, 0, 0.00909090909090909
110, 110, 17, 0.999999895842891, 19608330, 0, 0, 0, 0.01818181818181818
111, 111, 34, 0.9999999999999564, 17621079, 0, 0, 0, 0.01818181818181818
112, 112, 109, 1.0, 0, 0, 0, 0, 0.00909090909090909
113, 113, 109, 1.0, 0, 0, 0, 0, 0.00909090909090909
114, 114, 11, 0.9999829752447682, 20687755, 0, 0, 0, 0.045454545454545456
115, 115, 109, 1.0, 0, 0, 0, 0, 0.00909090909090909
116, 116, 34, 0.9999999999989359, 17621079, 0, 0, 0, 0.02727272727272727
117, 117, 109, 1.0, 0, 0, 0, 0, 0.00909090909090909
118, 118, 109, 1.0, 0, 0, 0, 0, 0.00909090909090909
119, 119, 109, 1.0, 0, 0, 0, 0, 0.00909090909090909
120, 120, 34, 0.9999999999976905, 17621079, 0, 0, 0, 0.01818181818181818
121, 121, 109, 1.0, 0, 0, 0, 0, 0.00909090909090909
122, 122, 73, 1.0, 6309675, 0, 0, 0, 0.03636363636363636
123, 123, 109, 1.0, 0, 0, 0, 0, 0.00909090909090909
124, 124, 109, 1.0, 0, 0, 0, 0, 0.00909090909090909
125, 125, 41, 0.9999999999999853, 16939318, 0, 0, 0, 0.01818181818181818
126, 126, 109, 1.0, 0, 0, 0, 0, 0.00909090909090909
127, 127, 109, 1.0, 0, 0, 0, 0, 0.00909090909090909
128, 128, 109, 1.0, 0, 0, 0, 0, 0.00909090909090909
129, 129, 109, 1.0, 0, 0, 0, 0, 0.00909090909090909
130, 130, 106, 1.0, 2591669, 0, 0, 0, 0.01818181818181818
131, 131, 109, 1.0, 0, 0, 0, 0, 0.00909090909090909
132, 132, 109, 1.0, 0, 0, 0, 0, 0.00909090909090909
133, 133, 109, 1.0, 0, 0, 0, 0, 0.00909090909090909
134, 134, 109, 1.0, 0, 0, 0, 0, 0.00909090909090909
135, 96, 109, 1.0, 0, 0, 0, 0, 0.00909090909090909
136, 97, 109, 1.0, 0, 0, 0, 0, 0.00909090909090909
137, 98, 109, 1.0, 0, 0, 0, 0, 0.00909090909090909
138, 135, 4, 0.9994656050940568, 23083763, 0, 1, 0, 0.06363636363636363
139, 136, 28, 0.9999999996642353, 18745631, 0, 0, 0, 0.03636363636363636
140, 137, 109, 1.0, 0, 0, 0, 0, 0.00909090909090909
141, 138, 109, 1.0, 0, 0, 0, 0, 0.00909090909090909
142, 139, 109, 1.0, 0, 0, 0, 0, 0.00909090909090909
143, 140, 109, 1.0, 0, 0, 0, 0, 0.00909090909090909
144, 141, 69, 1.0, 9162637, 0, 0, 0, 0.03636363636363636
145, 142, 109, 1.0, 0, 0, 0, 0, 0.00909090909090909
146, 143, 109, 1.0, 0, 0, 0, 0, 0.00909090909090909
147, 144, 109, 1.0, 0, 0, 0, 0, 0.00909090909090909
148, 145, 109, 1.0, 0, 0, 0, 0, 0.00909090909090909
149, 146, 73, 1.0, 6309675, 0, 0, 0, 0.01818181818181818
150, 147, 109, 1.0, 0, 0, 0, 0, 0.00909090909090909
151, 148, 109, 1.0, 0, 0, 0, 0, 0.00909090909090909
152, 149, 109, 1.0, 0, 0, 0, 0, 0.00909090909090909
153, 150, 76, 1.0, 5528647, 0, 0, 0, 0.02727272727272727
154, 151, 79, 1.0, 4402127, 0, 0, 0, 0.01818181818181818
155, 152, 76, 1.0, 5528647, 0, 0, 0, 0.01818181818181818
156, 153, 109, 1.0, 0, 0, 0, 0, 0.00909090909090909
157, 154, 109, 1.0, 0, 0, 0, 0, 0.00909090909090909
158, 155, 109, 1.0, 0, 0, 0, 0, 0.00909090909090909
159, 156, 109, 1.0, 0, 0, 0, 0, 0.00909090909090909
160, 157, 109, 1.0, 0, 0, 0, 0, 0.00909090909090909
161, 158, 109, 1.0, 0, 0, 0, 0, 0.00909090909090909
162, 159, 109, 1.0, 0, 0, 0, 0, 0.00909090909090909
163, 160, 109, 1.0, 0, 0, 0, 0, 0.00909090909090909
164, 161, 109, 1.0, 0, 0, 0, 0, 0.00909090909090909
165, 162, 109, 1.0, 0, 0, 0, 0, 0.00909090909090909
166, 163, 109, 1.0, 0, 0, 0, 0, 0.00909090909090909
167, 164, 109, 1.0, 0, 0, 0, 0, 0.00909090909090909
168, 165, 109, 1.0, 0, 0, 0, 0, 0.00909090909090909
169, 166, 109, 1.0, 0, 0, 0, 0, 0.00909090909090909
170, 167, 77, 1.0, 5527330, 0, 0, 0, 0.01818181818181818
171, 166, 78, 1.0, 4412176, 0, 0, 0, 0.01818181818181818
172, 168, 77, 1.0, 5527330, 0, 0, 0, 0.01818181818181818
173, 166, 109, 1.0, 0, 0, 0, 1, 0.00909090909090909
174, 169, 109, 1.0, 0, 0, 0, 1, 0.00909090909090909
175, 168, 109, 1.0, 0, 0, 0, 1, 0.00909090909090909
176, 170, 109, 1.0, 0, 0, 0, 0, 0.00909090909090909
177, 171, 109, 1.0, 0, 0, 0, 0, 0.00909090909090909
178, 172, 109, 1.0, 0, 0, 0, 0, 0.00909090909090909
179, 173, 109, 1.0, 0, 0, 0, 0, 0.00909090909090909
180, 174, 109, 1.0, 0, 0, 0, 0, 0.00909090909090909
181, 175, 109, 1.0, 0, 0, 0, 0, 0.00909090909090909
182, 176, 109, 1.0, 0, 0, 0, 0, 0.00909090909090909
183, 177, 109, 1.0, 0, 0, 0, 0, 0.00909090909090909
184, 178, 109, 1.0, 0, 0, 0, 0, 0.00909090909090909
185, 179, 109, 1.0, 0, 0, 0, 0, 0.00909090909090909
186, 180, 109, 1.0, 0, 0, 0, 0, 0.00909090909090909
187, 181, 109, 1.0, 0, 0, 0, 0, 0.00909090909090909
188, 182, 109, 1.0, 0, 0, 0, 0, 0.00909090909090909
189, 183, 42, 0.9999999999999949, 16938665, 0, 0, 0, 0.02727272727272727
190, 184, 109, 1.0, 0, 0, 0, 1, 0.00909090909090909
191, 185, 109, 1.0, 0, 0, 0, 0, 0.00909090909090909
192, 186, 109, 1.0, 0, 0, 0, 0, 0.00909090909090909
193, 187, 109, 1.0, 0, 0, 0, 0, 0.00909090909090909
194, 188, 109, 1.0, 0, 0, 0, 0, 0.00909090909090909
195, 189, 109, 1.0, 0, 0, 0, 0, 0.00909090909090909
196, 190, 96, 1.0, 3538602, 0, 0, 1, 0.01818181818181818
197, 191, 42, 1.0, 16938665, 0, 0, 0, 0.02727272727272727
198, 192, 109, 1.0, 0, 0, 0, 0, 0.00909090909090909
199, 193, 109, 1.0, 0, 0, 0, 1, 0.00909090909090909
200, 194, 109, 1.0, 0, 0, 0, 1, 0.00909090909090909
201, 195, 109, 1.0, 0, 0, 0, 0, 0.00909090909090909
202, 196, 109, 1.0, 0, 0, 0, 0, 0.00909090909090909
203, 197, 109, 1.0, 0, 0, 0, 0, 0.00909090909090909
204, 198, 109, 1.0, 0, 0, 0, 0, 0.00909090909090909
205, 199, 109, 1.0, 0, 0, 0, 0, 0.00909090909090909
206, 200, 109, 1.0, 0, 0, 0, 0, 0.00909090909090909
207, 201, 109, 1.0, 0, 0, 0, 0, 0.00909090909090909
208, 202, 109, 1.0, 0, 0, 0, 0, 0.00909090909090909
209, 203, 109, 1.0, 0, 0, 0, 0, 0.00909090909090909
210, 204, 109, 1.0, 0, 0, 0, 0, 0.00909090909090909
211, 205, 109, 1.0, 0, 0, 0, 0, 0.00909090909090909
212, 206, 109, 1.0, 0, 0, 0, 0, 0.00909090909090909
213, 207, 109, 1.0, 0, 0, 0, 1, 0.00909090909090909
214, 208, 109, 1.0, 0, 0, 0, 0, 0.00909090909090909
215, 209, 109, 1.0, 0, 0, 0, 0, 0.00909090909090909
216, 210, 109, 1.0, 0, 0, 0, 0, 0.00909090909090909
217, 154, 109, 1.0, 0, 0, 0, 0, 0.00909090909090909
218, 155, 109, 1.0, 0, 0, 0, 0, 0.00909090909090909
219, 156, 109, 1.0, 0, 0, 0, 0, 0.00909090909090909
220, 157, 109, 1.0, 0, 0, 0, 0, 0.00909090909090909
221, 158, 109, 1.0, 0, 0, 0, 0, 0.00909090909090909
222, 159, 109, 1.0, 0, 0, 0, 0, 0.00909090909090909
223, 160, 109, 1.0, 0, 0, 0, 0, 0.00909090909090909
224, 161, 109, 1.0, 0, 0, 0, 0, 0.00909090909090909
225, 162, 109, 1.0, 0, 0, 0, 0, 0.00909090909090909
226, 163, 109, 1.0, 0, 0, 0, 0, 0.00909090909090909
227, 164, 109, 1.0, 0, 0, 0, 0, 0.00909090909090909
228, 165, 109, 1.0, 0, 0, 0, 0, 0.00909090909090909
229, 211, 93, 1.0, 3540338, 0, 0, 0, 0.02727272727272727
230, 212, 78, 1.0, 4412176, 0, 0, 0, 0.01818181818181818
231, 213, 104, 1.0, 2929865, 0, 0, 0, 0.009523809523809525
232, 214, 103, 1.0, 2931454, 0, 0, 1, 0.009615384615384616
233, 184, 98, 1.0, 3538416, 0, 0, 0, 0.010101010101010102
234, 215, 96, 1.0, 3538602, 0, 0, 0, 0.010309278350515464
235, 216, 93, 1.0, 3540338, 0, 0, 0, 0.010638297872340425
236, 166, 80, 1.0, 3963964, 0, 0, 1, 0.023255813953488372
237, 217, 85, 1.0, 3717720, 0, 0, 1, 0.011627906976744186
238, 218, 85, 1.0, 3717720, 0, 0, 1, 0.011627906976744186
239, 219, 80, 1.0, 3963964, 0, 0, 0, 0.012345679012345678
240, 220, 79, 1.0, 4402127, 0, 0, 1, 0.0125
241, 221, 79, 1.0, 4402127, 0, 0, 1, 0.0125
242, 169, 79, 1.0, 4402127, 0, 0, 0, 0.0125
243, 222, 79, 1.0, 4402127, 0, 0, 0, 0.0125
244, 166, 0, 0.9936305720520295, 26778866, 0, 1, 0, 0.1125
245, 168, 29, 0.9999999997791007, 18745026, 0, 0, 0, 0.05
246, 223, 43, 1.0, 16936887, 0, 0, 0, 0.025
247, 224, 79, 1.0, 4402127, 0, 0, 1, 0.0125
248, 225, 70, 1.0, 9162587, 0, 0, 0, 0.0375
249, 226, 79, 1.0, 4402127, 0, 0, 0, 0.0125
250, 227, 78, 1.0, 4412176, 0, 0, 0, 0.012658227848101266
251, 228, 78, 1.0, 4412176, 0, 0, 0, 0.012658227848101266
252, 229, 78, 1.0, 4412176, 0, 0, 0, 0.012658227848101266
253, 230, 78, 1.0, 4412176, 0, 0, 0, 0.012658227848101266
254, 231, 78, 1.0, 4412176, 0, 0, 0, 0.012658227848101266
255, 232, 11, 0.9999636461485414, 20687755, 0, 0, 0, 0.05063291139240506
256, 233, 23, 0.9999999918247797, 19258709, 0, 0, 0, 0.06329113924050633
257, 234, 78, 1.0, 4412176, 0, 0, 0, 0.012658227848101266
258, 235, 73, 1.0, 6309675, 0, 0, 0, 0.02564102564102564
259, 236, 76, 1.0, 5528647, 0, 0, 0, 0.012987012987012988
260, 237, 76, 1.0, 5528647, 0, 0, 0, 0.012987012987012988
261, 238, 74, 1.0, 5618029, 0, 0, 0, 0.013333333333333334
262, 239, 74, 1.0, 5618029, 0, 0, 0, 0.013333333333333334
263, 240, 74, 1.0, 5618029, 0, 0, 0, 0.013333333333333334
264, 241, 74, 1.0, 5618029, 0, 0, 0, 0.013333333333333334
265, 242, 74, 1.0, 5618029, 0, 0, 0, 0.013333333333333334
266, 243, 74, 1.0, 5618029, 0, 0, 0, 0.013333333333333334
267, 244, 74, 1.0, 5618029, 0, 0, 0, 0.013333333333333334
268, 245, 74, 1.0, 5618029, 0, 0, 0, 0.013333333333333334
269, 246, 74, 1.0, 5618029, 0, 0, 0, 0.013333333333333334
270, 247, 74, 1.0, 5618029, 0, 0, 0, 0.013333333333333334
271, 132, 74, 1.0, 5618029, 0, 0, 0, 0.013333333333333334
272, 248, 73, 1.0, 6309675, 0, 0, 0, 0.013513513513513514
273, 249, 70, 1.0, 9162587, 0, 0, 0, 0.02702702702702703
274, 250, 37, 0.9999999999997242, 17451220, 0, 0, 0, 0.046153846153846156
275, 251, 37, 0.9999999999997511, 17451220, 0, 0, 0, 0.046153846153846156
276, 252, 37, 0.9999999999997511, 17451220, 0, 0, 0, 0.046153846153846156
277, 253, 37, 0.9999999999997484, 17451220, 0, 0, 0, 0.046153846153846156
278, 254, 37, 0.9999999999997511, 17451220, 0, 0, 0, 0.046153846153846156
279, 255, 37, 0.9999999999997917, 17451220, 0, 0, 0, 0.046153846153846156
280, 256, 37, 0.9999999999997562, 17451220, 0, 0, 0, 0.046153846153846156
281, 250, 59, 1.0, 12098258, 0, 0, 0, 0.016666666666666666
282, 251, 59, 1.0, 12098258, 0, 0, 0, 0.016666666666666666
283, 252, 59, 1.0, 12098258, 0, 0, 0, 0.016666666666666666
284, 253, 59, 1.0, 12098258, 0, 0, 0, 0.016666666666666666
285, 254, 59, 1.0, 12098258, 0, 0, 0, 0.016666666666666666
286, 255, 59, 1.0, 12098258, 0, 0, 0, 0.016666666666666666
287, 256, 59, 1.0, 12098258, 0, 0, 0, 0.016666666666666666
288, 250, 59, 1.0, 12098258, 0, 0, 0, 0.016666666666666666
289, 251, 59, 1.0, 12098258, 0, 0, 0, 0.016666666666666666
290, 252, 59, 1.0, 12098258, 0, 0, 0, 0.016666666666666666
291, 253, 59, 1.0, 12098258, 0, 0, 0, 0.016666666666666666
292, 254, 59, 1.0, 12098258, 0, 0, 0, 0.016666666666666666
293, 255, 59, 1.0, 12098258, 0, 0, 0, 0.016666666666666666
294, 256, 59, 1.0, 12098258, 0, 0, 0, 0.016666666666666666
295, 257, 59, 1.0, 12098258, 0, 0, 0, 0.016666666666666666
296, 258, 59, 1.0, 12098258, 0, 0, 0, 0.016666666666666666
297, 259, 59, 1.0, 12098258, 0, 0, 0, 0.016666666666666666
298, 260, 59, 1.0, 12098258, 0, 0, 0, 0.016666666666666666
299, 261, 59, 1.0, 12098258, 0, 0, 0, 0.016666666666666666
300, 262, 59, 1.0, 12098258, 0, 0, 0, 0.016666666666666666
301, 263, 59, 1.0, 12098258, 0, 0, 0, 0.016666666666666666
302, 264, 59, 1.0, 12098258, 0, 0, 0, 0.016666666666666666
303, 265, 59, 1.0, 12098258, 0, 0, 0, 0.016666666666666666
304, 266, 59, 1.0, 12098258, 0, 0, 0, 0.016666666666666666
305, 250, 59, 1.0, 12098258, 0, 0, 0, 0.016666666666666666
306, 251, 59, 1.0, 12098258, 0, 0, 0, 0.016666666666666666
307, 252, 59, 1.0, 12098258, 0, 0, 0, 0.016666666666666666
308, 253, 59, 1.0, 12098258, 0, 0, 0, 0.016666666666666666
309, 254, 59, 1.0, 12098258, 0, 0, 0, 0.016666666666666666
310, 255, 59, 1.0, 12098258, 0, 0, 0, 0.016666666666666666
311, 256, 59, 1.0, 12098258, 0, 0, 0, 0.016666666666666666
312, 267, 43, 0.9999999999999432, 16936887, 0, 0, 0, 0.022727272727272728
313, 268, 18, 0.999999764804515, 19443061, 0, 0, 0, 0.05128205128205128
314, 269, 38, 0.999999999998181, 17448752, 0, 0, 0, 0.02564102564102564
315, 270, 38, 0.999999999998181, 17448752, 0, 0, 0, 0.02564102564102564
316, 271, 38, 0.999999999998181, 17448752, 0, 0, 0, 0.02564102564102564
317, 272, 38, 0.999999999998181, 17448752, 0, 0, 1, 0.02564102564102564
318, 273, 38, 0.999999999998181, 17448752, 0, 0, 0, 0.02564102564102564
319, 274, 23, 0.9999999399296939, 19258709, 0, 0, 1, 0.06451612903225806
320, 275, 23, 0.9999999399296939, 19258709, 0, 0, 1, 0.06451612903225806
321, 274, 23, 0.9999999399296939, 19258709, 0, 0, 0, 0.06451612903225806
322, 276, 24, 0.9999999701976776, 19063587, 0, 0, 0, 0.04
323, 277, 22, 0.9999998807907104, 19259117, 0, 0, 0, 0.043478260869565216
324, 278, 22, 0.9999998807907104, 19259117, 0, 0, 0, 0.043478260869565216
325, 279, 12, 0.9998779296875, 20557341, 0, 0, 1, 0.07692307692307693
326, 280, 5, 0.984375, 21047978, 1, 0, 1, 0.16666666666666666
327, 281, 0, 0.5, 26778866, 1, 0, 0, 1.0
