0, 0, 4, 0.9904583125623131, 4049959, 0, 1, 0, 0.03636363636363636
1, 1, 109, 1.0, 0, 0, 0, 0, 0.00909090909090909
2, 2, 3, 0.9964915614665713, 4050238, 0, 1, 0, 0.06363636363636363
3, 3, 109, 1.0, 0, 0, 0, 0, 0.00909090909090909
4, 4, 69, 1.0, 1319511, 0, 0, 1, 0.01818181818181818
5, 5, 62, 1.0, 2206847, 0, 0, 1, 0.01818181818181818
6, 6, 109, 1.0, 0, 0, 0, 0, 0.00909090909090909
7, 7, 109, 1.0, 0, 0, 0, 0, 0.00909090909090909
8, 8, 109, 1.0, 0, 0, 0, 0, 0.00909090909090909
9, 9, 102, 1.0, 5360, 0, 0, 0, 0.01818181818181818
10, 10, 5, 0.984375, 3870175, 1, 0, 1, 0.01818181818181818
11, 11, 109, 1.0, 0, 0, 0, 0, 0.00909090909090909
12, 12, 109, 1.0, 0, 0, 0, 0, 0.00909090909090909
13, 13, 109, 1.0, 0, 0, 0, 0, 0.00909090909090909
14, 14, 109, 1.0, 0, 0, 0, 0, 0.00909090909090909
15, 15, 109, 1.0, 0, 0, 0, 0, 0.00909090909090909
16, 16, 109, 1.0, 0, 0, 0, 0, 0.00909090909090909
17, 17, 109, 1.0, 0, 0, 0, 0, 0.00909090909090909
18, 18, 109, 1.0, 0, 0, 0, 0, 0.00909090909090909
19, 19, 109, 1.0, 0, 0, 0, 0, 0.00909090909090909
20, 20, 109, 1.0, 0, 0, 0, 0, 0.00909090909090909
21, 21, 109, 1.0, 0, 0, 0, 0, 0.00909090909090909
22, 22, 109, 1.0, 0, 0, 0, 0, 0.00909090909090909
23, 23, 109, 1.0, 0, 0, 0, 0, 0.00909090909090909
24, 24, 109, 1.0, 0, 0, 0, 0, 0.00909090909090909
25, 25, 109, 1.0, 0, 0, 0, 0, 0.00909090909090909
26, 26, 109, 1.0, 0, 0, 0, 0, 0.00909090909090909
27, 27, 109, 1.0, 0, 0, 0, 0, 0.00909090909090909
28, 28, 109, 1.0, 0, 0, 0, 0, 0.00909090909090909
29, 29, 109, 1.0, 0, 0, 0, 0, 0.00909090909090909
30, 30, 109, 1.0, 0, 0, 0, 0, 0.00909090909090909
31, 31, 109, 1.0, 0, 0, 0, 0, 0.00909090909090909
32, 32, 109, 1.0, 0, 0, 0, 0, 0.00909090909090909
33, 33, 109, 1.0, 0, 0, 0, 0, 0.00909090909090909
34, 34, 109, 1.0, 0, 0, 0, 0, 0.00909090909090909
35, 35, 109, 1.0, 0, 0, 0, 0, 0.00909090909090909
36, 36, 109, 1.0, 0, 0, 0, 0, 0.00909090909090909
37, 37, 109, 1.0, 0, 0, 0, 0, 0.00909090909090909
38, 38, 109, 1.0, 0, 0, 0, 0, 0.00909090909090909
39, 39, 109, 1.0, 0, 0, 0, 0, 0.00909090909090909
40, 40, 109, 1.0, 0, 0, 0, 0, 0.00909090909090909
41, 41, 109, 1.0, 0, 0, 0, 0, 0.00909090909090909
42, 42, 109, 1.0, 0, 0, 0, 0, 0.00909090909090909
43, 43, 109, 1.0, 0, 0, 0, 0, 0.00909090909090909
44, 44, 109, 1.0, 0, 0, 0, 0, 0.00909090909090909
45, 45, 109, 1.0, 0, 0, 0, 0, 0.00909090909090909
46, 46, 109, 1.0, 0, 0, 0, 0, 0.00909090909090909
47, 47, 109, 1.0, 0, 0, 0, 0, 0.00909090909090909
48, 48, 109, 1.0, 0, 0, 0, 0, 0.00909090909090909
49, 49, 109, 1.0, 0, 0, 0, 0, 0.00909090909090909
50, 50, 109, 1.0, 0, 0, 0, 0, 0.00909090909090909
51, 51, 109, 1.0, 0, 0, 0, 0, 0.00909090909090909
52, 52, 109, 1.0, 0, 0, 0, 0, 0.00909090909090909
53, 53, 109, 1.0, 0, 0, 0, 0, 0.00909090909090909
54, 54, 109, 1.0, 0, 0, 0, 0, 0.00909090909090909
55, 55, 109, 1.0, 0, 0, 0, 0, 0.00909090909090909
56, 56, 109, 1.0, 0, 0, 0, 0, 0.00909090909090909
57, 22, 109, 1.0, 0, 0, 0, 0, 0.00909090909090909
58, 57, 75, 1.0, 1021920, 0, 0, 0, 0.03636363636363636
59, 58, 9, 0.9998872900557104, 3866320, 0, 1, 0, 0.05454545454545454
60, 59, 109, 1.0, 0, 0, 0, 1, 0.00909090909090909
61, 60, 109, 1.0, 0, 0, 0, 0, 0.00909090909090909
62, 61, 109, 1.0, 0, 0, 0, 0, 0.00909090909090909
63, 62, 109, 1.0, 0, 0, 0, 0, 0.00909090909090909
64, 63, 109, 1.0, 0, 0, 0, 0, 0.00909090909090909
65, 64, 55, 1.0, 2284730, 0, 0, 1, 0.02727272727272727
66, 65, 109, 1.0, 0, 0, 0, 0, 0.00909090909090909
67, 66, 109, 1.0, 0, 0, 0, 0, 0.00909090909090909
68, 67, 109, 1.0, 0, 0, 0, 0, 0.00909090909090909
69, 68, 109, 1.0, 0, 0, 0, 0, 0.00909090909090909
70, 69, 109, 1.0, 0, 0, 0, 0, 0.00909090909090909
71, 70, 109, 1.0, 0, 0, 0, 0, 0.00909090909090909
72, 15, 109, 1.0, 0, 0, 0, 0, 0.00909090909090909
73, 17, 109, 1.0, 0, 0, 0, 0, 0.00909090909090909
74, 18, 109, 1.0, 0, 0, 0, 0, 0.00909090909090909
75, 19, 109, 1.0, 0, 0, 0, 0, 0.00909090909090909
76, 71, 10, 0.9999999132778618, 3865307, 0, 0, 0, 0.05454545454545454
77, 72, 109, 1.0, 0, 0, 0, 0, 0.00909090909090909
78, 73, 109, 1.0, 0, 0, 0, 0, 0.00909090909090909
79, 74, 109, 1.0, 0, 0, 0, 0, 0.00909090909090909
80, 75, 107, 1.0, 771, 0, 0, 0, 0.01818181818181818
81, 76, 109, 1.0, 0, 0, 0, 0, 0.00909090909090909
82, 77, 109, 1.0, 0, 0, 0, 0, 0.00909090909090909
83, 78, 109, 1.0, 0, 0, 0, 0, 0.00909090909090909
84, 79, 109, 1.0, 0, 0, 0, 0, 0.00909090909090909
85, 80, 109, 1.0, 0, 0, 0, 0, 0.00909090909090909
86, 81, 109, 1.0, 0, 0, 0, 0, 0.00909090909090909
87, 82, 109, 1.0, 0, 0, 0, 0, 0.00909090909090909
88, 83, 109, 1.0, 0, 0, 0, 0, 0.00909090909090909
89, 84, 109, 1.0, 0, 0, 0, 0, 0.00909090909090909
90, 85, 109, 1.0, 0, 0, 0, 0, 0.00909090909090909
91, 86, 109, 1.0, 0, 0, 0, 0, 0.00909090909090909
92, 87, 109, 1.0, 0, 0, 0, 0, 0.00909090909090909
93, 88, 109, 1.0, 0, 0, 0, 0, 0.00909090909090909
94, 89, 109, 1.0, 0, 0, 0, 0, 0.00909090909090909
95, 90, 109, 1.0, 0, 0, 0, 0, 0.00909090909090909
96, 67, 109, 1.0, 0, 0, 0, 0, 0.00909090909090909
97, 91, 10, 0.9999593958087932, 3865307, 0, 0, 0, 0.05454545454545454
98, 92, 54, 1.0, 2294621, 0, 0, 0, 0.06363636363636363
99, 93, 10, 0.9999931987870394, 3865307, 0, 0, 0, 0.10909090909090909
100, 94, 54, 1.0, 2294621, 0, 0, 0, 0.06363636363636363
101, 95, 55, 1.0, 2284730, 0, 0, 1, 0.03636363636363636
102, 96, 109, 1.0, 0, 0, 0, 0, 0.00909090909090909
103, 97, 109, 1.0, 0, 0, 0, 0, 0.00909090909090909
104, 98, 109, 1.0, 0, 0, 0, 0, 0.00909090909090909
105, 99, 109, 1.0, 0, 0, 0, 0, 0.00909090909090909
106, 100, 109, 1.0, 0, 0, 0, 0, 0.00909090909090909
107, 101, 109, 1.0, 0, 0, 0, 0, 0.00909090909090909
108, 102, 107, 1.0, 771, 0, 0, 0, 0.01818181818181818
109, 103, 107, 1.0, 771, 0, 0, 0, 0.01818181818181818
110, 104, 12, 0.9999435197061567, 3307649, 0, 0, 0, 0.045454545454545456
111, 105, 12, 0.9999983704205856, 3307649, 0, 0, 0, 0.03636363636363636
112, 106, 10, 0.9999709158647943, 3865307, 0, 0, 0, 0.06363636363636363
113, 107, 109, 1.0, 0, 0, 0, 0, 0.00909090909090909
114, 108, 109, 1.0, 0, 0, 0, 0, 0.00909090909090909
115, 109, 12, 0.9998741149902344, 3307649, 0, 0, 1, 0.02727272727272727
116, 110, 10, 0.9998681929803663, 3865307, 0, 0, 0, 0.05454545454545454
117, 111, 10, 0.9998543185572439, 3865307, 0, 0, 0, 0.06363636363636363
118, 112, 12, 0.9998741149902344, 3307649, 0, 0, 1, 0.045454545454545456
119, 113, 12, 0.9998741149902344, 3307649, 0, 0, 1, 0.045454545454545456
120, 114, 109, 1.0, 0, 0, 0, 1, 0.00909090909090909
121, 115, 12, 0.9998741149902339, 3307649, 0, 0, 1, 0.05454545454545454
122, 116, 109, 1.0, 0, 0, 0, 1, 0.00909090909090909
123, 117, 109, 1.0, 0, 0, 0, 1, 0.00909090909090909
124, 118, 109, 1.0, 0, 0, 0, 1, 0.00909090909090909
125, 119, 109, 1.0, 0, 0, 0, 1, 0.00909090909090909
126, 120, 12, 0.9998741149902344, 3307649, 0, 0, 1, 0.02727272727272727
127, 121, 12, 0.9998741149902344, 3307649, 0, 0, 1, 0.02727272727272727
128, 122, 12, 0.9998741149902344, 3307649, 0, 0, 1, 0.02727272727272727
129, 123, 109, 1.0, 0, 0, 0, 1, 0.00909090909090909
130, 124, 12, 0.9998741149902344, 3307649, 0, 0, 1, 0.02727272727272727
131, 125, 12, 0.9998741149902344, 3307649, 0, 0, 1, 0.02727272727272727
132, 126, 12, 0.9998741149902344, 3307649, 0, 0, 1, 0.02727272727272727
133, 127, 12, 0.9998741149902344, 3307649, 0, 0, 1, 0.02727272727272727
134, 128, 12, 0.9998741149902344, 3307649, 0, 0, 1, 0.02727272727272727
135, 129, 12, 0.9998741149902344, 3307649, 0, 0, 1, 0.02727272727272727
136, 130, 12, 0.9998741149902344, 3307649, 0, 0, 1, 0.02727272727272727
137, 131, 12, 0.9998741149902344, 3307649, 0, 0, 1, 0.02727272727272727
138, 132, 12, 0.9998741149902344, 3307649, 0, 0, 1, 0.02727272727272727
139, 133, 12, 0.9998741149902344, 3307649, 0, 0, 1, 0.02727272727272727
140, 134, 12, 0.9998741149902344, 3307649, 0, 0, 1, 0.02727272727272727
141, 135, 12, 0.9998741149902344, 3307649, 0, 0, 1, 0.02727272727272727
142, 136, 12, 0.9998741149902344, 3307649, 0, 0, 1, 0.02727272727272727
143, 137, 12, 0.9998741149902344, 3307649, 0, 0, 1, 0.02727272727272727
144, 138, 12, 0.9998741149902344, 3307649, 0, 0, 1, 0.02727272727272727
145, 139, 12, 0.9998741149902344, 3307649, 0, 0, 1, 0.02727272727272727
146, 140, 12, 0.9998741149902344, 3307649, 0, 0, 1, 0.02727272727272727
147, 141, 109, 1.0, 0, 0, 0, 1, 0.00909090909090909
148, 142, 12, 0.9998741149902344, 3307649, 0, 0, 1, 0.02727272727272727
149, 143, 102, 1.0, 5360, 0, 0, 1, 0.01818181818181818
150, 144, 102, 1.0, 5360, 0, 0, 1, 0.01818181818181818
151, 145, 102, 1.0, 5360, 0, 0, 1, 0.01818181818181818
152, 146, 102, 1.0, 5360, 0, 0, 1, 0.01818181818181818
153, 147, 12, 0.9998741149902344, 3307649, 0, 0, 1, 0.045454545454545456
154, 148, 12, 0.9998741149902344, 3307649, 0, 0, 1, 0.045454545454545456
155, 149, 12, 0.9998741149902344, 3307649, 0, 0, 1, 0.02727272727272727
156, 150, 12, 0.9998741149902344, 3307649, 0, 0, 1, 0.02727272727272727
157, 151, 12, 0.9998741149902344, 3307649, 0, 0, 1, 0.02727272727272727
158, 152, 12, 0.9998741149902344, 3307649, 0, 0, 1, 0.02727272727272727
159, 153, 12, 0.9998741149902344, 3307649, 0, 0, 1, 0.02727272727272727
160, 154, 12, 0.9998741149902344, 3307649, 0, 0, 1, 0.02727272727272727
161, 155, 12, 0.9998741149902344, 3307649, 0, 0, 1, 0.045454545454545456
162, 156, 10, 0.999904812359419, 3865307, 0, 0, 0, 0.06363636363636363
163, 157, 10, 0.9999158486076023, 3865307, 0, 0, 0, 0.06363636363636363
164, 158, 12, 0.9998741149902344, 3307649, 0, 0, 1, 0.02727272727272727
165, 159, 109, 1.0, 0, 0, 0, 0, 0.00909090909090909
166, 160, 12, 0.9998741149902334, 3307649, 0, 0, 1, 0.045454545454545456
167, 161, 109, 1.0, 0, 0, 0, 0, 0.00909090909090909
168, 162, 109, 1.0, 0, 0, 0, 0, 0.00909090909090909
169, 163, 109, 1.0, 0, 0, 0, 0, 0.00909090909090909
170, 164, 16, 0.9999918937683105, 3228398, 0, 0, 1, 0.02727272727272727
171, 165, 109, 1.0, 0, 0, 0, 0, 0.00909090909090909
172, 166, 109, 1.0, 0, 0, 0, 0, 0.00909090909090909
173, 167, 109, 1.0, 0, 0, 0, 0, 0.00909090909090909
174, 168, 109, 1.0, 0, 0, 0, 0, 0.00909090909090909
175, 169, 10, 0.9998904444136709, 3865307, 0, 0, 0, 0.06363636363636363
176, 170, 109, 1.0, 0, 0, 0, 0, 0.00909090909090909
177, 171, 109, 1.0, 0, 0, 0, 0, 0.00909090909090909
178, 172, 109, 1.0, 0, 0, 0, 0, 0.00909090909090909
179, 173, 109, 1.0, 0, 0, 0, 0, 0.00909090909090909
180, 174, 109, 1.0, 0, 0, 0, 0, 0.00909090909090909
181, 175, 109, 1.0, 0, 0, 0, 0, 0.00909090909090909
182, 176, 109, 1.0, 0, 0, 0, 0, 0.00909090909090909
183, 177, 109, 1.0, 0, 0, 0, 0, 0.00909090909090909
184, 178, 109, 1.0, 0, 0, 0, 0, 0.00909090909090909
185, 179, 109, 1.0, 0, 0, 0, 0, 0.00909090909090909
186, 180, 109, 1.0, 0, 0, 0, 0, 0.00909090909090909
187, 181, 109, 1.0, 0, 0, 0, 0, 0.00909090909090909
188, 182, 109, 1.0, 0, 0, 0, 0, 0.00909090909090909
189, 183, 109, 1.0, 0, 0, 0, 0, 0.00909090909090909
190, 184, 109, 1.0, 0, 0, 0, 0, 0.00909090909090909
191, 185, 109, 1.0, 0, 0, 0, 0, 0.00909090909090909
192, 186, 109, 1.0, 0, 0, 0, 0, 0.00909090909090909
193, 187, 109, 1.0, 0, 0, 0, 0, 0.00909090909090909
194, 188, 109, 1.0, 0, 0, 0, 0, 0.00909090909090909
195, 189, 109, 1.0, 0, 0, 0, 0, 0.00909090909090909
196, 190, 109, 1.0, 0, 0, 0, 1, 0.00909090909090909
197, 191, 10, 0.9999283154805501, 3865307, 0, 0, 0, 0.06363636363636363
198, 192, 10, 0.9999158486076023, 3865307, 0, 0, 0, 0.06363636363636363
199, 193, 109, 1.0, 0, 0, 0, 0, 0.00909090909090909
200, 194, 109, 1.0, 0, 0, 0, 0, 0.00909090909090909
201, 195, 109, 1.0, 0, 0, 0, 0, 0.00909090909090909
202, 196, 109, 1.0, 0, 0, 0, 0, 0.00909090909090909
203, 197, 109, 1.0, 0, 0, 0, 0, 0.00909090909090909
204, 198, 109, 1.0, 0, 0, 0, 0, 0.00909090909090909
205, 199, 109, 1.0, 0, 0, 0, 0, 0.00909090909090909
206, 200, 10, 0.9999337667748049, 3865307, 0, 0, 0, 0.06363636363636363
207, 201, 35, 0.9999999999854481, 2743500, 0, 0, 1, 0.01818181818181818
208, 202, 5, 0.984375, 3870175, 1, 0, 1, 0.02727272727272727
209, 203, 109, 1.0, 0, 0, 0, 1, 0.00909090909090909
210, 204, 109, 1.0, 0, 0, 0, 1, 0.00909090909090909
211, 205, 109, 1.0, 0, 0, 0, 1, 0.00909090909090909
212, 206, 5, 0.984375, 3870175, 1, 0, 1, 0.01818181818181818
213, 207, 4, 0.9494252573734001, 4049959, 0, 1, 0, 0.03636363636363636
214, 109, 109, 1.0, 0, 0, 0, 0, 0.00909090909090909
215, 112, 32, 0.9999999998835847, 2752492, 0, 0, 1, 0.01818181818181818
216, 113, 32, 0.9999999998835847, 2752492, 0, 0, 1, 0.01818181818181818
217, 114, 109, 1.0, 0, 0, 0, 1, 0.00909090909090909
218, 115, 32, 0.9999999998835847, 2752492, 0, 0, 1, 0.01818181818181818
219, 116, 109, 1.0, 0, 0, 0, 1, 0.00909090909090909
220, 117, 109, 1.0, 0, 0, 0, 1, 0.00909090909090909
221, 118, 109, 1.0, 0, 0, 0, 1, 0.00909090909090909
222, 119, 109, 1.0, 0, 0, 0, 1, 0.00909090909090909
223, 120, 109, 1.0, 0, 0, 0, 0, 0.00909090909090909
224, 121, 109, 1.0, 0, 0, 0, 0, 0.00909090909090909
225, 122, 109, 1.0, 0, 0, 0, 0, 0.00909090909090909
226, 123, 109, 1.0, 0, 0, 0, 1, 0.00909090909090909
227, 124, 32, 0.9999999998835847, 2752492, 0, 0, 1, 0.01818181818181818
228, 125, 109, 1.0, 0, 0, 0, 0, 0.00909090909090909
229, 126, 35, 0.9999999999984823, 2743500, 0, 0, 0, 0.01818181818181818
230, 208, 35, 0.9999999999986482, 2743500, 0, 0, 0, 0.01818181818181818
231, 127, 109, 1.0, 0, 0, 0, 0, 0.00909090909090909
232, 128, 109, 1.0, 0, 0, 0, 0, 0.00909090909090909
233, 129, 109, 1.0, 0, 0, 0, 0, 0.00909090909090909
234, 130, 109, 1.0, 0, 0, 0, 0, 0.00909090909090909
235, 131, 109, 1.0, 0, 0, 0, 0, 0.00909090909090909
236, 132, 109, 1.0, 0, 0, 0, 0, 0.00909090909090909
237, 133, 109, 1.0, 0, 0, 0, 0, 0.00909090909090909
238, 134, 109, 1.0, 0, 0, 0, 0, 0.00909090909090909
239, 135, 109, 1.0, 0, 0, 0, 0, 0.00909090909090909
240, 136, 109, 1.0, 0, 0, 0, 0, 0.00909090909090909
241, 137, 109, 1.0, 0, 0, 0, 0, 0.00909090909090909
242, 138, 109, 1.0, 0, 0, 0, 0, 0.00909090909090909
243, 139, 109, 1.0, 0, 0, 0, 0, 0.00909090909090909
244, 140, 109, 1.0, 0, 0, 0, 0, 0.00909090909090909
245, 141, 109, 1.0, 0, 0, 0, 1, 0.00909090909090909
246, 142, 109, 1.0, 0, 0, 0, 0, 0.00909090909090909
247, 143, 109, 1.0, 0, 0, 0, 1, 0.00909090909090909
248, 144, 109, 1.0, 0, 0, 0, 1, 0.00909090909090909
249, 145, 109, 1.0, 0, 0, 0, 1, 0.00909090909090909
250, 146, 109, 1.0, 0, 0, 0, 1, 0.00909090909090909
251, 147, 32, 0.9999999998835847, 2752492, 0, 0, 1, 0.01818181818181818
252, 148, 32, 0.9999999998835847, 2752492, 0, 0, 1, 0.01818181818181818
253, 149, 109, 1.0, 0, 0, 0, 0, 0.00909090909090909
254, 150, 109, 1.0, 0, 0, 0, 0, 0.00909090909090909
255, 151, 109, 1.0, 0, 0, 0, 0, 0.00909090909090909
256, 152, 109, 1.0, 0, 0, 0, 0, 0.00909090909090909
257, 153, 109, 1.0, 0, 0, 0, 0, 0.00909090909090909
258, 209, 35, 0.9999999999854481, 2743500, 0, 0, 1, 0.02727272727272727
259, 155, 32, 0.9999999998835847, 2752492, 0, 0, 1, 0.02727272727272727
260, 210, 84, 1.0, 179118, 0, 0, 0, 0.01818181818181818
261, 156, 109, 1.0, 0, 0, 0, 0, 0.00909090909090909
262, 157, 109, 1.0, 0, 0, 0, 0, 0.00909090909090909
263, 158, 109, 1.0, 0, 0, 0, 0, 0.00909090909090909
264, 159, 109, 1.0, 0, 0, 0, 0, 0.00909090909090909
265, 160, 47, 0.999999999999996, 2305618, 0, 0, 1, 0.02727272727272727
266, 161, 109, 1.0, 0, 0, 0, 0, 0.00909090909090909
267, 162, 109, 1.0, 0, 0, 0, 0, 0.00909090909090909
268, 163, 109, 1.0, 0, 0, 0, 0, 0.00909090909090909
269, 164, 16, 0.9999918937683105, 3228398, 0, 0, 1, 0.02727272727272727
270, 165, 109, 1.0, 0, 0, 0, 0, 0.00909090909090909
271, 166, 109, 1.0, 0, 0, 0, 0, 0.00909090909090909
272, 167, 109, 1.0, 0, 0, 0, 0, 0.00909090909090909
273, 168, 109, 1.0, 0, 0, 0, 0, 0.00909090909090909
274, 169, 49, 1.0, 2305604, 0, 0, 0, 0.01818181818181818
275, 170, 109, 1.0, 0, 0, 0, 0, 0.00909090909090909
276, 211, 109, 1.0, 0, 0, 0, 0, 0.00909090909090909
277, 172, 109, 1.0, 0, 0, 0, 0, 0.00909090909090909
278, 173, 109, 1.0, 0, 0, 0, 0, 0.00909090909090909
279, 174, 109, 1.0, 0, 0, 0, 0, 0.00909090909090909
280, 175, 109, 1.0, 0, 0, 0, 0, 0.00909090909090909
281, 176, 109, 1.0, 0, 0, 0, 0, 0.00909090909090909
282, 177, 109, 1.0, 0, 0, 0, 0, 0.00909090909090909
283, 178, 109, 1.0, 0, 0, 0, 0, 0.00909090909090909
284, 179, 109, 1.0, 0, 0, 0, 0, 0.00909090909090909
285, 180, 109, 1.0, 0, 0, 0, 0, 0.00909090909090909
286, 181, 109, 1.0, 0, 0, 0, 0, 0.00909090909090909
287, 182, 109, 1.0, 0, 0, 0, 0, 0.00909090909090909
288, 183, 109, 1.0, 0, 0, 0, 0, 0.00909090909090909
289, 184, 109, 1.0, 0, 0, 0, 0, 0.00909090909090909
290, 185, 109, 1.0, 0, 0, 0, 0, 0.00909090909090909
291, 186, 109, 1.0, 0, 0, 0, 0, 0.00909090909090909
292, 187, 109, 1.0, 0, 0, 0, 0, 0.00909090909090909
293, 188, 109, 1.0, 0, 0, 0, 0, 0.00909090909090909
294, 189, 109, 1.0, 0, 0, 0, 0, 0.00909090909090909
295, 190, 109, 1.0, 0, 0, 0, 1, 0.00909090909090909
296, 191, 109, 1.0, 0, 0, 0, 0, 0.00909090909090909
297, 192, 109, 1.0, 0, 0, 0, 0, 0.00909090909090909
298, 193, 109, 1.0, 0, 0, 0, 0, 0.00909090909090909
299, 194, 109, 1.0, 0, 0, 0, 0, 0.00909090909090909
300, 195, 109, 1.0, 0, 0, 0, 0, 0.00909090909090909
301, 196, 109, 1.0, 0, 0, 0, 0, 0.00909090909090909
302, 197, 109, 1.0, 0, 0, 0, 0, 0.00909090909090909
303, 198, 109, 1.0, 0, 0, 0, 0, 0.00909090909090909
304, 199, 109, 1.0, 0, 0, 0, 0, 0.00909090909090909
305, 200, 49, 1.0, 2305604, 0, 0, 0, 0.01818181818181818
306, 201, 35, 0.9999999999854481, 2743500, 0, 0, 1, 0.01818181818181818
307, 212, 109, 1.0, 0, 0, 0, 0, 0.00909090909090909
308, 213, 67, 1.0, 1372025, 0, 0, 0, 0.05454545454545454
309, 214, 109, 1.0, 0, 0, 0, 0, 0.00909090909090909
310, 215, 109, 1.0, 0, 0, 0, 0, 0.00909090909090909
311, 213, 70, 1.0, 1319259, 0, 0, 1, 0.02727272727272727
312, 12, 51, 1.0, 2303248, 0, 0, 0, 0.09090909090909091
313, 216, 51, 1.0, 2303248, 0, 0, 0, 0.07272727272727272
314, 217, 109, 1.0, 0, 0, 0, 0, 0.00909090909090909
315, 218, 105, 1.0, 1446, 0, 0, 0, 0.01818181818181818
316, 219, 107, 1.0, 771, 0, 0, 1, 0.01818181818181818
317, 220, 107, 1.0, 771, 0, 0, 1, 0.01818181818181818
318, 221, 109, 1.0, 0, 0, 0, 0, 0.00909090909090909
319, 222, 109, 1.0, 0, 0, 0, 0, 0.00909090909090909
320, 223, 109, 1.0, 0, 0, 0, 0, 0.00909090909090909
321, 224, 109, 1.0, 0, 0, 0, 0, 0.00909090909090909
322, 225, 109, 1.0, 0, 0, 0, 0, 0.00909090909090909
323, 226, 109, 1.0, 0, 0, 0, 0, 0.00909090909090909
324, 227, 109, 1.0, 0, 0, 0, 0, 0.00909090909090909
325, 228, 109, 1.0, 0, 0, 0, 0, 0.00909090909090909
326, 229, 109, 1.0, 0, 0, 0, 0, 0.00909090909090909
327, 230, 54, 1.0, 2294621, 0, 0, 0, 0.06363636363636363
328, 231, 109, 1.0, 0, 0, 0, 0, 0.00909090909090909
329, 232, 109, 1.0, 0, 0, 0, 0, 0.00909090909090909
330, 233, 109, 1.0, 0, 0, 0, 0, 0.00909090909090909
331, 234, 109, 1.0, 0, 0, 0, 0, 0.00909090909090909
332, 235, 109, 1.0, 0, 0, 0, 0, 0.00909090909090909
333, 236, 109, 1.0, 0, 0, 0, 0, 0.00909090909090909
334, 237, 109, 1.0, 0, 0, 0, 0, 0.00909090909090909
335, 238, 109, 1.0, 0, 0, 0, 0, 0.00909090909090909
336, 239, 109, 1.0, 0, 0, 0, 0, 0.00909090909090909
337, 240, 109, 1.0, 0, 0, 0, 0, 0.00909090909090909
338, 241, 109, 1.0, 0, 0, 0, 0, 0.00909090909090909
339, 242, 109, 1.0, 0, 0, 0, 0, 0.00909090909090909
340, 243, 109, 1.0, 0, 0, 0, 0, 0.00909090909090909
341, 244, 109, 1.0, 0, 0, 0, 0, 0.00909090909090909
342, 245, 109, 1.0, 0, 0, 0, 0, 0.00909090909090909
343, 246, 109, 1.0, 0, 0, 0, 0, 0.00909090909090909
344, 247, 109, 1.0, 0, 0, 0, 0, 0.00909090909090909
345, 248, 109, 1.0, 0, 0, 0, 0, 0.00909090909090909
346, 249, 109, 1.0, 0, 0, 0, 0, 0.00909090909090909
347, 250, 109, 1.0, 0, 0, 0, 0, 0.00909090909090909
348, 239, 109, 1.0, 0, 0, 0, 0, 0.00909090909090909
349, 240, 109, 1.0, 0, 0, 0, 0, 0.00909090909090909
350, 241, 109, 1.0, 0, 0, 0, 0, 0.00909090909090909
351, 242, 109, 1.0, 0, 0, 0, 0, 0.00909090909090909
352, 243, 109, 1.0, 0, 0, 0, 0, 0.00909090909090909
353, 244, 109, 1.0, 0, 0, 0, 0, 0.00909090909090909
354, 245, 109, 1.0, 0, 0, 0, 0, 0.00909090909090909
355, 246, 109, 1.0, 0, 0, 0, 0, 0.00909090909090909
356, 247, 109, 1.0, 0, 0, 0, 0, 0.00909090909090909
357, 248, 109, 1.0, 0, 0, 0, 0, 0.00909090909090909
358, 249, 109, 1.0, 0, 0, 0, 0, 0.00909090909090909
359, 250, 109, 1.0, 0, 0, 0, 0, 0.00909090909090909
360, 251, 109, 1.0, 0, 0, 0, 0, 0.00909090909090909
361, 252, 109, 1.0, 0, 0, 0, 0, 0.00909090909090909
362, 253, 22, 0.9999999892426334, 3194518, 0, 0, 0, 0.03636363636363636
363, 253, 109, 1.0, 0, 0, 0, 0, 0.00909090909090909
364, 254, 22, 0.9999999577135052, 3194518, 0, 0, 0, 0.045454545454545456
365, 253, 22, 0.9999999933635376, 3194518, 0, 0, 0, 0.03636363636363636
366, 253, 109, 1.0, 0, 0, 0, 0, 0.00909090909090909
367, 255, 109, 1.0, 0, 0, 0, 0, 0.00909090909090909
368, 256, 101, 1.0, 5430, 0, 0, 0, 0.01818181818181818
369, 257, 2, 0.9829343971631206, 4105742, 0, 1, 0, 0.01818181818181818
370, 255, 99, 1.0, 7621, 0, 0, 0, 0.01818181818181818
371, 258, 109, 1.0, 0, 0, 0, 0, 0.00909090909090909
372, 259, 109, 1.0, 0, 0, 0, 0, 0.00909090909090909
373, 256, 109, 1.0, 0, 0, 0, 0, 0.00909090909090909
374, 260, 2, 0.9902031930333817, 4105742, 0, 1, 0, 0.01818181818181818
375, 261, 109, 1.0, 0, 0, 0, 0, 0.00909090909090909
376, 255, 109, 1.0, 0, 0, 0, 0, 0.00909090909090909
377, 256, 109, 1.0, 0, 0, 0, 0, 0.00909090909090909
378, 262, 109, 1.0, 0, 0, 0, 0, 0.00909090909090909
379, 263, 109, 1.0, 0, 0, 0, 0, 0.00909090909090909
380, 264, 109, 1.0, 0, 0, 0, 0, 0.00909090909090909
381, 265, 109, 1.0, 0, 0, 0, 0, 0.00909090909090909
382, 266, 109, 1.0, 0, 0, 0, 0, 0.00909090909090909
383, 267, 102, 1.0, 5360, 0, 0, 0, 0.01818181818181818
384, 268, 109, 1.0, 0, 0, 0, 0, 0.00909090909090909
385, 269, 10, 0.9999931511605621, 3865307, 0, 0, 0, 0.06363636363636363
386, 270, 109, 1.0, 0, 0, 0, 0, 0.00909090909090909
387, 271, 109, 1.0, 0, 0, 0, 0, 0.00909090909090909
388, 272, 75, 1.0, 1021920, 0, 0, 0, 0.01818181818181818
389, 273, 109, 1.0, 0, 0, 0, 0, 0.00909090909090909
390, 274, 109, 1.0, 0, 0, 0, 1, 0.00909090909090909
391, 275, 109, 1.0, 0, 0, 0, 0, 0.00909090909090909
392, 276, 109, 1.0, 0, 0, 0, 0, 0.00909090909090909
393, 277, 109, 1.0, 0, 0, 0, 0, 0.00909090909090909
394, 278, 109, 1.0, 0, 0, 0, 0, 0.00909090909090909
395, 279, 109, 1.0, 0, 0, 0, 0, 0.00909090909090909
396, 280, 109, 1.0, 0, 0, 0, 0, 0.00909090909090909
397, 281, 109, 1.0, 0, 0, 0, 0, 0.00909090909090909
398, 282, 109, 1.0, 0, 0, 0, 0, 0.00909090909090909
399, 283, 109, 1.0, 0, 0, 0, 0, 0.00909090909090909
400, 284, 109, 1.0, 0, 0, 0, 0, 0.00909090909090909
401, 285, 109, 1.0, 0, 0, 0, 0, 0.00909090909090909
402, 286, 109, 1.0, 0, 0, 0, 0, 0.00909090909090909
403, 287, 109, 1.0, 0, 0, 0, 0, 0.00909090909090909
404, 288, 109, 1.0, 0, 0, 0, 0, 0.00909090909090909
405, 289, 109, 1.0, 0, 0, 0, 0, 0.00909090909090909
406, 290, 109, 1.0, 0, 0, 0, 0, 0.00909090909090909
407, 291, 11, 0.9999943044366563, 3808426, 0, 0, 0, 0.12727272727272726
408, 292, 22, 0.9999999999182833, 3194518, 0, 0, 0, 0.045454545454545456
409, 293, 109, 1.0, 0, 0, 0, 0, 0.00909090909090909
410, 294, 109, 1.0, 0, 0, 0, 0, 0.00909090909090909
411, 295, 109, 1.0, 0, 0, 0, 0, 0.00909090909090909
412, 296, 54, 1.0, 2294621, 0, 0, 0, 0.06363636363636363
413, 297, 109, 1.0, 0, 0, 0, 0, 0.00909090909090909
414, 298, 109, 1.0, 0, 0, 0, 0, 0.00909090909090909
415, 299, 109, 1.0, 0, 0, 0, 0, 0.00909090909090909
416, 300, 109, 1.0, 0, 0, 0, 0, 0.00909090909090909
417, 301, 109, 1.0, 0, 0, 0, 0, 0.00909090909090909
418, 302, 109, 1.0, 0, 0, 0, 0, 0.00909090909090909
419, 303, 109, 1.0, 0, 0, 0, 0, 0.00909090909090909
420, 304, 109, 1.0, 0, 0, 0, 0, 0.00909090909090909
421, 305, 109, 1.0, 0, 0, 0, 0, 0.00909090909090909
422, 306, 109, 1.0, 0, 0, 0, 0, 0.00909090909090909
423, 307, 109, 1.0, 0, 0, 0, 0, 0.00909090909090909
424, 308, 109, 1.0, 0, 0, 0, 0, 0.00909090909090909
425, 309, 109, 1.0, 0, 0, 0, 0, 0.00909090909090909
426, 239, 109, 1.0, 0, 0, 0, 0, 0.00909090909090909
427, 240, 109, 1.0, 0, 0, 0, 0, 0.00909090909090909
428, 241, 109, 1.0, 0, 0, 0, 0, 0.00909090909090909
429, 242, 109, 1.0, 0, 0, 0, 0, 0.00909090909090909
430, 243, 109, 1.0, 0, 0, 0, 0, 0.00909090909090909
431, 244, 109, 1.0, 0, 0, 0, 0, 0.00909090909090909
432, 245, 109, 1.0, 0, 0, 0, 0, 0.00909090909090909
433, 246, 109, 1.0, 0, 0, 0, 0, 0.00909090909090909
434, 247, 109, 1.0, 0, 0, 0, 0, 0.00909090909090909
435, 248, 109, 1.0, 0, 0, 0, 0, 0.00909090909090909
436, 249, 109, 1.0, 0, 0, 0, 0, 0.00909090909090909
437, 250, 109, 1.0, 0, 0, 0, 0, 0.00909090909090909
438, 310, 107, 1.0, 771, 0, 0, 0, 0.009259259259259259
439, 311, 12, 0.9998741149902344, 3307649, 0, 0, 1, 0.027777777777777776
440, 9, 68, 1.0, 1371212, 0, 0, 0, 0.03773584905660377
441, 44, 68, 1.0, 1371212, 0, 0, 0, 0.03773584905660377
442, 312, 105, 1.0, 1446, 0, 0, 0, 0.009433962264150943
443, 313, 105, 1.0, 1446, 0, 0, 0, 0.009433962264150943
444, 314, 51, 1.0, 2303248, 0, 0, 0, 0.05660377358490566
445, 315, 105, 1.0, 1446, 0, 0, 0, 0.009433962264150943
446, 316, 12, 0.9998741149902344, 3307649, 0, 0, 1, 0.0297029702970297
447, 317, 12, 0.9998741149902344, 3307649, 0, 0, 1, 0.0297029702970297
448, 318, 12, 0.9998741149902344, 3307649, 0, 0, 1, 0.0297029702970297
449, 319, 12, 0.9998741149902344, 3307649, 0, 0, 1, 0.0297029702970297
450, 320, 12, 0.9998732364829945, 3307649, 0, 0, 1, 0.04950495049504951
451, 321, 12, 0.9998741149902344, 3307649, 0, 0, 1, 0.0297029702970297
452, 322, 12, 0.9998741149902344, 3307649, 0, 0, 1, 0.0297029702970297
453, 323, 12, 0.9998741149902344, 3307649, 0, 0, 1, 0.0297029702970297
454, 324, 12, 0.9998741149902344, 3307649, 0, 0, 1, 0.0297029702970297
455, 325, 12, 0.9998741149902344, 3307649, 0, 0, 1, 0.0297029702970297
456, 326, 12, 0.9998741149902344, 3307649, 0, 0, 1, 0.039603960396039604
457, 316, 100, 1.0, 7486, 0, 0, 0, 0.009900990099009901
458, 317, 100, 1.0, 7486, 0, 0, 0, 0.009900990099009901
459, 318, 100, 1.0, 7486, 0, 0, 0, 0.009900990099009901
460, 319, 100, 1.0, 7486, 0, 0, 0, 0.009900990099009901
461, 320, 16, 0.9999918937683105, 3228398, 0, 0, 1, 0.0297029702970297
462, 321, 100, 1.0, 7486, 0, 0, 0, 0.009900990099009901
463, 322, 100, 1.0, 7486, 0, 0, 0, 0.009900990099009901
464, 323, 100, 1.0, 7486, 0, 0, 0, 0.009900990099009901
465, 324, 100, 1.0, 7486, 0, 0, 0, 0.009900990099009901
466, 325, 100, 1.0, 7486, 0, 0, 0, 0.009900990099009901
467, 326, 96, 1.0, 158893, 0, 0, 0, 0.019801980198019802
468, 327, 75, 1.0, 1021920, 0, 0, 0, 0.013157894736842105
469, 328, 75, 1.0, 1021920, 0, 0, 0, 0.013157894736842105
470, 329, 68, 1.0, 1371212, 0, 0, 0, 0.0273972602739726
471, 329, 30, 0.9999999999042676, 2870378, 0, 0, 0, 0.0410958904109589
472, 330, 60, 1.0, 2216796, 0, 0, 1, 0.01639344262295082
473, 331, 60, 1.0, 2216796, 0, 0, 1, 0.01639344262295082
474, 332, 60, 1.0, 2216796, 0, 0, 1, 0.01639344262295082
475, 333, 60, 1.0, 2216796, 0, 0, 1, 0.01639344262295082
476, 334, 60, 1.0, 2216796, 0, 0, 1, 0.01639344262295082
477, 335, 60, 1.0, 2216796, 0, 0, 1, 0.01639344262295082
478, 336, 54, 1.0, 2294621, 0, 0, 0, 0.04918032786885246
479, 330, 54, 1.0, 2294621, 0, 0, 0, 0.05
480, 331, 54, 1.0, 2294621, 0, 0, 0, 0.05
481, 332, 54, 1.0, 2294621, 0, 0, 0, 0.05
482, 333, 54, 1.0, 2294621, 0, 0, 0, 0.05
483, 334, 54, 1.0, 2294621, 0, 0, 0, 0.05
484, 335, 54, 1.0, 2294621, 0, 0, 0, 0.05
485, 337, 53, 1.0, 2294622, 0, 0, 0, 0.03636363636363636
486, 338, 41, 0.9999999999999647, 2370415, 0, 0, 0, 0.03636363636363636
487, 339, 48, 0.9999999999999982, 2305617, 0, 0, 0, 0.02040816326530612
488, 340, 43, 0.9999999999999934, 2309462, 0, 0, 0, 0.0625
489, 341, 22, 0.999999880789801, 3194518, 0, 0, 0, 0.05
490, 342, 22, 0.999999880789801, 3194518, 0, 0, 0, 0.05
491, 341, 22, 0.9999998807886042, 3194518, 0, 0, 0, 0.075
492, 343, 39, 0.9999999999990905, 2709338, 0, 0, 1, 0.025
493, 344, 22, 0.9999998807870725, 3194518, 0, 0, 0, 0.05263157894736842
494, 345, 22, 0.9999998807870725, 3194518, 0, 0, 0, 0.05263157894736842
495, 346, 22, 0.9999998807870725, 3194518, 0, 0, 0, 0.05263157894736842
496, 347, 22, 0.9999998807870725, 3194518, 0, 0, 0, 0.05263157894736842
497, 348, 22, 0.9999998807870725, 3194518, 0, 0, 0, 0.05263157894736842
498, 349, 22, 0.9999998807870725, 3194518, 0, 0, 0, 0.05263157894736842
499, 344, 22, 0.9999998807870725, 3194518, 0, 0, 0, 0.05263157894736842
500, 345, 22, 0.9999998807870725, 3194518, 0, 0, 0, 0.05263157894736842
501, 346, 22, 0.9999998807870725, 3194518, 0, 0, 0, 0.05263157894736842
502, 343, 22, 0.9999998807870725, 3194518, 0, 0, 0, 0.05263157894736842
503, 254, 22, 0.9999998807870725, 3194518, 0, 0, 0, 0.05263157894736842
504, 350, 22, 0.9999998807834345, 3194518, 0, 0, 0, 0.05405405405405406
505, 351, 22, 0.9999998807834345, 3194518, 0, 0, 0, 0.05405405405405406
506, 352, 22, 0.9999998807834345, 3194518, 0, 0, 0, 0.05405405405405406
507, 353, 31, 0.9999999997089617, 2802501, 0, 0, 0, 0.058823529411764705
508, 354, 31, 0.9999999997089617, 2802501, 0, 0, 0, 0.058823529411764705
509, 355, 31, 0.9999999997089617, 2802501, 0, 0, 0, 0.058823529411764705
510, 356, 31, 0.9999999997089617, 2802501, 0, 0, 0, 0.058823529411764705
511, 357, 31, 0.9999999997089617, 2802501, 0, 0, 0, 0.058823529411764705
512, 358, 31, 0.9999999997089617, 2802501, 0, 0, 0, 0.058823529411764705
513, 359, 31, 0.9999999997089617, 2802501, 0, 0, 0, 0.058823529411764705
514, 360, 30, 0.9999999995343387, 2870378, 0, 0, 0, 0.03225806451612903
515, 361, 30, 0.9999999995343387, 2870378, 0, 0, 0, 0.03225806451612903
516, 360, 30, 0.9999999995343387, 2870378, 0, 0, 0, 0.03225806451612903
517, 362, 21, 0.9999997615814209, 3211025, 0, 0, 1, 0.045454545454545456
518, 363, 21, 0.9999997615814209, 3211025, 0, 0, 1, 0.045454545454545456
519, 362, 21, 0.9999997615814209, 3211025, 0, 0, 1, 0.045454545454545456
520, 276, 10, 0.9994807243347168, 3865307, 0, 0, 0, 0.14285714285714285
521, 275, 10, 0.9994807243347168, 3865307, 0, 0, 0, 0.14285714285714285
522, 278, 10, 0.9994807243347168, 3865307, 0, 0, 0, 0.14285714285714285
523, 277, 10, 0.9994807243347168, 3865307, 0, 0, 0, 0.14285714285714285
524, 364, 10, 0.9994807243347168, 3865307, 0, 0, 0, 0.14285714285714285
525, 365, 10, 0.9994807243347168, 3865307, 0, 0, 0, 0.14285714285714285
526, 366, 10, 0.9994807243347168, 3865307, 0, 0, 0, 0.14285714285714285
527, 367, 10, 0.9994807243347168, 3865307, 0, 0, 0, 0.14285714285714285
528, 368, 10, 0.9994807243347168, 3865307, 0, 0, 0, 0.14285714285714285
529, 369, 10, 0.9994807243347168, 3865307, 0, 0, 0, 0.14285714285714285
530, 370, 10, 0.9994807243347168, 3865307, 0, 0, 0, 0.14285714285714285
531, 371, 10, 0.9994807243347168, 3865307, 0, 0, 0, 0.14285714285714285
532, 372, 10, 0.9994807243347168, 3865307, 0, 0, 0, 0.14285714285714285
533, 373, 10, 0.9994807243347168, 3865307, 0, 0, 0, 0.14285714285714285
534, 374, 10, 0.9994807243347168, 3865307, 0, 0, 0, 0.14285714285714285
535, 375, 10, 0.9994807243347168, 3865307, 0, 0, 0, 0.14285714285714285
536, 376, 10, 0.9994807243347168, 3865307, 0, 0, 0, 0.14285714285714285
537, 377, 10, 0.9994807243347168, 3865307, 0, 0, 0, 0.14285714285714285
538, 378, 10, 0.9994807243347168, 3865307, 0, 0, 0, 0.14285714285714285
539, 379, 10, 0.9994807243347168, 3865307, 0, 0, 0, 0.14285714285714285
540, 380, 10, 0.9994807243347168, 3865307, 0, 0, 0, 0.14285714285714285
541, 381, 10, 0.9994807243347168, 3865307, 0, 0, 0, 0.14285714285714285
542, 382, 10, 0.9994807243347168, 3865307, 0, 0, 0, 0.14285714285714285
543, 364, 10, 0.9994807243347168, 3865307, 0, 0, 0, 0.14285714285714285
544, 383, 10, 0.9994807243347168, 3865307, 0, 0, 0, 0.14285714285714285
545, 384, 10, 0.9994807243347168, 3865307, 0, 0, 0, 0.14285714285714285
546, 385, 10, 0.9994807243347168, 3865307, 0, 0, 0, 0.14285714285714285
547, 386, 10, 0.9994807243347168, 3865307, 0, 0, 0, 0.14285714285714285
548, 369, 10, 0.9994807243347168, 3865307, 0, 0, 0, 0.14285714285714285
549, 387, 10, 0.9994807243347168, 3865307, 0, 0, 0, 0.14285714285714285
550, 388, 10, 0.9994807243347168, 3865307, 0, 0, 0, 0.14285714285714285
551, 389, 10, 0.9994807243347168, 3865307, 0, 0, 0, 0.14285714285714285
552, 375, 10, 0.9994807243347168, 3865307, 0, 0, 0, 0.14285714285714285
553, 379, 10, 0.9994807243347168, 3865307, 0, 0, 0, 0.14285714285714285
554, 390, 10, 0.9994807243347168, 3865307, 0, 0, 0, 0.14285714285714285
555, 391, 10, 0.9994807243347168, 3865307, 0, 0, 0, 0.14285714285714285
556, 392, 10, 0.9994807243347168, 3865307, 0, 0, 0, 0.14285714285714285
557, 393, 10, 0.9994807243347168, 3865307, 0, 0, 0, 0.14285714285714285
558, 275, 10, 0.9994807243347168, 3865307, 0, 0, 0, 0.14285714285714285
559, 277, 10, 0.9994807243347168, 3865307, 0, 0, 0, 0.14285714285714285
560, 364, 10, 0.9994807243347168, 3865307, 0, 0, 0, 0.14285714285714285
561, 365, 10, 0.9994807243347168, 3865307, 0, 0, 0, 0.14285714285714285
562, 366, 10, 0.9994807243347168, 3865307, 0, 0, 0, 0.14285714285714285
563, 369, 10, 0.9994807243347168, 3865307, 0, 0, 0, 0.14285714285714285
564, 370, 10, 0.9994807243347168, 3865307, 0, 0, 0, 0.14285714285714285
565, 375, 10, 0.9994807243347168, 3865307, 0, 0, 0, 0.14285714285714285
566, 376, 10, 0.9994807243347168, 3865307, 0, 0, 0, 0.14285714285714285
567, 377, 10, 0.9994807243347168, 3865307, 0, 0, 0, 0.14285714285714285
568, 379, 10, 0.9994807243347168, 3865307, 0, 0, 0, 0.14285714285714285
569, 381, 10, 0.9994807243347168, 3865307, 0, 0, 0, 0.14285714285714285
570, 382, 10, 0.9994807243347168, 3865307, 0, 0, 0, 0.14285714285714285
571, 275, 10, 0.9994807243347168, 3865307, 0, 0, 0, 0.14285714285714285
572, 207, 10, 0.9994807243347168, 3865307, 0, 0, 0, 0.14285714285714285
573, 394, 10, 0.9994807243347168, 3865307, 0, 0, 0, 0.14285714285714285
574, 395, 10, 0.9994807243347168, 3865307, 0, 0, 0, 0.14285714285714285
575, 396, 10, 0.9994807243347168, 3865307, 0, 0, 0, 0.14285714285714285
576, 275, 10, 0.9994807243347168, 3865307, 0, 0, 0, 0.14285714285714285
577, 394, 10, 0.9994807243347168, 3865307, 0, 0, 0, 0.14285714285714285
578, 397, 10, 0.9994807243347168, 3865307, 0, 0, 0, 0.14285714285714285
579, 395, 10, 0.9994807243347168, 3865307, 0, 0, 0, 0.14285714285714285
580, 398, 10, 0.9994807243347168, 3865307, 0, 0, 0, 0.14285714285714285
581, 399, 10, 0.9994807243347168, 3865307, 0, 0, 0, 0.14285714285714285
582, 400, 10, 0.9994807243347168, 3865307, 0, 0, 0, 0.14285714285714285
583, 396, 10, 0.9994807243347168, 3865307, 0, 0, 0, 0.14285714285714285
584, 401, 10, 0.9994807243347168, 3865307, 0, 0, 0, 0.14285714285714285
585, 402, 9, 0.9990196228027344, 3866320, 1, 0, 0, 0.1111111111111111
586, 403, 9, 0.9990196228027344, 3866320, 1, 0, 0, 0.1111111111111111
587, 402, 9, 0.9990196228027344, 3866320, 1, 0, 0, 0.1111111111111111
588, 404, 4, 0.96875, 4049959, 1, 0, 0, 0.2
589, 405, 4, 0.96875, 4049959, 1, 0, 0, 0.2
