0, 0, 41, 0.9999999999999853, 3688173, 0, 0, 0, 0.045454545454545456
1, 1, 3, 0.9974547438491934, 6036088, 0, 1, 0, 0.06363636363636363
2, 2, 39, 0.9999999999999977, 3694339, 0, 0, 0, 0.14545454545454545
3, 3, 41, 0.9999999999999808, 3688173, 0, 0, 0, 0.06363636363636363
4, 4, 41, 0.9999999999999877, 3688173, 0, 0, 0, 0.03636363636363636
5, 5, 109, 1.0, 0, 0, 0, 0, 0.00909090909090909
6, 6, 41, 0.9999999999999968, 3688173, 0, 0, 0, 0.03636363636363636
7, 7, 109, 1.0, 0, 0, 0, 1, 0.00909090909090909
8, 8, 2, 0.953152514704305, 6038347, 0, 1, 0, 0.05454545454545454
9, 9, 97, 1.0, 165224, 0, 0, 0, 0.02727272727272727
10, 10, 41, 0.9999999999999895, 3688173, 0, 0, 0, 0.05454545454545454
11, 11, 109, 1.0, 0, 0, 0, 1, 0.00909090909090909
12, 12, 41, 0.9999999999999415, 3688173, 0, 0, 0, 0.03636363636363636
13, 13, 109, 1.0, 0, 0, 0, 1, 0.00909090909090909
14, 14, 109, 1.0, 0, 0, 0, 1, 0.00909090909090909
15, 15, 109, 1.0, 0, 0, 0, 1, 0.00909090909090909
16, 16, 109, 1.0, 0, 0, 0, 1, 0.00909090909090909
17, 17, 109, 1.0, 0, 0, 0, 1, 0.00909090909090909
18, 18, 109, 1.0, 0, 0, 0, 1, 0.00909090909090909
19, 19, 109, 1.0, 0, 0, 0, 1, 0.00909090909090909
20, 20, 109, 1.0, 0, 0, 0, 1, 0.00909090909090909
21, 21, 109, 1.0, 0, 0, 0, 1, 0.00909090909090909
22, 22, 109, 1.0, 0, 0, 0, 1, 0.00909090909090909
23, 23, 109, 1.0, 0, 0, 0, 1, 0.00909090909090909
24, 24, 109, 1.0, 0, 0, 0, 1, 0.00909090909090909
25, 25, 109, 1.0, 0, 0, 0, 1, 0.00909090909090909
26, 26, 109, 1.0, 0, 0, 0, 1, 0.00909090909090909
27, 27, 109, 1.0, 0, 0, 0, 1, 0.00909090909090909
28, 28, 109, 1.0, 0, 0, 0, 1, 0.00909090909090909
29, 29, 109, 1.0, 0, 0, 0, 1, 0.00909090909090909
30, 30, 109, 1.0, 0, 0, 0, 1, 0.00909090909090909
31, 31, 109, 1.0, 0, 0, 0, 1, 0.00909090909090909
32, 32, 109, 1.0, 0, 0, 0, 1, 0.00909090909090909
33, 33, 109, 1.0, 0, 0, 0, 1, 0.00909090909090909
34, 34, 109, 1.0, 0, 0, 0, 1, 0.00909090909090909
35, 35, 109, 1.0, 0, 0, 0, 1, 0.00909090909090909
36, 36, 109, 1.0, 0, 0, 0, 1, 0.00909090909090909
37, 37, 109, 1.0, 0, 0, 0, 1, 0.00909090909090909
38, 38, 109, 1.0, 0, 0, 0, 1, 0.00909090909090909
39, 39, 109, 1.0, 0, 0, 0, 1, 0.00909090909090909
40, 40, 109, 1.0, 0, 0, 0, 1, 0.00909090909090909
41, 41, 109, 1.0, 0, 0, 0, 1, 0.00909090909090909
42, 42, 109, 1.0, 0, 0, 0, 1, 0.00909090909090909
43, 43, 109, 1.0, 0, 0, 0, 1, 0.00909090909090909
44, 44, 109, 1.0, 0, 0, 0, 1, 0.00909090909090909
45, 45, 109, 1.0, 0, 0, 0, 1, 0.00909090909090909
46, 46, 109, 1.0, 0, 0, 0, 1, 0.00909090909090909
47, 47, 109, 1.0, 0, 0, 0, 1, 0.00909090909090909
48, 48, 109, 1.0, 0, 0, 0, 1, 0.00909090909090909
49, 49, 109, 1.0, 0, 0, 0, 1, 0.00909090909090909
50, 50, 109, 1.0, 0, 0, 0, 1, 0.00909090909090909
51, 51, 109, 1.0, 0, 0, 0, 1, 0.00909090909090909
52, 52, 109, 1.0, 0, 0, 0, 1, 0.00909090909090909
53, 53, 109, 1.0, 0, 0, 0, 1, 0.00909090909090909
54, 54, 109, 1.0, 0, 0, 0, 1, 0.00909090909090909
55, 55, 109, 1.0, 0, 0, 0, 1, 0.00909090909090909
56, 56, 109, 1.0, 0, 0, 0, 1, 0.00909090909090909
57, 57, 109, 1.0, 0, 0, 0, 1, 0.00909090909090909
58, 58, 109, 1.0, 0, 0, 0, 1, 0.00909090909090909
59, 59, 109, 1.0, 0, 0, 0, 1, 0.00909090909090909
60, 60, 109, 1.0, 0, 0, 0, 1, 0.00909090909090909
61, 61, 109, 1.0, 0, 0, 0, 1, 0.00909090909090909
62, 62, 109, 1.0, 0, 0, 0, 1, 0.00909090909090909
63, 63, 109, 1.0, 0, 0, 0, 1, 0.00909090909090909
64, 64, 109, 1.0, 0, 0, 0, 1, 0.00909090909090909
65, 65, 109, 1.0, 0, 0, 0, 1, 0.00909090909090909
66, 66, 109, 1.0, 0, 0, 0, 1, 0.00909090909090909
67, 67, 109, 1.0, 0, 0, 0, 1, 0.00909090909090909
68, 68, 109, 1.0, 0, 0, 0, 1, 0.00909090909090909
69, 69, 109, 1.0, 0, 0, 0, 1, 0.00909090909090909
70, 70, 109, 1.0, 0, 0, 0, 1, 0.00909090909090909
71, 71, 109, 1.0, 0, 0, 0, 1, 0.00909090909090909
72, 72, 109, 1.0, 0, 0, 0, 1, 0.00909090909090909
73, 73, 109, 1.0, 0, 0, 0, 1, 0.00909090909090909
74, 74, 109, 1.0, 0, 0, 0, 1, 0.00909090909090909
75, 75, 109, 1.0, 0, 0, 0, 1, 0.00909090909090909
76, 76, 109, 1.0, 0, 0, 0, 1, 0.00909090909090909
77, 77, 109, 1.0, 0, 0, 0, 1, 0.00909090909090909
78, 78, 109, 1.0, 0, 0, 0, 1, 0.00909090909090909
79, 79, 109, 1.0, 0, 0, 0, 1, 0.00909090909090909
80, 80, 109, 1.0, 0, 0, 0, 1, 0.00909090909090909
81, 81, 109, 1.0, 0, 0, 0, 1, 0.00909090909090909
82, 82, 109, 1.0, 0, 0, 0, 1, 0.00909090909090909
83, 83, 109, 1.0, 0, 0, 0, 1, 0.00909090909090909
84, 84, 109, 1.0, 0, 0, 0, 1, 0.00909090909090909
85, 85, 109, 1.0, 0, 0, 0, 1, 0.00909090909090909
86, 86, 109, 1.0, 0, 0, 0, 1, 0.00909090909090909
87, 87, 109, 1.0, 0, 0, 0, 1, 0.00909090909090909
88, 88, 109, 1.0, 0, 0, 0, 1, 0.00909090909090909
89, 89, 109, 1.0, 0, 0, 0, 1, 0.00909090909090909
90, 90, 109, 1.0, 0, 0, 0, 1, 0.00909090909090909
91, 91, 109, 1.0, 0, 0, 0, 1, 0.00909090909090909
92, 92, 109, 1.0, 0, 0, 0, 1, 0.00909090909090909
93, 93, 109, 1.0, 0, 0, 0, 1, 0.00909090909090909
94, 94, 109, 1.0, 0, 0, 0, 1, 0.00909090909090909
95, 95, 109, 1.0, 0, 0, 0, 1, 0.00909090909090909
96, 96, 109, 1.0, 0, 0, 0, 1, 0.00909090909090909
97, 97, 109, 1.0, 0, 0, 0, 1, 0.00909090909090909
98, 98, 109, 1.0, 0, 0, 0, 1, 0.00909090909090909
99, 99, 109, 1.0, 0, 0, 0, 1, 0.00909090909090909
100, 100, 109, 1.0, 0, 0, 0, 1, 0.00909090909090909
101, 101, 109, 1.0, 0, 0, 0, 1, 0.00909090909090909
102, 102, 109, 1.0, 0, 0, 0, 1, 0.00909090909090909
103, 103, 109, 1.0, 0, 0, 0, 1, 0.00909090909090909
104, 104, 109, 1.0, 0, 0, 0, 1, 0.00909090909090909
105, 105, 109, 1.0, 0, 0, 0, 1, 0.00909090909090909
106, 106, 99, 1.0, 163457, 0, 0, 1, 0.01818181818181818
107, 107, 109, 1.0, 0, 0, 0, 1, 0.00909090909090909
108, 108, 99, 1.0, 163457, 0, 0, 1, 0.01818181818181818
109, 106, 99, 1.0, 163457, 0, 0, 1, 0.01818181818181818
110, 109, 82, 1.0, 388805, 0, 0, 0, 0.02727272727272727
111, 110, 99, 1.0, 163457, 0, 0, 1, 0.01818181818181818
112, 111, 109, 1.0, 0, 0, 0, 1, 0.00909090909090909
113, 112, 99, 1.0, 163457, 0, 0, 1, 0.01818181818181818
114, 113, 109, 1.0, 0, 0, 0, 1, 0.00909090909090909
115, 114, 109, 1.0, 0, 0, 0, 1, 0.00909090909090909
116, 115, 109, 1.0, 0, 0, 0, 1, 0.00909090909090909
117, 116, 109, 1.0, 0, 0, 0, 1, 0.00909090909090909
118, 117, 109, 1.0, 0, 0, 0, 1, 0.00909090909090909
119, 118, 109, 1.0, 0, 0, 0, 1, 0.00909090909090909
120, 119, 109, 1.0, 0, 0, 0, 0, 0.00909090909090909
121, 120, 109, 1.0, 0, 0, 0, 1, 0.00909090909090909
122, 121, 109, 1.0, 0, 0, 0, 1, 0.00909090909090909
123, 122, 109, 1.0, 0, 0, 0, 1, 0.00909090909090909
124, 123, 109, 1.0, 0, 0, 0, 1, 0.00909090909090909
125, 124, 109, 1.0, 0, 0, 0, 1, 0.00909090909090909
126, 125, 109, 1.0, 0, 0, 0, 1, 0.00909090909090909
127, 126, 109, 1.0, 0, 0, 0, 1, 0.00909090909090909
128, 127, 109, 1.0, 0, 0, 0, 1, 0.00909090909090909
129, 128, 3, 0.9905720380979164, 6036088, 0, 1, 0, 0.05454545454545454
130, 129, 3, 0.9977941113359787, 6036088, 0, 1, 0, 0.03636363636363636
131, 130, 41, 0.9999999999999964, 3688173, 0, 0, 0, 0.045454545454545456
132, 131, 3, 0.9974999928474426, 6036088, 0, 1, 0, 0.03636363636363636
133, 132, 109, 1.0, 0, 0, 0, 0, 0.00909090909090909
134, 133, 3, 0.9973591473740591, 6036088, 0, 1, 0, 0.03636363636363636
135, 134, 109, 1.0, 0, 0, 0, 1, 0.00909090909090909
136, 135, 109, 1.0, 0, 0, 0, 1, 0.00909090909090909
137, 136, 109, 1.0, 0, 0, 0, 1, 0.00909090909090909
138, 137, 109, 1.0, 0, 0, 0, 1, 0.00909090909090909
139, 138, 3, 0.9984933465397159, 6036088, 0, 1, 0, 0.1
140, 139, 98, 1.0, 164330, 0, 0, 1, 0.02727272727272727
141, 140, 3, 0.9986758436691963, 6036088, 0, 1, 0, 0.05454545454545454
142, 141, 86, 1.0, 383432, 0, 0, 0, 0.01818181818181818
143, 142, 96, 1.0, 257542, 0, 0, 1, 0.045454545454545456
144, 143, 109, 1.0, 0, 0, 0, 1, 0.00909090909090909
145, 144, 75, 1.0, 2243148, 0, 0, 0, 0.05454545454545454
146, 145, 109, 1.0, 0, 0, 0, 1, 0.00909090909090909
147, 146, 3, 0.9990643685806297, 6036088, 0, 1, 0, 0.06363636363636363
148, 147, 3, 0.996323518893298, 6036088, 0, 1, 0, 0.045454545454545456
149, 148, 109, 1.0, 0, 0, 0, 1, 0.00909090909090909
150, 149, 109, 1.0, 0, 0, 0, 1, 0.00909090909090909
151, 150, 109, 1.0, 0, 0, 0, 1, 0.00909090909090909
152, 151, 98, 1.0, 164330, 0, 0, 1, 0.01818181818181818
153, 152, 98, 1.0, 164330, 0, 0, 1, 0.02727272727272727
154, 153, 98, 1.0, 164330, 0, 0, 1, 0.01818181818181818
155, 154, 109, 1.0, 0, 0, 0, 1, 0.00909090909090909
156, 155, 109, 1.0, 0, 0, 0, 1, 0.00909090909090909
157, 156, 109, 1.0, 0, 0, 0, 1, 0.00909090909090909
158, 157, 109, 1.0, 0, 0, 0, 1, 0.00909090909090909
159, 158, 109, 1.0, 0, 0, 0, 1, 0.00909090909090909
160, 159, 109, 1.0, 0, 0, 0, 1, 0.00909090909090909
161, 160, 109, 1.0, 0, 0, 0, 1, 0.00909090909090909
162, 161, 109, 1.0, 0, 0, 0, 1, 0.00909090909090909
163, 162, 109, 1.0, 0, 0, 0, 1, 0.00909090909090909
164, 163, 109, 1.0, 0, 0, 0, 1, 0.00909090909090909
165, 164, 109, 1.0, 0, 0, 0, 1, 0.00909090909090909
166, 165, 109, 1.0, 0, 0, 0, 1, 0.00909090909090909
167, 166, 109, 1.0, 0, 0, 0, 1, 0.00909090909090909
168, 167, 109, 1.0, 0, 0, 0, 0, 0.00909090909090909
169, 168, 41, 0.9999999999999944, 3688173, 0, 0, 0, 0.03636363636363636
170, 169, 43, 0.9999999999999432, 3541534, 0, 0, 1, 0.01818181818181818
171, 170, 43, 0.9999999999999432, 3541534, 0, 0, 1, 0.01818181818181818
172, 171, 41, 0.9999999999999925, 3688173, 0, 0, 0, 0.05454545454545454
173, 172, 41, 0.9999999999999918, 3688173, 0, 0, 0, 0.05454545454545454
174, 173, 41, 0.9999999999999982, 3688173, 0, 0, 0, 0.03636363636363636
175, 174, 41, 0.9999999999999974, 3688173, 0, 0, 0, 0.03636363636363636
176, 175, 3, 0.9965908993374217, 6036088, 0, 1, 0, 0.03636363636363636
177, 176, 109, 1.0, 0, 0, 0, 0, 0.00909090909090909
178, 129, 3, 0.9974775712586305, 6036088, 0, 1, 0, 0.03636363636363636
179, 131, 3, 0.9970854838895057, 6036088, 0, 1, 0, 0.03636363636363636
180, 132, 109, 1.0, 0, 0, 0, 0, 0.00909090909090909
181, 133, 3, 0.9968922563020696, 6036088, 0, 1, 0, 0.03636363636363636
182, 177, 100, 1.0, 162610, 0, 0, 1, 0.01818181818181818
183, 178, 39, 0.9999999999998496, 3694339, 0, 0, 0, 0.07272727272727272
184, 179, 3, 0.9906332794013062, 6036088, 0, 1, 0, 0.06363636363636363
185, 180, 3, 0.986988420694324, 6036088, 0, 1, 0, 0.03636363636363636
186, 181, 3, 0.9999466809852344, 6036088, 0, 1, 0, 0.06363636363636363
187, 182, 39, 0.9999999999998427, 3694339, 0, 0, 0, 0.06363636363636363
188, 183, 39, 0.9999999999998623, 3694339, 0, 0, 0, 0.07272727272727272
189, 184, 2, 0.9966449142594737, 6038347, 0, 1, 0, 0.07272727272727272
190, 185, 41, 0.9999999999997405, 3688173, 0, 0, 0, 0.045454545454545456
191, 186, 2, 0.9965846127971436, 6038347, 0, 1, 0, 0.07272727272727272
192, 187, 41, 0.9999999999998154, 3688173, 0, 0, 0, 0.045454545454545456
193, 188, 10, 0.9995117187497494, 5922327, 0, 0, 1, 0.05454545454545454
194, 189, 41, 0.9999999999997957, 3688173, 0, 0, 0, 0.045454545454545456
195, 190, 41, 0.999999999999813, 3688173, 0, 0, 0, 0.045454545454545456
196, 191, 41, 0.9999999999997528, 3688173, 0, 0, 0, 0.045454545454545456
197, 192, 43, 0.9999999999999432, 3541534, 0, 0, 1, 0.01818181818181818
198, 173, 41, 0.9999999999999979, 3688173, 0, 0, 0, 0.03636363636363636
199, 193, 109, 1.0, 0, 0, 0, 1, 0.00909090909090909
200, 194, 44, 0.9999999999999999, 3411722, 0, 0, 0, 0.02727272727272727
201, 195, 109, 1.0, 0, 0, 0, 1, 0.00909090909090909
202, 196, 41, 0.9999999999999827, 3688173, 0, 0, 0, 0.05454545454545454
203, 197, 3, 0.9957464563247723, 6036088, 0, 1, 0, 0.08181818181818182
204, 198, 43, 0.999999999999943, 3541534, 0, 0, 1, 0.02727272727272727
205, 199, 43, 0.9999999999999432, 3541534, 0, 0, 1, 0.01818181818181818
206, 200, 43, 0.9999999999999432, 3541534, 0, 0, 1, 0.01818181818181818
207, 201, 41, 0.9999999999999933, 3688173, 0, 0, 0, 0.05454545454545454
208, 202, 41, 0.9999999999999787, 3688173, 0, 0, 0, 0.06363636363636363
209, 203, 41, 0.9999999999999878, 3688173, 0, 0, 0, 0.03636363636363636
210, 204, 109, 1.0, 0, 0, 0, 1, 0.00909090909090909
211, 205, 109, 1.0, 0, 0, 0, 1, 0.00909090909090909
212, 206, 109, 1.0, 0, 0, 0, 1, 0.00909090909090909
213, 207, 41, 0.9999999999999959, 3688173, 0, 0, 0, 0.045454545454545456
214, 208, 109, 1.0, 0, 0, 0, 1, 0.00909090909090909
215, 209, 41, 0.999999999999982, 3688173, 0, 0, 0, 0.05454545454545454
216, 210, 41, 0.9999999999999971, 3688173, 0, 0, 0, 0.03636363636363636
217, 211, 109, 1.0, 0, 0, 0, 1, 0.00909090909090909
218, 212, 109, 1.0, 0, 0, 0, 1, 0.00909090909090909
219, 213, 109, 1.0, 0, 0, 0, 1, 0.00909090909090909
220, 214, 109, 1.0, 0, 0, 0, 1, 0.00909090909090909
221, 215, 109, 1.0, 0, 0, 0, 1, 0.00909090909090909
222, 216, 109, 1.0, 0, 0, 0, 1, 0.00909090909090909
223, 217, 109, 1.0, 0, 0, 0, 1, 0.00909090909090909
224, 120, 8, 0.998046875, 5923405, 1, 0, 1, 0.01818181818181818
225, 121, 8, 0.998046875, 5923405, 1, 0, 1, 0.01818181818181818
226, 122, 8, 0.998046875, 5923405, 1, 0, 1, 0.01818181818181818
227, 123, 8, 0.998046875, 5923405, 1, 0, 1, 0.01818181818181818
228, 124, 8, 0.998046875, 5923405, 1, 0, 1, 0.01818181818181818
229, 125, 8, 0.998046875, 5923405, 1, 0, 1, 0.01818181818181818
230, 126, 8, 0.998046875, 5923405, 1, 0, 1, 0.01818181818181818
231, 120, 3, 0.994203821933771, 6036088, 1, 1, 1, 0.045454545454545456
232, 121, 3, 0.9953029647106078, 6036088, 1, 1, 1, 0.045454545454545456
233, 122, 3, 0.9953029647106078, 6036088, 1, 1, 1, 0.045454545454545456
234, 123, 3, 0.9952483595307193, 6036088, 1, 1, 1, 0.045454545454545456
235, 124, 3, 0.9953029647106078, 6036088, 1, 1, 1, 0.045454545454545456
236, 125, 3, 0.9961655987146307, 6036088, 1, 1, 1, 0.045454545454545456
237, 126, 3, 0.9954060223740591, 6036088, 1, 1, 1, 0.045454545454545456
238, 218, 2, 0.9861611063166182, 6038347, 1, 1, 1, 0.045454545454545456
239, 219, 2, 0.9774086312071918, 6038347, 1, 1, 1, 0.045454545454545456
240, 220, 3, 0.9968526040672298, 6036088, 1, 1, 1, 0.07272727272727272
241, 221, 3, 0.9968725501370881, 6036088, 1, 1, 1, 0.07272727272727272
242, 222, 8, 0.998046875, 5923405, 1, 0, 1, 0.01818181818181818
243, 223, 8, 0.998046875, 5923405, 1, 0, 1, 0.01818181818181818
244, 224, 8, 0.998046875, 5923405, 1, 0, 1, 0.01818181818181818
245, 225, 8, 0.998046875, 5923405, 1, 0, 1, 0.01818181818181818
246, 120, 8, 0.998046875, 5923405, 1, 0, 1, 0.01818181818181818
247, 121, 8, 0.998046875, 5923405, 1, 0, 1, 0.01818181818181818
248, 122, 8, 0.998046875, 5923405, 1, 0, 1, 0.01818181818181818
249, 123, 8, 0.998046875, 5923405, 1, 0, 1, 0.01818181818181818
250, 124, 8, 0.998046875, 5923405, 1, 0, 1, 0.01818181818181818
251, 125, 8, 0.998046875, 5923405, 1, 0, 1, 0.01818181818181818
252, 126, 8, 0.998046875, 5923405, 1, 0, 1, 0.01818181818181818
253, 226, 109, 1.0, 0, 0, 0, 0, 0.00909090909090909
254, 227, 109, 1.0, 0, 0, 0, 0, 0.00909090909090909
255, 228, 109, 1.0, 0, 0, 0, 0, 0.00909090909090909
256, 229, 109, 1.0, 0, 0, 0, 0, 0.00909090909090909
257, 230, 109, 1.0, 0, 0, 0, 0, 0.00909090909090909
258, 231, 109, 1.0, 0, 0, 0, 0, 0.00909090909090909
259, 232, 109, 1.0, 0, 0, 0, 0, 0.00909090909090909
260, 233, 109, 1.0, 0, 0, 0, 0, 0.00909090909090909
261, 234, 109, 1.0, 0, 0, 0, 0, 0.00909090909090909
262, 235, 109, 1.0, 0, 0, 0, 0, 0.00909090909090909
263, 236, 109, 1.0, 0, 0, 0, 0, 0.00909090909090909
264, 237, 109, 1.0, 0, 0, 0, 0, 0.00909090909090909
265, 226, 109, 1.0, 0, 0, 0, 0, 0.00909090909090909
266, 227, 109, 1.0, 0, 0, 0, 0, 0.00909090909090909
267, 228, 109, 1.0, 0, 0, 0, 0, 0.00909090909090909
268, 229, 109, 1.0, 0, 0, 0, 0, 0.00909090909090909
269, 230, 109, 1.0, 0, 0, 0, 0, 0.00909090909090909
270, 231, 109, 1.0, 0, 0, 0, 0, 0.00909090909090909
271, 232, 109, 1.0, 0, 0, 0, 0, 0.00909090909090909
272, 233, 109, 1.0, 0, 0, 0, 0, 0.00909090909090909
273, 234, 109, 1.0, 0, 0, 0, 0, 0.00909090909090909
274, 235, 109, 1.0, 0, 0, 0, 0, 0.00909090909090909
275, 236, 109, 1.0, 0, 0, 0, 0, 0.00909090909090909
276, 237, 109, 1.0, 0, 0, 0, 0, 0.00909090909090909
277, 238, 109, 1.0, 0, 0, 0, 1, 0.00909090909090909
278, 239, 3, 0.9980107300992702, 6036088, 0, 1, 0, 0.07272727272727272
279, 240, 41, 0.9999999999999976, 3688173, 0, 0, 0, 0.045454545454545456
280, 238, 109, 1.0, 0, 0, 0, 1, 0.00909090909090909
281, 241, 109, 1.0, 0, 0, 0, 0, 0.00909090909090909
282, 242, 3, 0.9952651379686414, 6036088, 0, 1, 0, 0.03636363636363636
283, 239, 3, 0.9994324164297645, 6036088, 0, 1, 0, 0.11818181818181818
284, 243, 41, 0.9999999999999978, 3688173, 0, 0, 0, 0.06363636363636363
285, 238, 109, 1.0, 0, 0, 0, 1, 0.00909090909090909
286, 239, 3, 0.9989446498886823, 6036088, 0, 1, 0, 0.06363636363636363
287, 244, 109, 1.0, 0, 0, 0, 1, 0.00909090909090909
288, 245, 109, 1.0, 0, 0, 0, 1, 0.00909090909090909
289, 246, 109, 1.0, 0, 0, 0, 1, 0.00909090909090909
290, 247, 101, 1.0, 160854, 0, 0, 1, 0.01818181818181818
291, 248, 109, 1.0, 0, 0, 0, 1, 0.00909090909090909
292, 249, 109, 1.0, 0, 0, 0, 1, 0.00909090909090909
293, 250, 41, 0.9999999999999987, 3688173, 0, 0, 0, 0.10909090909090909
294, 251, 109, 1.0, 0, 0, 0, 1, 0.00909090909090909
295, 252, 109, 1.0, 0, 0, 0, 0, 0.00909090909090909
296, 253, 109, 1.0, 0, 0, 0, 0, 0.00909090909090909
297, 254, 2, 0.9333667511635597, 6038347, 0, 1, 0, 0.06363636363636363
298, 255, 2, 0.985233250338512, 6038347, 0, 1, 0, 0.03636363636363636
299, 256, 109, 1.0, 0, 0, 0, 0, 0.00909090909090909
300, 257, 109, 1.0, 0, 0, 0, 0, 0.00909090909090909
301, 258, 109, 1.0, 0, 0, 0, 0, 0.00909090909090909
302, 259, 3, 0.9956597098045878, 6036088, 0, 1, 0, 0.03636363636363636
303, 260, 3, 0.9962797512610753, 6036088, 0, 1, 0, 0.03636363636363636
304, 261, 109, 1.0, 0, 0, 0, 0, 0.00909090909090909
305, 262, 109, 1.0, 0, 0, 0, 0, 0.00909090909090909
306, 263, 3, 0.9966397753325807, 6036088, 0, 1, 0, 0.06363636363636363
307, 264, 27, 0.9999999999935636, 5901794, 0, 0, 1, 0.07272727272727272
308, 265, 41, 0.9999999999999678, 3688173, 0, 0, 0, 0.045454545454545456
309, 266, 41, 0.9999999999999984, 3688173, 0, 0, 0, 0.03636363636363636
310, 267, 3, 0.9961099473767261, 6036088, 0, 1, 0, 0.03636363636363636
311, 268, 41, 0.999999999999996, 3688173, 0, 0, 0, 0.03636363636363636
312, 269, 3, 0.9975097477256194, 6036088, 0, 1, 0, 0.09090909090909091
313, 270, 41, 0.9999999999999569, 3688173, 0, 0, 0, 0.045454545454545456
314, 271, 2, 0.9989195411668848, 6038347, 0, 1, 0, 0.07272727272727272
315, 272, 41, 0.9999999999999984, 3688173, 0, 0, 0, 0.045454545454545456
316, 273, 109, 1.0, 0, 0, 0, 1, 0.00909090909090909
317, 274, 109, 1.0, 0, 0, 0, 1, 0.00909090909090909
318, 275, 109, 1.0, 0, 0, 0, 1, 0.00909090909090909
319, 276, 3, 0.9995663056211832, 6036088, 0, 1, 0, 0.03636363636363636
320, 277, 69, 1.0, 2497179, 0, 0, 0, 0.01818181818181818
321, 278, 109, 1.0, 0, 0, 0, 1, 0.00909090909090909
322, 279, 41, 0.9999999999998522, 3688173, 0, 0, 0, 0.03636363636363636
323, 280, 41, 0.9999999999998498, 3688173, 0, 0, 0, 0.03636363636363636
324, 281, 41, 0.9999999999999873, 3688173, 0, 0, 0, 0.03636363636363636
325, 282, 41, 0.9999999999999966, 3688173, 0, 0, 0, 0.03636363636363636
326, 283, 41, 0.9999999999999971, 3688173, 0, 0, 1, 0.045454545454545456
327, 284, 39, 0.9999999999999825, 3694339, 0, 0, 0, 0.045454545454545456
328, 285, 39, 0.9999999999998896, 3694339, 0, 0, 0, 0.05454545454545454
329, 286, 22, 0.9999998807907104, 5918448, 0, 0, 1, 0.02727272727272727
330, 287, 109, 1.0, 0, 0, 0, 0, 0.00909090909090909
331, 226, 109, 1.0, 0, 0, 0, 0, 0.00909090909090909
332, 227, 41, 0.9999999999999938, 3688173, 0, 0, 0, 0.03636363636363636
333, 228, 109, 1.0, 0, 0, 0, 0, 0.00909090909090909
334, 229, 41, 0.9999999999999938, 3688173, 0, 0, 0, 0.03636363636363636
335, 230, 109, 1.0, 0, 0, 0, 0, 0.00909090909090909
336, 231, 41, 0.9999999999999938, 3688173, 0, 0, 0, 0.03636363636363636
337, 232, 109, 1.0, 0, 0, 0, 0, 0.00909090909090909
338, 233, 41, 0.9999999999999938, 3688173, 0, 0, 0, 0.03636363636363636
339, 234, 41, 0.9999999999999931, 3688173, 0, 0, 0, 0.03636363636363636
340, 235, 109, 1.0, 0, 0, 0, 0, 0.00909090909090909
341, 236, 41, 0.9999999999999938, 3688173, 0, 0, 0, 0.03636363636363636
342, 237, 109, 1.0, 0, 0, 0, 0, 0.00909090909090909
343, 288, 101, 1.0, 160854, 0, 0, 1, 0.00980392156862745
344, 288, 101, 1.0, 160854, 0, 0, 1, 0.00980392156862745
345, 288, 101, 1.0, 160854, 0, 0, 1, 0.00980392156862745
346, 289, 101, 1.0, 160854, 0, 0, 1, 0.00980392156862745
347, 290, 100, 1.0, 162610, 0, 0, 1, 0.009900990099009901
348, 291, 100, 1.0, 162610, 0, 0, 1, 0.009900990099009901
349, 292, 3, 0.9989122702116139, 6036088, 0, 1, 0, 0.10891089108910891
350, 293, 3, 0.9987338057188159, 6036088, 0, 1, 0, 0.09900990099009901
351, 294, 3, 0.9977776213375683, 6036088, 0, 1, 0, 0.10891089108910891
352, 295, 2, 0.9969204421709477, 6038347, 0, 1, 0, 0.10891089108910891
353, 296, 96, 1.0, 257542, 0, 0, 1, 0.010309278350515464
354, 106, 3, 0.9903604477140429, 6036088, 0, 1, 0, 0.1134020618556701
355, 107, 77, 1.0, 2226188, 0, 0, 0, 0.020618556701030927
356, 108, 41, 0.9999999999999922, 3688173, 0, 0, 0, 0.061855670103092786
357, 106, 4, 0.9932600794364026, 5925351, 0, 1, 0, 0.10309278350515463
358, 109, 4, 0.9946676546807363, 5925351, 0, 1, 0, 0.07216494845360824
359, 110, 3, 0.9771967285867222, 6036088, 0, 1, 0, 0.1134020618556701
360, 111, 3, 0.9961734584399632, 6036088, 0, 1, 0, 0.041237113402061855
361, 112, 4, 0.9960161044342003, 5925351, 0, 1, 0, 0.041237113402061855
362, 113, 3, 0.9683252635991776, 6036088, 1, 1, 1, 0.08247422680412371
363, 114, 3, 0.9684237531993682, 6036088, 1, 1, 1, 0.09278350515463918
364, 115, 94, 1.0, 259747, 0, 0, 0, 0.020618556701030927
365, 116, 96, 1.0, 257542, 0, 0, 0, 0.010309278350515464
366, 117, 41, 0.999999999999997, 3688173, 0, 0, 0, 0.041237113402061855
367, 118, 96, 1.0, 257542, 0, 0, 0, 0.010309278350515464
368, 297, 3, 0.9974361639228656, 6036088, 0, 1, 0, 0.07216494845360824
369, 13, 41, 0.9999999999999925, 3688173, 0, 0, 0, 0.0625
370, 14, 53, 1.0, 3179688, 0, 0, 0, 0.03125
371, 15, 69, 1.0, 2497179, 0, 0, 0, 0.020833333333333332
372, 16, 3, 0.9969924462432417, 6036088, 0, 1, 0, 0.0625
373, 17, 3, 0.9887257317447906, 6036088, 0, 1, 0, 0.0625
374, 18, 3, 0.9981677472008944, 6036088, 0, 1, 0, 0.052083333333333336
375, 19, 3, 0.9969388992920827, 6036088, 0, 1, 0, 0.0625
376, 20, 3, 0.9567885337946171, 6036088, 0, 1, 0, 0.052083333333333336
377, 21, 3, 0.9568482255013071, 6036088, 0, 1, 0, 0.052083333333333336
378, 22, 3, 0.9984504087897372, 6036088, 0, 1, 0, 0.052083333333333336
379, 23, 3, 0.9985158268883234, 6036088, 0, 1, 0, 0.052083333333333336
380, 24, 3, 0.9972345053622154, 6036088, 0, 1, 0, 0.052083333333333336
381, 25, 3, 0.9981508822836114, 6036088, 0, 1, 0, 0.052083333333333336
382, 26, 3, 0.998273475723372, 6036088, 0, 1, 0, 0.052083333333333336
383, 27, 3, 0.9984504087897372, 6036088, 0, 1, 0, 0.052083333333333336
384, 28, 3, 0.9970478639889633, 6036088, 0, 1, 0, 0.08333333333333333
385, 29, 3, 0.9971330193204617, 6036088, 0, 1, 0, 0.052083333333333336
386, 30, 3, 0.9986246904417472, 6036088, 0, 1, 0, 0.052083333333333336
387, 31, 3, 0.9975706644277269, 6036088, 0, 1, 0, 0.052083333333333336
388, 32, 3, 0.9975706644277269, 6036088, 0, 1, 0, 0.052083333333333336
389, 33, 3, 0.9984756053947821, 6036088, 0, 1, 0, 0.052083333333333336
390, 34, 3, 0.9973859240800256, 6036088, 0, 1, 0, 0.052083333333333336
391, 35, 3, 0.9973039138550852, 6036088, 0, 1, 0, 0.052083333333333336
392, 36, 3, 0.9964519549144928, 6036088, 0, 1, 0, 0.052083333333333336
393, 37, 3, 0.9971234227324131, 6036088, 0, 1, 0, 0.052083333333333336
394, 38, 3, 0.9969713569737741, 6036088, 0, 1, 0, 0.052083333333333336
395, 39, 3, 0.9970238010088602, 6036088, 0, 1, 0, 0.052083333333333336
396, 40, 3, 0.9963888785574171, 6036088, 0, 1, 0, 0.052083333333333336
397, 41, 3, 0.9969170315383261, 6036088, 0, 1, 0, 0.052083333333333336
398, 42, 3, 0.9972165912269098, 6036088, 0, 1, 0, 0.052083333333333336
399, 43, 3, 0.9969713569737741, 6036088, 0, 1, 0, 0.052083333333333336
400, 44, 3, 0.9969170315383261, 6036088, 0, 1, 0, 0.052083333333333336
401, 45, 3, 0.9983108059780018, 6036088, 0, 1, 0, 0.052083333333333336
402, 46, 3, 0.998300599367597, 6036088, 0, 1, 0, 0.052083333333333336
403, 47, 66, 1.0, 2587477, 0, 0, 0, 0.020833333333333332
404, 48, 66, 1.0, 2587477, 0, 0, 0, 0.020833333333333332
405, 49, 66, 1.0, 2587477, 0, 0, 0, 0.020833333333333332
406, 50, 66, 1.0, 2587477, 0, 0, 0, 0.020833333333333332
407, 51, 3, 0.9831882882581674, 6036088, 0, 1, 0, 0.0625
408, 52, 3, 0.9887257317447906, 6036088, 0, 1, 0, 0.0625
409, 53, 41, 0.9999999999999902, 3688173, 0, 0, 0, 0.052083333333333336
410, 54, 3, 0.9982028702577463, 6036088, 0, 1, 0, 0.052083333333333336
411, 55, 66, 1.0, 2587477, 0, 0, 0, 0.020833333333333332
412, 56, 3, 0.9977409573922674, 6036088, 0, 1, 0, 0.052083333333333336
413, 57, 3, 0.9973341155956141, 6036088, 0, 1, 0, 0.052083333333333336
414, 58, 3, 0.997751790642377, 6036088, 0, 1, 0, 0.0625
415, 59, 3, 0.993967304452818, 6036088, 0, 1, 0, 0.07291666666666667
416, 60, 3, 0.994709790058625, 6036088, 0, 1, 0, 0.07291666666666667
417, 61, 66, 1.0, 2587477, 0, 0, 0, 0.020833333333333332
418, 62, 53, 1.0, 3179688, 0, 0, 0, 0.03125
419, 63, 3, 0.9940370465978722, 6036088, 0, 1, 0, 0.07291666666666667
420, 64, 53, 1.0, 3179688, 0, 0, 0, 0.03125
421, 65, 53, 1.0, 3179688, 0, 0, 0, 0.03125
422, 66, 53, 1.0, 3179688, 0, 0, 0, 0.03125
423, 67, 53, 1.0, 3179688, 0, 0, 0, 0.03125
424, 68, 53, 1.0, 3179688, 0, 0, 0, 0.03125
425, 69, 53, 1.0, 3179688, 0, 0, 0, 0.03125
426, 70, 53, 1.0, 3179688, 0, 0, 0, 0.03125
427, 71, 53, 1.0, 3179688, 0, 0, 0, 0.03125
428, 72, 3, 0.9929823745675638, 6036088, 0, 1, 0, 0.07291666666666667
429, 73, 53, 1.0, 3179688, 0, 0, 0, 0.03125
430, 74, 53, 1.0, 3179688, 0, 0, 0, 0.03125
431, 75, 53, 1.0, 3179688, 0, 0, 0, 0.03125
432, 76, 53, 1.0, 3179688, 0, 0, 0, 0.03125
433, 77, 53, 1.0, 3179688, 0, 0, 0, 0.03125
434, 78, 53, 1.0, 3179688, 0, 0, 0, 0.03125
435, 79, 53, 1.0, 3179688, 0, 0, 0, 0.03125
436, 80, 53, 1.0, 3179688, 0, 0, 0, 0.03125
437, 81, 53, 1.0, 3179688, 0, 0, 0, 0.03125
438, 82, 53, 1.0, 3179688, 0, 0, 0, 0.03125
439, 83, 53, 1.0, 3179688, 0, 0, 0, 0.03125
440, 84, 53, 1.0, 3179688, 0, 0, 0, 0.03125
441, 85, 53, 1.0, 3179688, 0, 0, 0, 0.03125
442, 86, 53, 1.0, 3179688, 0, 0, 0, 0.03125
443, 87, 53, 1.0, 3179688, 0, 0, 0, 0.03125
444, 88, 53, 1.0, 3179688, 0, 0, 0, 0.03125
445, 89, 53, 1.0, 3179688, 0, 0, 0, 0.03125
446, 90, 53, 1.0, 3179688, 0, 0, 0, 0.03125
447, 91, 53, 1.0, 3179688, 0, 0, 0, 0.03125
448, 92, 53, 1.0, 3179688, 0, 0, 0, 0.03125
449, 93, 53, 1.0, 3179688, 0, 0, 0, 0.03125
450, 94, 3, 0.9955342383611769, 6036088, 0, 1, 0, 0.07291666666666667
451, 95, 3, 0.994709790058625, 6036088, 0, 1, 0, 0.07291666666666667
452, 96, 53, 1.0, 3179688, 0, 0, 0, 0.03125
453, 97, 53, 1.0, 3179688, 0, 0, 0, 0.03125
454, 98, 53, 1.0, 3179688, 0, 0, 0, 0.03125
455, 99, 53, 1.0, 3179688, 0, 0, 0, 0.03125
456, 100, 53, 1.0, 3179688, 0, 0, 0, 0.03125
457, 101, 53, 1.0, 3179688, 0, 0, 0, 0.03125
458, 102, 3, 0.9972343406472705, 6036088, 0, 1, 0, 0.052083333333333336
459, 103, 3, 0.9958900759419597, 6036088, 0, 1, 0, 0.07291666666666667
460, 104, 66, 1.0, 2587477, 0, 0, 1, 0.020833333333333332
461, 298, 95, 1.0, 258967, 0, 0, 0, 0.010416666666666666
462, 105, 41, 0.999999999999988, 3688173, 0, 0, 0, 0.041666666666666664
463, 299, 94, 1.0, 259747, 0, 0, 1, 0.010526315789473684
464, 300, 41, 0.999999999999988, 3688173, 0, 0, 0, 0.05319148936170213
465, 301, 92, 1.0, 260584, 0, 0, 1, 0.010752688172043012
466, 302, 92, 1.0, 260584, 0, 0, 1, 0.010752688172043012
467, 303, 92, 1.0, 260584, 0, 0, 1, 0.010752688172043012
468, 303, 92, 1.0, 260584, 0, 0, 1, 0.010752688172043012
469, 303, 92, 1.0, 260584, 0, 0, 1, 0.010752688172043012
470, 304, 92, 1.0, 260584, 0, 0, 1, 0.010752688172043012
471, 305, 69, 1.0, 2497179, 0, 0, 1, 0.021739130434782608
472, 306, 69, 1.0, 2497179, 0, 0, 1, 0.021739130434782608
473, 307, 69, 1.0, 2497179, 0, 0, 1, 0.03260869565217391
474, 307, 91, 1.0, 260622, 0, 0, 1, 0.010869565217391304
475, 307, 91, 1.0, 260622, 0, 0, 1, 0.010869565217391304
476, 308, 91, 1.0, 260622, 0, 0, 1, 0.010869565217391304
477, 296, 76, 1.0, 2226770, 0, 0, 1, 0.0449438202247191
478, 309, 77, 1.0, 2226188, 0, 0, 1, 0.02247191011235955
479, 157, 88, 1.0, 329168, 0, 0, 1, 0.011235955056179775
480, 310, 69, 1.0, 2497179, 0, 0, 0, 0.034482758620689655
481, 311, 86, 1.0, 383432, 0, 0, 1, 0.011494252873563218
482, 120, 41, 0.9999999999999933, 3688173, 0, 0, 0, 0.08045977011494253
483, 121, 41, 0.9999999999999925, 3688173, 0, 0, 0, 0.05747126436781609
484, 122, 41, 0.9999999999999925, 3688173, 0, 0, 0, 0.05747126436781609
485, 123, 41, 0.9999999999999925, 3688173, 0, 0, 0, 0.05747126436781609
486, 124, 41, 0.9999999999999925, 3688173, 0, 0, 0, 0.05747126436781609
487, 125, 41, 0.9999999999999828, 3688173, 0, 0, 0, 0.05747126436781609
488, 126, 41, 0.9999999999999927, 3688173, 0, 0, 0, 0.05747126436781609
489, 312, 86, 1.0, 383432, 0, 0, 0, 0.011494252873563218
490, 313, 86, 1.0, 383432, 0, 0, 0, 0.011494252873563218
491, 314, 86, 1.0, 383432, 0, 0, 0, 0.011494252873563218
492, 158, 3, 0.9966397753325842, 6036088, 0, 1, 0, 0.04597701149425287
493, 315, 86, 1.0, 383432, 0, 0, 0, 0.011494252873563218
494, 159, 3, 0.9976144969918346, 6036088, 0, 1, 0, 0.04597701149425287
495, 316, 86, 1.0, 383432, 0, 0, 0, 0.011494252873563218
496, 160, 3, 0.9967447823534409, 6036088, 0, 1, 0, 0.04597701149425287
497, 317, 86, 1.0, 383432, 0, 0, 0, 0.011494252873563218
498, 162, 41, 0.9999999999999905, 3688173, 0, 0, 0, 0.04597701149425287
499, 163, 3, 0.997704075063978, 6036088, 0, 1, 0, 0.04597701149425287
500, 318, 86, 1.0, 383432, 0, 0, 0, 0.011494252873563218
501, 319, 86, 1.0, 383432, 0, 0, 0, 0.011494252873563218
502, 320, 86, 1.0, 383432, 0, 0, 0, 0.011494252873563218
503, 321, 86, 1.0, 383432, 0, 0, 0, 0.011494252873563218
504, 322, 86, 1.0, 383432, 0, 0, 0, 0.011494252873563218
505, 323, 41, 0.9999999999999939, 3688173, 0, 0, 0, 0.04597701149425287
506, 149, 86, 1.0, 383432, 0, 0, 0, 0.011494252873563218
507, 150, 86, 1.0, 383432, 0, 0, 0, 0.011494252873563218
508, 324, 86, 1.0, 383432, 0, 0, 1, 0.011494252873563218
509, 325, 86, 1.0, 383432, 0, 0, 0, 0.011494252873563218
510, 141, 86, 1.0, 383432, 0, 0, 0, 0.011494252873563218
511, 326, 3, 0.979337215849639, 6036088, 0, 1, 0, 0.12643678160919541
512, 139, 41, 0.9999999999999993, 3688173, 0, 0, 0, 0.05747126436781609
513, 142, 84, 1.0, 387165, 0, 0, 0, 0.022988505747126436
514, 153, 86, 1.0, 383432, 0, 0, 1, 0.011494252873563218
515, 154, 41, 0.9999999999999981, 3688173, 0, 0, 0, 0.05747126436781609
516, 155, 86, 1.0, 383432, 0, 0, 1, 0.011494252873563218
517, 152, 86, 1.0, 383432, 0, 0, 1, 0.011494252873563218
518, 327, 2, 0.9996834325176431, 6038347, 0, 1, 0, 0.12643678160919541
519, 328, 53, 1.0, 3179688, 0, 0, 0, 0.034482758620689655
520, 329, 85, 1.0, 386821, 0, 0, 1, 0.011627906976744186
521, 330, 81, 1.0, 2219728, 0, 0, 0, 0.012195121951219513
522, 331, 3, 0.9993932030625681, 6036088, 0, 1, 0, 0.0975609756097561
523, 332, 41, 0.9999999999999942, 3688173, 0, 0, 0, 0.06097560975609756
524, 333, 4, 0.9989052904728836, 5925351, 0, 1, 0, 0.12195121951219512
525, 334, 81, 1.0, 2219728, 0, 0, 1, 0.012195121951219513
526, 335, 81, 1.0, 2219728, 0, 0, 1, 0.012195121951219513
527, 211, 41, 0.9999999999999893, 3688173, 0, 0, 0, 0.04878048780487805
528, 212, 41, 0.9999999999999916, 3688173, 0, 0, 0, 0.04878048780487805
529, 336, 81, 1.0, 2219728, 0, 0, 0, 0.012195121951219513
530, 337, 43, 0.9999999999999762, 3541534, 0, 0, 0, 0.024390243902439025
531, 338, 81, 1.0, 2219728, 0, 0, 0, 0.012195121951219513
532, 339, 77, 1.0, 2226188, 0, 0, 0, 0.024390243902439025
533, 245, 81, 1.0, 2219728, 0, 0, 1, 0.012195121951219513
534, 340, 41, 0.9999999999999946, 3688173, 0, 0, 0, 0.04878048780487805
535, 247, 3, 0.9998214847320452, 6036088, 0, 1, 0, 0.06097560975609756
536, 341, 41, 0.9999999999999934, 3688173, 0, 0, 0, 0.04878048780487805
537, 249, 81, 1.0, 2219728, 0, 0, 0, 0.012195121951219513
538, 342, 69, 1.0, 2497179, 0, 0, 0, 0.04878048780487805
539, 343, 3, 0.9979682633935831, 6036088, 0, 1, 0, 0.09876543209876543
540, 344, 69, 1.0, 2497179, 0, 0, 0, 0.025
541, 213, 41, 0.9999999999999984, 3688173, 0, 0, 0, 0.0625
542, 345, 70, 1.0, 2495949, 0, 0, 0, 0.02564102564102564
543, 334, 41, 0.9999999999999895, 3688173, 0, 0, 0, 0.05128205128205128
544, 335, 2, 0.980019695915636, 6038347, 0, 1, 0, 0.08974358974358974
545, 216, 3, 0.9990881030841784, 6036088, 0, 1, 0, 0.10256410256410256
546, 217, 41, 0.9999999999999981, 3688173, 0, 0, 0, 0.05128205128205128
547, 346, 41, 0.999999999999977, 3688173, 0, 0, 0, 0.05128205128205128
548, 347, 76, 1.0, 2226770, 0, 0, 1, 0.012987012987012988
549, 348, 76, 1.0, 2226770, 0, 0, 1, 0.012987012987012988
550, 349, 41, 0.999999999999994, 3688173, 0, 0, 0, 0.05194805194805195
551, 299, 2, 0.9939354389814041, 6038347, 0, 1, 0, 0.05194805194805195
552, 347, 75, 1.0, 2243148, 0, 0, 0, 0.013157894736842105
553, 350, 75, 1.0, 2243148, 0, 0, 0, 0.013157894736842105
554, 351, 75, 1.0, 2243148, 0, 0, 0, 0.013157894736842105
555, 348, 75, 1.0, 2243148, 0, 0, 0, 0.013157894736842105
556, 352, 75, 1.0, 2243148, 0, 0, 0, 0.013157894736842105
557, 353, 2, 0.9945038496680276, 6038347, 0, 1, 0, 0.11940298507462686
558, 354, 0, 0.9335664801057859, 6038697, 0, 1, 0, 0.1791044776119403
559, 355, 41, 0.9999999999999916, 3688173, 0, 0, 0, 0.1044776119402985
560, 356, 41, 0.9999999999999986, 3688173, 0, 0, 0, 0.05970149253731343
561, 356, 3, 0.9958639587549603, 6036088, 0, 1, 0, 0.05970149253731343
562, 356, 3, 0.992210134388736, 6036088, 0, 1, 0, 0.1044776119402985
563, 357, 3, 0.9980070545171003, 6036088, 0, 1, 0, 0.13432835820895522
564, 358, 3, 0.9374694824216426, 6036088, 1, 0, 1, 0.11290322580645161
565, 359, 3, 0.9374694824216458, 6036088, 1, 0, 1, 0.11290322580645161
566, 360, 3, 0.9374694824217658, 6036088, 1, 0, 1, 0.11290322580645161
567, 361, 61, 1.0, 2594973, 0, 0, 0, 0.016129032258064516
568, 13, 41, 0.9999999999999927, 3688173, 0, 0, 0, 0.08064516129032258
569, 16, 3, 0.9983789578981976, 6036088, 0, 1, 0, 0.06451612903225806
570, 17, 3, 0.9985759452928471, 6036088, 0, 1, 0, 0.06451612903225806
571, 18, 3, 0.9982028702577463, 6036088, 0, 1, 0, 0.06451612903225806
572, 19, 3, 0.9983504351632686, 6036088, 0, 1, 0, 0.06451612903225806
573, 20, 3, 0.957301937353493, 6036088, 0, 1, 0, 0.06451612903225806
574, 21, 3, 0.9573691724771465, 6036088, 0, 1, 0, 0.06451612903225806
575, 22, 3, 0.9984756053947821, 6036088, 0, 1, 0, 0.06451612903225806
576, 23, 3, 0.998538956858895, 6036088, 0, 1, 0, 0.06451612903225806
577, 24, 3, 0.9973060267752615, 6036088, 0, 1, 0, 0.06451612903225806
578, 25, 3, 0.9981831343368042, 6036088, 0, 1, 0, 0.06451612903225806
579, 26, 3, 0.9983016255757083, 6036088, 0, 1, 0, 0.06451612903225806
580, 27, 3, 0.9984756053947821, 6036088, 0, 1, 0, 0.06451612903225806
581, 28, 3, 0.9981187237146307, 6036088, 0, 1, 0, 0.06451612903225806
582, 29, 3, 0.9972098134458065, 6036088, 0, 1, 0, 0.06451612903225806
583, 30, 3, 0.9983974313124633, 6036088, 0, 1, 0, 0.06451612903225806
584, 31, 3, 0.9976211004603692, 6036088, 0, 1, 0, 0.06451612903225806
585, 32, 3, 0.9976211004603692, 6036088, 0, 1, 0, 0.06451612903225806
586, 33, 3, 0.9984999957084656, 6036088, 0, 1, 0, 0.06451612903225806
587, 34, 3, 0.9974442306061216, 6036088, 0, 1, 0, 0.06451612903225806
588, 35, 3, 0.9973658928469223, 6036088, 0, 1, 0, 0.06451612903225806
589, 36, 3, 0.9965425432996546, 6036088, 0, 1, 0, 0.06451612903225806
590, 37, 3, 0.9971938695226397, 6036088, 0, 1, 0, 0.06451612903225806
591, 38, 3, 0.9970493477813164, 6036088, 0, 1, 0, 0.06451612903225806
592, 39, 3, 0.9970991478187625, 6036088, 0, 1, 0, 0.06451612903225806
593, 40, 3, 0.9964826739195621, 6036088, 0, 1, 0, 0.06451612903225806
594, 41, 3, 0.9969978080045708, 6036088, 0, 1, 0, 0.06451612903225806
595, 42, 3, 0.9972826009211333, 6036088, 0, 1, 0, 0.06451612903225806
596, 43, 3, 0.9970493477813164, 6036088, 0, 1, 0, 0.06451612903225806
597, 44, 3, 0.9969978080045708, 6036088, 0, 1, 0, 0.06451612903225806
598, 45, 3, 0.9983407032173292, 6036088, 0, 1, 0, 0.06451612903225806
599, 46, 3, 0.9983308557586783, 6036088, 0, 1, 0, 0.06451612903225806
600, 47, 3, 0.9979982149134328, 6036088, 0, 1, 0, 0.06451612903225806
601, 48, 3, 0.9979838651995505, 6036088, 0, 1, 0, 0.06451612903225806
602, 49, 3, 0.9983308557586783, 6036088, 0, 1, 0, 0.06451612903225806
603, 50, 3, 0.99836956055268, 6036088, 0, 1, 0, 0.06451612903225806
604, 51, 3, 0.9987954997658985, 6036088, 0, 1, 0, 0.06451612903225806
605, 52, 3, 0.9985759452928471, 6036088, 0, 1, 0, 0.06451612903225806
606, 53, 3, 0.9979304576551677, 6036088, 0, 1, 0, 0.06451612903225806
607, 54, 3, 0.9982366720710802, 6036088, 0, 1, 0, 0.06451612903225806
608, 55, 61, 1.0, 2594973, 0, 0, 0, 0.016129032258064516
609, 56, 3, 0.9977941113359787, 6036088, 0, 1, 0, 0.06451612903225806
610, 57, 3, 0.9974078266851364, 6036088, 0, 1, 0, 0.06451612903225806
611, 58, 61, 1.0, 2594973, 0, 0, 1, 0.016129032258064516
612, 102, 3, 0.9984838231554571, 6036088, 0, 1, 0, 0.06451612903225806
613, 362, 3, 0.9979982149134328, 6036088, 0, 1, 0, 0.06451612903225806
614, 363, 3, 0.998561376958247, 6036088, 0, 1, 0, 0.07407407407407407
615, 59, 53, 1.0, 3179688, 0, 0, 0, 0.018518518518518517
616, 60, 53, 1.0, 3179688, 0, 0, 0, 0.018518518518518517
617, 61, 53, 1.0, 3179688, 0, 0, 0, 0.018518518518518517
618, 62, 53, 1.0, 3179688, 0, 0, 0, 0.018518518518518517
619, 63, 53, 1.0, 3179688, 0, 0, 0, 0.018518518518518517
620, 64, 53, 1.0, 3179688, 0, 0, 0, 0.018518518518518517
621, 65, 53, 1.0, 3179688, 0, 0, 0, 0.018518518518518517
622, 66, 53, 1.0, 3179688, 0, 0, 0, 0.018518518518518517
623, 67, 53, 1.0, 3179688, 0, 0, 0, 0.018518518518518517
624, 68, 53, 1.0, 3179688, 0, 0, 0, 0.018518518518518517
625, 69, 53, 1.0, 3179688, 0, 0, 0, 0.018518518518518517
626, 70, 53, 1.0, 3179688, 0, 0, 0, 0.018518518518518517
627, 71, 53, 1.0, 3179688, 0, 0, 0, 0.018518518518518517
628, 72, 53, 1.0, 3179688, 0, 0, 0, 0.018518518518518517
629, 73, 53, 1.0, 3179688, 0, 0, 0, 0.018518518518518517
630, 364, 53, 1.0, 3179688, 0, 0, 0, 0.018518518518518517
631, 75, 53, 1.0, 3179688, 0, 0, 0, 0.018518518518518517
632, 76, 53, 1.0, 3179688, 0, 0, 0, 0.018518518518518517
633, 77, 53, 1.0, 3179688, 0, 0, 0, 0.018518518518518517
634, 78, 53, 1.0, 3179688, 0, 0, 0, 0.018518518518518517
635, 79, 53, 1.0, 3179688, 0, 0, 0, 0.018518518518518517
636, 80, 53, 1.0, 3179688, 0, 0, 0, 0.018518518518518517
637, 81, 53, 1.0, 3179688, 0, 0, 0, 0.018518518518518517
638, 82, 53, 1.0, 3179688, 0, 0, 0, 0.018518518518518517
639, 83, 53, 1.0, 3179688, 0, 0, 0, 0.018518518518518517
640, 84, 53, 1.0, 3179688, 0, 0, 0, 0.018518518518518517
641, 85, 53, 1.0, 3179688, 0, 0, 0, 0.018518518518518517
642, 86, 53, 1.0, 3179688, 0, 0, 0, 0.018518518518518517
643, 87, 53, 1.0, 3179688, 0, 0, 0, 0.018518518518518517
644, 88, 53, 1.0, 3179688, 0, 0, 0, 0.018518518518518517
645, 89, 53, 1.0, 3179688, 0, 0, 0, 0.018518518518518517
646, 90, 53, 1.0, 3179688, 0, 0, 0, 0.018518518518518517
647, 91, 53, 1.0, 3179688, 0, 0, 0, 0.018518518518518517
648, 92, 53, 1.0, 3179688, 0, 0, 0, 0.018518518518518517
649, 93, 53, 1.0, 3179688, 0, 0, 0, 0.018518518518518517
650, 94, 53, 1.0, 3179688, 0, 0, 0, 0.018518518518518517
651, 95, 53, 1.0, 3179688, 0, 0, 0, 0.018518518518518517
652, 96, 2, 0.9538073269826061, 6038347, 0, 1, 0, 0.07407407407407407
653, 97, 53, 1.0, 3179688, 0, 0, 0, 0.018518518518518517
654, 98, 53, 1.0, 3179688, 0, 0, 0, 0.018518518518518517
655, 99, 53, 1.0, 3179688, 0, 0, 0, 0.018518518518518517
656, 328, 53, 1.0, 3179688, 0, 0, 0, 0.018518518518518517
657, 100, 53, 1.0, 3179688, 0, 0, 0, 0.018518518518518517
658, 101, 53, 1.0, 3179688, 0, 0, 0, 0.018518518518518517
659, 103, 53, 1.0, 3179688, 0, 0, 0, 0.018518518518518517
660, 104, 53, 1.0, 3179688, 0, 0, 1, 0.018518518518518517
661, 365, 53, 1.0, 3179688, 0, 0, 0, 0.018518518518518517
662, 366, 41, 0.9999999999997691, 3688173, 0, 0, 0, 0.041666666666666664
663, 367, 41, 0.9999999999997673, 3688173, 0, 0, 0, 0.0625
664, 368, 41, 0.9999999999997686, 3688173, 0, 0, 0, 0.0625
665, 369, 3, 0.9689451045053123, 6036088, 0, 1, 0, 0.14583333333333334
666, 370, 39, 0.9999999999996623, 3694339, 0, 0, 0, 0.0625
667, 371, 3, 0.9998981897537363, 6036088, 0, 1, 0, 0.14583333333333334
668, 372, 39, 0.9999999999997646, 3694339, 0, 0, 0, 0.08333333333333333
669, 373, 27, 0.9999999962747097, 5901794, 0, 0, 0, 0.03571428571428571
670, 374, 27, 0.9999999962747097, 5901794, 0, 0, 0, 0.03571428571428571
671, 373, 27, 0.9999999962747097, 5901794, 0, 0, 0, 0.03571428571428571
672, 375, 26, 0.9999999925494194, 5909437, 0, 0, 0, 0.037037037037037035
673, 375, 26, 0.9999999925494194, 5909437, 0, 0, 0, 0.037037037037037035
674, 238, 26, 0.9999999925494194, 5909437, 0, 0, 0, 0.037037037037037035
675, 375, 26, 0.9999999925494194, 5909437, 0, 0, 0, 0.037037037037037035
676, 375, 26, 0.9999999925494194, 5909437, 0, 0, 0, 0.037037037037037035
677, 376, 3, 0.9979283727053474, 6036088, 0, 1, 0, 0.18518518518518517
678, 377, 3, 0.9374999403953552, 6036088, 1, 0, 1, 0.08333333333333333
679, 378, 4, 0.9687497615814209, 5925351, 1, 0, 1, 0.09090909090909091
680, 379, 4, 0.9687461853027344, 5925351, 1, 0, 1, 0.1111111111111111
681, 380, 2, 0.8749377458819989, 6038347, 1, 0, 1, 0.21428571428571427
682, 381, 2, 0.8749377894762294, 6038347, 1, 0, 1, 0.21428571428571427
683, 382, 2, 0.874755859375, 6038347, 1, 0, 1, 0.16666666666666666
684, 383, 2, 0.874755859375, 6038347, 1, 0, 1, 0.16666666666666666
685, 384, 2, 0.874755859375, 6038347, 1, 0, 1, 0.16666666666666666
686, 385, 2, 0.874755859375, 6038347, 1, 0, 1, 0.16666666666666666
687, 9, 8, 0.998046875, 5923405, 1, 0, 1, 0.1111111111111111
688, 317, 7, 0.99609375, 5923407, 1, 0, 1, 0.125
689, 386, 5, 0.9885110294117647, 5924796, 1, 1, 1, 0.2857142857142857
690, 387, 6, 0.9921875, 5923516, 1, 0, 1, 0.14285714285714285
691, 388, 5, 0.9883881079027356, 5924796, 1, 1, 1, 0.2857142857142857
692, 389, 6, 0.9921875, 5923516, 1, 0, 1, 0.14285714285714285
