0, 0, 85, 1.0, 32681777, 0, 0, 0, 0.06363636363636363
1, 1, 109, 1.0, 0, 0, 0, 0, 0.00909090909090909
2, 2, 109, 1.0, 0, 0, 0, 0, 0.00909090909090909
3, 3, 49, 0.9999999999999991, 46071504, 0, 0, 1, 0.01818181818181818
4, 4, 109, 1.0, 0, 0, 0, 0, 0.00909090909090909
5, 5, 109, 1.0, 0, 0, 0, 0, 0.00909090909090909
6, 6, 109, 1.0, 0, 0, 0, 0, 0.00909090909090909
7, 7, 109, 1.0, 0, 0, 0, 0, 0.00909090909090909
8, 8, 109, 1.0, 0, 0, 0, 0, 0.00909090909090909
9, 9, 109, 1.0, 0, 0, 0, 0, 0.00909090909090909
10, 10, 109, 1.0, 0, 0, 0, 0, 0.00909090909090909
11, 11, 85, 1.0, 32681777, 0, 0, 0, 0.05454545454545454
12, 12, 109, 1.0, 0, 0, 0, 0, 0.00909090909090909
13, 13, 85, 1.0, 32681777, 0, 0, 0, 0.05454545454545454
14, 14, 85, 1.0, 32681777, 0, 0, 0, 0.05454545454545454
15, 15, 85, 1.0, 32681777, 0, 0, 0, 0.05454545454545454
16, 16, 85, 1.0, 32681777, 0, 0, 0, 0.05454545454545454
17, 17, 85, 1.0, 32681777, 0, 0, 0, 0.05454545454545454
18, 18, 56, 1.0, 44593043, 0, 0, 0, 0.08181818181818182
19, 19, 85, 1.0, 32681777, 0, 0, 0, 0.05454545454545454
20, 20, 85, 1.0, 32681777, 0, 0, 0, 0.05454545454545454
21, 21, 85, 1.0, 32681777, 0, 0, 1, 0.05454545454545454
22, 22, 85, 1.0, 32681777, 0, 0, 0, 0.05454545454545454
23, 23, 85, 1.0, 32681777, 0, 0, 0, 0.05454545454545454
24, 24, 85, 1.0, 32681777, 0, 0, 0, 0.05454545454545454
25, 25, 85, 1.0, 32681777, 0, 0, 0, 0.05454545454545454
26, 26, 85, 1.0, 32681777, 0, 0, 0, 0.05454545454545454
27, 27, 85, 1.0, 32681777, 0, 0, 0, 0.05454545454545454
28, 28, 85, 1.0, 32681777, 0, 0, 0, 0.05454545454545454
29, 29, 47, 1.0, 46101286, 0, 0, 0, 0.08181818181818182
30, 30, 85, 1.0, 32681777, 0, 0, 0, 0.05454545454545454
31, 31, 85, 1.0, 32681777, 0, 0, 0, 0.05454545454545454
32, 32, 85, 1.0, 32681777, 0, 0, 0, 0.05454545454545454
33, 33, 85, 1.0, 32681777, 0, 0, 0, 0.05454545454545454
34, 34, 85, 1.0, 32681777, 0, 0, 0, 0.05454545454545454
35, 35, 85, 1.0, 32681777, 0, 0, 0, 0.05454545454545454
36, 36, 85, 1.0, 32681777, 0, 0, 0, 0.05454545454545454
37, 37, 85, 1.0, 32681777, 0, 0, 0, 0.05454545454545454
38, 38, 85, 1.0, 32681777, 0, 0, 0, 0.05454545454545454
39, 39, 85, 1.0, 32681777, 0, 0, 0, 0.05454545454545454
40, 40, 85, 1.0, 32681777, 0, 0, 0, 0.05454545454545454
41, 41, 85, 1.0, 32681777, 0, 0, 0, 0.05454545454545454
42, 42, 85, 1.0, 32681777, 0, 0, 0, 0.05454545454545454
43, 43, 85, 1.0, 32681777, 0, 0, 0, 0.05454545454545454
44, 44, 85, 1.0, 32681777, 0, 0, 0, 0.05454545454545454
45, 45, 85, 1.0, 32681777, 0, 0, 0, 0.05454545454545454
46, 46, 85, 1.0, 32681777, 0, 0, 0, 0.05454545454545454
47, 47, 85, 1.0, 32681777, 0, 0, 0, 0.05454545454545454
48, 48, 85, 1.0, 32681777, 0, 0, 0, 0.05454545454545454
49, 49, 85, 1.0, 32681777, 0, 0, 0, 0.05454545454545454
50, 50, 85, 1.0, 32681777, 0, 0, 0, 0.05454545454545454
51, 51, 85, 1.0, 32681777, 0, 0, 0, 0.05454545454545454
52, 52, 85, 1.0, 32681777, 0, 0, 0, 0.05454545454545454
53, 53, 56, 1.0, 44593043, 0, 0, 0, 0.03636363636363636
54, 54, 56, 1.0, 44593043, 0, 0, 0, 0.03636363636363636
55, 55, 109, 1.0, 0, 0, 0, 0, 0.00909090909090909
56, 56, 109, 1.0, 0, 0, 0, 0, 0.00909090909090909
57, 57, 56, 1.0, 44593043, 0, 0, 0, 0.03636363636363636
58, 58, 109, 1.0, 0, 0, 0, 0, 0.00909090909090909
59, 59, 109, 1.0, 0, 0, 0, 0, 0.00909090909090909
60, 60, 109, 1.0, 0, 0, 0, 0, 0.00909090909090909
61, 61, 109, 1.0, 0, 0, 0, 0, 0.00909090909090909
62, 62, 109, 1.0, 0, 0, 0, 1, 0.00909090909090909
63, 63, 109, 1.0, 0, 0, 0, 0, 0.00909090909090909
64, 64, 109, 1.0, 0, 0, 0, 0, 0.00909090909090909
65, 65, 109, 1.0, 0, 0, 0, 0, 0.00909090909090909
66, 66, 109, 1.0, 0, 0, 0, 0, 0.00909090909090909
67, 67, 56, 1.0, 44593043, 0, 0, 0, 0.03636363636363636
68, 68, 109, 1.0, 0, 0, 0, 0, 0.00909090909090909
69, 69, 109, 1.0, 0, 0, 0, 0, 0.00909090909090909
70, 70, 109, 1.0, 0, 0, 0, 0, 0.00909090909090909
71, 71, 109, 1.0, 0, 0, 0, 0, 0.00909090909090909
72, 72, 109, 1.0, 0, 0, 0, 0, 0.00909090909090909
73, 73, 109, 1.0, 0, 0, 0, 0, 0.00909090909090909
74, 74, 109, 1.0, 0, 0, 0, 0, 0.00909090909090909
75, 75, 109, 1.0, 0, 0, 0, 0, 0.00909090909090909
76, 76, 109, 1.0, 0, 0, 0, 0, 0.00909090909090909
77, 77, 109, 1.0, 0, 0, 0, 0, 0.00909090909090909
78, 78, 109, 1.0, 0, 0, 0, 0, 0.00909090909090909
79, 79, 109, 1.0, 0, 0, 0, 0, 0.00909090909090909
80, 80, 109, 1.0, 0, 0, 0, 0, 0.00909090909090909
81, 81, 109, 1.0, 0, 0, 0, 0, 0.00909090909090909
82, 82, 109, 1.0, 0, 0, 0, 0, 0.00909090909090909
83, 83, 109, 1.0, 0, 0, 0, 0, 0.00909090909090909
84, 84, 109, 1.0, 0, 0, 0, 0, 0.00909090909090909
85, 85, 109, 1.0, 0, 0, 0, 0, 0.00909090909090909
86, 86, 109, 1.0, 0, 0, 0, 0, 0.00909090909090909
87, 87, 56, 1.0, 44593043, 0, 0, 0, 0.03636363636363636
88, 88, 56, 1.0, 44593043, 0, 0, 0, 0.03636363636363636
89, 89, 109, 1.0, 0, 0, 0, 0, 0.00909090909090909
90, 90, 109, 1.0, 0, 0, 0, 0, 0.00909090909090909
91, 91, 109, 1.0, 0, 0, 0, 1, 0.00909090909090909
92, 92, 109, 1.0, 0, 0, 0, 0, 0.00909090909090909
93, 93, 109, 1.0, 0, 0, 0, 0, 0.00909090909090909
94, 94, 109, 1.0, 0, 0, 0, 0, 0.00909090909090909
95, 95, 109, 1.0, 0, 0, 0, 0, 0.00909090909090909
96, 96, 10, 0.9998851811992165, 47564891, 0, 0, 0, 0.09090909090909091
97, 97, 109, 1.0, 0, 0, 0, 0, 0.00909090909090909
98, 98, 16, 0.9999923706054688, 47264490, 0, 0, 1, 0.01818181818181818
99, 99, 11, 0.9998181971983313, 47528793, 0, 0, 0, 0.03636363636363636
100, 100, 16, 0.9999923706054688, 47264490, 0, 0, 1, 0.01818181818181818
101, 101, 16, 0.9999923706054688, 47264490, 0, 0, 1, 0.01818181818181818
102, 102, 109, 1.0, 0, 0, 0, 0, 0.00909090909090909
103, 103, 109, 1.0, 0, 0, 0, 0, 0.00909090909090909
104, 104, 109, 1.0, 0, 0, 0, 0, 0.00909090909090909
105, 105, 109, 1.0, 0, 0, 0, 0, 0.00909090909090909
106, 106, 109, 1.0, 0, 0, 0, 0, 0.00909090909090909
107, 107, 109, 1.0, 0, 0, 0, 0, 0.00909090909090909
108, 108, 109, 1.0, 0, 0, 0, 0, 0.00909090909090909
109, 109, 109, 1.0, 0, 0, 0, 0, 0.00909090909090909
110, 110, 14, 0.9999996809968836, 47271691, 0, 0, 0, 0.03636363636363636
111, 111, 109, 1.0, 0, 0, 0, 0, 0.00909090909090909
112, 112, 11, 0.9999991847377454, 47528793, 0, 0, 0, 0.045454545454545456
113, 113, 109, 1.0, 0, 0, 0, 0, 0.00909090909090909
114, 114, 109, 1.0, 0, 0, 0, 0, 0.00909090909090909
115, 115, 109, 1.0, 0, 0, 0, 0, 0.00909090909090909
116, 116, 109, 1.0, 0, 0, 0, 0, 0.00909090909090909
117, 117, 109, 1.0, 0, 0, 0, 0, 0.00909090909090909
118, 118, 109, 1.0, 0, 0, 0, 0, 0.00909090909090909
119, 119, 109, 1.0, 0, 0, 0, 0, 0.00909090909090909
120, 120, 109, 1.0, 0, 0, 0, 0, 0.00909090909090909
121, 121, 109, 1.0, 0, 0, 0, 0, 0.00909090909090909
122, 122, 109, 1.0, 0, 0, 0, 0, 0.00909090909090909
123, 123, 109, 1.0, 0, 0, 0, 0, 0.00909090909090909
124, 124, 109, 1.0, 0, 0, 0, 0, 0.00909090909090909
125, 125, 109, 1.0, 0, 0, 0, 0, 0.00909090909090909
126, 126, 109, 1.0, 0, 0, 0, 0, 0.00909090909090909
127, 127, 109, 1.0, 0, 0, 0, 0, 0.00909090909090909
128, 128, 109, 1.0, 0, 0, 0, 0, 0.00909090909090909
129, 129, 32, 0.9999999999780732, 46896479, 0, 0, 0, 0.045454545454545456
130, 130, 52, 1.0, 45939370, 0, 0, 1, 0.06363636363636363
131, 131, 52, 1.0, 45939370, 0, 0, 0, 0.01818181818181818
132, 132, 109, 1.0, 0, 0, 0, 0, 0.00909090909090909
133, 133, 109, 1.0, 0, 0, 0, 0, 0.00909090909090909
134, 134, 109, 1.0, 0, 0, 0, 0, 0.00909090909090909
135, 135, 6, 0.9991808759541203, 47608326, 0, 1, 0, 0.06363636363636363
136, 136, 109, 1.0, 0, 0, 0, 0, 0.00909090909090909
137, 137, 33, 0.9999999999865063, 46892644, 0, 0, 0, 0.02727272727272727
138, 138, 52, 1.0, 45939370, 0, 0, 0, 0.01818181818181818
139, 139, 58, 1.0, 44590365, 0, 0, 1, 0.09090909090909091
140, 140, 11, 0.9999851545093958, 47528793, 0, 0, 1, 0.03636363636363636
141, 141, 52, 1.0, 45939370, 0, 0, 1, 0.02727272727272727
142, 142, 52, 1.0, 45939370, 0, 0, 0, 0.01818181818181818
143, 143, 109, 1.0, 0, 0, 0, 0, 0.00909090909090909
144, 144, 109, 1.0, 0, 0, 0, 1, 0.00909090909090909
145, 145, 52, 1.0, 45939370, 0, 0, 0, 0.02727272727272727
146, 146, 109, 1.0, 0, 0, 0, 0, 0.00909090909090909
147, 147, 52, 1.0, 45939370, 0, 0, 0, 0.02727272727272727
148, 148, 109, 1.0, 0, 0, 0, 0, 0.00909090909090909
149, 149, 109, 1.0, 0, 0, 0, 0, 0.00909090909090909
150, 150, 109, 1.0, 0, 0, 0, 0, 0.00909090909090909
151, 151, 109, 1.0, 0, 0, 0, 0, 0.00909090909090909
152, 152, 56, 1.0, 44593043, 0, 0, 0, 0.03636363636363636
153, 153, 109, 1.0, 0, 0, 0, 0, 0.00909090909090909
154, 154, 109, 1.0, 0, 0, 0, 0, 0.00909090909090909
155, 155, 109, 1.0, 0, 0, 0, 0, 0.00909090909090909
156, 156, 109, 1.0, 0, 0, 0, 0, 0.00909090909090909
157, 157, 109, 1.0, 0, 0, 0, 0, 0.00909090909090909
158, 158, 109, 1.0, 0, 0, 0, 0, 0.00909090909090909
159, 159, 109, 1.0, 0, 0, 0, 0, 0.00909090909090909
160, 160, 109, 1.0, 0, 0, 0, 0, 0.00909090909090909
161, 161, 109, 1.0, 0, 0, 0, 0, 0.00909090909090909
162, 121, 109, 1.0, 0, 0, 0, 0, 0.00909090909090909
163, 122, 109, 1.0, 0, 0, 0, 0, 0.00909090909090909
164, 123, 109, 1.0, 0, 0, 0, 0, 0.00909090909090909
165, 162, 54, 1.0, 44637955, 0, 0, 1, 0.07272727272727272
166, 163, 109, 1.0, 0, 0, 0, 1, 0.00909090909090909
167, 164, 109, 1.0, 0, 0, 0, 1, 0.00909090909090909
168, 165, 109, 1.0, 0, 0, 0, 0, 0.00909090909090909
169, 166, 109, 1.0, 0, 0, 0, 0, 0.00909090909090909
170, 167, 109, 1.0, 0, 0, 0, 0, 0.00909090909090909
171, 168, 109, 1.0, 0, 0, 0, 0, 0.00909090909090909
172, 169, 109, 1.0, 0, 0, 0, 0, 0.00909090909090909
173, 170, 109, 1.0, 0, 0, 0, 0, 0.00909090909090909
174, 171, 109, 1.0, 0, 0, 0, 0, 0.00909090909090909
175, 172, 109, 1.0, 0, 0, 0, 0, 0.00909090909090909
176, 173, 109, 1.0, 0, 0, 0, 0, 0.00909090909090909
177, 174, 109, 1.0, 0, 0, 0, 0, 0.00909090909090909
178, 175, 109, 1.0, 0, 0, 0, 0, 0.00909090909090909
179, 176, 109, 1.0, 0, 0, 0, 0, 0.00909090909090909
180, 158, 109, 1.0, 0, 0, 0, 0, 0.00909090909090909
181, 177, 109, 1.0, 0, 0, 0, 0, 0.00909090909090909
182, 178, 16, 0.9999978488636704, 47264490, 0, 0, 0, 0.045454545454545456
183, 179, 14, 0.9999954258868152, 47271691, 0, 0, 0, 0.03636363636363636
184, 180, 16, 0.99999919193182, 47264490, 0, 0, 0, 0.08181818181818182
185, 181, 109, 1.0, 0, 0, 0, 0, 0.00909090909090909
186, 182, 109, 1.0, 0, 0, 0, 0, 0.00909090909090909
187, 183, 109, 1.0, 0, 0, 0, 0, 0.00909090909090909
188, 184, 85, 1.0, 32681777, 0, 0, 0, 0.045454545454545456
189, 185, 109, 1.0, 0, 0, 0, 0, 0.00909090909090909
190, 186, 109, 1.0, 0, 0, 0, 0, 0.00909090909090909
191, 187, 109, 1.0, 0, 0, 0, 0, 0.00909090909090909
192, 188, 109, 1.0, 0, 0, 0, 0, 0.00909090909090909
193, 189, 109, 1.0, 0, 0, 0, 0, 0.00909090909090909
194, 190, 109, 1.0, 0, 0, 0, 0, 0.00909090909090909
195, 191, 109, 1.0, 0, 0, 0, 0, 0.00909090909090909
196, 192, 109, 1.0, 0, 0, 0, 0, 0.00909090909090909
197, 193, 109, 1.0, 0, 0, 0, 0, 0.00909090909090909
198, 112, 109, 1.0, 0, 0, 0, 0, 0.00909090909090909
199, 113, 109, 1.0, 0, 0, 0, 0, 0.00909090909090909
200, 114, 109, 1.0, 0, 0, 0, 0, 0.00909090909090909
201, 115, 109, 1.0, 0, 0, 0, 0, 0.00909090909090909
202, 116, 109, 1.0, 0, 0, 0, 0, 0.00909090909090909
203, 117, 109, 1.0, 0, 0, 0, 0, 0.00909090909090909
204, 118, 109, 1.0, 0, 0, 0, 0, 0.00909090909090909
205, 112, 109, 1.0, 0, 0, 0, 0, 0.00909090909090909
206, 113, 109, 1.0, 0, 0, 0, 0, 0.00909090909090909
207, 114, 109, 1.0, 0, 0, 0, 0, 0.00909090909090909
208, 115, 109, 1.0, 0, 0, 0, 0, 0.00909090909090909
209, 116, 109, 1.0, 0, 0, 0, 0, 0.00909090909090909
210, 117, 109, 1.0, 0, 0, 0, 0, 0.00909090909090909
211, 118, 109, 1.0, 0, 0, 0, 0, 0.00909090909090909
212, 194, 109, 1.0, 0, 0, 0, 0, 0.00909090909090909
213, 195, 109, 1.0, 0, 0, 0, 0, 0.00909090909090909
214, 196, 109, 1.0, 0, 0, 0, 0, 0.00909090909090909
215, 197, 109, 1.0, 0, 0, 0, 0, 0.00909090909090909
216, 198, 109, 1.0, 0, 0, 0, 0, 0.00909090909090909
217, 199, 109, 1.0, 0, 0, 0, 0, 0.00909090909090909
218, 200, 109, 1.0, 0, 0, 0, 0, 0.00909090909090909
219, 201, 109, 1.0, 0, 0, 0, 0, 0.00909090909090909
220, 202, 109, 1.0, 0, 0, 0, 0, 0.00909090909090909
221, 203, 109, 1.0, 0, 0, 0, 0, 0.00909090909090909
222, 112, 109, 1.0, 0, 0, 0, 0, 0.00909090909090909
223, 113, 109, 1.0, 0, 0, 0, 0, 0.00909090909090909
224, 114, 109, 1.0, 0, 0, 0, 0, 0.00909090909090909
225, 115, 109, 1.0, 0, 0, 0, 0, 0.00909090909090909
226, 116, 109, 1.0, 0, 0, 0, 0, 0.00909090909090909
227, 117, 109, 1.0, 0, 0, 0, 0, 0.00909090909090909
228, 118, 109, 1.0, 0, 0, 0, 0, 0.00909090909090909
229, 204, 109, 1.0, 0, 0, 0, 0, 0.00909090909090909
230, 205, 109, 1.0, 0, 0, 0, 0, 0.00909090909090909
231, 206, 109, 1.0, 0, 0, 0, 0, 0.00909090909090909
232, 207, 109, 1.0, 0, 0, 0, 0, 0.00909090909090909
233, 208, 109, 1.0, 0, 0, 0, 0, 0.00909090909090909
234, 209, 109, 1.0, 0, 0, 0, 0, 0.00909090909090909
235, 210, 109, 1.0, 0, 0, 0, 0, 0.00909090909090909
236, 211, 109, 1.0, 0, 0, 0, 0, 0.00909090909090909
237, 212, 109, 1.0, 0, 0, 0, 0, 0.00909090909090909
238, 213, 109, 1.0, 0, 0, 0, 0, 0.00909090909090909
239, 214, 109, 1.0, 0, 0, 0, 0, 0.00909090909090909
240, 215, 109, 1.0, 0, 0, 0, 0, 0.00909090909090909
241, 216, 77, 1.0, 33357982, 0, 0, 1, 0.07272727272727272
242, 217, 109, 1.0, 0, 0, 0, 0, 0.00909090909090909
243, 216, 77, 1.0, 33357982, 0, 0, 1, 0.01818181818181818
244, 218, 109, 1.0, 0, 0, 0, 1, 0.00909090909090909
245, 219, 109, 1.0, 0, 0, 0, 0, 0.00909090909090909
246, 220, 85, 1.0, 32681777, 0, 0, 0, 0.01818181818181818
247, 216, 77, 1.0, 33357982, 0, 0, 1, 0.03636363636363636
248, 218, 109, 1.0, 0, 0, 0, 0, 0.00909090909090909
249, 221, 109, 1.0, 0, 0, 0, 0, 0.00909090909090909
250, 222, 109, 1.0, 0, 0, 0, 0, 0.00909090909090909
251, 223, 109, 1.0, 0, 0, 0, 0, 0.00909090909090909
252, 224, 109, 1.0, 0, 0, 0, 0, 0.00909090909090909
253, 225, 109, 1.0, 0, 0, 0, 0, 0.00909090909090909
254, 226, 109, 1.0, 0, 0, 0, 0, 0.00909090909090909
255, 227, 109, 1.0, 0, 0, 0, 0, 0.00909090909090909
256, 228, 109, 1.0, 0, 0, 0, 0, 0.00909090909090909
257, 229, 109, 1.0, 0, 0, 0, 0, 0.00909090909090909
258, 230, 109, 1.0, 0, 0, 0, 0, 0.00909090909090909
259, 231, 109, 1.0, 0, 0, 0, 0, 0.00909090909090909
260, 232, 109, 1.0, 0, 0, 0, 0, 0.00909090909090909
261, 233, 109, 1.0, 0, 0, 0, 0, 0.00909090909090909
262, 234, 109, 1.0, 0, 0, 0, 0, 0.00909090909090909
263, 235, 109, 1.0, 0, 0, 0, 0, 0.00909090909090909
264, 236, 109, 1.0, 0, 0, 0, 0, 0.00909090909090909
265, 237, 109, 1.0, 0, 0, 0, 0, 0.00909090909090909
266, 238, 109, 1.0, 0, 0, 0, 0, 0.00909090909090909
267, 239, 109, 1.0, 0, 0, 0, 0, 0.00909090909090909
268, 240, 109, 1.0, 0, 0, 0, 0, 0.00909090909090909
269, 241, 77, 1.0, 33357982, 0, 0, 1, 0.03636363636363636
270, 242, 77, 1.0, 33357982, 0, 0, 1, 0.1
271, 243, 109, 1.0, 0, 0, 0, 0, 0.00909090909090909
272, 244, 56, 1.0, 44593043, 0, 0, 0, 0.03636363636363636
273, 245, 109, 1.0, 0, 0, 0, 0, 0.00909090909090909
274, 246, 109, 1.0, 0, 0, 0, 0, 0.00909090909090909
275, 247, 109, 1.0, 0, 0, 0, 0, 0.00909090909090909
276, 248, 109, 1.0, 0, 0, 0, 0, 0.00909090909090909
277, 249, 14, 0.9999856669715548, 47271691, 0, 0, 0, 0.03636363636363636
278, 250, 15, 0.9999977026730222, 47271384, 0, 0, 0, 0.02727272727272727
279, 251, 15, 0.9999958519796723, 47271384, 0, 0, 0, 0.03636363636363636
280, 252, 15, 0.9999985289379616, 47271384, 0, 0, 0, 0.03636363636363636
281, 253, 109, 1.0, 0, 0, 0, 0, 0.00909090909090909
282, 254, 109, 1.0, 0, 0, 0, 0, 0.00909090909090909
283, 255, 109, 1.0, 0, 0, 0, 0, 0.00909090909090909
284, 256, 109, 1.0, 0, 0, 0, 0, 0.00909090909090909
285, 257, 109, 1.0, 0, 0, 0, 0, 0.00909090909090909
286, 258, 109, 1.0, 0, 0, 0, 0, 0.00909090909090909
287, 259, 109, 1.0, 0, 0, 0, 0, 0.00909090909090909
288, 260, 109, 1.0, 0, 0, 0, 0, 0.00909090909090909
289, 261, 109, 1.0, 0, 0, 0, 0, 0.00909090909090909
290, 262, 109, 1.0, 0, 0, 0, 0, 0.00909090909090909
291, 263, 109, 1.0, 0, 0, 0, 0, 0.00909090909090909
292, 264, 109, 1.0, 0, 0, 0, 0, 0.00909090909090909
293, 265, 109, 1.0, 0, 0, 0, 0, 0.00909090909090909
294, 204, 109, 1.0, 0, 0, 0, 0, 0.00909090909090909
295, 205, 109, 1.0, 0, 0, 0, 0, 0.00909090909090909
296, 206, 109, 1.0, 0, 0, 0, 0, 0.00909090909090909
297, 207, 109, 1.0, 0, 0, 0, 0, 0.00909090909090909
298, 208, 109, 1.0, 0, 0, 0, 0, 0.00909090909090909
299, 209, 109, 1.0, 0, 0, 0, 0, 0.00909090909090909
300, 210, 109, 1.0, 0, 0, 0, 0, 0.00909090909090909
301, 211, 109, 1.0, 0, 0, 0, 0, 0.00909090909090909
302, 212, 109, 1.0, 0, 0, 0, 0, 0.00909090909090909
303, 213, 109, 1.0, 0, 0, 0, 0, 0.00909090909090909
304, 214, 109, 1.0, 0, 0, 0, 0, 0.00909090909090909
305, 215, 109, 1.0, 0, 0, 0, 0, 0.00909090909090909
306, 266, 109, 1.0, 0, 0, 0, 0, 0.00909090909090909
307, 267, 56, 1.0, 44593043, 0, 0, 0, 0.03636363636363636
308, 268, 85, 1.0, 32681777, 0, 0, 0, 0.027522935779816515
309, 269, 85, 1.0, 32681777, 0, 0, 0, 0.027522935779816515
310, 270, 57, 1.0, 44590411, 0, 0, 0, 0.08571428571428572
311, 271, 85, 1.0, 32681777, 0, 0, 0, 0.03
312, 271, 85, 1.0, 32681777, 0, 0, 0, 0.030303030303030304
313, 272, 83, 1.0, 32682104, 0, 0, 0, 0.022988505747126436
314, 273, 52, 1.0, 45939370, 0, 0, 0, 0.04597701149425287
315, 274, 56, 1.0, 44593043, 0, 0, 0, 0.02531645569620253
316, 275, 56, 1.0, 44593043, 0, 0, 0, 0.02531645569620253
317, 276, 56, 1.0, 44593043, 0, 0, 0, 0.02531645569620253
318, 277, 56, 1.0, 44593043, 0, 0, 0, 0.02531645569620253
319, 277, 56, 1.0, 44593043, 0, 0, 1, 0.02531645569620253
320, 277, 56, 1.0, 44593043, 0, 0, 0, 0.02531645569620253
321, 278, 16, 0.9999982245424961, 47264490, 0, 0, 0, 0.06329113924050633
322, 279, 56, 1.0, 44593043, 0, 0, 0, 0.02531645569620253
323, 280, 56, 1.0, 44593043, 0, 0, 0, 0.02531645569620253
324, 281, 56, 1.0, 44593043, 0, 0, 0, 0.02531645569620253
325, 282, 71, 1.0, 33954547, 0, 0, 0, 0.039473684210526314
326, 283, 71, 1.0, 33954547, 0, 0, 0, 0.039473684210526314
327, 284, 71, 1.0, 33954547, 0, 0, 0, 0.039473684210526314
328, 285, 71, 1.0, 33954547, 0, 0, 0, 0.039473684210526314
329, 286, 72, 1.0, 33910355, 0, 0, 0, 0.02666666666666667
330, 287, 72, 1.0, 33910355, 0, 0, 0, 0.0136986301369863
331, 288, 68, 1.0, 41496768, 0, 0, 0, 0.014492753623188406
332, 289, 62, 1.0, 43340170, 0, 0, 0, 0.03076923076923077
333, 290, 62, 1.0, 43340170, 0, 0, 0, 0.03076923076923077
334, 291, 47, 1.0, 46101286, 0, 0, 0, 0.0967741935483871
335, 292, 52, 1.0, 45939370, 0, 0, 0, 0.03571428571428571
336, 293, 52, 0.9999999999999999, 45939370, 0, 0, 0, 0.018867924528301886
337, 294, 4, 0.9995338061055671, 47614289, 0, 1, 0, 0.11320754716981132
338, 295, 52, 0.9999999999999999, 45939370, 0, 0, 0, 0.018867924528301886
339, 296, 52, 0.9999999999999999, 45939370, 0, 0, 0, 0.018867924528301886
340, 297, 52, 0.9999999999999999, 45939370, 0, 0, 0, 0.018867924528301886
341, 298, 52, 0.9999999999999999, 45939370, 0, 0, 0, 0.018867924528301886
342, 299, 52, 0.9999999999999999, 45939370, 0, 0, 0, 0.018867924528301886
343, 300, 52, 0.9999999999999999, 45939370, 0, 0, 0, 0.018867924528301886
344, 301, 52, 0.9999999999999999, 45939370, 0, 0, 0, 0.018867924528301886
345, 302, 32, 0.999999999994243, 46896479, 0, 0, 0, 0.03773584905660377
346, 303, 16, 0.9999988364591347, 47264490, 0, 0, 0, 0.07547169811320754
347, 304, 52, 0.9999999999999999, 45939370, 0, 0, 0, 0.018867924528301886
348, 305, 52, 0.9999999999999999, 45939370, 0, 0, 0, 0.018867924528301886
349, 306, 7, 0.9993252531994925, 47608215, 0, 1, 0, 0.0784313725490196
350, 307, 31, 0.9999999998206868, 46904580, 0, 0, 0, 0.06060606060606061
351, 308, 32, 0.9999999998835847, 46896479, 0, 0, 0, 0.030303030303030304
352, 309, 28, 0.9999999981373549, 46910728, 0, 0, 0, 0.034482758620689655
353, 310, 28, 0.9999999981373549, 46910728, 0, 0, 0, 0.034482758620689655
354, 311, 14, 0.9999873316082653, 47271691, 0, 0, 0, 0.17391304347826086
355, 230, 16, 0.9999918937683105, 47264490, 0, 0, 0, 0.09523809523809523
356, 231, 16, 0.9999918937683105, 47264490, 0, 0, 0, 0.09523809523809523
357, 232, 16, 0.9999916538502436, 47264490, 0, 0, 0, 0.14285714285714285
358, 233, 16, 0.9999918858136592, 47264490, 0, 0, 0, 0.14285714285714285
359, 312, 16, 0.9999918639866698, 47264490, 0, 0, 0, 0.14285714285714285
360, 313, 16, 0.9999916185320561, 47264490, 0, 0, 0, 0.14285714285714285
361, 314, 12, 0.999984672166844, 47528689, 0, 0, 0, 0.19047619047619047
362, 315, 11, 0.9997520446777344, 47528793, 0, 0, 0, 0.1111111111111111
363, 316, 10, 0.999694086090336, 47564891, 0, 0, 0, 0.16666666666666666
364, 96, 4, 0.9827918141123871, 47614289, 0, 1, 0, 0.2222222222222222
365, 98, 11, 0.9997520446777344, 47528793, 0, 0, 1, 0.1111111111111111
366, 100, 11, 0.9997520446777344, 47528793, 0, 0, 0, 0.1111111111111111
367, 317, 10, 0.9997403967471523, 47564891, 0, 0, 0, 0.16666666666666666
368, 318, 10, 0.99951171875, 47564891, 0, 0, 1, 0.09090909090909091
369, 319, 4, 0.9832714569691301, 47614289, 1, 1, 0, 0.2857142857142857
370, 320, 4, 0.9826639155748919, 47614289, 1, 1, 0, 0.42857142857142855
