0, 0, 41, 0.9999999999999543, 6255463, 0, 0, 0, 0.03636363636363636
1, 1, 109, 1.0, 0, 0, 0, 0, 0.00909090909090909
2, 2, 109, 1.0, 0, 0, 0, 0, 0.00909090909090909
3, 3, 109, 1.0, 0, 0, 0, 0, 0.00909090909090909
4, 4, 98, 1.0, 9944, 0, 0, 0, 0.02727272727272727
5, 5, 98, 1.0, 9944, 0, 0, 0, 0.02727272727272727
6, 6, 98, 1.0, 9944, 0, 0, 0, 0.03636363636363636
7, 7, 109, 1.0, 0, 0, 0, 0, 0.00909090909090909
8, 8, 109, 1.0, 0, 0, 0, 0, 0.00909090909090909
9, 9, 109, 1.0, 0, 0, 0, 0, 0.00909090909090909
10, 10, 109, 1.0, 0, 0, 0, 0, 0.00909090909090909
11, 11, 109, 1.0, 0, 0, 0, 0, 0.00909090909090909
12, 12, 109, 1.0, 0, 0, 0, 0, 0.00909090909090909
13, 13, 109, 1.0, 0, 0, 0, 0, 0.00909090909090909
14, 14, 109, 1.0, 0, 0, 0, 0, 0.00909090909090909
15, 15, 109, 1.0, 0, 0, 0, 0, 0.00909090909090909
16, 16, 109, 1.0, 0, 0, 0, 0, 0.00909090909090909
17, 17, 109, 1.0, 0, 0, 0, 0, 0.00909090909090909
18, 18, 109, 1.0, 0, 0, 0, 0, 0.00909090909090909
19, 19, 109, 1.0, 0, 0, 0, 0, 0.00909090909090909
20, 20, 109, 1.0, 0, 0, 0, 0, 0.00909090909090909
21, 21, 109, 1.0, 0, 0, 0, 0, 0.00909090909090909
22, 22, 109, 1.0, 0, 0, 0, 0, 0.00909090909090909
23, 23, 98, 1.0, 9944, 0, 0, 0, 0.02727272727272727
24, 24, 109, 1.0, 0, 0, 0, 0, 0.00909090909090909
25, 25, 109, 1.0, 0, 0, 0, 0, 0.00909090909090909
26, 26, 109, 1.0, 0, 0, 0, 0, 0.00909090909090909
27, 27, 109, 1.0, 0, 0, 0, 0, 0.00909090909090909
28, 28, 109, 1.0, 0, 0, 0, 0, 0.00909090909090909
29, 29, 109, 1.0, 0, 0, 0, 0, 0.00909090909090909
30, 30, 109, 1.0, 0, 0, 0, 0, 0.00909090909090909
31, 31, 109, 1.0, 0, 0, 0, 0, 0.00909090909090909
32, 32, 109, 1.0, 0, 0, 0, 0, 0.00909090909090909
33, 33, 109, 1.0, 0, 0, 0, 0, 0.00909090909090909
34, 34, 46, 0.9999999999999984, 3765880, 0, 0, 0, 0.05454545454545454
35, 35, 109, 1.0, 0, 0, 0, 0, 0.00909090909090909
36, 36, 109, 1.0, 0, 0, 0, 0, 0.00909090909090909
37, 37, 109, 1.0, 0, 0, 0, 0, 0.00909090909090909
38, 38, 109, 1.0, 0, 0, 0, 0, 0.00909090909090909
39, 39, 109, 1.0, 0, 0, 0, 0, 0.00909090909090909
40, 40, 109, 1.0, 0, 0, 0, 0, 0.00909090909090909
41, 41, 109, 1.0, 0, 0, 0, 0, 0.00909090909090909
42, 42, 109, 1.0, 0, 0, 0, 0, 0.00909090909090909
43, 43, 109, 1.0, 0, 0, 0, 0, 0.00909090909090909
44, 44, 109, 1.0, 0, 0, 0, 0, 0.00909090909090909
45, 45, 109, 1.0, 0, 0, 0, 0, 0.00909090909090909
46, 46, 109, 1.0, 0, 0, 0, 0, 0.00909090909090909
47, 47, 109, 1.0, 0, 0, 0, 0, 0.00909090909090909
48, 48, 109, 1.0, 0, 0, 0, 0, 0.00909090909090909
49, 49, 109, 1.0, 0, 0, 0, 0, 0.00909090909090909
50, 50, 109, 1.0, 0, 0, 0, 0, 0.00909090909090909
51, 51, 109, 1.0, 0, 0, 0, 0, 0.00909090909090909
52, 52, 109, 1.0, 0, 0, 0, 0, 0.00909090909090909
53, 53, 109, 1.0, 0, 0, 0, 0, 0.00909090909090909
54, 54, 109, 1.0, 0, 0, 0, 0, 0.00909090909090909
55, 55, 109, 1.0, 0, 0, 0, 0, 0.00909090909090909
56, 56, 109, 1.0, 0, 0, 0, 0, 0.00909090909090909
57, 57, 109, 1.0, 0, 0, 0, 0, 0.00909090909090909
58, 23, 109, 1.0, 0, 0, 0, 0, 0.00909090909090909
59, 58, 36, 0.9999999999990983, 10107300, 0, 0, 0, 0.06363636363636363
60, 59, 5, 0.9998899312746732, 14030633, 0, 1, 0, 0.05454545454545454
61, 60, 5, 0.9950335132127884, 14030633, 0, 1, 0, 0.17272727272727273
62, 61, 109, 1.0, 0, 0, 0, 0, 0.00909090909090909
63, 62, 98, 1.0, 9944, 0, 0, 0, 0.02727272727272727
64, 63, 98, 1.0, 9944, 0, 0, 0, 0.03636363636363636
65, 64, 109, 1.0, 0, 0, 0, 0, 0.00909090909090909
66, 65, 109, 1.0, 0, 0, 0, 0, 0.00909090909090909
67, 66, 18, 0.999998077750206, 10918070, 0, 0, 1, 0.02727272727272727
68, 67, 18, 0.999998077750206, 10918070, 0, 0, 1, 0.02727272727272727
69, 68, 109, 1.0, 0, 0, 0, 0, 0.00909090909090909
70, 69, 17, 0.999998191159334, 10921329, 0, 0, 0, 0.05454545454545454
71, 70, 109, 1.0, 0, 0, 0, 0, 0.00909090909090909
72, 71, 109, 1.0, 0, 0, 0, 0, 0.00909090909090909
73, 16, 109, 1.0, 0, 0, 0, 0, 0.00909090909090909
74, 18, 109, 1.0, 0, 0, 0, 0, 0.00909090909090909
75, 19, 109, 1.0, 0, 0, 0, 0, 0.00909090909090909
76, 20, 109, 1.0, 0, 0, 0, 0, 0.00909090909090909
77, 72, 17, 0.9999941339080106, 10921329, 0, 0, 0, 0.1
78, 73, 18, 0.999998077750206, 10918070, 0, 0, 1, 0.05454545454545454
79, 74, 18, 0.999998077750206, 10918070, 0, 0, 1, 0.02727272727272727
80, 75, 18, 0.999998077750206, 10918070, 0, 0, 1, 0.02727272727272727
81, 76, 18, 0.999998077750206, 10918070, 0, 0, 1, 0.07272727272727272
82, 77, 18, 0.999998077750206, 10918070, 0, 0, 1, 0.05454545454545454
83, 78, 18, 0.999998077750206, 10918070, 0, 0, 1, 0.02727272727272727
84, 79, 109, 1.0, 0, 0, 0, 0, 0.00909090909090909
85, 80, 109, 1.0, 0, 0, 0, 0, 0.00909090909090909
86, 81, 109, 1.0, 0, 0, 0, 0, 0.00909090909090909
87, 82, 109, 1.0, 0, 0, 0, 0, 0.00909090909090909
88, 83, 98, 1.0, 9944, 0, 0, 0, 0.02727272727272727
89, 84, 98, 1.0, 9944, 0, 0, 0, 0.02727272727272727
90, 85, 98, 1.0, 9944, 0, 0, 0, 0.02727272727272727
91, 86, 98, 1.0, 9944, 0, 0, 0, 0.02727272727272727
92, 87, 17, 0.9999997089150937, 10921329, 0, 0, 0, 0.07272727272727272
93, 88, 109, 1.0, 0, 0, 0, 0, 0.00909090909090909
94, 89, 98, 1.0, 9944, 0, 0, 0, 0.02727272727272727
95, 90, 98, 1.0, 9944, 0, 0, 0, 0.02727272727272727
96, 91, 109, 1.0, 0, 0, 0, 0, 0.00909090909090909
97, 68, 18, 0.999998077750206, 10918070, 0, 0, 1, 0.02727272727272727
98, 92, 18, 0.999998077750206, 10918070, 0, 0, 1, 0.05454545454545454
99, 93, 18, 0.999998077750206, 10918070, 0, 0, 1, 0.02727272727272727
100, 94, 18, 0.9999980411278024, 10918070, 0, 0, 1, 0.15454545454545454
101, 95, 18, 0.9999980926513672, 10918070, 0, 0, 1, 0.01818181818181818
102, 96, 18, 0.9999980926513672, 10918070, 0, 0, 1, 0.045454545454545456
103, 97, 17, 0.9999995501473005, 10921329, 0, 0, 0, 0.05454545454545454
104, 98, 17, 0.9999999662635539, 10921329, 0, 0, 0, 0.09090909090909091
105, 99, 17, 0.9999999395108707, 10921329, 0, 0, 0, 0.05454545454545454
106, 100, 17, 0.999999837282437, 10921329, 0, 0, 0, 0.09090909090909091
107, 101, 98, 1.0, 9944, 0, 0, 0, 0.03636363636363636
108, 102, 109, 1.0, 0, 0, 0, 0, 0.00909090909090909
109, 103, 17, 0.9999997861945855, 10921329, 0, 0, 0, 0.08181818181818182
110, 104, 17, 0.9999999409998808, 10921329, 0, 0, 0, 0.08181818181818182
111, 105, 17, 0.9999999523073994, 10921329, 0, 0, 0, 0.08181818181818182
112, 106, 17, 0.9999998793666383, 10921329, 0, 0, 0, 0.05454545454545454
113, 107, 17, 0.9999999610861039, 10921329, 0, 0, 0, 0.08181818181818182
114, 108, 109, 1.0, 0, 0, 0, 0, 0.00909090909090909
115, 109, 18, 0.999998077750206, 10918070, 0, 0, 1, 0.05454545454545454
116, 110, 109, 1.0, 0, 0, 0, 0, 0.00909090909090909
117, 111, 109, 1.0, 0, 0, 0, 0, 0.00909090909090909
118, 112, 109, 1.0, 0, 0, 0, 0, 0.00909090909090909
119, 113, 109, 1.0, 0, 0, 0, 0, 0.00909090909090909
120, 114, 109, 1.0, 0, 0, 0, 0, 0.00909090909090909
121, 115, 109, 1.0, 0, 0, 0, 0, 0.00909090909090909
122, 116, 109, 1.0, 0, 0, 0, 0, 0.00909090909090909
123, 117, 109, 1.0, 0, 0, 0, 0, 0.00909090909090909
124, 118, 109, 1.0, 0, 0, 0, 0, 0.00909090909090909
125, 119, 109, 1.0, 0, 0, 0, 0, 0.00909090909090909
126, 120, 109, 1.0, 0, 0, 0, 0, 0.00909090909090909
127, 121, 109, 1.0, 0, 0, 0, 0, 0.00909090909090909
128, 122, 109, 1.0, 0, 0, 0, 0, 0.00909090909090909
129, 123, 83, 1.0, 106134, 0, 0, 0, 0.03636363636363636
130, 124, 109, 1.0, 0, 0, 0, 0, 0.00909090909090909
131, 125, 109, 1.0, 0, 0, 0, 0, 0.00909090909090909
132, 126, 109, 1.0, 0, 0, 0, 0, 0.00909090909090909
133, 127, 109, 1.0, 0, 0, 0, 0, 0.00909090909090909
134, 128, 109, 1.0, 0, 0, 0, 0, 0.00909090909090909
135, 129, 109, 1.0, 0, 0, 0, 0, 0.00909090909090909
136, 130, 109, 1.0, 0, 0, 0, 0, 0.00909090909090909
137, 131, 109, 1.0, 0, 0, 0, 0, 0.00909090909090909
138, 132, 109, 1.0, 0, 0, 0, 0, 0.00909090909090909
139, 133, 109, 1.0, 0, 0, 0, 0, 0.00909090909090909
140, 134, 109, 1.0, 0, 0, 0, 0, 0.00909090909090909
141, 135, 109, 1.0, 0, 0, 0, 0, 0.00909090909090909
142, 136, 109, 1.0, 0, 0, 0, 0, 0.00909090909090909
143, 137, 109, 1.0, 0, 0, 0, 0, 0.00909090909090909
144, 138, 109, 1.0, 0, 0, 0, 0, 0.00909090909090909
145, 139, 109, 1.0, 0, 0, 0, 0, 0.00909090909090909
146, 140, 109, 1.0, 0, 0, 0, 0, 0.00909090909090909
147, 141, 109, 1.0, 0, 0, 0, 0, 0.00909090909090909
148, 142, 109, 1.0, 0, 0, 0, 0, 0.00909090909090909
149, 143, 109, 1.0, 0, 0, 0, 0, 0.00909090909090909
150, 144, 109, 1.0, 0, 0, 0, 0, 0.00909090909090909
151, 145, 109, 1.0, 0, 0, 0, 0, 0.00909090909090909
152, 146, 109, 1.0, 0, 0, 0, 0, 0.00909090909090909
153, 147, 109, 1.0, 0, 0, 0, 0, 0.00909090909090909
154, 148, 109, 1.0, 0, 0, 0, 0, 0.00909090909090909
155, 149, 109, 1.0, 0, 0, 0, 0, 0.00909090909090909
156, 150, 109, 1.0, 0, 0, 0, 0, 0.00909090909090909
157, 151, 109, 1.0, 0, 0, 0, 0, 0.00909090909090909
158, 152, 109, 1.0, 0, 0, 0, 0, 0.00909090909090909
159, 153, 109, 1.0, 0, 0, 0, 0, 0.00909090909090909
160, 154, 109, 1.0, 0, 0, 0, 0, 0.00909090909090909
161, 155, 109, 1.0, 0, 0, 0, 0, 0.00909090909090909
162, 156, 109, 1.0, 0, 0, 0, 0, 0.00909090909090909
163, 157, 109, 1.0, 0, 0, 0, 0, 0.00909090909090909
164, 158, 109, 1.0, 0, 0, 0, 0, 0.00909090909090909
165, 159, 17, 0.999999349799488, 10921329, 0, 0, 0, 0.08181818181818182
166, 160, 109, 1.0, 0, 0, 0, 0, 0.00909090909090909
167, 161, 109, 1.0, 0, 0, 0, 0, 0.00909090909090909
168, 162, 109, 1.0, 0, 0, 0, 0, 0.00909090909090909
169, 163, 109, 1.0, 0, 0, 0, 0, 0.00909090909090909
170, 164, 109, 1.0, 0, 0, 0, 0, 0.00909090909090909
171, 165, 109, 1.0, 0, 0, 0, 0, 0.00909090909090909
172, 166, 109, 1.0, 0, 0, 0, 0, 0.00909090909090909
173, 167, 109, 1.0, 0, 0, 0, 0, 0.00909090909090909
174, 168, 109, 1.0, 0, 0, 0, 0, 0.00909090909090909
175, 169, 109, 1.0, 0, 0, 0, 0, 0.00909090909090909
176, 170, 109, 1.0, 0, 0, 0, 0, 0.00909090909090909
177, 171, 109, 1.0, 0, 0, 0, 0, 0.00909090909090909
178, 172, 109, 1.0, 0, 0, 0, 0, 0.00909090909090909
179, 173, 109, 1.0, 0, 0, 0, 0, 0.00909090909090909
180, 174, 109, 1.0, 0, 0, 0, 0, 0.00909090909090909
181, 175, 109, 1.0, 0, 0, 0, 0, 0.00909090909090909
182, 176, 109, 1.0, 0, 0, 0, 0, 0.00909090909090909
183, 177, 109, 1.0, 0, 0, 0, 0, 0.00909090909090909
184, 178, 109, 1.0, 0, 0, 0, 0, 0.00909090909090909
185, 179, 109, 1.0, 0, 0, 0, 0, 0.00909090909090909
186, 180, 109, 1.0, 0, 0, 0, 0, 0.00909090909090909
187, 181, 109, 1.0, 0, 0, 0, 0, 0.00909090909090909
188, 182, 109, 1.0, 0, 0, 0, 0, 0.00909090909090909
189, 183, 109, 1.0, 0, 0, 0, 0, 0.00909090909090909
190, 184, 109, 1.0, 0, 0, 0, 0, 0.00909090909090909
191, 185, 109, 1.0, 0, 0, 0, 0, 0.00909090909090909
192, 186, 109, 1.0, 0, 0, 0, 0, 0.00909090909090909
193, 187, 109, 1.0, 0, 0, 0, 0, 0.00909090909090909
194, 188, 109, 1.0, 0, 0, 0, 0, 0.00909090909090909
195, 189, 109, 1.0, 0, 0, 0, 0, 0.00909090909090909
196, 190, 109, 1.0, 0, 0, 0, 0, 0.00909090909090909
197, 191, 109, 1.0, 0, 0, 0, 0, 0.00909090909090909
198, 192, 109, 1.0, 0, 0, 0, 0, 0.00909090909090909
199, 193, 109, 1.0, 0, 0, 0, 0, 0.00909090909090909
200, 194, 109, 1.0, 0, 0, 0, 0, 0.00909090909090909
201, 195, 109, 1.0, 0, 0, 0, 0, 0.00909090909090909
202, 196, 109, 1.0, 0, 0, 0, 0, 0.00909090909090909
203, 197, 109, 1.0, 0, 0, 0, 0, 0.00909090909090909
204, 198, 109, 1.0, 0, 0, 0, 0, 0.00909090909090909
205, 199, 109, 1.0, 0, 0, 0, 0, 0.00909090909090909
206, 200, 109, 1.0, 0, 0, 0, 0, 0.00909090909090909
207, 201, 109, 1.0, 0, 0, 0, 0, 0.00909090909090909
208, 202, 109, 1.0, 0, 0, 0, 0, 0.00909090909090909
209, 203, 109, 1.0, 0, 0, 0, 0, 0.00909090909090909
210, 204, 109, 1.0, 0, 0, 0, 0, 0.00909090909090909
211, 205, 109, 1.0, 0, 0, 0, 0, 0.00909090909090909
212, 206, 17, 0.9999999898814396, 10921329, 0, 0, 0, 0.01818181818181818
213, 207, 17, 0.9999999864245649, 10921329, 0, 0, 0, 0.01818181818181818
214, 208, 109, 1.0, 0, 0, 0, 0, 0.00909090909090909
215, 209, 109, 1.0, 0, 0, 0, 0, 0.00909090909090909
216, 210, 109, 1.0, 0, 0, 0, 0, 0.00909090909090909
217, 211, 109, 1.0, 0, 0, 0, 0, 0.00909090909090909
218, 112, 109, 1.0, 0, 0, 0, 0, 0.00909090909090909
219, 113, 109, 1.0, 0, 0, 0, 0, 0.00909090909090909
220, 212, 109, 1.0, 0, 0, 0, 0, 0.00909090909090909
221, 114, 109, 1.0, 0, 0, 0, 0, 0.00909090909090909
222, 213, 82, 1.0, 245470, 0, 0, 0, 0.01818181818181818
223, 115, 109, 1.0, 0, 0, 0, 0, 0.00909090909090909
224, 116, 109, 1.0, 0, 0, 0, 0, 0.00909090909090909
225, 117, 109, 1.0, 0, 0, 0, 0, 0.00909090909090909
226, 118, 109, 1.0, 0, 0, 0, 0, 0.00909090909090909
227, 119, 109, 1.0, 0, 0, 0, 0, 0.00909090909090909
228, 120, 109, 1.0, 0, 0, 0, 0, 0.00909090909090909
229, 121, 109, 1.0, 0, 0, 0, 0, 0.00909090909090909
230, 122, 109, 1.0, 0, 0, 0, 0, 0.00909090909090909
231, 123, 109, 1.0, 0, 0, 0, 0, 0.00909090909090909
232, 124, 109, 1.0, 0, 0, 0, 0, 0.00909090909090909
233, 214, 109, 1.0, 0, 0, 0, 0, 0.00909090909090909
234, 126, 85, 1.0, 67827, 0, 0, 0, 0.01818181818181818
235, 127, 85, 1.0, 67827, 0, 0, 0, 0.01818181818181818
236, 128, 109, 1.0, 0, 0, 0, 0, 0.00909090909090909
237, 129, 109, 1.0, 0, 0, 0, 0, 0.00909090909090909
238, 130, 109, 1.0, 0, 0, 0, 0, 0.00909090909090909
239, 131, 109, 1.0, 0, 0, 0, 0, 0.00909090909090909
240, 132, 109, 1.0, 0, 0, 0, 0, 0.00909090909090909
241, 133, 109, 1.0, 0, 0, 0, 0, 0.00909090909090909
242, 134, 109, 1.0, 0, 0, 0, 0, 0.00909090909090909
243, 135, 109, 1.0, 0, 0, 0, 0, 0.00909090909090909
244, 136, 109, 1.0, 0, 0, 0, 0, 0.00909090909090909
245, 137, 109, 1.0, 0, 0, 0, 0, 0.00909090909090909
246, 138, 109, 1.0, 0, 0, 0, 0, 0.00909090909090909
247, 139, 109, 1.0, 0, 0, 0, 0, 0.00909090909090909
248, 140, 109, 1.0, 0, 0, 0, 0, 0.00909090909090909
249, 141, 109, 1.0, 0, 0, 0, 0, 0.00909090909090909
250, 142, 109, 1.0, 0, 0, 0, 0, 0.00909090909090909
251, 143, 109, 1.0, 0, 0, 0, 0, 0.00909090909090909
252, 144, 109, 1.0, 0, 0, 0, 0, 0.00909090909090909
253, 145, 109, 1.0, 0, 0, 0, 0, 0.00909090909090909
254, 146, 109, 1.0, 0, 0, 0, 0, 0.00909090909090909
255, 147, 17, 0.9999999874927958, 10921329, 0, 0, 0, 0.045454545454545456
256, 148, 109, 1.0, 0, 0, 0, 0, 0.00909090909090909
257, 149, 109, 1.0, 0, 0, 0, 0, 0.00909090909090909
258, 150, 109, 1.0, 0, 0, 0, 0, 0.00909090909090909
259, 151, 109, 1.0, 0, 0, 0, 0, 0.00909090909090909
260, 152, 109, 1.0, 0, 0, 0, 0, 0.00909090909090909
261, 153, 109, 1.0, 0, 0, 0, 0, 0.00909090909090909
262, 154, 109, 1.0, 0, 0, 0, 0, 0.00909090909090909
263, 155, 17, 0.9999999905809944, 10921329, 0, 0, 0, 0.01818181818181818
264, 156, 17, 0.9999999743980049, 10921329, 0, 0, 0, 0.01818181818181818
265, 157, 17, 0.9999999758563465, 10921329, 0, 0, 0, 0.01818181818181818
266, 158, 17, 0.9999999764524861, 10921329, 0, 0, 0, 0.01818181818181818
267, 215, 109, 1.0, 0, 0, 0, 0, 0.00909090909090909
268, 216, 13, 0.9999978719195977, 11004221, 0, 0, 0, 0.06363636363636363
269, 217, 109, 1.0, 0, 0, 0, 0, 0.00909090909090909
270, 218, 109, 1.0, 0, 0, 0, 0, 0.00909090909090909
271, 219, 109, 1.0, 0, 0, 0, 0, 0.00909090909090909
272, 11, 109, 1.0, 0, 0, 0, 0, 0.00909090909090909
273, 45, 109, 1.0, 0, 0, 0, 0, 0.00909090909090909
274, 217, 109, 1.0, 0, 0, 0, 0, 0.00909090909090909
275, 13, 99, 1.0, 8949, 0, 0, 0, 0.01818181818181818
276, 220, 98, 1.0, 9944, 0, 0, 0, 0.02727272727272727
277, 221, 109, 1.0, 0, 0, 0, 0, 0.00909090909090909
278, 222, 109, 1.0, 0, 0, 0, 0, 0.00909090909090909
279, 223, 109, 1.0, 0, 0, 0, 0, 0.00909090909090909
280, 224, 98, 1.0, 9944, 0, 0, 0, 0.02727272727272727
281, 225, 109, 1.0, 0, 0, 0, 0, 0.00909090909090909
282, 226, 98, 1.0, 9944, 0, 0, 0, 0.02727272727272727
283, 227, 12, 0.9999980218611147, 11013618, 0, 0, 0, 0.01818181818181818
284, 228, 109, 1.0, 0, 0, 0, 1, 0.00909090909090909
285, 229, 109, 1.0, 0, 0, 0, 0, 0.00909090909090909
286, 230, 109, 1.0, 0, 0, 0, 0, 0.00909090909090909
287, 231, 109, 1.0, 0, 0, 0, 0, 0.00909090909090909
288, 232, 109, 1.0, 0, 0, 0, 0, 0.00909090909090909
289, 233, 109, 1.0, 0, 0, 0, 0, 0.00909090909090909
290, 234, 98, 1.0, 9944, 0, 0, 0, 0.03636363636363636
291, 235, 98, 1.0, 9944, 0, 0, 0, 0.03636363636363636
292, 236, 98, 1.0, 9944, 0, 0, 0, 0.03636363636363636
293, 237, 98, 1.0, 9944, 0, 0, 0, 0.03636363636363636
294, 238, 5, 0.9954769736842105, 14030633, 0, 1, 0, 0.01818181818181818
295, 239, 109, 1.0, 0, 0, 0, 0, 0.00909090909090909
296, 240, 109, 1.0, 0, 0, 0, 0, 0.00909090909090909
297, 241, 109, 1.0, 0, 0, 0, 0, 0.00909090909090909
298, 242, 109, 1.0, 0, 0, 0, 0, 0.00909090909090909
299, 243, 109, 1.0, 0, 0, 0, 0, 0.00909090909090909
300, 244, 98, 1.0, 9944, 0, 0, 0, 0.03636363636363636
301, 245, 109, 1.0, 0, 0, 0, 0, 0.00909090909090909
302, 246, 109, 1.0, 0, 0, 0, 0, 0.00909090909090909
303, 247, 109, 1.0, 0, 0, 0, 0, 0.00909090909090909
304, 248, 109, 1.0, 0, 0, 0, 0, 0.00909090909090909
305, 249, 109, 1.0, 0, 0, 0, 0, 0.00909090909090909
306, 250, 109, 1.0, 0, 0, 0, 0, 0.00909090909090909
307, 251, 109, 1.0, 0, 0, 0, 0, 0.00909090909090909
308, 252, 109, 1.0, 0, 0, 0, 0, 0.00909090909090909
309, 253, 109, 1.0, 0, 0, 0, 0, 0.00909090909090909
310, 254, 109, 1.0, 0, 0, 0, 0, 0.00909090909090909
311, 255, 109, 1.0, 0, 0, 0, 0, 0.00909090909090909
312, 256, 109, 1.0, 0, 0, 0, 0, 0.00909090909090909
313, 245, 109, 1.0, 0, 0, 0, 0, 0.00909090909090909
314, 246, 109, 1.0, 0, 0, 0, 0, 0.00909090909090909
315, 247, 109, 1.0, 0, 0, 0, 0, 0.00909090909090909
316, 248, 109, 1.0, 0, 0, 0, 0, 0.00909090909090909
317, 249, 109, 1.0, 0, 0, 0, 0, 0.00909090909090909
318, 250, 109, 1.0, 0, 0, 0, 0, 0.00909090909090909
319, 251, 109, 1.0, 0, 0, 0, 0, 0.00909090909090909
320, 252, 109, 1.0, 0, 0, 0, 0, 0.00909090909090909
321, 253, 109, 1.0, 0, 0, 0, 0, 0.00909090909090909
322, 254, 109, 1.0, 0, 0, 0, 0, 0.00909090909090909
323, 255, 109, 1.0, 0, 0, 0, 0, 0.00909090909090909
324, 256, 109, 1.0, 0, 0, 0, 0, 0.00909090909090909
325, 257, 109, 1.0, 0, 0, 0, 0, 0.00909090909090909
326, 258, 109, 1.0, 0, 0, 0, 0, 0.00909090909090909
327, 259, 109, 1.0, 0, 0, 0, 0, 0.00909090909090909
328, 259, 109, 1.0, 0, 0, 0, 0, 0.00909090909090909
329, 260, 109, 1.0, 0, 0, 0, 0, 0.00909090909090909
330, 261, 109, 1.0, 0, 0, 0, 0, 0.00909090909090909
331, 262, 109, 1.0, 0, 0, 0, 0, 0.00909090909090909
332, 263, 98, 1.0, 9944, 0, 0, 0, 0.02727272727272727
333, 259, 109, 1.0, 0, 0, 0, 0, 0.00909090909090909
334, 264, 109, 1.0, 0, 0, 0, 0, 0.00909090909090909
335, 263, 109, 1.0, 0, 0, 0, 0, 0.00909090909090909
336, 259, 109, 1.0, 0, 0, 0, 0, 0.00909090909090909
337, 265, 109, 1.0, 0, 0, 0, 0, 0.00909090909090909
338, 266, 109, 1.0, 0, 0, 0, 0, 0.00909090909090909
339, 267, 98, 1.0, 9944, 0, 0, 0, 0.03636363636363636
340, 265, 109, 1.0, 0, 0, 0, 0, 0.00909090909090909
341, 268, 109, 1.0, 0, 0, 0, 0, 0.00909090909090909
342, 269, 109, 1.0, 0, 0, 0, 0, 0.00909090909090909
343, 266, 109, 1.0, 0, 0, 0, 0, 0.00909090909090909
344, 270, 98, 1.0, 9944, 0, 0, 0, 0.02727272727272727
345, 271, 109, 1.0, 0, 0, 0, 0, 0.00909090909090909
346, 265, 109, 1.0, 0, 0, 0, 0, 0.00909090909090909
347, 266, 109, 1.0, 0, 0, 0, 0, 0.00909090909090909
348, 272, 109, 1.0, 0, 0, 0, 0, 0.00909090909090909
349, 273, 46, 0.9999999999999957, 3765880, 0, 0, 0, 0.06363636363636363
350, 274, 109, 1.0, 0, 0, 0, 0, 0.00909090909090909
351, 275, 98, 1.0, 9944, 0, 0, 0, 0.02727272727272727
352, 276, 17, 0.9999949602295062, 10921329, 0, 0, 0, 0.10909090909090909
353, 277, 18, 0.9999980925931595, 10918070, 0, 0, 1, 0.02727272727272727
354, 278, 109, 1.0, 0, 0, 0, 0, 0.00909090909090909
355, 279, 17, 0.9999992262910427, 10921329, 0, 0, 0, 0.05454545454545454
356, 280, 109, 1.0, 0, 0, 0, 0, 0.00909090909090909
357, 281, 109, 1.0, 0, 0, 0, 0, 0.00909090909090909
358, 282, 109, 1.0, 0, 0, 0, 0, 0.00909090909090909
359, 283, 109, 1.0, 0, 0, 0, 0, 0.00909090909090909
360, 284, 109, 1.0, 0, 0, 0, 0, 0.00909090909090909
361, 285, 100, 1.0, 7801, 0, 0, 1, 0.01818181818181818
362, 286, 100, 1.0, 7801, 0, 0, 1, 0.01818181818181818
363, 287, 98, 1.0, 9944, 0, 0, 1, 0.02727272727272727
364, 288, 100, 1.0, 7801, 0, 0, 1, 0.01818181818181818
365, 289, 100, 1.0, 7801, 0, 0, 1, 0.01818181818181818
366, 290, 100, 1.0, 7801, 0, 0, 1, 0.01818181818181818
367, 291, 100, 1.0, 7801, 0, 0, 1, 0.01818181818181818
368, 292, 100, 1.0, 7801, 0, 0, 1, 0.01818181818181818
369, 293, 100, 1.0, 7801, 0, 0, 1, 0.01818181818181818
370, 294, 100, 1.0, 7801, 0, 0, 1, 0.01818181818181818
371, 295, 100, 1.0, 7801, 0, 0, 1, 0.01818181818181818
372, 296, 109, 1.0, 0, 0, 0, 0, 0.00909090909090909
373, 297, 109, 1.0, 0, 0, 0, 0, 0.00909090909090909
374, 298, 109, 1.0, 0, 0, 0, 0, 0.00909090909090909
375, 299, 109, 1.0, 0, 0, 0, 0, 0.00909090909090909
376, 300, 109, 1.0, 0, 0, 0, 0, 0.00909090909090909
377, 301, 62, 1.0, 2848600, 0, 0, 0, 0.09090909090909091
378, 302, 109, 1.0, 0, 0, 0, 0, 0.00909090909090909
379, 303, 109, 1.0, 0, 0, 0, 0, 0.00909090909090909
380, 304, 109, 1.0, 0, 0, 0, 0, 0.00909090909090909
381, 305, 109, 1.0, 0, 0, 0, 0, 0.00909090909090909
382, 306, 109, 1.0, 0, 0, 0, 0, 0.00909090909090909
383, 307, 109, 1.0, 0, 0, 0, 0, 0.00909090909090909
384, 308, 98, 1.0, 9944, 0, 0, 0, 0.03636363636363636
385, 286, 100, 1.0, 7801, 0, 0, 1, 0.01818181818181818
386, 285, 100, 1.0, 7801, 0, 0, 1, 0.01818181818181818
387, 288, 100, 1.0, 7801, 0, 0, 1, 0.01818181818181818
388, 287, 100, 1.0, 7801, 0, 0, 1, 0.01818181818181818
389, 309, 100, 1.0, 7801, 0, 0, 1, 0.01818181818181818
390, 310, 100, 1.0, 7801, 0, 0, 1, 0.01818181818181818
391, 311, 100, 1.0, 7801, 0, 0, 1, 0.01818181818181818
392, 312, 100, 1.0, 7801, 0, 0, 1, 0.01818181818181818
393, 313, 100, 1.0, 7801, 0, 0, 1, 0.01818181818181818
394, 314, 100, 1.0, 7801, 0, 0, 1, 0.01818181818181818
395, 315, 100, 1.0, 7801, 0, 0, 1, 0.01818181818181818
396, 316, 100, 1.0, 7801, 0, 0, 1, 0.01818181818181818
397, 317, 100, 1.0, 7801, 0, 0, 1, 0.01818181818181818
398, 318, 100, 1.0, 7801, 0, 0, 1, 0.01818181818181818
399, 319, 100, 1.0, 7801, 0, 0, 1, 0.01818181818181818
400, 320, 100, 1.0, 7801, 0, 0, 1, 0.01818181818181818
401, 321, 100, 1.0, 7801, 0, 0, 1, 0.01818181818181818
402, 322, 100, 1.0, 7801, 0, 0, 1, 0.01818181818181818
403, 323, 100, 1.0, 7801, 0, 0, 1, 0.01818181818181818
404, 324, 100, 1.0, 7801, 0, 0, 1, 0.01818181818181818
405, 325, 100, 1.0, 7801, 0, 0, 1, 0.01818181818181818
406, 326, 100, 1.0, 7801, 0, 0, 1, 0.01818181818181818
407, 327, 100, 1.0, 7801, 0, 0, 1, 0.01818181818181818
408, 309, 100, 1.0, 7801, 0, 0, 1, 0.01818181818181818
409, 328, 100, 1.0, 7801, 0, 0, 1, 0.01818181818181818
410, 329, 100, 1.0, 7801, 0, 0, 1, 0.01818181818181818
411, 330, 98, 1.0, 9944, 0, 0, 1, 0.03636363636363636
412, 331, 100, 1.0, 7801, 0, 0, 1, 0.01818181818181818
413, 314, 100, 1.0, 7801, 0, 0, 1, 0.01818181818181818
414, 332, 100, 1.0, 7801, 0, 0, 1, 0.01818181818181818
415, 333, 100, 1.0, 7801, 0, 0, 1, 0.01818181818181818
416, 334, 100, 1.0, 7801, 0, 0, 1, 0.01818181818181818
417, 320, 100, 1.0, 7801, 0, 0, 1, 0.01818181818181818
418, 324, 100, 1.0, 7801, 0, 0, 1, 0.01818181818181818
419, 335, 100, 1.0, 7801, 0, 0, 1, 0.01818181818181818
420, 336, 100, 1.0, 7801, 0, 0, 1, 0.01818181818181818
421, 337, 100, 1.0, 7801, 0, 0, 1, 0.01818181818181818
422, 338, 100, 1.0, 7801, 0, 0, 1, 0.01818181818181818
423, 285, 100, 1.0, 7801, 0, 0, 1, 0.01818181818181818
424, 287, 100, 1.0, 7801, 0, 0, 1, 0.01818181818181818
425, 309, 100, 1.0, 7801, 0, 0, 1, 0.01818181818181818
426, 310, 100, 1.0, 7801, 0, 0, 1, 0.01818181818181818
427, 311, 100, 1.0, 7801, 0, 0, 1, 0.01818181818181818
428, 314, 100, 1.0, 7801, 0, 0, 1, 0.01818181818181818
429, 315, 100, 1.0, 7801, 0, 0, 1, 0.01818181818181818
430, 320, 100, 1.0, 7801, 0, 0, 1, 0.01818181818181818
431, 321, 100, 1.0, 7801, 0, 0, 1, 0.01818181818181818
432, 322, 100, 1.0, 7801, 0, 0, 1, 0.01818181818181818
433, 324, 100, 1.0, 7801, 0, 0, 1, 0.01818181818181818
434, 326, 100, 1.0, 7801, 0, 0, 1, 0.01818181818181818
435, 327, 100, 1.0, 7801, 0, 0, 1, 0.01818181818181818
436, 285, 100, 1.0, 7801, 0, 0, 1, 0.01818181818181818
437, 159, 100, 1.0, 7801, 0, 0, 1, 0.01818181818181818
438, 339, 109, 1.0, 0, 0, 0, 0, 0.00909090909090909
439, 340, 98, 1.0, 9944, 0, 0, 0, 0.03636363636363636
440, 341, 109, 1.0, 0, 0, 0, 0, 0.00909090909090909
441, 342, 98, 1.0, 9944, 0, 0, 0, 0.02727272727272727
442, 343, 98, 1.0, 9944, 0, 0, 0, 0.02727272727272727
443, 344, 98, 1.0, 9944, 0, 0, 0, 0.02727272727272727
444, 345, 98, 1.0, 9944, 0, 0, 0, 0.02727272727272727
445, 346, 109, 1.0, 0, 0, 0, 0, 0.00909090909090909
446, 347, 109, 1.0, 0, 0, 0, 0, 0.00909090909090909
447, 348, 18, 0.999998077750206, 10918070, 0, 0, 1, 0.02727272727272727
448, 349, 18, 0.999998077750206, 10918070, 0, 0, 1, 0.02727272727272727
449, 350, 18, 0.999998077750206, 10918070, 0, 0, 1, 0.02727272727272727
450, 351, 18, 0.999998077750206, 10918070, 0, 0, 1, 0.02727272727272727
451, 352, 18, 0.999998077750206, 10918070, 0, 0, 1, 0.045454545454545456
452, 353, 18, 0.999998077750206, 10918070, 0, 0, 1, 0.02727272727272727
453, 354, 109, 1.0, 0, 0, 0, 0, 0.00909090909090909
454, 355, 100, 1.0, 7801, 0, 0, 1, 0.01818181818181818
455, 356, 100, 1.0, 7801, 0, 0, 1, 0.01818181818181818
456, 357, 100, 1.0, 7801, 0, 0, 1, 0.01818181818181818
457, 285, 100, 1.0, 7801, 0, 0, 1, 0.01818181818181818
458, 355, 100, 1.0, 7801, 0, 0, 1, 0.01818181818181818
459, 358, 100, 1.0, 7801, 0, 0, 1, 0.01818181818181818
460, 356, 100, 1.0, 7801, 0, 0, 1, 0.01818181818181818
461, 359, 100, 1.0, 7801, 0, 0, 1, 0.01818181818181818
462, 360, 100, 1.0, 7801, 0, 0, 1, 0.01818181818181818
463, 361, 100, 1.0, 7801, 0, 0, 1, 0.01818181818181818
464, 357, 100, 1.0, 7801, 0, 0, 1, 0.01818181818181818
465, 362, 100, 1.0, 7801, 0, 0, 1, 0.01818181818181818
466, 363, 109, 1.0, 0, 0, 0, 0, 0.00909090909090909
467, 245, 109, 1.0, 0, 0, 0, 0, 0.00909090909090909
468, 246, 109, 1.0, 0, 0, 0, 0, 0.00909090909090909
469, 247, 109, 1.0, 0, 0, 0, 0, 0.00909090909090909
470, 248, 109, 1.0, 0, 0, 0, 0, 0.00909090909090909
471, 249, 109, 1.0, 0, 0, 0, 0, 0.00909090909090909
472, 250, 109, 1.0, 0, 0, 0, 0, 0.00909090909090909
473, 251, 109, 1.0, 0, 0, 0, 0, 0.00909090909090909
474, 252, 109, 1.0, 0, 0, 0, 0, 0.00909090909090909
475, 253, 109, 1.0, 0, 0, 0, 0, 0.00909090909090909
476, 254, 109, 1.0, 0, 0, 0, 0, 0.00909090909090909
477, 255, 109, 1.0, 0, 0, 0, 0, 0.00909090909090909
478, 256, 109, 1.0, 0, 0, 0, 0, 0.00909090909090909
479, 285, 96, 1.0, 11736, 0, 0, 0, 0.0196078431372549
480, 286, 96, 1.0, 11736, 0, 0, 0, 0.0196078431372549
481, 287, 96, 1.0, 11736, 0, 0, 0, 0.0196078431372549
482, 288, 96, 1.0, 11736, 0, 0, 0, 0.0196078431372549
483, 289, 96, 1.0, 11736, 0, 0, 0, 0.0196078431372549
484, 290, 96, 1.0, 11736, 0, 0, 0, 0.0196078431372549
485, 291, 96, 1.0, 11736, 0, 0, 0, 0.0196078431372549
486, 292, 96, 1.0, 11736, 0, 0, 0, 0.0196078431372549
487, 293, 96, 1.0, 11736, 0, 0, 0, 0.0196078431372549
488, 294, 96, 1.0, 11736, 0, 0, 0, 0.0196078431372549
489, 295, 96, 1.0, 11736, 0, 0, 0, 0.0196078431372549
490, 286, 96, 1.0, 11736, 0, 0, 0, 0.0196078431372549
491, 285, 96, 1.0, 11736, 0, 0, 0, 0.0196078431372549
492, 288, 96, 1.0, 11736, 0, 0, 0, 0.0196078431372549
493, 287, 96, 1.0, 11736, 0, 0, 0, 0.0196078431372549
494, 309, 96, 1.0, 11736, 0, 0, 0, 0.0196078431372549
495, 310, 96, 1.0, 11736, 0, 0, 0, 0.0196078431372549
496, 311, 96, 1.0, 11736, 0, 0, 0, 0.0196078431372549
497, 312, 96, 1.0, 11736, 0, 0, 0, 0.0196078431372549
498, 313, 96, 1.0, 11736, 0, 0, 0, 0.0196078431372549
499, 314, 96, 1.0, 11736, 0, 0, 0, 0.0196078431372549
500, 315, 96, 1.0, 11736, 0, 0, 0, 0.0196078431372549
501, 316, 96, 1.0, 11736, 0, 0, 0, 0.0196078431372549
502, 317, 96, 1.0, 11736, 0, 0, 0, 0.0196078431372549
503, 318, 96, 1.0, 11736, 0, 0, 0, 0.0196078431372549
504, 319, 96, 1.0, 11736, 0, 0, 0, 0.0196078431372549
505, 320, 96, 1.0, 11736, 0, 0, 0, 0.0196078431372549
506, 321, 96, 1.0, 11736, 0, 0, 0, 0.0196078431372549
507, 322, 96, 1.0, 11736, 0, 0, 0, 0.0196078431372549
508, 323, 96, 1.0, 11736, 0, 0, 0, 0.0196078431372549
509, 324, 96, 1.0, 11736, 0, 0, 0, 0.0196078431372549
510, 325, 96, 1.0, 11736, 0, 0, 0, 0.0196078431372549
511, 326, 96, 1.0, 11736, 0, 0, 0, 0.0196078431372549
512, 327, 96, 1.0, 11736, 0, 0, 0, 0.0196078431372549
513, 309, 96, 1.0, 11736, 0, 0, 0, 0.0196078431372549
514, 328, 96, 1.0, 11736, 0, 0, 0, 0.0196078431372549
515, 329, 96, 1.0, 11736, 0, 0, 0, 0.0196078431372549
516, 330, 96, 1.0, 11736, 0, 0, 0, 0.0196078431372549
517, 331, 96, 1.0, 11736, 0, 0, 0, 0.0196078431372549
518, 314, 96, 1.0, 11736, 0, 0, 0, 0.0196078431372549
519, 332, 96, 1.0, 11736, 0, 0, 0, 0.0196078431372549
520, 333, 96, 1.0, 11736, 0, 0, 0, 0.0196078431372549
521, 334, 96, 1.0, 11736, 0, 0, 0, 0.0196078431372549
522, 320, 96, 1.0, 11736, 0, 0, 0, 0.0196078431372549
523, 324, 96, 1.0, 11736, 0, 0, 0, 0.0196078431372549
524, 335, 96, 1.0, 11736, 0, 0, 0, 0.0196078431372549
525, 336, 96, 1.0, 11736, 0, 0, 0, 0.0196078431372549
526, 337, 96, 1.0, 11736, 0, 0, 0, 0.0196078431372549
527, 338, 96, 1.0, 11736, 0, 0, 0, 0.0196078431372549
528, 285, 96, 1.0, 11736, 0, 0, 0, 0.0196078431372549
529, 287, 96, 1.0, 11736, 0, 0, 0, 0.0196078431372549
530, 309, 96, 1.0, 11736, 0, 0, 0, 0.0196078431372549
531, 310, 96, 1.0, 11736, 0, 0, 0, 0.0196078431372549
532, 311, 96, 1.0, 11736, 0, 0, 0, 0.0196078431372549
533, 314, 96, 1.0, 11736, 0, 0, 0, 0.0196078431372549
534, 315, 96, 1.0, 11736, 0, 0, 0, 0.0196078431372549
535, 320, 96, 1.0, 11736, 0, 0, 0, 0.0196078431372549
536, 321, 96, 1.0, 11736, 0, 0, 0, 0.0196078431372549
537, 322, 96, 1.0, 11736, 0, 0, 0, 0.0196078431372549
538, 324, 96, 1.0, 11736, 0, 0, 0, 0.0196078431372549
539, 326, 96, 1.0, 11736, 0, 0, 0, 0.0196078431372549
540, 327, 96, 1.0, 11736, 0, 0, 0, 0.0196078431372549
541, 285, 96, 1.0, 11736, 0, 0, 0, 0.0196078431372549
542, 159, 96, 1.0, 11736, 0, 0, 0, 0.0196078431372549
543, 355, 96, 1.0, 11736, 0, 0, 0, 0.0196078431372549
544, 356, 96, 1.0, 11736, 0, 0, 0, 0.0196078431372549
545, 357, 96, 1.0, 11736, 0, 0, 0, 0.0196078431372549
546, 285, 96, 1.0, 11736, 0, 0, 0, 0.0196078431372549
547, 355, 96, 1.0, 11736, 0, 0, 0, 0.0196078431372549
548, 358, 96, 1.0, 11736, 0, 0, 0, 0.0196078431372549
549, 356, 96, 1.0, 11736, 0, 0, 0, 0.0196078431372549
550, 359, 96, 1.0, 11736, 0, 0, 0, 0.0196078431372549
551, 360, 96, 1.0, 11736, 0, 0, 0, 0.0196078431372549
552, 361, 96, 1.0, 11736, 0, 0, 0, 0.0196078431372549
553, 357, 96, 1.0, 11736, 0, 0, 0, 0.0196078431372549
554, 362, 96, 1.0, 11736, 0, 0, 0, 0.0196078431372549
555, 364, 46, 0.9999999999999929, 3765880, 0, 0, 0, 0.04225352112676056
556, 365, 46, 0.9999999999999929, 3765880, 0, 0, 0, 0.04225352112676056
557, 364, 17, 0.9999999693187817, 10921329, 0, 0, 0, 0.056338028169014086
558, 366, 46, 0.9999999999999929, 3765880, 0, 0, 0, 0.07042253521126761
559, 367, 46, 0.9999999999999929, 3765880, 0, 0, 0, 0.04225352112676056
560, 45, 46, 0.9999999999999929, 3765880, 0, 0, 0, 0.04225352112676056
561, 368, 46, 0.9999999999999929, 3765880, 0, 0, 0, 0.04411764705882353
562, 369, 52, 0.9999999999999999, 2870096, 0, 0, 1, 0.030303030303030304
563, 370, 52, 0.9999999999999999, 2870096, 0, 0, 1, 0.030303030303030304
564, 371, 52, 0.9999999999999999, 2870096, 0, 0, 1, 0.030303030303030304
565, 372, 52, 0.9999999999999999, 2870096, 0, 0, 1, 0.030303030303030304
566, 373, 46, 0.9999999999999929, 3765880, 0, 0, 0, 0.03571428571428571
567, 374, 51, 0.9999999999999998, 3071676, 0, 0, 1, 0.019230769230769232
568, 375, 10, 0.9995117187499998, 11086827, 0, 0, 0, 0.038461538461538464
569, 376, 10, 0.9995117187499998, 11086827, 0, 0, 0, 0.038461538461538464
570, 375, 10, 0.9995117187499998, 11086827, 0, 0, 0, 0.038461538461538464
571, 377, 7, 0.9991787521028461, 11165012, 0, 1, 0, 0.09803921568627451
572, 370, 9, 0.9993663460485981, 11087980, 0, 1, 0, 0.06
573, 371, 9, 0.9994770888741126, 11087980, 0, 1, 0, 0.06
574, 372, 10, 0.9995117187499991, 11086827, 0, 0, 0, 0.04
575, 378, 13, 0.9999389648432953, 11004221, 0, 0, 0, 0.04878048780487805
576, 379, 17, 0.9999961256835377, 10921329, 0, 0, 0, 0.08333333333333333
577, 380, 25, 0.9999999849824235, 10887903, 0, 0, 1, 0.06060606060606061
578, 381, 25, 0.9999999849824235, 10887903, 0, 0, 1, 0.06060606060606061
579, 382, 17, 0.999996185186319, 10921329, 0, 0, 0, 0.06060606060606061
580, 383, 17, 0.999996185186319, 10921329, 0, 0, 0, 0.06060606060606061
581, 382, 17, 0.999996185186319, 10921329, 0, 0, 0, 0.06060606060606061
582, 384, 17, 0.9999957079999149, 10921329, 0, 0, 0, 0.0967741935483871
583, 385, 30, 0.9999999995343387, 10485885, 0, 0, 1, 0.03225806451612903
584, 386, 29, 0.9999999993924229, 10485899, 0, 0, 1, 0.06451612903225806
585, 387, 17, 0.9999957079999149, 10921329, 0, 0, 0, 0.0967741935483871
586, 388, 17, 0.9999957079999149, 10921329, 0, 0, 0, 0.0967741935483871
587, 388, 17, 0.9999957079999149, 10921329, 0, 0, 0, 0.0967741935483871
588, 389, 17, 0.9999957079999149, 10921329, 0, 0, 0, 0.0967741935483871
589, 390, 17, 0.9999957079999149, 10921329, 0, 0, 0, 0.0967741935483871
590, 391, 17, 0.9999957079999149, 10921329, 0, 0, 0, 0.0967741935483871
591, 392, 30, 0.9999999995343387, 10485885, 0, 0, 1, 0.03225806451612903
592, 388, 30, 0.9999999995343387, 10485885, 0, 0, 1, 0.03225806451612903
593, 73, 30, 0.9999999995343387, 10485885, 0, 0, 1, 0.03225806451612903
594, 388, 17, 0.9999957078880444, 10921329, 0, 0, 0, 0.12903225806451613
595, 387, 17, 0.9999957079999149, 10921329, 0, 0, 0, 0.0967741935483871
596, 388, 17, 0.9999957068301117, 10921329, 0, 0, 0, 0.16129032258064516
597, 388, 12, 0.9999119517271047, 11013618, 0, 0, 0, 0.12903225806451613
598, 388, 17, 0.9999957079398296, 10921329, 0, 0, 0, 0.12903225806451613
599, 385, 30, 0.9999999995343387, 10485885, 0, 0, 1, 0.03225806451612903
600, 387, 17, 0.9999957079999149, 10921329, 0, 0, 0, 0.0967741935483871
601, 393, 10, 0.9998703311602666, 11086827, 0, 0, 0, 0.16129032258064516
602, 387, 17, 0.9999957079999149, 10921329, 0, 0, 0, 0.0967741935483871
603, 385, 30, 0.9999999995343387, 10485885, 0, 0, 1, 0.03225806451612903
604, 388, 17, 0.9999957079999149, 10921329, 0, 0, 0, 0.0967741935483871
605, 388, 17, 0.9999957073070855, 10921329, 0, 0, 0, 0.12903225806451613
606, 385, 30, 0.9999999995343387, 10485885, 0, 0, 1, 0.03225806451612903
607, 388, 17, 0.9999957079999149, 10921329, 0, 0, 0, 0.0967741935483871
608, 387, 17, 0.9999957079999149, 10921329, 0, 0, 0, 0.0967741935483871
609, 388, 17, 0.9999957076373063, 10921329, 0, 0, 0, 0.12903225806451613
610, 93, 17, 0.9999957079999149, 10921329, 0, 0, 0, 0.0967741935483871
611, 388, 17, 0.9999957075626161, 10921329, 0, 0, 0, 0.12903225806451613
612, 388, 17, 0.9999957078571835, 10921329, 0, 0, 0, 0.12903225806451613
613, 76, 17, 0.9999957079999149, 10921329, 0, 0, 0, 0.0967741935483871
614, 388, 17, 0.9999957077714599, 10921329, 0, 0, 0, 0.12903225806451613
615, 388, 17, 0.9999957074964972, 10921329, 0, 0, 0, 0.12903225806451613
616, 387, 17, 0.9999957079999149, 10921329, 0, 0, 0, 0.0967741935483871
617, 388, 17, 0.9999957067611437, 10921329, 0, 0, 0, 0.12903225806451613
618, 387, 17, 0.9999957079999149, 10921329, 0, 0, 0, 0.0967741935483871
619, 388, 17, 0.9999957077821526, 10921329, 0, 0, 0, 0.12903225806451613
620, 74, 17, 0.9999957079999149, 10921329, 0, 0, 0, 0.0967741935483871
621, 75, 17, 0.9999957079999149, 10921329, 0, 0, 0, 0.0967741935483871
622, 385, 30, 0.9999999995343387, 10485885, 0, 0, 1, 0.03225806451612903
623, 388, 17, 0.9999957079999149, 10921329, 0, 0, 0, 0.0967741935483871
624, 387, 17, 0.9999957079999149, 10921329, 0, 0, 0, 0.0967741935483871
625, 388, 17, 0.9999957077122477, 10921329, 0, 0, 0, 0.12903225806451613
626, 394, 29, 0.9999999990686774, 10485899, 0, 0, 1, 0.03333333333333333
627, 395, 17, 0.9999957066015699, 10921329, 0, 0, 0, 0.13793103448275862
628, 388, 17, 0.9999957047402859, 10921329, 0, 0, 0, 0.10714285714285714
629, 73, 17, 0.9999957047402859, 10921329, 0, 0, 0, 0.10714285714285714
630, 396, 17, 0.9999957010149956, 10921329, 0, 0, 0, 0.1111111111111111
631, 397, 17, 0.9999957010149956, 10921329, 0, 0, 0, 0.1111111111111111
632, 398, 12, 0.9999895882375867, 11013618, 0, 0, 0, 0.14814814814814814
633, 387, 17, 0.9999957010149956, 10921329, 0, 0, 0, 0.1111111111111111
634, 399, 17, 0.9999957010149956, 10921329, 0, 0, 0, 0.1111111111111111
635, 348, 17, 0.9999957010149956, 10921329, 0, 0, 0, 0.1111111111111111
636, 349, 17, 0.9999957010149956, 10921329, 0, 0, 0, 0.1111111111111111
637, 400, 17, 0.9999957010149956, 10921329, 0, 0, 0, 0.1111111111111111
638, 352, 17, 0.9999957010149956, 10921329, 0, 0, 0, 0.1111111111111111
639, 353, 17, 0.9999957010149956, 10921329, 0, 0, 0, 0.1111111111111111
640, 401, 5, 0.9843578338623047, 14030633, 1, 0, 1, 0.15789473684210525
641, 402, 5, 0.9999001299748655, 14030633, 0, 1, 0, 0.16666666666666666
642, 308, 10, 0.99951171875, 11086827, 0, 0, 0, 0.09090909090909091
643, 403, 6, 0.9921875, 11222644, 1, 0, 1, 0.14285714285714285
644, 404, 6, 0.9921875, 11222644, 1, 0, 1, 0.14285714285714285
645, 403, 6, 0.9921875, 11222644, 1, 0, 1, 0.14285714285714285
646, 405, 6, 0.9921875, 11222644, 1, 0, 1, 0.14285714285714285
647, 401, 6, 0.9921875, 11222644, 1, 0, 1, 0.14285714285714285
648, 406, 6, 0.9921875, 11222644, 1, 0, 1, 0.14285714285714285
649, 407, 6, 0.9921875, 11222644, 1, 0, 1, 0.14285714285714285
