0, 0, 74, 1.0, 8850500, 0, 0, 1, 0.02727272727272727
1, 1, 74, 1.0, 8850500, 0, 0, 1, 0.02727272727272727
2, 2, 74, 1.0, 8850500, 0, 0, 1, 0.02727272727272727
3, 3, 74, 1.0, 8850500, 0, 0, 1, 0.02727272727272727
4, 4, 74, 1.0, 8850500, 0, 0, 1, 0.02727272727272727
5, 5, 74, 1.0, 8850500, 0, 0, 1, 0.02727272727272727
6, 6, 74, 1.0, 8850500, 0, 0, 1, 0.02727272727272727
7, 7, 74, 1.0, 8850500, 0, 0, 1, 0.02727272727272727
8, 8, 74, 1.0, 8850500, 0, 0, 1, 0.02727272727272727
9, 9, 74, 1.0, 8850500, 0, 0, 1, 0.02727272727272727
10, 10, 74, 1.0, 8850500, 0, 0, 1, 0.02727272727272727
11, 11, 74, 1.0, 8850500, 0, 0, 1, 0.02727272727272727
12, 12, 74, 1.0, 8850500, 0, 0, 1, 0.02727272727272727
13, 13, 74, 1.0, 8850500, 0, 0, 1, 0.02727272727272727
14, 14, 74, 1.0, 8850500, 0, 0, 1, 0.02727272727272727
15, 15, 74, 1.0, 8850500, 0, 0, 1, 0.02727272727272727
16, 16, 74, 1.0, 8850500, 0, 0, 1, 0.02727272727272727
17, 17, 74, 1.0, 8850500, 0, 0, 1, 0.02727272727272727
18, 18, 74, 1.0, 8850500, 0, 0, 1, 0.02727272727272727
19, 19, 74, 1.0, 8850500, 0, 0, 1, 0.02727272727272727
20, 20, 74, 1.0, 8850500, 0, 0, 1, 0.02727272727272727
21, 21, 74, 1.0, 8850500, 0, 0, 1, 0.02727272727272727
22, 22, 74, 1.0, 8850500, 0, 0, 1, 0.02727272727272727
23, 23, 74, 1.0, 8850500, 0, 0, 1, 0.02727272727272727
24, 24, 74, 1.0, 8850500, 0, 0, 1, 0.02727272727272727
25, 25, 74, 1.0, 8850500, 0, 0, 1, 0.02727272727272727
26, 26, 74, 1.0, 8850500, 0, 0, 1, 0.02727272727272727
27, 27, 74, 1.0, 8850500, 0, 0, 1, 0.02727272727272727
28, 28, 74, 1.0, 8850500, 0, 0, 1, 0.02727272727272727
29, 29, 74, 1.0, 8850500, 0, 0, 1, 0.02727272727272727
30, 30, 74, 1.0, 8850500, 0, 0, 1, 0.02727272727272727
31, 31, 74, 1.0, 8850500, 0, 0, 1, 0.02727272727272727
32, 32, 74, 1.0, 8850500, 0, 0, 1, 0.02727272727272727
33, 33, 74, 1.0, 8850500, 0, 0, 1, 0.02727272727272727
34, 34, 74, 1.0, 8850500, 0, 0, 1, 0.02727272727272727
35, 35, 74, 1.0, 8850500, 0, 0, 1, 0.02727272727272727
36, 36, 74, 1.0, 8850500, 0, 0, 1, 0.02727272727272727
37, 37, 74, 1.0, 8850500, 0, 0, 1, 0.02727272727272727
38, 38, 74, 1.0, 8850500, 0, 0, 1, 0.02727272727272727
39, 39, 74, 1.0, 8850500, 0, 0, 1, 0.02727272727272727
40, 40, 74, 1.0, 8850500, 0, 0, 1, 0.02727272727272727
41, 41, 74, 1.0, 8850500, 0, 0, 1, 0.02727272727272727
42, 42, 74, 1.0, 8850500, 0, 0, 1, 0.02727272727272727
43, 43, 74, 1.0, 8850500, 0, 0, 1, 0.02727272727272727
44, 44, 74, 1.0, 8850500, 0, 0, 1, 0.02727272727272727
45, 45, 74, 1.0, 8850500, 0, 0, 1, 0.02727272727272727
46, 46, 74, 1.0, 8850500, 0, 0, 1, 0.02727272727272727
47, 47, 74, 1.0, 8850500, 0, 0, 1, 0.02727272727272727
48, 48, 74, 1.0, 8850500, 0, 0, 1, 0.02727272727272727
49, 49, 74, 1.0, 8850500, 0, 0, 1, 0.02727272727272727
50, 50, 74, 1.0, 8850500, 0, 0, 1, 0.02727272727272727
51, 51, 74, 1.0, 8850500, 0, 0, 1, 0.02727272727272727
52, 52, 74, 1.0, 8850500, 0, 0, 1, 0.02727272727272727
53, 53, 74, 1.0, 8850500, 0, 0, 1, 0.02727272727272727
54, 54, 74, 1.0, 8850500, 0, 0, 1, 0.02727272727272727
55, 55, 74, 1.0, 8850500, 0, 0, 1, 0.02727272727272727
56, 56, 74, 1.0, 8850500, 0, 0, 1, 0.02727272727272727
57, 57, 74, 1.0, 8850500, 0, 0, 1, 0.02727272727272727
58, 58, 74, 1.0, 8850500, 0, 0, 1, 0.02727272727272727
59, 59, 74, 1.0, 8850500, 0, 0, 1, 0.02727272727272727
60, 60, 74, 1.0, 8850500, 0, 0, 1, 0.02727272727272727
61, 61, 74, 1.0, 8850500, 0, 0, 1, 0.02727272727272727
62, 62, 74, 1.0, 8850500, 0, 0, 1, 0.02727272727272727
63, 63, 74, 1.0, 8850500, 0, 0, 1, 0.02727272727272727
64, 64, 74, 1.0, 8850500, 0, 0, 1, 0.02727272727272727
65, 65, 74, 1.0, 8850500, 0, 0, 1, 0.02727272727272727
66, 66, 74, 1.0, 8850500, 0, 0, 1, 0.02727272727272727
67, 67, 74, 1.0, 8850500, 0, 0, 1, 0.02727272727272727
68, 68, 74, 1.0, 8850500, 0, 0, 1, 0.02727272727272727
69, 69, 74, 1.0, 8850500, 0, 0, 1, 0.02727272727272727
70, 23, 74, 1.0, 8850500, 0, 0, 1, 0.02727272727272727
71, 70, 74, 1.0, 8850500, 0, 0, 1, 0.045454545454545456
72, 71, 74, 1.0, 8850500, 0, 0, 1, 0.045454545454545456
73, 72, 74, 1.0, 8850500, 0, 0, 1, 0.02727272727272727
74, 73, 74, 1.0, 8850500, 0, 0, 1, 0.02727272727272727
75, 74, 74, 1.0, 8850500, 0, 0, 1, 0.02727272727272727
76, 75, 74, 1.0, 8850500, 0, 0, 1, 0.02727272727272727
77, 76, 74, 1.0, 8850500, 0, 0, 1, 0.02727272727272727
78, 77, 74, 1.0, 8850500, 0, 0, 1, 0.02727272727272727
79, 78, 74, 1.0, 8850500, 0, 0, 1, 0.02727272727272727
80, 79, 74, 1.0, 8850500, 0, 0, 1, 0.02727272727272727
81, 80, 74, 1.0, 8850500, 0, 0, 1, 0.02727272727272727
82, 81, 74, 1.0, 8850500, 0, 0, 1, 0.02727272727272727
83, 82, 74, 1.0, 8850500, 0, 0, 1, 0.02727272727272727
84, 83, 74, 1.0, 8850500, 0, 0, 1, 0.02727272727272727
85, 84, 74, 1.0, 8850500, 0, 0, 1, 0.02727272727272727
86, 85, 74, 1.0, 8850500, 0, 0, 1, 0.02727272727272727
87, 86, 74, 1.0, 8850500, 0, 0, 1, 0.02727272727272727
88, 87, 74, 1.0, 8850500, 0, 0, 1, 0.02727272727272727
89, 88, 74, 1.0, 8850500, 0, 0, 1, 0.02727272727272727
90, 79, 74, 1.0, 8850500, 0, 0, 1, 0.02727272727272727
91, 78, 74, 1.0, 8850500, 0, 0, 1, 0.02727272727272727
92, 81, 74, 1.0, 8850500, 0, 0, 1, 0.02727272727272727
93, 80, 74, 1.0, 8850500, 0, 0, 1, 0.02727272727272727
94, 89, 74, 1.0, 8850500, 0, 0, 1, 0.02727272727272727
95, 90, 74, 1.0, 8850500, 0, 0, 1, 0.02727272727272727
96, 91, 74, 1.0, 8850500, 0, 0, 1, 0.02727272727272727
97, 92, 74, 1.0, 8850500, 0, 0, 1, 0.02727272727272727
98, 93, 74, 1.0, 8850500, 0, 0, 1, 0.02727272727272727
99, 94, 74, 1.0, 8850500, 0, 0, 1, 0.02727272727272727
100, 95, 74, 1.0, 8850500, 0, 0, 1, 0.02727272727272727
101, 96, 74, 1.0, 8850500, 0, 0, 1, 0.02727272727272727
102, 97, 74, 1.0, 8850500, 0, 0, 1, 0.02727272727272727
103, 98, 74, 1.0, 8850500, 0, 0, 1, 0.02727272727272727
104, 99, 74, 1.0, 8850500, 0, 0, 1, 0.02727272727272727
105, 100, 74, 1.0, 8850500, 0, 0, 1, 0.02727272727272727
106, 101, 74, 1.0, 8850500, 0, 0, 1, 0.02727272727272727
107, 102, 74, 1.0, 8850500, 0, 0, 1, 0.02727272727272727
108, 103, 74, 1.0, 8850500, 0, 0, 1, 0.02727272727272727
109, 104, 74, 1.0, 8850500, 0, 0, 1, 0.02727272727272727
110, 105, 74, 1.0, 8850500, 0, 0, 1, 0.02727272727272727
111, 106, 74, 1.0, 8850500, 0, 0, 1, 0.02727272727272727
112, 107, 74, 1.0, 8850500, 0, 0, 1, 0.02727272727272727
113, 89, 74, 1.0, 8850500, 0, 0, 1, 0.02727272727272727
114, 108, 74, 1.0, 8850500, 0, 0, 1, 0.02727272727272727
115, 109, 74, 1.0, 8850500, 0, 0, 1, 0.02727272727272727
116, 110, 74, 1.0, 8850500, 0, 0, 1, 0.02727272727272727
117, 111, 74, 1.0, 8850500, 0, 0, 1, 0.02727272727272727
118, 94, 74, 1.0, 8850500, 0, 0, 1, 0.02727272727272727
119, 112, 74, 1.0, 8850500, 0, 0, 1, 0.02727272727272727
120, 113, 74, 1.0, 8850500, 0, 0, 1, 0.02727272727272727
121, 114, 74, 1.0, 8850500, 0, 0, 1, 0.02727272727272727
122, 100, 74, 1.0, 8850500, 0, 0, 1, 0.02727272727272727
123, 104, 74, 1.0, 8850500, 0, 0, 1, 0.02727272727272727
124, 115, 74, 1.0, 8850500, 0, 0, 1, 0.02727272727272727
125, 116, 74, 1.0, 8850500, 0, 0, 1, 0.02727272727272727
126, 117, 74, 1.0, 8850500, 0, 0, 1, 0.02727272727272727
127, 118, 74, 1.0, 8850500, 0, 0, 1, 0.02727272727272727
128, 78, 74, 1.0, 8850500, 0, 0, 1, 0.02727272727272727
129, 80, 74, 1.0, 8850500, 0, 0, 1, 0.02727272727272727
130, 89, 74, 1.0, 8850500, 0, 0, 1, 0.02727272727272727
131, 90, 74, 1.0, 8850500, 0, 0, 1, 0.02727272727272727
132, 91, 74, 1.0, 8850500, 0, 0, 1, 0.02727272727272727
133, 94, 74, 1.0, 8850500, 0, 0, 1, 0.02727272727272727
134, 95, 74, 1.0, 8850500, 0, 0, 1, 0.02727272727272727
135, 100, 74, 1.0, 8850500, 0, 0, 1, 0.02727272727272727
136, 101, 74, 1.0, 8850500, 0, 0, 1, 0.02727272727272727
137, 102, 74, 1.0, 8850500, 0, 0, 1, 0.02727272727272727
138, 104, 74, 1.0, 8850500, 0, 0, 1, 0.02727272727272727
139, 106, 74, 1.0, 8850500, 0, 0, 1, 0.02727272727272727
140, 107, 74, 1.0, 8850500, 0, 0, 1, 0.02727272727272727
141, 78, 74, 1.0, 8850500, 0, 0, 1, 0.02727272727272727
142, 119, 74, 1.0, 8850500, 0, 0, 1, 0.02727272727272727
143, 120, 74, 1.0, 8850500, 0, 0, 1, 0.02727272727272727
144, 121, 74, 1.0, 8850500, 0, 0, 1, 0.02727272727272727
145, 122, 74, 1.0, 8850500, 0, 0, 1, 0.02727272727272727
146, 78, 74, 1.0, 8850500, 0, 0, 1, 0.02727272727272727
147, 120, 74, 1.0, 8850500, 0, 0, 1, 0.02727272727272727
148, 123, 74, 1.0, 8850500, 0, 0, 1, 0.02727272727272727
149, 121, 74, 1.0, 8850500, 0, 0, 1, 0.02727272727272727
150, 124, 74, 1.0, 8850500, 0, 0, 1, 0.02727272727272727
151, 125, 74, 1.0, 8850500, 0, 0, 1, 0.02727272727272727
152, 126, 74, 1.0, 8850500, 0, 0, 1, 0.02727272727272727
153, 122, 74, 1.0, 8850500, 0, 0, 1, 0.02727272727272727
154, 127, 74, 1.0, 8850500, 0, 0, 1, 0.02727272727272727
155, 128, 74, 1.0, 8850500, 0, 0, 1, 0.02727272727272727
156, 129, 74, 1.0, 8850500, 0, 0, 1, 0.02727272727272727
157, 130, 74, 1.0, 8850500, 0, 0, 1, 0.02727272727272727
158, 130, 74, 1.0, 8850500, 0, 0, 1, 0.02727272727272727
159, 131, 74, 1.0, 8850500, 0, 0, 1, 0.02727272727272727
160, 132, 74, 1.0, 8850500, 0, 0, 1, 0.02727272727272727
161, 133, 74, 1.0, 8850500, 0, 0, 1, 0.02727272727272727
162, 134, 74, 1.0, 8850500, 0, 0, 1, 0.02727272727272727
163, 135, 74, 1.0, 8850500, 0, 0, 1, 0.02727272727272727
164, 136, 74, 1.0, 8850500, 0, 0, 1, 0.02727272727272727
165, 137, 74, 1.0, 8850500, 0, 0, 1, 0.02727272727272727
166, 138, 74, 1.0, 8850500, 0, 0, 1, 0.02727272727272727
167, 139, 74, 1.0, 8850500, 0, 0, 1, 0.02727272727272727
168, 140, 74, 1.0, 8850500, 0, 0, 1, 0.02727272727272727
169, 16, 74, 1.0, 8850500, 0, 0, 1, 0.02727272727272727
170, 18, 74, 1.0, 8850500, 0, 0, 1, 0.02727272727272727
171, 19, 74, 1.0, 8850500, 0, 0, 1, 0.02727272727272727
172, 20, 74, 1.0, 8850500, 0, 0, 1, 0.02727272727272727
173, 141, 74, 1.0, 8850500, 0, 0, 1, 0.02727272727272727
174, 142, 74, 1.0, 8850500, 0, 0, 1, 0.02727272727272727
175, 130, 74, 1.0, 8850500, 0, 0, 1, 0.02727272727272727
176, 143, 74, 1.0, 8850500, 0, 0, 1, 0.02727272727272727
177, 130, 74, 1.0, 8850500, 0, 0, 1, 0.02727272727272727
178, 129, 74, 1.0, 8850500, 0, 0, 1, 0.02727272727272727
179, 130, 74, 1.0, 8850500, 0, 0, 1, 0.02727272727272727
180, 144, 74, 1.0, 8850500, 0, 0, 1, 0.02727272727272727
181, 130, 74, 1.0, 8850500, 0, 0, 1, 0.02727272727272727
182, 145, 74, 1.0, 8850500, 0, 0, 1, 0.02727272727272727
183, 146, 74, 1.0, 8850500, 0, 0, 1, 0.02727272727272727
184, 147, 74, 1.0, 8850500, 0, 0, 1, 0.02727272727272727
185, 148, 74, 1.0, 8850500, 0, 0, 1, 0.02727272727272727
186, 149, 74, 1.0, 8850500, 0, 0, 1, 0.02727272727272727
187, 150, 74, 1.0, 8850500, 0, 0, 1, 0.02727272727272727
188, 151, 74, 1.0, 8850500, 0, 0, 1, 0.02727272727272727
189, 152, 74, 1.0, 8850500, 0, 0, 1, 0.02727272727272727
190, 153, 74, 1.0, 8850500, 0, 0, 1, 0.02727272727272727
191, 154, 74, 1.0, 8850500, 0, 0, 1, 0.02727272727272727
192, 155, 74, 1.0, 8850500, 0, 0, 1, 0.02727272727272727
193, 156, 74, 1.0, 8850500, 0, 0, 1, 0.02727272727272727
194, 157, 74, 1.0, 8850500, 0, 0, 1, 0.02727272727272727
195, 158, 74, 1.0, 8850500, 0, 0, 1, 0.02727272727272727
196, 130, 74, 1.0, 8850500, 0, 0, 1, 0.02727272727272727
197, 129, 74, 1.0, 8850500, 0, 0, 1, 0.02727272727272727
198, 159, 74, 1.0, 8850500, 0, 0, 1, 0.02727272727272727
199, 129, 74, 1.0, 8850500, 0, 0, 1, 0.02727272727272727
200, 130, 74, 1.0, 8850500, 0, 0, 1, 0.02727272727272727
201, 160, 74, 1.0, 8850500, 0, 0, 1, 0.02727272727272727
202, 130, 74, 1.0, 8850500, 0, 0, 1, 0.02727272727272727
203, 161, 74, 1.0, 8850500, 0, 0, 1, 0.02727272727272727
204, 130, 74, 1.0, 8850500, 0, 0, 1, 0.02727272727272727
205, 129, 74, 1.0, 8850500, 0, 0, 1, 0.02727272727272727
206, 162, 74, 1.0, 8850500, 0, 0, 1, 0.02727272727272727
207, 163, 74, 1.0, 8850500, 0, 0, 1, 0.02727272727272727
208, 164, 74, 1.0, 8850500, 0, 0, 1, 0.02727272727272727
209, 165, 74, 1.0, 8850500, 0, 0, 1, 0.02727272727272727
210, 129, 74, 1.0, 8850500, 0, 0, 1, 0.02727272727272727
211, 130, 74, 1.0, 8850500, 0, 0, 1, 0.02727272727272727
212, 166, 74, 1.0, 8850500, 0, 0, 1, 0.02727272727272727
213, 167, 74, 1.0, 8850500, 0, 0, 1, 0.02727272727272727
214, 168, 74, 1.0, 8850500, 0, 0, 1, 0.02727272727272727
215, 130, 74, 1.0, 8850500, 0, 0, 1, 0.02727272727272727
216, 169, 74, 1.0, 8850500, 0, 0, 1, 0.02727272727272727
217, 170, 74, 1.0, 8850500, 0, 0, 1, 0.02727272727272727
218, 130, 74, 1.0, 8850500, 0, 0, 1, 0.02727272727272727
219, 171, 74, 1.0, 8850500, 0, 0, 1, 0.02727272727272727
220, 172, 74, 1.0, 8850500, 0, 0, 1, 0.02727272727272727
221, 173, 74, 1.0, 8850500, 0, 0, 1, 0.02727272727272727
222, 174, 74, 1.0, 8850500, 0, 0, 1, 0.02727272727272727
223, 175, 74, 1.0, 8850500, 0, 0, 1, 0.02727272727272727
224, 130, 74, 1.0, 8850500, 0, 0, 1, 0.02727272727272727
225, 176, 74, 1.0, 8850500, 0, 0, 1, 0.02727272727272727
226, 177, 74, 1.0, 8850500, 0, 0, 1, 0.02727272727272727
227, 130, 74, 1.0, 8850500, 0, 0, 1, 0.02727272727272727
228, 129, 74, 1.0, 8850500, 0, 0, 1, 0.02727272727272727
229, 130, 74, 1.0, 8850500, 0, 0, 1, 0.02727272727272727
230, 178, 74, 1.0, 8850500, 0, 0, 1, 0.02727272727272727
231, 179, 74, 1.0, 8850500, 0, 0, 1, 0.02727272727272727
232, 129, 74, 1.0, 8850500, 0, 0, 1, 0.02727272727272727
233, 130, 74, 1.0, 8850500, 0, 0, 1, 0.02727272727272727
234, 180, 74, 1.0, 8850500, 0, 0, 1, 0.02727272727272727
235, 181, 74, 1.0, 8850500, 0, 0, 1, 0.02727272727272727
236, 130, 74, 1.0, 8850500, 0, 0, 1, 0.02727272727272727
237, 129, 74, 1.0, 8850500, 0, 0, 1, 0.02727272727272727
238, 130, 74, 1.0, 8850500, 0, 0, 1, 0.02727272727272727
239, 182, 74, 1.0, 8850500, 0, 0, 1, 0.02727272727272727
240, 119, 74, 1.0, 8850500, 0, 0, 1, 0.02727272727272727
241, 183, 74, 1.0, 8850500, 0, 0, 1, 0.02727272727272727
242, 184, 74, 1.0, 8850500, 0, 0, 1, 0.02727272727272727
243, 185, 74, 1.0, 8850500, 0, 0, 1, 0.02727272727272727
244, 186, 74, 1.0, 8850500, 0, 0, 1, 0.02727272727272727
245, 187, 74, 1.0, 8850500, 0, 0, 1, 0.02727272727272727
246, 188, 74, 1.0, 8850500, 0, 0, 1, 0.02727272727272727
247, 189, 74, 1.0, 8850500, 0, 0, 1, 0.02727272727272727
248, 190, 74, 1.0, 8850500, 0, 0, 1, 0.02727272727272727
249, 57, 74, 1.0, 8850500, 0, 0, 1, 0.02727272727272727
250, 191, 74, 1.0, 8850500, 0, 0, 1, 0.02727272727272727
251, 192, 74, 1.0, 8850500, 0, 0, 1, 0.02727272727272727
252, 193, 74, 1.0, 8850500, 0, 0, 1, 0.02727272727272727
253, 194, 74, 1.0, 8850500, 0, 0, 1, 0.02727272727272727
254, 195, 74, 1.0, 8850500, 0, 0, 1, 0.02727272727272727
255, 11, 74, 1.0, 8850500, 0, 0, 1, 0.02727272727272727
256, 57, 74, 1.0, 8850500, 0, 0, 1, 0.02727272727272727
257, 193, 74, 1.0, 8850500, 0, 0, 1, 0.02727272727272727
258, 13, 74, 1.0, 8850500, 0, 0, 1, 0.02727272727272727
259, 196, 74, 1.0, 8850500, 0, 0, 1, 0.02727272727272727
260, 197, 74, 1.0, 8850500, 0, 0, 1, 0.02727272727272727
261, 198, 74, 1.0, 8850500, 0, 0, 1, 0.02727272727272727
262, 199, 74, 1.0, 8850500, 0, 0, 1, 0.02727272727272727
263, 200, 74, 1.0, 8850500, 0, 0, 1, 0.02727272727272727
264, 201, 74, 1.0, 8850500, 0, 0, 1, 0.02727272727272727
265, 202, 74, 1.0, 8850500, 0, 0, 1, 0.02727272727272727
266, 203, 74, 1.0, 8850500, 0, 0, 1, 0.02727272727272727
267, 204, 74, 1.0, 8850500, 0, 0, 1, 0.02727272727272727
268, 205, 74, 1.0, 8850500, 0, 0, 1, 0.02727272727272727
269, 206, 74, 1.0, 8850500, 0, 0, 1, 0.02727272727272727
270, 207, 74, 1.0, 8850500, 0, 0, 1, 0.02727272727272727
271, 208, 74, 1.0, 8850500, 0, 0, 1, 0.02727272727272727
272, 209, 74, 1.0, 8850500, 0, 0, 1, 0.02727272727272727
273, 210, 74, 1.0, 8850500, 0, 0, 1, 0.02727272727272727
274, 211, 74, 1.0, 8850500, 0, 0, 1, 0.02727272727272727
275, 212, 74, 1.0, 8850500, 0, 0, 1, 0.02727272727272727
276, 213, 74, 1.0, 8850500, 0, 0, 1, 0.02727272727272727
277, 214, 74, 1.0, 8850500, 0, 0, 1, 0.02727272727272727
278, 215, 74, 1.0, 8850500, 0, 0, 1, 0.02727272727272727
279, 216, 74, 1.0, 8850500, 0, 0, 1, 0.02727272727272727
280, 217, 74, 1.0, 8850500, 0, 0, 1, 0.02727272727272727
281, 218, 74, 1.0, 8850500, 0, 0, 1, 0.02727272727272727
282, 219, 74, 1.0, 8850500, 0, 0, 1, 0.02727272727272727
283, 220, 74, 1.0, 8850500, 0, 0, 1, 0.02727272727272727
284, 221, 74, 1.0, 8850500, 0, 0, 1, 0.02727272727272727
285, 222, 74, 1.0, 8850500, 0, 0, 1, 0.02727272727272727
286, 223, 74, 1.0, 8850500, 0, 0, 1, 0.02727272727272727
287, 224, 74, 1.0, 8850500, 0, 0, 1, 0.02727272727272727
288, 225, 74, 1.0, 8850500, 0, 0, 1, 0.02727272727272727
289, 226, 74, 1.0, 8850500, 0, 0, 1, 0.02727272727272727
290, 227, 74, 1.0, 8850500, 0, 0, 1, 0.02727272727272727
291, 228, 74, 1.0, 8850500, 0, 0, 1, 0.02727272727272727
292, 229, 74, 1.0, 8850500, 0, 0, 1, 0.02727272727272727
293, 230, 74, 1.0, 8850500, 0, 0, 1, 0.02727272727272727
294, 231, 74, 1.0, 8850500, 0, 0, 1, 0.02727272727272727
295, 232, 74, 1.0, 8850500, 0, 0, 1, 0.02727272727272727
296, 233, 74, 1.0, 8850500, 0, 0, 1, 0.02727272727272727
297, 234, 74, 1.0, 8850500, 0, 0, 1, 0.02727272727272727
298, 235, 74, 1.0, 8850500, 0, 0, 1, 0.02727272727272727
299, 236, 74, 1.0, 8850500, 0, 0, 1, 0.02727272727272727
300, 237, 74, 1.0, 8850500, 0, 0, 1, 0.02727272727272727
301, 238, 74, 1.0, 8850500, 0, 0, 1, 0.02727272727272727
302, 239, 74, 1.0, 8850500, 0, 0, 1, 0.02727272727272727
303, 240, 74, 1.0, 8850500, 0, 0, 1, 0.02727272727272727
304, 241, 74, 1.0, 8850500, 0, 0, 1, 0.02727272727272727
305, 242, 74, 1.0, 8850500, 0, 0, 1, 0.02727272727272727
306, 243, 74, 1.0, 8850500, 0, 0, 1, 0.02727272727272727
307, 244, 74, 1.0, 8850500, 0, 0, 1, 0.02727272727272727
308, 245, 74, 1.0, 8850500, 0, 0, 1, 0.02727272727272727
309, 246, 74, 1.0, 8850500, 0, 0, 1, 0.02727272727272727
310, 247, 74, 1.0, 8850500, 0, 0, 1, 0.02727272727272727
311, 248, 74, 1.0, 8850500, 0, 0, 1, 0.02727272727272727
312, 249, 74, 1.0, 8850500, 0, 0, 1, 0.02727272727272727
313, 250, 74, 1.0, 8850500, 0, 0, 1, 0.02727272727272727
314, 251, 74, 1.0, 8850500, 0, 0, 1, 0.02727272727272727
315, 252, 74, 1.0, 8850500, 0, 0, 1, 0.02727272727272727
316, 253, 74, 1.0, 8850500, 0, 0, 1, 0.02727272727272727
317, 242, 74, 1.0, 8850500, 0, 0, 1, 0.02727272727272727
318, 243, 74, 1.0, 8850500, 0, 0, 1, 0.02727272727272727
319, 244, 74, 1.0, 8850500, 0, 0, 1, 0.02727272727272727
320, 245, 74, 1.0, 8850500, 0, 0, 1, 0.02727272727272727
321, 246, 74, 1.0, 8850500, 0, 0, 1, 0.02727272727272727
322, 247, 74, 1.0, 8850500, 0, 0, 1, 0.02727272727272727
323, 248, 74, 1.0, 8850500, 0, 0, 1, 0.02727272727272727
324, 249, 74, 1.0, 8850500, 0, 0, 1, 0.02727272727272727
325, 250, 74, 1.0, 8850500, 0, 0, 1, 0.02727272727272727
326, 251, 74, 1.0, 8850500, 0, 0, 1, 0.02727272727272727
327, 252, 74, 1.0, 8850500, 0, 0, 1, 0.02727272727272727
328, 253, 74, 1.0, 8850500, 0, 0, 1, 0.02727272727272727
329, 254, 74, 1.0, 8850500, 0, 0, 1, 0.02727272727272727
330, 255, 74, 1.0, 8850500, 0, 0, 1, 0.02727272727272727
331, 84, 74, 1.0, 8850500, 0, 0, 1, 0.02727272727272727
332, 256, 74, 1.0, 8850500, 0, 0, 1, 0.02727272727272727
333, 254, 74, 1.0, 8850500, 0, 0, 1, 0.02727272727272727
334, 255, 74, 1.0, 8850500, 0, 0, 1, 0.02727272727272727
335, 254, 74, 1.0, 8850500, 0, 0, 1, 0.02727272727272727
336, 255, 74, 1.0, 8850500, 0, 0, 1, 0.02727272727272727
337, 84, 74, 1.0, 8850500, 0, 0, 1, 0.02727272727272727
338, 254, 74, 1.0, 8850500, 0, 0, 1, 0.02727272727272727
339, 255, 74, 1.0, 8850500, 0, 0, 1, 0.02727272727272727
340, 84, 74, 1.0, 8850500, 0, 0, 1, 0.02727272727272727
341, 257, 74, 1.0, 8850500, 0, 0, 1, 0.02727272727272727
342, 258, 74, 1.0, 8850500, 0, 0, 1, 0.02727272727272727
343, 259, 74, 1.0, 8850500, 0, 0, 1, 0.02727272727272727
344, 259, 74, 1.0, 8850500, 0, 0, 1, 0.02727272727272727
345, 260, 74, 1.0, 8850500, 0, 0, 1, 0.02727272727272727
346, 261, 74, 1.0, 8850500, 0, 0, 1, 0.02727272727272727
347, 262, 74, 1.0, 8850500, 0, 0, 1, 0.02727272727272727
348, 263, 74, 1.0, 8850500, 0, 0, 1, 0.02727272727272727
349, 259, 74, 1.0, 8850500, 0, 0, 1, 0.02727272727272727
350, 264, 74, 1.0, 8850500, 0, 0, 1, 0.02727272727272727
351, 263, 74, 1.0, 8850500, 0, 0, 1, 0.02727272727272727
352, 259, 74, 1.0, 8850500, 0, 0, 1, 0.02727272727272727
353, 265, 74, 1.0, 8850500, 0, 0, 1, 0.02727272727272727
354, 266, 74, 1.0, 8850500, 0, 0, 1, 0.02727272727272727
355, 267, 74, 1.0, 8850500, 0, 0, 1, 0.02727272727272727
356, 268, 74, 1.0, 8850500, 0, 0, 1, 0.02727272727272727
357, 269, 74, 1.0, 8850500, 0, 0, 1, 0.02727272727272727
358, 270, 74, 1.0, 8850500, 0, 0, 1, 0.02727272727272727
359, 271, 74, 1.0, 8850500, 0, 0, 1, 0.02727272727272727
360, 272, 74, 1.0, 8850500, 0, 0, 1, 0.02727272727272727
361, 273, 74, 1.0, 8850500, 0, 0, 1, 0.02727272727272727
362, 274, 74, 1.0, 8850500, 0, 0, 1, 0.02727272727272727
363, 275, 74, 1.0, 8850500, 0, 0, 1, 0.02727272727272727
364, 276, 74, 1.0, 8850500, 0, 0, 1, 0.02727272727272727
365, 265, 74, 1.0, 8850500, 0, 0, 1, 0.02727272727272727
366, 277, 74, 1.0, 8850500, 0, 0, 1, 0.02727272727272727
367, 278, 74, 1.0, 8850500, 0, 0, 1, 0.02727272727272727
368, 279, 74, 1.0, 8850500, 0, 0, 1, 0.02727272727272727
369, 280, 74, 1.0, 8850500, 0, 0, 1, 0.02727272727272727
370, 266, 74, 1.0, 8850500, 0, 0, 1, 0.02727272727272727
371, 281, 74, 1.0, 8850500, 0, 0, 1, 0.02727272727272727
372, 282, 74, 1.0, 8850500, 0, 0, 1, 0.02727272727272727
373, 283, 74, 1.0, 8850500, 0, 0, 1, 0.02727272727272727
374, 284, 74, 1.0, 8850500, 0, 0, 1, 0.02727272727272727
375, 285, 74, 1.0, 8850500, 0, 0, 1, 0.02727272727272727
376, 286, 74, 1.0, 8850500, 0, 0, 1, 0.02727272727272727
377, 287, 74, 1.0, 8850500, 0, 0, 1, 0.02727272727272727
378, 288, 74, 1.0, 8850500, 0, 0, 1, 0.02727272727272727
379, 265, 74, 1.0, 8850500, 0, 0, 1, 0.02727272727272727
380, 266, 74, 1.0, 8850500, 0, 0, 1, 0.02727272727272727
381, 289, 74, 1.0, 8850500, 0, 0, 1, 0.02727272727272727
382, 290, 74, 1.0, 8850500, 0, 0, 1, 0.02727272727272727
383, 291, 74, 1.0, 8850500, 0, 0, 1, 0.02727272727272727
384, 292, 74, 1.0, 8850500, 0, 0, 1, 0.02727272727272727
385, 293, 74, 1.0, 8850500, 0, 0, 1, 0.02727272727272727
386, 294, 74, 1.0, 8850500, 0, 0, 1, 0.02727272727272727
387, 295, 74, 1.0, 8850500, 0, 0, 1, 0.02727272727272727
388, 296, 74, 1.0, 8850500, 0, 0, 1, 0.02727272727272727
389, 297, 74, 1.0, 8850500, 0, 0, 1, 0.02727272727272727
390, 298, 74, 1.0, 8850500, 0, 0, 1, 0.02727272727272727
391, 299, 74, 1.0, 8850500, 0, 0, 1, 0.02727272727272727
392, 300, 74, 1.0, 8850500, 0, 0, 1, 0.02727272727272727
393, 301, 74, 1.0, 8850500, 0, 0, 1, 0.02727272727272727
394, 302, 74, 1.0, 8850500, 0, 0, 1, 0.02727272727272727
395, 303, 74, 1.0, 8850500, 0, 0, 1, 0.02727272727272727
396, 304, 74, 1.0, 8850500, 0, 0, 1, 0.02727272727272727
397, 305, 74, 1.0, 8850500, 0, 0, 1, 0.02727272727272727
398, 160, 74, 1.0, 8850500, 0, 0, 1, 0.02727272727272727
399, 306, 74, 1.0, 8850500, 0, 0, 1, 0.02727272727272727
400, 307, 74, 1.0, 8850500, 0, 0, 1, 0.02727272727272727
401, 308, 74, 1.0, 8850500, 0, 0, 1, 0.02727272727272727
402, 309, 74, 1.0, 8850500, 0, 0, 1, 0.02727272727272727
403, 310, 74, 1.0, 8850500, 0, 0, 1, 0.02727272727272727
404, 311, 74, 1.0, 8850500, 0, 0, 1, 0.02727272727272727
405, 312, 74, 1.0, 8850500, 0, 0, 1, 0.02727272727272727
406, 313, 74, 1.0, 8850500, 0, 0, 1, 0.02727272727272727
407, 314, 74, 1.0, 8850500, 0, 0, 1, 0.02727272727272727
408, 315, 74, 1.0, 8850500, 0, 0, 1, 0.02727272727272727
409, 316, 74, 1.0, 8850500, 0, 0, 1, 0.02727272727272727
410, 317, 74, 1.0, 8850500, 0, 0, 1, 0.02727272727272727
411, 318, 74, 1.0, 8850500, 0, 0, 1, 0.02727272727272727
412, 319, 74, 1.0, 8850500, 0, 0, 1, 0.02727272727272727
413, 320, 74, 1.0, 8850500, 0, 0, 1, 0.02727272727272727
414, 321, 74, 1.0, 8850500, 0, 0, 1, 0.02727272727272727
415, 322, 74, 1.0, 8850500, 0, 0, 1, 0.02727272727272727
416, 323, 74, 1.0, 8850500, 0, 0, 1, 0.02727272727272727
417, 324, 74, 1.0, 8850500, 0, 0, 1, 0.02727272727272727
418, 325, 74, 1.0, 8850500, 0, 0, 1, 0.02727272727272727
419, 326, 74, 1.0, 8850500, 0, 0, 1, 0.02727272727272727
420, 327, 74, 1.0, 8850500, 0, 0, 1, 0.02727272727272727
421, 328, 6, 0.9921875, 18373871, 1, 0, 1, 0.06363636363636363
422, 329, 6, 0.9921875, 18373871, 1, 0, 1, 0.07272727272727272
423, 330, 74, 1.0, 8850500, 0, 0, 1, 0.02727272727272727
424, 331, 74, 1.0, 8850500, 0, 0, 1, 0.02727272727272727
425, 332, 74, 1.0, 8850500, 0, 0, 1, 0.02727272727272727
426, 333, 74, 1.0, 8850500, 0, 0, 1, 0.02727272727272727
427, 334, 74, 1.0, 8850500, 0, 0, 1, 0.02727272727272727
428, 335, 74, 1.0, 8850500, 0, 0, 1, 0.02727272727272727
429, 336, 74, 1.0, 8850500, 0, 0, 1, 0.02727272727272727
430, 337, 74, 1.0, 8850500, 0, 0, 1, 0.02727272727272727
431, 338, 74, 1.0, 8850500, 0, 0, 1, 0.02727272727272727
432, 339, 74, 1.0, 8850500, 0, 0, 1, 0.02727272727272727
433, 340, 74, 1.0, 8850500, 0, 0, 1, 0.02727272727272727
434, 84, 74, 1.0, 8850500, 0, 0, 1, 0.02727272727272727
435, 341, 74, 1.0, 8850500, 0, 0, 1, 0.02727272727272727
436, 342, 74, 1.0, 8850500, 0, 0, 1, 0.02727272727272727
437, 343, 6, 0.9921875, 18373871, 1, 0, 1, 0.06363636363636363
438, 344, 6, 0.9921875, 18373871, 1, 0, 1, 0.06363636363636363
439, 345, 74, 1.0, 8850500, 0, 0, 1, 0.02727272727272727
440, 346, 74, 1.0, 8850500, 0, 0, 1, 0.02727272727272727
441, 347, 74, 1.0, 8850500, 0, 0, 1, 0.02727272727272727
442, 348, 74, 1.0, 8850500, 0, 0, 1, 0.02727272727272727
443, 349, 6, 0.9921875, 18373871, 1, 0, 1, 0.06363636363636363
444, 350, 74, 1.0, 8850500, 0, 0, 1, 0.03636363636363636
445, 351, 74, 1.0, 8850500, 0, 0, 1, 0.02727272727272727
446, 0, 73, 1.0, 9377428, 0, 0, 0, 0.0380952380952381
447, 352, 73, 1.0, 9377428, 0, 0, 0, 0.02857142857142857
448, 353, 73, 1.0, 9377428, 0, 0, 0, 0.02857142857142857
449, 354, 73, 1.0, 9377428, 0, 0, 0, 0.02857142857142857
450, 355, 16, 0.999999671275598, 18007799, 0, 0, 0, 0.08571428571428572
451, 5, 0, 0.9202117152025113, 20008421, 0, 1, 0, 0.05714285714285714
452, 6, 73, 1.0, 9377428, 0, 0, 0, 0.02857142857142857
453, 7, 28, 0.9999999997959961, 14692061, 0, 0, 0, 0.0380952380952381
454, 8, 16, 0.9999949947284286, 18007799, 0, 0, 0, 0.0380952380952381
455, 9, 73, 1.0, 9377428, 0, 0, 1, 0.02857142857142857
456, 10, 73, 1.0, 9377428, 0, 0, 1, 0.02857142857142857
457, 11, 73, 1.0, 9377428, 0, 0, 1, 0.02857142857142857
458, 12, 73, 1.0, 9377428, 0, 0, 0, 0.02857142857142857
459, 15, 100, 1.0, 2118595, 0, 0, 1, 0.01904761904761905
460, 16, 73, 1.0, 9377428, 0, 0, 1, 0.02857142857142857
461, 18, 73, 1.0, 9377428, 0, 0, 1, 0.02857142857142857
462, 19, 73, 1.0, 9377428, 0, 0, 1, 0.02857142857142857
463, 20, 73, 1.0, 9377428, 0, 0, 1, 0.02857142857142857
464, 21, 73, 1.0, 9377428, 0, 0, 1, 0.02857142857142857
465, 22, 73, 1.0, 9377428, 0, 0, 1, 0.02857142857142857
466, 23, 73, 1.0, 9377428, 0, 0, 1, 0.02857142857142857
467, 24, 73, 1.0, 9377428, 0, 0, 1, 0.02857142857142857
468, 25, 73, 1.0, 9377428, 0, 0, 1, 0.02857142857142857
469, 26, 73, 1.0, 9377428, 0, 0, 1, 0.02857142857142857
470, 29, 73, 1.0, 9377428, 0, 0, 0, 0.02857142857142857
471, 30, 72, 1.0, 9380386, 0, 0, 0, 0.0380952380952381
472, 31, 53, 1.0, 11763479, 0, 0, 0, 0.047619047619047616
473, 32, 73, 1.0, 9377428, 0, 0, 0, 0.02857142857142857
474, 33, 73, 1.0, 9377428, 0, 0, 0, 0.02857142857142857
475, 34, 73, 1.0, 9377428, 0, 0, 0, 0.02857142857142857
476, 35, 73, 1.0, 9377428, 0, 0, 0, 0.02857142857142857
477, 36, 73, 1.0, 9377428, 0, 0, 0, 0.02857142857142857
478, 37, 73, 1.0, 9377428, 0, 0, 0, 0.02857142857142857
479, 38, 73, 1.0, 9377428, 0, 0, 0, 0.02857142857142857
480, 39, 25, 0.9999999930541604, 15040973, 0, 0, 0, 0.0380952380952381
481, 234, 53, 1.0, 11763479, 0, 0, 0, 0.0380952380952381
482, 356, 53, 1.0, 11763479, 0, 0, 0, 0.047619047619047616
483, 41, 72, 1.0, 9380386, 0, 0, 0, 0.0380952380952381
484, 42, 73, 1.0, 9377428, 0, 0, 0, 0.02857142857142857
485, 43, 73, 1.0, 9377428, 0, 0, 0, 0.02857142857142857
486, 44, 73, 1.0, 9377428, 0, 0, 0, 0.02857142857142857
487, 45, 73, 1.0, 9377428, 0, 0, 0, 0.02857142857142857
488, 46, 73, 1.0, 9377428, 0, 0, 0, 0.02857142857142857
489, 47, 73, 1.0, 9377428, 0, 0, 0, 0.02857142857142857
490, 48, 73, 1.0, 9377428, 0, 0, 0, 0.02857142857142857
491, 49, 73, 1.0, 9377428, 0, 0, 0, 0.02857142857142857
492, 50, 53, 1.0, 11763479, 0, 0, 0, 0.0380952380952381
493, 51, 100, 1.0, 2118595, 0, 0, 1, 0.01904761904761905
494, 52, 73, 1.0, 9377428, 0, 0, 0, 0.02857142857142857
495, 53, 73, 1.0, 9377428, 0, 0, 0, 0.02857142857142857
496, 54, 73, 1.0, 9377428, 0, 0, 0, 0.02857142857142857
497, 55, 73, 1.0, 9377428, 0, 0, 0, 0.02857142857142857
498, 56, 73, 1.0, 9377428, 0, 0, 0, 0.02857142857142857
499, 57, 73, 1.0, 9377428, 0, 0, 0, 0.02857142857142857
500, 58, 73, 1.0, 9377428, 0, 0, 0, 0.02857142857142857
501, 59, 73, 1.0, 9377428, 0, 0, 0, 0.02857142857142857
502, 60, 53, 1.0, 11763479, 0, 0, 0, 0.0380952380952381
503, 61, 73, 1.0, 9377428, 0, 0, 0, 0.02857142857142857
504, 62, 73, 1.0, 9377428, 0, 0, 0, 0.02857142857142857
505, 63, 73, 1.0, 9377428, 0, 0, 0, 0.02857142857142857
506, 64, 73, 1.0, 9377428, 0, 0, 0, 0.02857142857142857
507, 65, 73, 1.0, 9377428, 0, 0, 0, 0.02857142857142857
508, 68, 73, 1.0, 9377428, 0, 0, 0, 0.02857142857142857
509, 69, 73, 1.0, 9377428, 0, 0, 0, 0.02857142857142857
510, 23, 73, 1.0, 9377428, 0, 0, 0, 0.02857142857142857
511, 70, 6, 0.9999425128771156, 18373871, 0, 1, 0, 0.11428571428571428
512, 357, 100, 1.0, 2118595, 0, 0, 1, 0.01904761904761905
513, 72, 73, 1.0, 9377428, 0, 0, 0, 0.0380952380952381
514, 73, 73, 1.0, 9377428, 0, 0, 0, 0.02857142857142857
515, 75, 73, 1.0, 9377428, 0, 0, 0, 0.02857142857142857
516, 76, 73, 1.0, 9377428, 0, 0, 0, 0.02857142857142857
517, 128, 100, 1.0, 2118595, 0, 0, 1, 0.01904761904761905
518, 129, 100, 1.0, 2118595, 0, 0, 1, 0.01904761904761905
519, 130, 100, 1.0, 2118595, 0, 0, 1, 0.01904761904761905
520, 130, 100, 1.0, 2118595, 0, 0, 1, 0.01904761904761905
521, 131, 100, 1.0, 2118595, 0, 0, 1, 0.01904761904761905
522, 132, 72, 1.0, 9380386, 0, 0, 0, 0.0380952380952381
523, 133, 72, 1.0, 9380386, 0, 0, 0, 0.0380952380952381
524, 134, 73, 1.0, 9377428, 0, 0, 0, 0.02857142857142857
525, 135, 73, 1.0, 9377428, 0, 0, 0, 0.02857142857142857
526, 136, 100, 1.0, 2118595, 0, 0, 1, 0.01904761904761905
527, 137, 100, 1.0, 2118595, 0, 0, 1, 0.01904761904761905
528, 138, 100, 1.0, 2118595, 0, 0, 1, 0.01904761904761905
529, 139, 100, 1.0, 2118595, 0, 0, 1, 0.01904761904761905
530, 140, 73, 1.0, 9377428, 0, 0, 1, 0.02857142857142857
531, 16, 100, 1.0, 2118595, 0, 0, 1, 0.01904761904761905
532, 18, 100, 1.0, 2118595, 0, 0, 1, 0.01904761904761905
533, 19, 100, 1.0, 2118595, 0, 0, 1, 0.01904761904761905
534, 20, 100, 1.0, 2118595, 0, 0, 1, 0.01904761904761905
535, 141, 71, 1.0, 9382075, 0, 0, 1, 0.0380952380952381
536, 142, 100, 1.0, 2118595, 0, 0, 1, 0.01904761904761905
537, 130, 100, 1.0, 2118595, 0, 0, 1, 0.01904761904761905
538, 143, 100, 1.0, 2118595, 0, 0, 1, 0.01904761904761905
539, 130, 100, 1.0, 2118595, 0, 0, 1, 0.01904761904761905
540, 129, 100, 1.0, 2118595, 0, 0, 1, 0.01904761904761905
541, 130, 100, 1.0, 2118595, 0, 0, 1, 0.01904761904761905
542, 144, 100, 1.0, 2118595, 0, 0, 1, 0.01904761904761905
543, 130, 100, 1.0, 2118595, 0, 0, 1, 0.01904761904761905
544, 145, 73, 1.0, 9377428, 0, 0, 0, 0.02857142857142857
545, 146, 73, 1.0, 9377428, 0, 0, 0, 0.02857142857142857
546, 147, 73, 1.0, 9377428, 0, 0, 0, 0.02857142857142857
547, 148, 73, 1.0, 9377428, 0, 0, 0, 0.02857142857142857
548, 149, 73, 1.0, 9377428, 0, 0, 0, 0.02857142857142857
549, 150, 73, 1.0, 9377428, 0, 0, 0, 0.02857142857142857
550, 151, 73, 1.0, 9377428, 0, 0, 0, 0.02857142857142857
551, 152, 73, 1.0, 9377428, 0, 0, 0, 0.02857142857142857
552, 153, 73, 1.0, 9377428, 0, 0, 0, 0.02857142857142857
553, 154, 73, 1.0, 9377428, 0, 0, 0, 0.02857142857142857
554, 155, 73, 1.0, 9377428, 0, 0, 0, 0.02857142857142857
555, 156, 73, 1.0, 9377428, 0, 0, 0, 0.02857142857142857
556, 157, 73, 1.0, 9377428, 0, 0, 0, 0.02857142857142857
557, 158, 100, 1.0, 2118595, 0, 0, 1, 0.01904761904761905
558, 130, 100, 1.0, 2118595, 0, 0, 1, 0.01904761904761905
559, 129, 100, 1.0, 2118595, 0, 0, 1, 0.01904761904761905
560, 159, 100, 1.0, 2118595, 0, 0, 1, 0.01904761904761905
561, 129, 100, 1.0, 2118595, 0, 0, 1, 0.01904761904761905
562, 130, 100, 1.0, 2118595, 0, 0, 1, 0.01904761904761905
563, 160, 100, 1.0, 2118595, 0, 0, 1, 0.01904761904761905
564, 130, 100, 1.0, 2118595, 0, 0, 1, 0.01904761904761905
565, 161, 100, 1.0, 2118595, 0, 0, 1, 0.01904761904761905
566, 130, 100, 1.0, 2118595, 0, 0, 1, 0.01904761904761905
567, 129, 100, 1.0, 2118595, 0, 0, 1, 0.01904761904761905
568, 162, 73, 1.0, 9377428, 0, 0, 0, 0.02857142857142857
569, 163, 73, 1.0, 9377428, 0, 0, 0, 0.02857142857142857
570, 164, 73, 1.0, 9377428, 0, 0, 0, 0.02857142857142857
571, 165, 73, 1.0, 9377428, 0, 0, 0, 0.02857142857142857
572, 129, 100, 1.0, 2118595, 0, 0, 1, 0.01904761904761905
573, 130, 100, 1.0, 2118595, 0, 0, 1, 0.01904761904761905
574, 166, 28, 0.9999999999327834, 14692061, 0, 0, 0, 0.047619047619047616
575, 167, 73, 1.0, 9377428, 0, 0, 0, 0.02857142857142857
576, 168, 73, 1.0, 9377428, 0, 0, 0, 0.02857142857142857
577, 130, 100, 1.0, 2118595, 0, 0, 1, 0.01904761904761905
578, 169, 73, 1.0, 9377428, 0, 0, 0, 0.02857142857142857
579, 170, 73, 1.0, 9377428, 0, 0, 0, 0.02857142857142857
580, 130, 100, 1.0, 2118595, 0, 0, 1, 0.01904761904761905
581, 171, 100, 1.0, 2118595, 0, 0, 1, 0.01904761904761905
582, 172, 100, 1.0, 2118595, 0, 0, 1, 0.01904761904761905
583, 173, 100, 1.0, 2118595, 0, 0, 1, 0.01904761904761905
584, 174, 100, 1.0, 2118595, 0, 0, 1, 0.01904761904761905
585, 175, 100, 1.0, 2118595, 0, 0, 1, 0.01904761904761905
586, 130, 100, 1.0, 2118595, 0, 0, 1, 0.01904761904761905
587, 176, 100, 1.0, 2118595, 0, 0, 1, 0.01904761904761905
588, 177, 100, 1.0, 2118595, 0, 0, 1, 0.01904761904761905
589, 130, 100, 1.0, 2118595, 0, 0, 1, 0.01904761904761905
590, 129, 100, 1.0, 2118595, 0, 0, 1, 0.01904761904761905
591, 130, 100, 1.0, 2118595, 0, 0, 1, 0.01904761904761905
592, 178, 73, 1.0, 9377428, 0, 0, 1, 0.02857142857142857
593, 179, 73, 1.0, 9377428, 0, 0, 0, 0.02857142857142857
594, 129, 100, 1.0, 2118595, 0, 0, 1, 0.01904761904761905
595, 130, 100, 1.0, 2118595, 0, 0, 1, 0.01904761904761905
596, 180, 73, 1.0, 9377428, 0, 0, 0, 0.02857142857142857
597, 181, 73, 1.0, 9377428, 0, 0, 0, 0.02857142857142857
598, 130, 100, 1.0, 2118595, 0, 0, 1, 0.01904761904761905
599, 129, 100, 1.0, 2118595, 0, 0, 1, 0.01904761904761905
600, 130, 100, 1.0, 2118595, 0, 0, 1, 0.01904761904761905
601, 182, 28, 0.9999999993166627, 14692061, 0, 0, 0, 0.0380952380952381
602, 358, 73, 1.0, 9377428, 0, 0, 0, 0.02857142857142857
603, 359, 73, 1.0, 9377428, 0, 0, 0, 0.02857142857142857
604, 184, 73, 1.0, 9377428, 0, 0, 0, 0.02857142857142857
605, 360, 73, 1.0, 9377428, 0, 0, 0, 0.02857142857142857
606, 361, 73, 1.0, 9377428, 0, 0, 0, 0.02857142857142857
607, 362, 73, 1.0, 9377428, 0, 0, 1, 0.02857142857142857
608, 189, 73, 1.0, 9377428, 0, 0, 0, 0.02857142857142857
609, 190, 73, 1.0, 9377428, 0, 0, 0, 0.02857142857142857
610, 57, 73, 1.0, 9377428, 0, 0, 0, 0.02857142857142857
611, 206, 73, 1.0, 9377428, 0, 0, 0, 0.02857142857142857
612, 207, 73, 1.0, 9377428, 0, 0, 0, 0.02857142857142857
613, 208, 73, 1.0, 9377428, 0, 0, 0, 0.02857142857142857
614, 209, 28, 0.9999999989619822, 14692061, 0, 0, 0, 0.0380952380952381
615, 210, 50, 1.0, 13332355, 0, 0, 0, 0.0380952380952381
616, 211, 73, 1.0, 9377428, 0, 0, 0, 0.02857142857142857
617, 212, 73, 1.0, 9377428, 0, 0, 0, 0.02857142857142857
618, 213, 73, 1.0, 9377428, 0, 0, 0, 0.02857142857142857
619, 214, 73, 1.0, 9377428, 0, 0, 0, 0.02857142857142857
620, 215, 73, 1.0, 9377428, 0, 0, 0, 0.02857142857142857
621, 216, 73, 1.0, 9377428, 0, 0, 0, 0.02857142857142857
622, 363, 100, 1.0, 2118595, 0, 0, 1, 0.01904761904761905
623, 237, 43, 0.9999999999999999, 14063973, 0, 0, 0, 0.047619047619047616
624, 238, 28, 0.9999999999906914, 14692061, 0, 0, 0, 0.047619047619047616
625, 239, 73, 1.0, 9377428, 0, 0, 0, 0.02857142857142857
626, 240, 73, 1.0, 9377428, 0, 0, 0, 0.02857142857142857
627, 241, 73, 1.0, 9377428, 0, 0, 0, 0.02857142857142857
628, 242, 73, 1.0, 9377428, 0, 0, 0, 0.02857142857142857
629, 243, 73, 1.0, 9377428, 0, 0, 0, 0.02857142857142857
630, 244, 73, 1.0, 9377428, 0, 0, 0, 0.02857142857142857
631, 245, 73, 1.0, 9377428, 0, 0, 0, 0.02857142857142857
632, 246, 73, 1.0, 9377428, 0, 0, 0, 0.02857142857142857
633, 247, 73, 1.0, 9377428, 0, 0, 0, 0.02857142857142857
634, 248, 73, 1.0, 9377428, 0, 0, 0, 0.02857142857142857
635, 249, 73, 1.0, 9377428, 0, 0, 0, 0.02857142857142857
636, 250, 73, 1.0, 9377428, 0, 0, 0, 0.02857142857142857
637, 251, 73, 1.0, 9377428, 0, 0, 0, 0.02857142857142857
638, 252, 73, 1.0, 9377428, 0, 0, 0, 0.02857142857142857
639, 253, 73, 1.0, 9377428, 0, 0, 0, 0.02857142857142857
640, 242, 73, 1.0, 9377428, 0, 0, 0, 0.02857142857142857
641, 243, 73, 1.0, 9377428, 0, 0, 0, 0.02857142857142857
642, 244, 73, 1.0, 9377428, 0, 0, 0, 0.02857142857142857
643, 245, 73, 1.0, 9377428, 0, 0, 0, 0.02857142857142857
644, 246, 73, 1.0, 9377428, 0, 0, 0, 0.02857142857142857
645, 247, 73, 1.0, 9377428, 0, 0, 0, 0.02857142857142857
646, 248, 73, 1.0, 9377428, 0, 0, 0, 0.02857142857142857
647, 249, 73, 1.0, 9377428, 0, 0, 0, 0.02857142857142857
648, 250, 73, 1.0, 9377428, 0, 0, 0, 0.02857142857142857
649, 251, 73, 1.0, 9377428, 0, 0, 0, 0.02857142857142857
650, 252, 73, 1.0, 9377428, 0, 0, 0, 0.02857142857142857
651, 253, 73, 1.0, 9377428, 0, 0, 0, 0.02857142857142857
652, 254, 100, 1.0, 2118595, 0, 0, 1, 0.01904761904761905
653, 255, 100, 1.0, 2118595, 0, 0, 1, 0.01904761904761905
654, 84, 100, 1.0, 2118595, 0, 0, 1, 0.01904761904761905
655, 256, 100, 1.0, 2118595, 0, 0, 1, 0.01904761904761905
656, 254, 100, 1.0, 2118595, 0, 0, 1, 0.01904761904761905
657, 255, 100, 1.0, 2118595, 0, 0, 1, 0.01904761904761905
658, 254, 100, 1.0, 2118595, 0, 0, 1, 0.01904761904761905
659, 255, 100, 1.0, 2118595, 0, 0, 1, 0.01904761904761905
660, 84, 100, 1.0, 2118595, 0, 0, 1, 0.01904761904761905
661, 254, 100, 1.0, 2118595, 0, 0, 1, 0.01904761904761905
662, 255, 100, 1.0, 2118595, 0, 0, 1, 0.01904761904761905
663, 84, 100, 1.0, 2118595, 0, 0, 1, 0.01904761904761905
664, 257, 100, 1.0, 2118595, 0, 0, 1, 0.01904761904761905
665, 258, 54, 1.0, 11749529, 0, 0, 0, 0.047619047619047616
666, 364, 57, 1.0, 11004356, 0, 0, 0, 0.047619047619047616
667, 266, 73, 1.0, 9377428, 0, 0, 0, 0.02857142857142857
668, 289, 28, 0.999999999971388, 14692061, 0, 0, 0, 0.0380952380952381
669, 290, 72, 1.0, 9380386, 0, 0, 0, 0.0380952380952381
670, 291, 73, 1.0, 9377428, 0, 0, 0, 0.02857142857142857
671, 292, 4, 0.9974601356865376, 19823523, 0, 1, 0, 0.0761904761904762
672, 365, 72, 1.0, 9380386, 0, 0, 0, 0.0380952380952381
673, 294, 73, 1.0, 9377428, 0, 0, 0, 0.02857142857142857
674, 295, 73, 1.0, 9377428, 0, 0, 0, 0.02857142857142857
675, 296, 66, 1.0, 10241989, 0, 0, 0, 0.047619047619047616
676, 297, 66, 1.0, 10241989, 0, 0, 1, 0.0380952380952381
677, 298, 66, 1.0, 10241989, 0, 0, 0, 0.0380952380952381
678, 299, 73, 1.0, 9377428, 0, 0, 0, 0.02857142857142857
679, 300, 73, 1.0, 9377428, 0, 0, 1, 0.02857142857142857
680, 301, 73, 1.0, 9377428, 0, 0, 1, 0.02857142857142857
681, 302, 73, 1.0, 9377428, 0, 0, 0, 0.02857142857142857
682, 303, 73, 1.0, 9377428, 0, 0, 1, 0.02857142857142857
683, 304, 73, 1.0, 9377428, 0, 0, 1, 0.02857142857142857
684, 305, 73, 1.0, 9377428, 0, 0, 1, 0.02857142857142857
685, 160, 73, 1.0, 9377428, 0, 0, 1, 0.02857142857142857
686, 306, 73, 1.0, 9377428, 0, 0, 1, 0.02857142857142857
687, 307, 73, 1.0, 9377428, 0, 0, 1, 0.02857142857142857
688, 308, 73, 1.0, 9377428, 0, 0, 0, 0.02857142857142857
689, 309, 28, 0.9999999992682466, 14692061, 0, 0, 0, 0.0380952380952381
690, 310, 73, 1.0, 9377428, 0, 0, 1, 0.02857142857142857
691, 311, 73, 1.0, 9377428, 0, 0, 1, 0.02857142857142857
692, 312, 73, 1.0, 9377428, 0, 0, 0, 0.02857142857142857
693, 313, 72, 1.0, 9380386, 0, 0, 0, 0.0380952380952381
694, 314, 100, 1.0, 2118595, 0, 0, 1, 0.01904761904761905
695, 315, 100, 1.0, 2118595, 0, 0, 1, 0.01904761904761905
696, 316, 100, 1.0, 2118595, 0, 0, 1, 0.01904761904761905
697, 317, 73, 1.0, 9377428, 0, 0, 0, 0.02857142857142857
698, 318, 73, 1.0, 9377428, 0, 0, 0, 0.02857142857142857
699, 319, 73, 1.0, 9377428, 0, 0, 0, 0.02857142857142857
700, 320, 73, 1.0, 9377428, 0, 0, 0, 0.02857142857142857
701, 321, 73, 1.0, 9377428, 0, 0, 0, 0.02857142857142857
702, 322, 100, 1.0, 2118595, 0, 0, 1, 0.01904761904761905
703, 323, 73, 1.0, 9377428, 0, 0, 0, 0.0380952380952381
704, 324, 72, 1.0, 9380386, 0, 0, 0, 0.047619047619047616
705, 325, 73, 1.0, 9377428, 0, 0, 0, 0.0380952380952381
706, 326, 6, 0.9921875, 18373871, 1, 0, 1, 0.0380952380952381
707, 191, 66, 1.0, 10241989, 0, 0, 0, 0.05714285714285714
708, 192, 73, 1.0, 9377428, 0, 0, 0, 0.02857142857142857
709, 193, 73, 1.0, 9377428, 0, 0, 0, 0.02857142857142857
710, 194, 73, 1.0, 9377428, 0, 0, 0, 0.02857142857142857
711, 195, 68, 1.0, 10131876, 0, 0, 0, 0.047619047619047616
712, 11, 73, 1.0, 9377428, 0, 0, 0, 0.02857142857142857
713, 57, 73, 1.0, 9377428, 0, 0, 1, 0.02857142857142857
714, 193, 43, 1.0, 14063973, 0, 0, 0, 0.05714285714285714
715, 13, 6, 0.9963396746767847, 18373871, 0, 1, 0, 0.05714285714285714
716, 196, 73, 1.0, 9377428, 0, 0, 0, 0.02857142857142857
717, 197, 73, 1.0, 9377428, 0, 0, 0, 0.02857142857142857
718, 198, 6, 0.9952805529739777, 18373871, 0, 1, 0, 0.05714285714285714
719, 199, 6, 0.9948032924107143, 18373871, 0, 1, 0, 0.05714285714285714
720, 200, 73, 1.0, 9377428, 0, 0, 0, 0.02857142857142857
721, 201, 6, 0.9950153374233128, 18373871, 0, 1, 0, 0.05714285714285714
722, 202, 73, 1.0, 9377428, 0, 0, 0, 0.02857142857142857
723, 203, 73, 1.0, 9377428, 0, 0, 0, 0.0380952380952381
724, 204, 73, 1.0, 9377428, 0, 0, 0, 0.02857142857142857
725, 205, 73, 1.0, 9377428, 0, 0, 0, 0.02857142857142857
726, 363, 73, 1.0, 9377428, 0, 0, 1, 0.02857142857142857
727, 366, 73, 1.0, 9377428, 0, 0, 1, 0.0380952380952381
728, 185, 73, 1.0, 9377428, 0, 0, 0, 0.02857142857142857
729, 186, 73, 1.0, 9377428, 0, 0, 0, 0.02857142857142857
730, 217, 57, 1.0, 11004356, 0, 0, 0, 0.047619047619047616
731, 218, 73, 1.0, 9377428, 0, 0, 0, 0.02857142857142857
732, 219, 73, 1.0, 9377428, 0, 0, 0, 0.02857142857142857
733, 220, 73, 1.0, 9377428, 0, 0, 0, 0.0380952380952381
734, 221, 73, 1.0, 9377428, 0, 0, 0, 0.02857142857142857
735, 222, 73, 1.0, 9377428, 0, 0, 0, 0.02857142857142857
736, 223, 73, 1.0, 9377428, 0, 0, 0, 0.0380952380952381
737, 224, 73, 1.0, 9377428, 0, 0, 0, 0.02857142857142857
738, 225, 73, 1.0, 9377428, 0, 0, 0, 0.0380952380952381
739, 226, 73, 1.0, 9377428, 0, 0, 0, 0.02857142857142857
740, 227, 73, 1.0, 9377428, 0, 0, 0, 0.02857142857142857
741, 228, 50, 1.0, 13332355, 0, 0, 0, 0.0380952380952381
742, 229, 73, 1.0, 9377428, 0, 0, 0, 0.02857142857142857
743, 235, 73, 1.0, 9377428, 0, 0, 0, 0.02857142857142857
744, 236, 50, 1.0, 13332355, 0, 0, 0, 0.047619047619047616
745, 259, 73, 1.0, 9377428, 0, 0, 0, 0.02857142857142857
746, 259, 73, 1.0, 9377428, 0, 0, 0, 0.02857142857142857
747, 260, 73, 1.0, 9377428, 0, 0, 0, 0.02857142857142857
748, 261, 73, 1.0, 9377428, 0, 0, 0, 0.02857142857142857
749, 262, 73, 1.0, 9377428, 0, 0, 0, 0.02857142857142857
750, 263, 73, 1.0, 9377428, 0, 0, 0, 0.02857142857142857
751, 259, 73, 1.0, 9377428, 0, 0, 0, 0.02857142857142857
752, 367, 57, 1.0, 11004356, 0, 0, 0, 0.0380952380952381
753, 263, 73, 1.0, 9377428, 0, 0, 0, 0.02857142857142857
754, 259, 73, 1.0, 9377428, 0, 0, 0, 0.02857142857142857
755, 231, 73, 1.0, 9377428, 0, 0, 1, 0.02857142857142857
756, 277, 73, 1.0, 9377428, 0, 0, 0, 0.02857142857142857
757, 278, 73, 1.0, 9377428, 0, 0, 1, 0.02857142857142857
758, 279, 73, 1.0, 9377428, 0, 0, 1, 0.02857142857142857
759, 368, 50, 1.0, 13332355, 0, 0, 0, 0.0380952380952381
760, 280, 73, 1.0, 9377428, 0, 0, 0, 0.02857142857142857
761, 266, 50, 0.9999999999999999, 13332355, 0, 0, 0, 0.0380952380952381
762, 369, 73, 1.0, 9377428, 0, 0, 1, 0.02857142857142857
763, 370, 73, 1.0, 9377428, 0, 0, 1, 0.02857142857142857
764, 371, 73, 1.0, 9377428, 0, 0, 1, 0.02857142857142857
765, 372, 73, 1.0, 9377428, 0, 0, 0, 0.02857142857142857
766, 285, 73, 1.0, 9377428, 0, 0, 1, 0.02857142857142857
767, 286, 73, 1.0, 9377428, 0, 0, 1, 0.02857142857142857
768, 287, 73, 1.0, 9377428, 0, 0, 1, 0.02857142857142857
769, 288, 73, 1.0, 9377428, 0, 0, 0, 0.02857142857142857
770, 364, 73, 1.0, 9377428, 0, 0, 0, 0.02857142857142857
771, 230, 73, 1.0, 9377428, 0, 0, 0, 0.02857142857142857
772, 232, 73, 1.0, 9377428, 0, 0, 0, 0.02857142857142857
773, 233, 73, 1.0, 9377428, 0, 0, 0, 0.02857142857142857
774, 28, 73, 1.0, 9377428, 0, 0, 1, 0.02857142857142857
775, 78, 73, 1.0, 9377428, 0, 0, 0, 0.02857142857142857
776, 79, 73, 1.0, 9377428, 0, 0, 0, 0.02857142857142857
777, 80, 28, 0.9999999994360473, 14692061, 0, 0, 0, 0.047619047619047616
778, 81, 73, 1.0, 9377428, 0, 0, 0, 0.02857142857142857
779, 82, 73, 1.0, 9377428, 0, 0, 0, 0.02857142857142857
780, 83, 73, 1.0, 9377428, 0, 0, 0, 0.02857142857142857
781, 84, 73, 1.0, 9377428, 0, 0, 0, 0.02857142857142857
782, 85, 73, 1.0, 9377428, 0, 0, 0, 0.02857142857142857
783, 86, 73, 1.0, 9377428, 0, 0, 0, 0.02857142857142857
784, 87, 73, 1.0, 9377428, 0, 0, 0, 0.02857142857142857
785, 88, 73, 1.0, 9377428, 0, 0, 0, 0.02857142857142857
786, 79, 73, 1.0, 9377428, 0, 0, 0, 0.02857142857142857
787, 78, 73, 1.0, 9377428, 0, 0, 0, 0.02857142857142857
788, 81, 73, 1.0, 9377428, 0, 0, 0, 0.02857142857142857
789, 80, 73, 1.0, 9377428, 0, 0, 0, 0.02857142857142857
790, 89, 73, 1.0, 9377428, 0, 0, 0, 0.02857142857142857
791, 90, 73, 1.0, 9377428, 0, 0, 0, 0.02857142857142857
792, 91, 73, 1.0, 9377428, 0, 0, 0, 0.02857142857142857
793, 92, 73, 1.0, 9377428, 0, 0, 0, 0.02857142857142857
794, 93, 73, 1.0, 9377428, 0, 0, 0, 0.02857142857142857
795, 94, 73, 1.0, 9377428, 0, 0, 0, 0.02857142857142857
796, 95, 72, 1.0, 9380386, 0, 0, 0, 0.0380952380952381
797, 96, 73, 1.0, 9377428, 0, 0, 0, 0.02857142857142857
798, 97, 72, 1.0, 9380386, 0, 0, 0, 0.0380952380952381
799, 98, 72, 1.0, 9380386, 0, 0, 0, 0.0380952380952381
800, 99, 73, 1.0, 9377428, 0, 0, 0, 0.02857142857142857
801, 100, 73, 1.0, 9377428, 0, 0, 0, 0.02857142857142857
802, 101, 73, 1.0, 9377428, 0, 0, 0, 0.02857142857142857
803, 102, 73, 1.0, 9377428, 0, 0, 0, 0.02857142857142857
804, 103, 73, 1.0, 9377428, 0, 0, 0, 0.02857142857142857
805, 104, 73, 1.0, 9377428, 0, 0, 0, 0.02857142857142857
806, 105, 73, 1.0, 9377428, 0, 0, 0, 0.02857142857142857
807, 106, 73, 1.0, 9377428, 0, 0, 0, 0.02857142857142857
808, 107, 73, 1.0, 9377428, 0, 0, 0, 0.02857142857142857
809, 89, 73, 1.0, 9377428, 0, 0, 0, 0.02857142857142857
810, 108, 73, 1.0, 9377428, 0, 0, 0, 0.02857142857142857
811, 109, 73, 1.0, 9377428, 0, 0, 0, 0.02857142857142857
812, 110, 72, 1.0, 9380386, 0, 0, 0, 0.0380952380952381
813, 111, 73, 1.0, 9377428, 0, 0, 0, 0.02857142857142857
814, 94, 73, 1.0, 9377428, 0, 0, 0, 0.02857142857142857
815, 112, 72, 1.0, 9380386, 0, 0, 0, 0.0380952380952381
816, 113, 73, 1.0, 9377428, 0, 0, 0, 0.02857142857142857
817, 114, 73, 1.0, 9377428, 0, 0, 0, 0.02857142857142857
818, 100, 73, 1.0, 9377428, 0, 0, 0, 0.02857142857142857
819, 104, 73, 1.0, 9377428, 0, 0, 0, 0.02857142857142857
820, 115, 72, 1.0, 9380386, 0, 0, 0, 0.0380952380952381
821, 116, 73, 1.0, 9377428, 0, 0, 0, 0.02857142857142857
822, 117, 73, 1.0, 9377428, 0, 0, 0, 0.02857142857142857
823, 118, 73, 1.0, 9377428, 0, 0, 0, 0.02857142857142857
824, 78, 73, 1.0, 9377428, 0, 0, 0, 0.02857142857142857
825, 80, 73, 1.0, 9377428, 0, 0, 0, 0.02857142857142857
826, 89, 73, 1.0, 9377428, 0, 0, 0, 0.02857142857142857
827, 90, 73, 1.0, 9377428, 0, 0, 0, 0.02857142857142857
828, 91, 73, 1.0, 9377428, 0, 0, 0, 0.02857142857142857
829, 94, 73, 1.0, 9377428, 0, 0, 0, 0.02857142857142857
830, 95, 72, 1.0, 9380386, 0, 0, 0, 0.0380952380952381
831, 100, 73, 1.0, 9377428, 0, 0, 0, 0.02857142857142857
832, 101, 73, 1.0, 9377428, 0, 0, 0, 0.02857142857142857
833, 102, 73, 1.0, 9377428, 0, 0, 0, 0.02857142857142857
834, 104, 73, 1.0, 9377428, 0, 0, 0, 0.02857142857142857
835, 106, 73, 1.0, 9377428, 0, 0, 0, 0.02857142857142857
836, 107, 73, 1.0, 9377428, 0, 0, 0, 0.02857142857142857
837, 78, 73, 1.0, 9377428, 0, 0, 0, 0.02857142857142857
838, 119, 72, 1.0, 9380386, 0, 0, 0, 0.0380952380952381
839, 120, 73, 1.0, 9377428, 0, 0, 0, 0.02857142857142857
840, 121, 73, 1.0, 9377428, 0, 0, 0, 0.02857142857142857
841, 122, 73, 1.0, 9377428, 0, 0, 0, 0.02857142857142857
842, 78, 73, 1.0, 9377428, 0, 0, 0, 0.02857142857142857
843, 120, 73, 1.0, 9377428, 0, 0, 0, 0.02857142857142857
844, 123, 73, 1.0, 9377428, 0, 0, 0, 0.02857142857142857
845, 121, 73, 1.0, 9377428, 0, 0, 0, 0.02857142857142857
846, 124, 73, 1.0, 9377428, 0, 0, 0, 0.02857142857142857
847, 125, 73, 1.0, 9377428, 0, 0, 0, 0.02857142857142857
848, 126, 73, 1.0, 9377428, 0, 0, 0, 0.02857142857142857
849, 122, 73, 1.0, 9377428, 0, 0, 0, 0.02857142857142857
850, 127, 73, 1.0, 9377428, 0, 0, 0, 0.02857142857142857
851, 373, 73, 1.0, 9377428, 0, 0, 0, 0.02857142857142857
852, 266, 50, 1.0, 13332355, 0, 0, 0, 0.047619047619047616
853, 267, 73, 1.0, 9377428, 0, 0, 0, 0.02857142857142857
854, 268, 57, 1.0, 11004356, 0, 0, 0, 0.0380952380952381
855, 269, 57, 1.0, 11004356, 0, 0, 0, 0.0380952380952381
856, 270, 72, 1.0, 9380386, 0, 0, 0, 0.0380952380952381
857, 271, 73, 1.0, 9377428, 0, 0, 0, 0.02857142857142857
858, 272, 73, 1.0, 9377428, 0, 0, 0, 0.02857142857142857
859, 273, 6, 0.9942793818331859, 18373871, 0, 1, 0, 0.0761904761904762
860, 274, 73, 1.0, 9377428, 0, 0, 1, 0.0380952380952381
861, 275, 57, 1.0, 11004356, 0, 0, 1, 0.0380952380952381
862, 276, 73, 1.0, 9377428, 0, 0, 0, 0.02857142857142857
863, 364, 73, 1.0, 9377428, 0, 0, 0, 0.02857142857142857
864, 363, 73, 1.0, 9377428, 0, 0, 1, 0.047619047619047616
865, 374, 6, 0.9921875, 18373871, 1, 0, 1, 0.0380952380952381
866, 375, 6, 0.9921875, 18373871, 1, 0, 1, 0.05714285714285714
867, 376, 6, 0.9921875, 18373871, 1, 0, 1, 0.0380952380952381
868, 377, 6, 0.9921875, 18373871, 1, 0, 1, 0.0380952380952381
869, 378, 6, 0.9921875, 18373871, 1, 0, 1, 0.0380952380952381
870, 379, 6, 0.9921875, 18373871, 1, 0, 1, 0.047619047619047616
871, 380, 6, 0.9921875, 18373871, 1, 0, 1, 0.047619047619047616
872, 381, 6, 0.9921875, 18373871, 1, 0, 1, 0.0380952380952381
873, 382, 6, 0.9921875, 18373871, 1, 0, 1, 0.0380952380952381
874, 383, 6, 0.9921875, 18373871, 1, 0, 1, 0.0380952380952381
875, 384, 6, 0.9921875, 18373871, 1, 0, 1, 0.0380952380952381
876, 385, 6, 0.9921875, 18373871, 1, 0, 1, 0.0380952380952381
877, 386, 6, 0.9921858698205103, 18373871, 1, 0, 1, 0.05714285714285714
878, 387, 6, 0.9921875, 18373871, 1, 0, 1, 0.047619047619047616
879, 119, 6, 0.9921874903608408, 18373871, 1, 0, 1, 0.05714285714285714
880, 388, 6, 0.9921875, 18373871, 1, 0, 1, 0.0380952380952381
881, 389, 6, 0.9921874332844951, 18373871, 1, 0, 1, 0.05714285714285714
882, 390, 6, 0.9921875, 18373871, 1, 0, 1, 0.0380952380952381
883, 391, 6, 0.9921870686561396, 18373871, 1, 0, 1, 0.047619047619047616
884, 392, 6, 0.9921875, 18373871, 1, 0, 1, 0.0380952380952381
885, 393, 6, 0.9921875, 18373871, 1, 0, 1, 0.0380952380952381
886, 394, 6, 0.9921875, 18373871, 1, 0, 1, 0.0380952380952381
887, 258, 6, 0.9921875, 18373871, 1, 0, 1, 0.0380952380952381
888, 395, 6, 0.9921875, 18373871, 1, 0, 1, 0.0380952380952381
889, 396, 6, 0.9921875, 18373871, 1, 0, 1, 0.0380952380952381
890, 397, 6, 0.9921875, 18373871, 1, 0, 1, 0.047619047619047616
891, 398, 6, 0.9921875, 18373871, 1, 0, 1, 0.05714285714285714
892, 399, 6, 0.9921875, 18373871, 1, 0, 1, 0.047619047619047616
893, 400, 6, 0.9921875, 18373871, 1, 0, 1, 0.0380952380952381
894, 401, 6, 0.9921875, 18373871, 1, 0, 1, 0.0380952380952381
895, 336, 6, 0.9921875, 18373871, 1, 0, 1, 0.0380952380952381
896, 338, 6, 0.9921875, 18373871, 1, 0, 1, 0.0380952380952381
897, 402, 6, 0.9921875, 18373871, 1, 0, 1, 0.0380952380952381
898, 403, 6, 0.9921875, 18373871, 1, 0, 1, 0.0380952380952381
899, 336, 6, 0.9921875, 18373871, 1, 0, 1, 0.0380952380952381
900, 337, 6, 0.9921875, 18373871, 1, 0, 1, 0.0380952380952381
901, 338, 6, 0.9921875, 18373871, 1, 0, 1, 0.0380952380952381
902, 404, 6, 0.9921875, 18373871, 1, 0, 1, 0.0380952380952381
903, 405, 73, 1.0, 9377428, 0, 0, 1, 0.02857142857142857
904, 406, 73, 1.0, 9377428, 0, 0, 1, 0.0380952380952381
905, 407, 6, 0.9921875, 18373871, 1, 0, 1, 0.0380952380952381
906, 400, 6, 0.9921875, 18373871, 1, 0, 1, 0.0380952380952381
907, 401, 6, 0.9921844482421875, 18373871, 1, 0, 1, 0.047619047619047616
908, 336, 6, 0.9921875, 18373871, 1, 0, 1, 0.0380952380952381
909, 338, 6, 0.9921875, 18373871, 1, 0, 1, 0.0380952380952381
910, 402, 6, 0.9921875, 18373871, 1, 0, 1, 0.0380952380952381
911, 408, 73, 1.0, 9377428, 0, 0, 1, 0.0380952380952381
912, 409, 6, 0.9921875, 18373871, 1, 0, 1, 0.0380952380952381
913, 400, 6, 0.9921875, 18373871, 1, 0, 1, 0.0380952380952381
914, 401, 6, 0.9921875, 18373871, 1, 0, 1, 0.047619047619047616
915, 336, 6, 0.9921875, 18373871, 1, 0, 1, 0.0380952380952381
916, 338, 6, 0.9921875, 18373871, 1, 0, 1, 0.0380952380952381
917, 402, 6, 0.9921875, 18373871, 1, 0, 1, 0.0380952380952381
918, 410, 100, 1.0, 2118595, 0, 0, 1, 0.01904761904761905
919, 400, 6, 0.9921875, 18373871, 1, 0, 1, 0.0380952380952381
920, 401, 6, 0.9921811175148243, 18373871, 1, 0, 1, 0.047619047619047616
921, 336, 6, 0.9921875, 18373871, 1, 0, 1, 0.0380952380952381
922, 338, 6, 0.9921875, 18373871, 1, 0, 1, 0.0380952380952381
923, 402, 6, 0.9921875, 18373871, 1, 0, 1, 0.0380952380952381
924, 411, 6, 0.9921875, 18373871, 1, 0, 1, 0.0380952380952381
925, 412, 6, 0.9921875, 18373871, 1, 0, 1, 0.0380952380952381
926, 336, 6, 0.9921875, 18373871, 1, 0, 1, 0.0380952380952381
927, 63, 73, 1.0, 9377428, 0, 0, 0, 0.02
928, 413, 73, 1.0, 9377428, 0, 0, 1, 0.020618556701030927
929, 363, 73, 1.0, 9377428, 0, 0, 1, 0.08421052631578947
930, 414, 89, 1.0, 8129724, 0, 0, 1, 0.021052631578947368
931, 415, 94, 1.0, 8081766, 0, 0, 1, 0.010526315789473684
932, 416, 94, 1.0, 8081766, 0, 0, 1, 0.010526315789473684
933, 417, 73, 1.0, 9377428, 0, 0, 0, 0.03333333333333333
934, 418, 73, 1.0, 9377428, 0, 0, 0, 0.02247191011235955
935, 416, 68, 1.0, 10131876, 0, 0, 0, 0.056179775280898875
936, 419, 6, 0.9971098542944785, 18373871, 0, 1, 0, 0.04938271604938271
937, 420, 6, 0.996962890625, 18373871, 0, 1, 0, 0.04938271604938271
938, 421, 6, 0.9921875, 18373871, 1, 0, 1, 0.0379746835443038
939, 422, 6, 0.9921875, 18373871, 1, 0, 1, 0.0379746835443038
940, 423, 73, 1.0, 9377428, 0, 0, 1, 0.02531645569620253
941, 424, 73, 1.0, 9377428, 0, 0, 1, 0.013513513513513514
942, 425, 73, 1.0, 9377428, 0, 0, 1, 0.013513513513513514
943, 426, 73, 1.0, 9377428, 0, 0, 1, 0.013513513513513514
944, 427, 73, 1.0, 9377428, 0, 0, 1, 0.013513513513513514
945, 426, 71, 1.0, 9382075, 0, 0, 0, 0.02702702702702703
946, 428, 73, 1.0, 9377428, 0, 0, 0, 0.013513513513513514
947, 429, 73, 1.0, 9377428, 0, 0, 0, 0.013513513513513514
948, 430, 73, 1.0, 9377428, 0, 0, 1, 0.013513513513513514
949, 431, 73, 1.0, 9377428, 0, 0, 1, 0.013513513513513514
950, 432, 73, 1.0, 9377428, 0, 0, 1, 0.013513513513513514
951, 433, 73, 1.0, 9377428, 0, 0, 1, 0.013513513513513514
952, 434, 73, 1.0, 9377428, 0, 0, 1, 0.013513513513513514
953, 435, 73, 1.0, 9377428, 0, 0, 1, 0.013513513513513514
954, 436, 73, 1.0, 9377428, 0, 0, 1, 0.013513513513513514
955, 437, 73, 1.0, 9377428, 0, 0, 1, 0.013513513513513514
956, 438, 73, 1.0, 9377428, 0, 0, 1, 0.013513513513513514
957, 439, 73, 1.0, 9377428, 0, 0, 1, 0.013513513513513514
958, 440, 73, 1.0, 9377428, 0, 0, 1, 0.013513513513513514
959, 441, 73, 1.0, 9377428, 0, 0, 1, 0.013513513513513514
960, 442, 73, 1.0, 9377428, 0, 0, 1, 0.013513513513513514
961, 443, 73, 1.0, 9377428, 0, 0, 1, 0.013513513513513514
962, 444, 73, 1.0, 9377428, 0, 0, 1, 0.013513513513513514
963, 445, 73, 1.0, 9377428, 0, 0, 1, 0.013513513513513514
964, 446, 73, 1.0, 9377428, 0, 0, 1, 0.013513513513513514
965, 447, 73, 1.0, 9377428, 0, 0, 1, 0.013513513513513514
966, 448, 73, 1.0, 9377428, 0, 0, 1, 0.013513513513513514
967, 449, 73, 1.0, 9377428, 0, 0, 1, 0.013513513513513514
968, 450, 73, 1.0, 9377428, 0, 0, 1, 0.013513513513513514
969, 316, 73, 1.0, 9377428, 0, 0, 1, 0.013513513513513514
970, 451, 73, 1.0, 9377428, 0, 0, 1, 0.013513513513513514
971, 452, 73, 1.0, 9377428, 0, 0, 1, 0.013513513513513514
972, 426, 73, 1.0, 9377428, 0, 0, 0, 0.013513513513513514
973, 426, 73, 1.0, 9377428, 0, 0, 0, 0.013513513513513514
974, 424, 73, 1.0, 9377428, 0, 0, 0, 0.013513513513513514
975, 426, 72, 1.0, 9380386, 0, 0, 0, 0.02702702702702703
976, 426, 73, 1.0, 9377428, 0, 0, 0, 0.013513513513513514
977, 134, 73, 1.0, 9377428, 0, 0, 0, 0.013513513513513514
978, 427, 73, 1.0, 9377428, 0, 0, 0, 0.013513513513513514
979, 426, 72, 1.0, 9380386, 0, 0, 0, 0.02702702702702703
980, 424, 67, 1.0, 10240319, 0, 0, 0, 0.02702702702702703
981, 427, 73, 1.0, 9377428, 0, 0, 0, 0.013513513513513514
982, 453, 26, 0.9999999991673918, 14696481, 0, 0, 0, 0.05405405405405406
983, 424, 67, 1.0, 10240319, 0, 0, 0, 0.02702702702702703
984, 426, 73, 1.0, 9377428, 0, 0, 0, 0.013513513513513514
985, 454, 28, 0.999999999188453, 14692061, 0, 0, 0, 0.04054054054054054
986, 427, 73, 1.0, 9377428, 0, 0, 0, 0.013513513513513514
987, 426, 28, 0.9999999995522488, 14692061, 0, 0, 0, 0.02702702702702703
988, 455, 73, 1.0, 9377428, 0, 0, 1, 0.013513513513513514
989, 427, 73, 1.0, 9377428, 0, 0, 0, 0.013513513513513514
990, 426, 73, 1.0, 9377428, 0, 0, 0, 0.013513513513513514
991, 424, 73, 1.0, 9377428, 0, 0, 0, 0.013513513513513514
992, 424, 73, 1.0, 9377428, 0, 0, 0, 0.013513513513513514
993, 426, 71, 1.0, 9382075, 0, 0, 0, 0.02702702702702703
994, 426, 71, 1.0, 9382075, 0, 0, 0, 0.02702702702702703
995, 426, 73, 1.0, 9377428, 0, 0, 0, 0.013513513513513514
996, 456, 73, 1.0, 9377428, 0, 0, 0, 0.013513513513513514
997, 426, 69, 1.0, 9420708, 0, 0, 0, 0.04054054054054054
998, 457, 73, 1.0, 9377428, 0, 0, 1, 0.013513513513513514
999, 458, 73, 1.0, 9377428, 0, 0, 1, 0.013513513513513514
1000, 459, 73, 1.0, 9377428, 0, 0, 1, 0.013513513513513514
1001, 460, 73, 1.0, 9377428, 0, 0, 0, 0.013513513513513514
1002, 426, 71, 1.0, 9382075, 0, 0, 0, 0.02702702702702703
1003, 461, 43, 0.9999999999999999, 14063973, 0, 0, 0, 0.04054054054054054
1004, 462, 73, 1.0, 9377428, 0, 0, 0, 0.013513513513513514
1005, 426, 70, 1.0, 9383167, 0, 0, 0, 0.04054054054054054
1006, 424, 73, 1.0, 9377428, 0, 0, 0, 0.013513513513513514
1007, 427, 73, 1.0, 9377428, 0, 0, 0, 0.013513513513513514
1008, 426, 71, 1.0, 9382075, 0, 0, 0, 0.02702702702702703
1009, 424, 73, 1.0, 9377428, 0, 0, 0, 0.013513513513513514
1010, 427, 73, 1.0, 9377428, 0, 0, 0, 0.013513513513513514
1011, 426, 73, 1.0, 9377428, 0, 0, 0, 0.013513513513513514
1012, 426, 73, 1.0, 9377428, 0, 0, 0, 0.013513513513513514
1013, 428, 73, 1.0, 9377428, 0, 0, 0, 0.013513513513513514
1014, 424, 59, 1.0, 10547812, 0, 0, 0, 0.02702702702702703
1015, 463, 73, 1.0, 9377428, 0, 0, 0, 0.013513513513513514
1016, 464, 72, 1.0, 9380386, 0, 0, 0, 0.02702702702702703
1017, 465, 72, 1.0, 9380386, 0, 0, 0, 0.02702702702702703
1018, 466, 72, 1.0, 9380386, 0, 0, 0, 0.02702702702702703
1019, 467, 72, 1.0, 9380386, 0, 0, 0, 0.02702702702702703
1020, 468, 72, 1.0, 9380386, 0, 0, 0, 0.0136986301369863
1021, 469, 70, 1.0, 9383167, 0, 0, 0, 0.014084507042253521
1022, 470, 60, 1.0, 10252137, 0, 0, 0, 0.02857142857142857
1023, 471, 67, 1.0, 10240319, 0, 0, 1, 0.014705882352941176
1024, 472, 66, 1.0, 10241989, 0, 0, 0, 0.014925373134328358
1025, 473, 60, 1.0, 10252137, 0, 0, 1, 0.029850746268656716
1026, 474, 45, 0.9999999999999976, 14055165, 0, 0, 0, 0.04477611940298507
1027, 475, 66, 1.0, 10241989, 0, 0, 1, 0.014925373134328358
1028, 476, 66, 1.0, 10241989, 0, 0, 0, 0.014925373134328358
1029, 477, 57, 1.0, 11004356, 0, 0, 0, 0.029850746268656716
1030, 476, 6, 0.9978181522072348, 18373871, 0, 1, 0, 0.07462686567164178
1031, 476, 6, 0.9999650603756709, 18373871, 0, 1, 0, 0.05970149253731343
1032, 478, 57, 1.0, 11004356, 0, 0, 0, 0.03076923076923077
1033, 479, 57, 1.0, 11004356, 0, 0, 0, 0.017241379310344827
1034, 480, 57, 1.0, 11004356, 0, 0, 0, 0.017241379310344827
1035, 481, 57, 1.0, 11004356, 0, 0, 0, 0.017241379310344827
1036, 480, 57, 1.0, 11004356, 0, 0, 0, 0.017241379310344827
1037, 480, 57, 1.0, 11004356, 0, 0, 0, 0.017241379310344827
1038, 266, 57, 1.0, 11004356, 0, 0, 1, 0.017241379310344827
1039, 274, 57, 1.0, 11004356, 0, 0, 1, 0.017241379310344827
1040, 364, 57, 1.0, 11004356, 0, 0, 1, 0.017241379310344827
1041, 482, 57, 1.0, 11004356, 0, 0, 1, 0.017241379310344827
1042, 483, 57, 1.0, 11004356, 0, 0, 1, 0.017241379310344827
1043, 279, 57, 1.0, 11004356, 0, 0, 1, 0.017241379310344827
1044, 336, 57, 1.0, 11004356, 0, 0, 1, 0.017241379310344827
1045, 484, 6, 0.9921875, 18373871, 1, 0, 1, 0.034482758620689655
1046, 485, 56, 1.0, 11748479, 0, 0, 0, 0.017543859649122806
1047, 486, 56, 1.0, 11748479, 0, 0, 0, 0.017543859649122806
1048, 140, 56, 1.0, 11748479, 0, 0, 0, 0.017543859649122806
1049, 487, 56, 1.0, 11748479, 0, 0, 0, 0.017543859649122806
1050, 488, 56, 1.0, 11748479, 0, 0, 0, 0.017543859649122806
1051, 489, 56, 1.0, 11748479, 0, 0, 0, 0.017543859649122806
1052, 490, 56, 1.0, 11748479, 0, 0, 0, 0.017543859649122806
1053, 491, 56, 1.0, 11748479, 0, 0, 0, 0.017543859649122806
1054, 492, 56, 1.0, 11748479, 0, 0, 0, 0.017543859649122806
1055, 493, 6, 0.9998374797137799, 18373871, 0, 1, 0, 0.05263157894736842
1056, 480, 56, 1.0, 11748479, 0, 0, 0, 0.017543859649122806
1057, 494, 28, 0.9999999999583704, 14692061, 0, 0, 0, 0.05263157894736842
1058, 495, 56, 1.0, 11748479, 0, 0, 0, 0.017543859649122806
1059, 424, 53, 1.0, 11763479, 0, 0, 0, 0.018518518518518517
1060, 425, 26, 0.9999999998846658, 14696481, 0, 0, 0, 0.037037037037037035
1061, 426, 53, 1.0, 11763479, 0, 0, 0, 0.018518518518518517
1062, 427, 53, 1.0, 11763479, 0, 0, 0, 0.018518518518518517
1063, 430, 53, 1.0, 11763479, 0, 0, 0, 0.018518518518518517
1064, 431, 53, 1.0, 11763479, 0, 0, 0, 0.018518518518518517
1065, 432, 53, 1.0, 11763479, 0, 0, 0, 0.018518518518518517
1066, 433, 53, 1.0, 11763479, 0, 0, 0, 0.018518518518518517
1067, 434, 53, 1.0, 11763479, 0, 0, 0, 0.018518518518518517
1068, 435, 53, 1.0, 11763479, 0, 0, 0, 0.018518518518518517
1069, 436, 53, 1.0, 11763479, 0, 0, 0, 0.018518518518518517
1070, 437, 53, 1.0, 11763479, 0, 0, 0, 0.018518518518518517
1071, 438, 53, 1.0, 11763479, 0, 0, 0, 0.018518518518518517
1072, 439, 53, 1.0, 11763479, 0, 0, 0, 0.018518518518518517
1073, 440, 53, 1.0, 11763479, 0, 0, 0, 0.018518518518518517
1074, 441, 53, 1.0, 11763479, 0, 0, 0, 0.018518518518518517
1075, 442, 53, 1.0, 11763479, 0, 0, 0, 0.018518518518518517
1076, 443, 53, 1.0, 11763479, 0, 0, 0, 0.018518518518518517
1077, 444, 53, 1.0, 11763479, 0, 0, 0, 0.018518518518518517
1078, 445, 53, 1.0, 11763479, 0, 0, 0, 0.018518518518518517
1079, 446, 53, 1.0, 11763479, 0, 0, 0, 0.018518518518518517
1080, 447, 53, 1.0, 11763479, 0, 0, 0, 0.018518518518518517
1081, 448, 53, 1.0, 11763479, 0, 0, 0, 0.018518518518518517
1082, 140, 50, 0.9999999999999996, 13332355, 0, 0, 0, 0.037037037037037035
1083, 449, 53, 1.0, 11763479, 0, 0, 1, 0.018518518518518517
1084, 450, 53, 1.0, 11763479, 0, 0, 1, 0.018518518518518517
1085, 316, 53, 1.0, 11763479, 0, 0, 1, 0.018518518518518517
1086, 451, 26, 0.9999999999719376, 14696481, 0, 0, 0, 0.037037037037037035
1087, 141, 26, 0.9999999937721762, 14696481, 0, 0, 0, 0.037037037037037035
1088, 452, 53, 1.0, 11763479, 0, 0, 0, 0.018518518518518517
1089, 496, 50, 0.9999999999999996, 13332355, 0, 0, 0, 0.0196078431372549
1090, 497, 50, 0.9999999999999996, 13332355, 0, 0, 0, 0.0196078431372549
1091, 498, 3, 0.9952351485148511, 19823533, 0, 1, 0, 0.0784313725490196
1092, 499, 35, 0.9999999999998422, 14552748, 0, 0, 0, 0.0392156862745098
1093, 450, 50, 0.9999999999999996, 13332355, 0, 0, 0, 0.0196078431372549
1094, 316, 50, 0.9999999999999996, 13332355, 0, 0, 0, 0.0196078431372549
1095, 500, 43, 0.9999999999999991, 14063973, 0, 0, 0, 0.0392156862745098
1096, 501, 50, 0.9999999999999996, 13332355, 0, 0, 0, 0.0196078431372549
1097, 502, 50, 0.9999999999999996, 13332355, 0, 0, 0, 0.0196078431372549
1098, 503, 50, 0.9999999999999996, 13332355, 0, 0, 0, 0.0196078431372549
1099, 504, 50, 0.9999999999999996, 13332355, 0, 0, 0, 0.0196078431372549
1100, 505, 50, 0.9999999999999996, 13332355, 0, 0, 0, 0.0196078431372549
1101, 506, 13, 0.9999923314516841, 18065168, 0, 0, 0, 0.0784313725490196
1102, 507, 28, 0.9999999981373549, 14692061, 0, 0, 0, 0.034482758620689655
1103, 508, 28, 0.9999999981373549, 14692061, 0, 0, 0, 0.034482758620689655
1104, 509, 28, 0.9999999981373549, 14692061, 0, 0, 0, 0.034482758620689655
1105, 510, 28, 0.9999999981373549, 14692061, 0, 0, 0, 0.034482758620689655
1106, 511, 26, 0.9999999976958727, 14696481, 0, 0, 0, 0.06896551724137931
1107, 512, 28, 0.9999999981373549, 14692061, 0, 0, 0, 0.034482758620689655
1108, 513, 28, 0.9999999981373549, 14692061, 0, 0, 0, 0.034482758620689655
1109, 514, 28, 0.9999999981373549, 14692061, 0, 0, 0, 0.034482758620689655
1110, 515, 27, 0.9999999962747097, 14692135, 0, 0, 0, 0.03571428571428571
1111, 516, 27, 0.9999999962747097, 14692135, 0, 0, 0, 0.03571428571428571
1112, 496, 27, 0.9999999962747097, 14692135, 0, 0, 0, 0.03571428571428571
1113, 517, 27, 0.9999999962747097, 14692135, 0, 0, 0, 0.03571428571428571
1114, 518, 27, 0.9999999962747097, 14692135, 0, 0, 0, 0.03571428571428571
1115, 519, 27, 0.9999999962747097, 14692135, 0, 0, 0, 0.03571428571428571
1116, 520, 27, 0.9999999962747097, 14692135, 0, 0, 0, 0.03571428571428571
1117, 500, 27, 0.9999999962747097, 14692135, 0, 0, 0, 0.03571428571428571
1118, 521, 27, 0.9999999962747097, 14692135, 0, 0, 0, 0.03571428571428571
1119, 517, 25, 0.9999999850988388, 15040973, 0, 0, 0, 0.038461538461538464
1120, 522, 25, 0.9999999850988388, 15040973, 0, 0, 0, 0.038461538461538464
1121, 523, 25, 0.9999999850988388, 15040973, 0, 0, 0, 0.038461538461538464
1122, 524, 25, 0.9999999850988388, 15040973, 0, 0, 0, 0.038461538461538464
1123, 525, 25, 0.9999999850988388, 15040973, 0, 0, 0, 0.038461538461538464
1124, 9, 16, 0.9999923706054688, 18007799, 0, 0, 0, 0.058823529411764705
1125, 16, 16, 0.9999923706054688, 18007799, 0, 0, 0, 0.058823529411764705
1126, 18, 16, 0.9999923706054688, 18007799, 0, 0, 0, 0.058823529411764705
1127, 19, 16, 0.9999923706054688, 18007799, 0, 0, 0, 0.058823529411764705
1128, 20, 16, 0.9999923706054688, 18007799, 0, 0, 0, 0.058823529411764705
1129, 21, 16, 0.9999923706054688, 18007799, 0, 0, 0, 0.058823529411764705
1130, 22, 16, 0.9999923706054688, 18007799, 0, 0, 0, 0.058823529411764705
1131, 23, 16, 0.9999923706054688, 18007799, 0, 0, 0, 0.058823529411764705
1132, 526, 16, 0.9999923706054688, 18007799, 0, 0, 1, 0.058823529411764705
1133, 25, 16, 0.9999923706054688, 18007799, 0, 0, 0, 0.058823529411764705
1134, 26, 16, 0.9999923706054688, 18007799, 0, 0, 0, 0.058823529411764705
1135, 471, 16, 0.9999923706054688, 18007799, 0, 0, 0, 0.058823529411764705
1136, 16, 16, 0.9999923706054688, 18007799, 0, 0, 1, 0.058823529411764705
1137, 18, 16, 0.9999923706054688, 18007799, 0, 0, 1, 0.058823529411764705
1138, 19, 16, 0.9999923706054688, 18007799, 0, 0, 1, 0.058823529411764705
1139, 20, 16, 0.9999923706054688, 18007799, 0, 0, 1, 0.058823529411764705
1140, 22, 16, 0.9999923706054688, 18007799, 0, 0, 1, 0.058823529411764705
1141, 23, 16, 0.9999923706054688, 18007799, 0, 0, 1, 0.058823529411764705
1142, 526, 16, 0.9999923706054688, 18007799, 0, 0, 1, 0.058823529411764705
1143, 25, 16, 0.9999923706054688, 18007799, 0, 0, 1, 0.058823529411764705
1144, 26, 16, 0.9999923706054688, 18007799, 0, 0, 1, 0.058823529411764705
1145, 527, 16, 0.9999923706054688, 18007799, 0, 0, 1, 0.058823529411764705
1146, 528, 6, 0.9921722412109375, 18373871, 1, 0, 1, 0.125
1147, 529, 6, 0.9921722412109375, 18373871, 1, 0, 1, 0.125
1148, 530, 6, 0.9921722412109375, 18373871, 1, 0, 1, 0.125
1149, 531, 7, 0.99609375, 18372747, 1, 0, 1, 0.125
1150, 328, 7, 0.99609375, 18372747, 1, 0, 1, 0.125
1151, 329, 7, 0.99609375, 18372747, 1, 0, 1, 0.125
1152, 532, 7, 0.99609375, 18372747, 1, 0, 1, 0.125
1153, 533, 7, 0.99609375, 18372747, 1, 0, 1, 0.125
1154, 534, 7, 0.99609375, 18372747, 1, 0, 1, 0.125
1155, 535, 7, 0.99609375, 18372747, 1, 0, 1, 0.125
1156, 536, 7, 0.99609375, 18372747, 1, 0, 1, 0.125
1157, 537, 7, 0.99609375, 18372747, 1, 0, 1, 0.125
1158, 119, 7, 0.99609375, 18372747, 1, 0, 1, 0.125
1159, 395, 7, 0.99609375, 18372747, 1, 0, 1, 0.125
1160, 538, 7, 0.99609375, 18372747, 1, 0, 1, 0.125
1161, 397, 7, 0.99609375, 18372747, 1, 0, 1, 0.125
1162, 398, 7, 0.99609375, 18372747, 1, 0, 1, 0.125
1163, 539, 7, 0.99609375, 18372747, 1, 0, 1, 0.125
1164, 389, 7, 0.99609375, 18372747, 1, 0, 1, 0.125
1165, 390, 7, 0.99609375, 18372747, 1, 0, 1, 0.125
1166, 391, 7, 0.99609375, 18372747, 1, 0, 1, 0.125
1167, 119, 7, 0.99609375, 18372747, 1, 0, 1, 0.125
1168, 336, 7, 0.99609375, 18372747, 1, 0, 1, 0.125
1169, 337, 7, 0.99609375, 18372747, 1, 0, 1, 0.125
1170, 338, 7, 0.99609375, 18372747, 1, 0, 1, 0.125
1171, 540, 7, 0.99609375, 18372747, 1, 0, 1, 0.125
1172, 541, 7, 0.99609375, 18372747, 1, 0, 1, 0.125
1173, 542, 7, 0.99609375, 18372747, 1, 0, 1, 0.125
1174, 543, 7, 0.99609375, 18372747, 1, 0, 1, 0.125
1175, 544, 7, 0.99609375, 18372747, 1, 0, 1, 0.125
1176, 543, 7, 0.99609375, 18372747, 1, 0, 1, 0.125
1177, 545, 7, 0.99609375, 18372747, 1, 0, 1, 0.125
1178, 546, 7, 0.99609375, 18372747, 1, 0, 1, 0.125
1179, 543, 7, 0.99609375, 18372747, 1, 0, 1, 0.125
1180, 547, 7, 0.99609375, 18372747, 1, 0, 1, 0.125
1181, 546, 7, 0.99609375, 18372747, 1, 0, 1, 0.125
1182, 541, 7, 0.99609375, 18372747, 1, 0, 1, 0.125
1183, 541, 7, 0.99609375, 18372747, 1, 0, 1, 0.125
1184, 541, 7, 0.99609375, 18372747, 1, 0, 1, 0.125
1185, 541, 7, 0.99609375, 18372747, 1, 0, 1, 0.125
1186, 344, 7, 0.99609375, 18372747, 1, 0, 1, 0.125
1187, 548, 7, 0.99609375, 18372747, 1, 0, 1, 0.125
1188, 549, 7, 0.99609375, 18372747, 1, 0, 1, 0.125
1189, 550, 7, 0.99609375, 18372747, 1, 0, 1, 0.125
1190, 551, 7, 0.99609375, 18372747, 1, 0, 1, 0.125
1191, 552, 7, 0.99609375, 18372747, 1, 0, 1, 0.125
1192, 553, 7, 0.99609375, 18372747, 1, 0, 1, 0.125
1193, 554, 7, 0.99609375, 18372747, 1, 0, 1, 0.125
1194, 546, 7, 0.99609375, 18372747, 1, 0, 1, 0.125
1195, 541, 7, 0.99609375, 18372747, 1, 0, 1, 0.125
1196, 555, 7, 0.99609375, 18372747, 1, 0, 1, 0.125
1197, 546, 7, 0.99609375, 18372747, 1, 0, 1, 0.125
1198, 336, 7, 0.99609375, 18372747, 1, 0, 1, 0.125
1199, 337, 7, 0.99609375, 18372747, 1, 0, 1, 0.125
1200, 338, 7, 0.99609375, 18372747, 1, 0, 1, 0.125
1201, 556, 7, 0.99609375, 18372747, 1, 0, 1, 0.125
1202, 557, 7, 0.99609375, 18372747, 1, 0, 1, 0.125
1203, 558, 7, 0.99609375, 18372747, 1, 0, 1, 0.125
1204, 559, 7, 0.99609375, 18372747, 1, 0, 1, 0.125
1205, 560, 7, 0.99609375, 18372747, 1, 0, 1, 0.125
1206, 561, 7, 0.99609375, 18372747, 1, 0, 1, 0.125
1207, 562, 7, 0.99609375, 18372747, 1, 0, 1, 0.125
1208, 563, 7, 0.99609375, 18372747, 1, 0, 1, 0.125
1209, 564, 7, 0.99609375, 18372747, 1, 0, 1, 0.125
1210, 565, 0, 0.5, 20008421, 1, 0, 0, 1.0
1211, 566, 0, 0.5, 20008421, 1, 0, 0, 1.0
