0, 0, 2, 0.9965880893300247, 29855893, 0, 1, 0, 0.01818181818181818
1, 1, 109, 1.0, 0, 0, 0, 0, 0.00909090909090909
2, 2, 0, 0.9746997337847798, 29864229, 0, 1, 0, 0.05454545454545454
3, 3, 109, 1.0, 0, 0, 0, 0, 0.00909090909090909
4, 4, 109, 1.0, 0, 0, 0, 0, 0.00909090909090909
5, 5, 109, 1.0, 0, 0, 0, 0, 0.00909090909090909
6, 6, 109, 1.0, 0, 0, 0, 0, 0.00909090909090909
7, 7, 69, 1.0, 7641435, 0, 0, 0, 0.03636363636363636
8, 8, 109, 1.0, 0, 0, 0, 1, 0.00909090909090909
9, 9, 109, 1.0, 0, 0, 0, 0, 0.00909090909090909
10, 10, 109, 1.0, 0, 0, 0, 1, 0.00909090909090909
11, 11, 109, 1.0, 0, 0, 0, 0, 0.00909090909090909
12, 12, 66, 1.0, 7642495, 0, 0, 0, 0.03636363636363636
13, 13, 109, 1.0, 0, 0, 0, 0, 0.00909090909090909
14, 14, 109, 1.0, 0, 0, 0, 0, 0.00909090909090909
15, 15, 109, 1.0, 0, 0, 0, 0, 0.00909090909090909
16, 16, 109, 1.0, 0, 0, 0, 0, 0.00909090909090909
17, 17, 109, 1.0, 0, 0, 0, 0, 0.00909090909090909
18, 18, 109, 1.0, 0, 0, 0, 0, 0.00909090909090909
19, 19, 109, 1.0, 0, 0, 0, 0, 0.00909090909090909
20, 20, 109, 1.0, 0, 0, 0, 0, 0.00909090909090909
21, 21, 109, 1.0, 0, 0, 0, 0, 0.00909090909090909
22, 22, 109, 1.0, 0, 0, 0, 0, 0.00909090909090909
23, 23, 109, 1.0, 0, 0, 0, 0, 0.00909090909090909
24, 24, 109, 1.0, 0, 0, 0, 0, 0.00909090909090909
25, 25, 109, 1.0, 0, 0, 0, 0, 0.00909090909090909
26, 26, 109, 1.0, 0, 0, 0, 0, 0.00909090909090909
27, 27, 109, 1.0, 0, 0, 0, 0, 0.00909090909090909
28, 28, 109, 1.0, 0, 0, 0, 0, 0.00909090909090909
29, 29, 109, 1.0, 0, 0, 0, 1, 0.00909090909090909
30, 30, 109, 1.0, 0, 0, 0, 0, 0.00909090909090909
31, 31, 109, 1.0, 0, 0, 0, 0, 0.00909090909090909
32, 32, 109, 1.0, 0, 0, 0, 0, 0.00909090909090909
33, 33, 109, 1.0, 0, 0, 0, 0, 0.00909090909090909
34, 34, 109, 1.0, 0, 0, 0, 0, 0.00909090909090909
35, 35, 109, 1.0, 0, 0, 0, 0, 0.00909090909090909
36, 36, 109, 1.0, 0, 0, 0, 0, 0.00909090909090909
37, 37, 109, 1.0, 0, 0, 0, 0, 0.00909090909090909
38, 38, 109, 1.0, 0, 0, 0, 0, 0.00909090909090909
39, 39, 109, 1.0, 0, 0, 0, 0, 0.00909090909090909
40, 40, 109, 1.0, 0, 0, 0, 0, 0.00909090909090909
41, 41, 109, 1.0, 0, 0, 0, 0, 0.00909090909090909
42, 42, 109, 1.0, 0, 0, 0, 0, 0.00909090909090909
43, 43, 109, 1.0, 0, 0, 0, 0, 0.00909090909090909
44, 44, 109, 1.0, 0, 0, 0, 0, 0.00909090909090909
45, 45, 109, 1.0, 0, 0, 0, 0, 0.00909090909090909
46, 46, 109, 1.0, 0, 0, 0, 0, 0.00909090909090909
47, 47, 109, 1.0, 0, 0, 0, 0, 0.00909090909090909
48, 48, 109, 1.0, 0, 0, 0, 0, 0.00909090909090909
49, 49, 109, 1.0, 0, 0, 0, 0, 0.00909090909090909
50, 50, 109, 1.0, 0, 0, 0, 0, 0.00909090909090909
51, 51, 109, 1.0, 0, 0, 0, 0, 0.00909090909090909
52, 52, 109, 1.0, 0, 0, 0, 0, 0.00909090909090909
53, 53, 109, 1.0, 0, 0, 0, 0, 0.00909090909090909
54, 54, 109, 1.0, 0, 0, 0, 0, 0.00909090909090909
55, 55, 109, 1.0, 0, 0, 0, 1, 0.00909090909090909
56, 56, 109, 1.0, 0, 0, 0, 0, 0.00909090909090909
57, 57, 109, 1.0, 0, 0, 0, 0, 0.00909090909090909
58, 58, 109, 1.0, 0, 0, 0, 0, 0.00909090909090909
59, 59, 109, 1.0, 0, 0, 0, 0, 0.00909090909090909
60, 60, 109, 1.0, 0, 0, 0, 0, 0.00909090909090909
61, 61, 109, 1.0, 0, 0, 0, 0, 0.00909090909090909
62, 62, 109, 1.0, 0, 0, 0, 0, 0.00909090909090909
63, 63, 109, 1.0, 0, 0, 0, 0, 0.00909090909090909
64, 64, 109, 1.0, 0, 0, 0, 0, 0.00909090909090909
65, 65, 109, 1.0, 0, 0, 0, 0, 0.00909090909090909
66, 66, 109, 1.0, 0, 0, 0, 0, 0.00909090909090909
67, 67, 109, 1.0, 0, 0, 0, 0, 0.00909090909090909
68, 68, 109, 1.0, 0, 0, 0, 0, 0.00909090909090909
69, 69, 109, 1.0, 0, 0, 0, 0, 0.00909090909090909
70, 70, 109, 1.0, 0, 0, 0, 0, 0.00909090909090909
71, 71, 109, 1.0, 0, 0, 0, 0, 0.00909090909090909
72, 72, 109, 1.0, 0, 0, 0, 0, 0.00909090909090909
73, 73, 109, 1.0, 0, 0, 0, 0, 0.00909090909090909
74, 74, 109, 1.0, 0, 0, 0, 1, 0.00909090909090909
75, 75, 109, 1.0, 0, 0, 0, 0, 0.00909090909090909
76, 76, 109, 1.0, 0, 0, 0, 0, 0.00909090909090909
77, 77, 109, 1.0, 0, 0, 0, 0, 0.00909090909090909
78, 78, 109, 1.0, 0, 0, 0, 0, 0.00909090909090909
79, 79, 109, 1.0, 0, 0, 0, 0, 0.00909090909090909
80, 80, 109, 1.0, 0, 0, 0, 0, 0.00909090909090909
81, 81, 109, 1.0, 0, 0, 0, 0, 0.00909090909090909
82, 82, 109, 1.0, 0, 0, 0, 0, 0.00909090909090909
83, 83, 109, 1.0, 0, 0, 0, 0, 0.00909090909090909
84, 84, 109, 1.0, 0, 0, 0, 0, 0.00909090909090909
85, 85, 109, 1.0, 0, 0, 0, 0, 0.00909090909090909
86, 86, 109, 1.0, 0, 0, 0, 0, 0.00909090909090909
87, 87, 109, 1.0, 0, 0, 0, 0, 0.00909090909090909
88, 88, 109, 1.0, 0, 0, 0, 0, 0.00909090909090909
89, 89, 109, 1.0, 0, 0, 0, 0, 0.00909090909090909
90, 90, 109, 1.0, 0, 0, 0, 0, 0.00909090909090909
91, 91, 109, 1.0, 0, 0, 0, 0, 0.00909090909090909
92, 92, 109, 1.0, 0, 0, 0, 0, 0.00909090909090909
93, 93, 109, 1.0, 0, 0, 0, 0, 0.00909090909090909
94, 94, 109, 1.0, 0, 0, 0, 0, 0.00909090909090909
95, 95, 109, 1.0, 0, 0, 0, 0, 0.00909090909090909
96, 96, 109, 1.0, 0, 0, 0, 0, 0.00909090909090909
97, 97, 109, 1.0, 0, 0, 0, 0, 0.00909090909090909
98, 98, 109, 1.0, 0, 0, 0, 0, 0.00909090909090909
99, 99, 109, 1.0, 0, 0, 0, 1, 0.00909090909090909
100, 100, 109, 1.0, 0, 0, 0, 1, 0.00909090909090909
101, 101, 109, 1.0, 0, 0, 0, 0, 0.00909090909090909
102, 102, 109, 1.0, 0, 0, 0, 1, 0.00909090909090909
103, 103, 69, 1.0, 7641435, 0, 0, 1, 0.03636363636363636
104, 104, 109, 1.0, 0, 0, 0, 0, 0.00909090909090909
105, 105, 109, 1.0, 0, 0, 0, 0, 0.00909090909090909
106, 106, 109, 1.0, 0, 0, 0, 0, 0.00909090909090909
107, 107, 109, 1.0, 0, 0, 0, 0, 0.00909090909090909
108, 108, 69, 1.0, 7641435, 0, 0, 0, 0.03636363636363636
109, 109, 109, 1.0, 0, 0, 0, 0, 0.00909090909090909
110, 110, 2, 0.9949567723342939, 29855893, 0, 1, 0, 0.045454545454545456
111, 108, 2, 0.826386855971897, 29855893, 0, 1, 0, 0.045454545454545456
112, 111, 2, 0.8874304410552349, 29855893, 0, 1, 0, 0.07272727272727272
113, 112, 81, 1.0, 2738174, 0, 0, 0, 0.02727272727272727
114, 113, 109, 1.0, 0, 0, 0, 0, 0.00909090909090909
115, 114, 81, 1.0, 2738174, 0, 0, 0, 0.01818181818181818
116, 115, 109, 1.0, 0, 0, 0, 1, 0.00909090909090909
117, 116, 109, 1.0, 0, 0, 0, 1, 0.00909090909090909
118, 117, 69, 1.0, 7641435, 0, 0, 1, 0.03636363636363636
119, 118, 47, 0.9999999999999993, 15372538, 0, 0, 1, 0.01818181818181818
120, 119, 109, 1.0, 0, 0, 0, 1, 0.00909090909090909
121, 120, 109, 1.0, 0, 0, 0, 1, 0.00909090909090909
122, 121, 47, 1.0, 15372538, 0, 0, 1, 0.01818181818181818
123, 122, 109, 1.0, 0, 0, 0, 1, 0.00909090909090909
124, 123, 109, 1.0, 0, 0, 0, 0, 0.00909090909090909
125, 124, 2, 0.9970262510254306, 29855893, 0, 1, 0, 0.045454545454545456
126, 125, 69, 1.0, 7641435, 0, 0, 0, 0.03636363636363636
127, 126, 69, 1.0, 7641435, 0, 0, 0, 0.03636363636363636
128, 127, 69, 1.0, 7641435, 0, 0, 0, 0.03636363636363636
129, 128, 69, 1.0, 7641435, 0, 0, 0, 0.03636363636363636
130, 129, 69, 1.0, 7641435, 0, 0, 0, 0.03636363636363636
131, 130, 69, 1.0, 7641435, 0, 0, 0, 0.03636363636363636
132, 131, 109, 1.0, 0, 0, 0, 0, 0.00909090909090909
133, 132, 109, 1.0, 0, 0, 0, 0, 0.00909090909090909
134, 133, 109, 1.0, 0, 0, 0, 0, 0.00909090909090909
135, 134, 109, 1.0, 0, 0, 0, 0, 0.00909090909090909
136, 135, 109, 1.0, 0, 0, 0, 0, 0.00909090909090909
137, 136, 109, 1.0, 0, 0, 0, 0, 0.00909090909090909
138, 137, 109, 1.0, 0, 0, 0, 0, 0.00909090909090909
139, 138, 109, 1.0, 0, 0, 0, 1, 0.00909090909090909
140, 139, 109, 1.0, 0, 0, 0, 1, 0.00909090909090909
141, 140, 109, 1.0, 0, 0, 0, 1, 0.00909090909090909
142, 141, 2, 0.9910130718954249, 29855893, 0, 1, 0, 0.01818181818181818
143, 142, 109, 1.0, 0, 0, 0, 1, 0.00909090909090909
144, 143, 2, 0.9972020568663037, 29855893, 0, 1, 0, 0.045454545454545456
145, 144, 69, 1.0, 7641435, 0, 0, 0, 0.03636363636363636
146, 145, 69, 1.0, 7641435, 0, 0, 0, 0.03636363636363636
147, 146, 18, 0.9999993098409552, 26398560, 0, 0, 0, 0.045454545454545456
148, 147, 2, 0.9221014492753623, 29855893, 0, 1, 0, 0.01818181818181818
149, 148, 109, 1.0, 0, 0, 0, 0, 0.00909090909090909
150, 149, 2, 0.9968958207147184, 29855893, 0, 1, 0, 0.045454545454545456
151, 150, 109, 1.0, 0, 0, 0, 0, 0.00909090909090909
152, 151, 109, 1.0, 0, 0, 0, 0, 0.00909090909090909
153, 152, 109, 1.0, 0, 0, 0, 0, 0.00909090909090909
154, 153, 109, 1.0, 0, 0, 0, 0, 0.00909090909090909
155, 154, 109, 1.0, 0, 0, 0, 0, 0.00909090909090909
156, 155, 109, 1.0, 0, 0, 0, 0, 0.00909090909090909
157, 156, 2, 0.9884899016736419, 29855893, 0, 1, 0, 0.07272727272727272
158, 157, 69, 1.0, 7641435, 0, 0, 0, 0.03636363636363636
159, 158, 43, 0.9999999999999861, 19386097, 0, 0, 0, 0.045454545454545456
160, 159, 43, 0.9999999999999881, 19386097, 0, 0, 0, 0.01818181818181818
161, 160, 69, 1.0, 7641435, 0, 0, 0, 0.03636363636363636
162, 161, 69, 1.0, 7641435, 0, 0, 0, 0.03636363636363636
163, 162, 109, 1.0, 0, 0, 0, 0, 0.00909090909090909
164, 163, 2, 0.9637054507337526, 29855893, 0, 1, 1, 0.045454545454545456
165, 164, 109, 1.0, 0, 0, 0, 0, 0.00909090909090909
166, 165, 109, 1.0, 0, 0, 0, 0, 0.00909090909090909
167, 166, 109, 1.0, 0, 0, 0, 0, 0.00909090909090909
168, 167, 109, 1.0, 0, 0, 0, 0, 0.00909090909090909
169, 168, 109, 1.0, 0, 0, 0, 0, 0.00909090909090909
170, 169, 109, 1.0, 0, 0, 0, 0, 0.00909090909090909
171, 170, 109, 1.0, 0, 0, 0, 0, 0.00909090909090909
172, 171, 109, 1.0, 0, 0, 0, 0, 0.00909090909090909
173, 172, 109, 1.0, 0, 0, 0, 0, 0.00909090909090909
174, 173, 109, 1.0, 0, 0, 0, 0, 0.00909090909090909
175, 174, 109, 1.0, 0, 0, 0, 1, 0.00909090909090909
176, 175, 69, 1.0, 7641435, 0, 0, 1, 0.03636363636363636
177, 176, 69, 1.0, 7641435, 0, 0, 1, 0.03636363636363636
178, 177, 49, 0.9999999999999994, 13699355, 0, 0, 1, 0.045454545454545456
179, 178, 69, 1.0, 7641435, 0, 0, 1, 0.03636363636363636
180, 179, 109, 1.0, 0, 0, 0, 0, 0.00909090909090909
181, 180, 109, 1.0, 0, 0, 0, 0, 0.00909090909090909
182, 181, 109, 1.0, 0, 0, 0, 0, 0.00909090909090909
183, 182, 69, 1.0, 7641435, 0, 0, 0, 0.03636363636363636
184, 183, 109, 1.0, 0, 0, 0, 0, 0.00909090909090909
185, 184, 109, 1.0, 0, 0, 0, 0, 0.00909090909090909
186, 185, 69, 1.0, 7641435, 0, 0, 0, 0.045454545454545456
187, 186, 109, 1.0, 0, 0, 0, 0, 0.00909090909090909
188, 187, 109, 1.0, 0, 0, 0, 0, 0.00909090909090909
189, 133, 109, 1.0, 0, 0, 0, 0, 0.00909090909090909
190, 135, 109, 1.0, 0, 0, 0, 0, 0.00909090909090909
191, 136, 109, 1.0, 0, 0, 0, 0, 0.00909090909090909
192, 137, 109, 1.0, 0, 0, 0, 0, 0.00909090909090909
193, 188, 11, 0.9999636933193502, 28206348, 0, 0, 0, 0.15454545454545454
194, 189, 109, 1.0, 0, 0, 0, 0, 0.00909090909090909
195, 190, 61, 1.0, 8595732, 0, 0, 0, 0.01818181818181818
196, 191, 109, 1.0, 0, 0, 0, 0, 0.00909090909090909
197, 192, 109, 1.0, 0, 0, 0, 1, 0.00909090909090909
198, 193, 61, 1.0, 8595732, 0, 0, 0, 0.045454545454545456
199, 194, 61, 1.0, 8595732, 0, 0, 0, 0.045454545454545456
200, 195, 109, 1.0, 0, 0, 0, 0, 0.00909090909090909
201, 196, 109, 1.0, 0, 0, 0, 0, 0.00909090909090909
202, 197, 109, 1.0, 0, 0, 0, 0, 0.00909090909090909
203, 198, 109, 1.0, 0, 0, 0, 0, 0.00909090909090909
204, 199, 109, 1.0, 0, 0, 0, 0, 0.00909090909090909
205, 200, 109, 1.0, 0, 0, 0, 0, 0.00909090909090909
206, 201, 109, 1.0, 0, 0, 0, 0, 0.00909090909090909
207, 202, 109, 1.0, 0, 0, 0, 0, 0.00909090909090909
208, 203, 109, 1.0, 0, 0, 0, 0, 0.00909090909090909
209, 184, 109, 1.0, 0, 0, 0, 0, 0.00909090909090909
210, 204, 69, 1.0, 7641435, 0, 0, 0, 0.03636363636363636
211, 205, 69, 1.0, 7641435, 0, 0, 0, 0.03636363636363636
212, 206, 61, 1.0, 8595732, 0, 0, 0, 0.045454545454545456
213, 207, 55, 1.0, 11191622, 0, 0, 0, 0.01818181818181818
214, 208, 109, 1.0, 0, 0, 0, 0, 0.00909090909090909
215, 209, 55, 1.0, 11191622, 0, 0, 0, 0.03636363636363636
216, 210, 109, 1.0, 0, 0, 0, 0, 0.00909090909090909
217, 211, 70, 1.0, 7641337, 0, 0, 0, 0.045454545454545456
218, 212, 109, 1.0, 0, 0, 0, 0, 0.00909090909090909
219, 213, 109, 1.0, 0, 0, 0, 0, 0.00909090909090909
220, 214, 69, 1.0, 7641435, 0, 0, 0, 0.03636363636363636
221, 215, 69, 1.0, 7641435, 0, 0, 0, 0.03636363636363636
222, 216, 61, 1.0, 8595732, 0, 0, 0, 0.045454545454545456
223, 217, 109, 1.0, 0, 0, 0, 0, 0.00909090909090909
224, 218, 69, 1.0, 7641435, 0, 0, 0, 0.045454545454545456
225, 219, 109, 1.0, 0, 0, 0, 0, 0.00909090909090909
226, 220, 109, 1.0, 0, 0, 0, 0, 0.00909090909090909
227, 124, 109, 1.0, 0, 0, 0, 0, 0.00909090909090909
228, 125, 109, 1.0, 0, 0, 0, 0, 0.00909090909090909
229, 126, 109, 1.0, 0, 0, 0, 0, 0.00909090909090909
230, 127, 109, 1.0, 0, 0, 0, 0, 0.00909090909090909
231, 128, 109, 1.0, 0, 0, 0, 0, 0.00909090909090909
232, 129, 109, 1.0, 0, 0, 0, 0, 0.00909090909090909
233, 130, 109, 1.0, 0, 0, 0, 0, 0.00909090909090909
234, 124, 109, 1.0, 0, 0, 0, 0, 0.00909090909090909
235, 125, 109, 1.0, 0, 0, 0, 0, 0.00909090909090909
236, 126, 109, 1.0, 0, 0, 0, 0, 0.00909090909090909
237, 127, 109, 1.0, 0, 0, 0, 0, 0.00909090909090909
238, 128, 109, 1.0, 0, 0, 0, 0, 0.00909090909090909
239, 129, 109, 1.0, 0, 0, 0, 0, 0.00909090909090909
240, 130, 109, 1.0, 0, 0, 0, 0, 0.00909090909090909
241, 221, 61, 1.0, 8595732, 0, 0, 0, 0.01818181818181818
242, 222, 109, 1.0, 0, 0, 0, 0, 0.00909090909090909
243, 223, 61, 1.0, 8595732, 0, 0, 0, 0.01818181818181818
244, 224, 109, 1.0, 0, 0, 0, 1, 0.00909090909090909
245, 225, 109, 1.0, 0, 0, 0, 1, 0.00909090909090909
246, 226, 61, 1.0, 8595732, 0, 0, 0, 0.01818181818181818
247, 227, 109, 1.0, 0, 0, 0, 1, 0.00909090909090909
248, 228, 109, 1.0, 0, 0, 0, 1, 0.00909090909090909
249, 229, 109, 1.0, 0, 0, 0, 0, 0.00909090909090909
250, 230, 109, 1.0, 0, 0, 0, 0, 0.00909090909090909
251, 231, 109, 1.0, 0, 0, 0, 0, 0.00909090909090909
252, 232, 109, 1.0, 0, 0, 0, 0, 0.00909090909090909
253, 124, 109, 1.0, 0, 0, 0, 0, 0.00909090909090909
254, 125, 109, 1.0, 0, 0, 0, 0, 0.00909090909090909
255, 126, 109, 1.0, 0, 0, 0, 0, 0.00909090909090909
256, 127, 109, 1.0, 0, 0, 0, 0, 0.00909090909090909
257, 128, 109, 1.0, 0, 0, 0, 0, 0.00909090909090909
258, 129, 109, 1.0, 0, 0, 0, 0, 0.00909090909090909
259, 130, 109, 1.0, 0, 0, 0, 0, 0.00909090909090909
260, 233, 109, 1.0, 0, 0, 0, 0, 0.00909090909090909
261, 234, 109, 1.0, 0, 0, 0, 0, 0.00909090909090909
262, 235, 109, 1.0, 0, 0, 0, 0, 0.00909090909090909
263, 236, 109, 1.0, 0, 0, 0, 0, 0.00909090909090909
264, 237, 109, 1.0, 0, 0, 0, 0, 0.00909090909090909
265, 238, 109, 1.0, 0, 0, 0, 0, 0.00909090909090909
266, 239, 109, 1.0, 0, 0, 0, 0, 0.00909090909090909
267, 240, 109, 1.0, 0, 0, 0, 0, 0.00909090909090909
268, 241, 109, 1.0, 0, 0, 0, 0, 0.00909090909090909
269, 242, 109, 1.0, 0, 0, 0, 0, 0.00909090909090909
270, 243, 109, 1.0, 0, 0, 0, 0, 0.00909090909090909
271, 244, 109, 1.0, 0, 0, 0, 0, 0.00909090909090909
272, 245, 109, 1.0, 0, 0, 0, 0, 0.00909090909090909
273, 246, 109, 1.0, 0, 0, 0, 0, 0.00909090909090909
274, 247, 109, 1.0, 0, 0, 0, 0, 0.00909090909090909
275, 248, 109, 1.0, 0, 0, 0, 0, 0.00909090909090909
276, 245, 40, 0.9999999999999915, 20945805, 0, 0, 0, 0.045454545454545456
277, 249, 109, 1.0, 0, 0, 0, 0, 0.00909090909090909
278, 250, 109, 1.0, 0, 0, 0, 0, 0.00909090909090909
279, 251, 109, 1.0, 0, 0, 0, 0, 0.00909090909090909
280, 252, 109, 1.0, 0, 0, 0, 0, 0.00909090909090909
281, 253, 109, 1.0, 0, 0, 0, 0, 0.00909090909090909
282, 254, 109, 1.0, 0, 0, 0, 0, 0.00909090909090909
283, 255, 109, 1.0, 0, 0, 0, 0, 0.00909090909090909
284, 256, 109, 1.0, 0, 0, 0, 0, 0.00909090909090909
285, 257, 109, 1.0, 0, 0, 0, 1, 0.00909090909090909
286, 258, 109, 1.0, 0, 0, 0, 1, 0.00909090909090909
287, 259, 109, 1.0, 0, 0, 0, 1, 0.00909090909090909
288, 260, 109, 1.0, 0, 0, 0, 1, 0.00909090909090909
289, 261, 109, 1.0, 0, 0, 0, 1, 0.00909090909090909
290, 262, 109, 1.0, 0, 0, 0, 1, 0.00909090909090909
291, 263, 109, 1.0, 0, 0, 0, 1, 0.00909090909090909
292, 264, 69, 1.0, 7641435, 0, 0, 1, 0.03636363636363636
293, 265, 109, 1.0, 0, 0, 0, 0, 0.00909090909090909
294, 266, 109, 1.0, 0, 0, 0, 0, 0.00909090909090909
295, 267, 109, 1.0, 0, 0, 0, 0, 0.00909090909090909
296, 268, 109, 1.0, 0, 0, 0, 0, 0.00909090909090909
297, 269, 109, 1.0, 0, 0, 0, 0, 0.00909090909090909
298, 270, 109, 1.0, 0, 0, 0, 1, 0.00909090909090909
299, 271, 69, 1.0, 7641435, 0, 0, 1, 0.03636363636363636
300, 272, 109, 1.0, 0, 0, 0, 1, 0.00909090909090909
301, 273, 109, 1.0, 0, 0, 0, 1, 0.00909090909090909
302, 274, 109, 1.0, 0, 0, 0, 1, 0.00909090909090909
303, 275, 109, 1.0, 0, 0, 0, 0, 0.00909090909090909
304, 276, 69, 1.0, 7641435, 0, 0, 0, 0.03636363636363636
305, 277, 109, 1.0, 0, 0, 0, 0, 0.00909090909090909
306, 278, 109, 1.0, 0, 0, 0, 0, 0.00909090909090909
307, 279, 69, 1.0, 7641435, 0, 0, 0, 0.03636363636363636
308, 280, 109, 1.0, 0, 0, 0, 0, 0.00909090909090909
309, 281, 109, 1.0, 0, 0, 0, 0, 0.00909090909090909
310, 282, 69, 1.0, 7641435, 0, 0, 0, 0.03636363636363636
311, 283, 109, 1.0, 0, 0, 0, 0, 0.00909090909090909
312, 284, 109, 1.0, 0, 0, 0, 0, 0.00909090909090909
313, 285, 109, 1.0, 0, 0, 0, 0, 0.00909090909090909
314, 286, 109, 1.0, 0, 0, 0, 0, 0.00909090909090909
315, 287, 69, 1.0, 7641435, 0, 0, 0, 0.03636363636363636
316, 288, 109, 1.0, 0, 0, 0, 0, 0.00909090909090909
317, 289, 109, 1.0, 0, 0, 0, 0, 0.00909090909090909
318, 290, 109, 1.0, 0, 0, 0, 0, 0.00909090909090909
319, 291, 69, 1.0, 7641435, 0, 0, 0, 0.03636363636363636
320, 292, 69, 1.0, 7641435, 0, 0, 0, 0.03636363636363636
321, 293, 109, 1.0, 0, 0, 0, 0, 0.00909090909090909
322, 294, 69, 1.0, 7641435, 0, 0, 0, 0.03636363636363636
323, 295, 109, 1.0, 0, 0, 0, 1, 0.00909090909090909
324, 260, 109, 1.0, 0, 0, 0, 1, 0.00909090909090909
325, 261, 109, 1.0, 0, 0, 0, 1, 0.00909090909090909
326, 262, 109, 1.0, 0, 0, 0, 1, 0.00909090909090909
327, 263, 109, 1.0, 0, 0, 0, 1, 0.00909090909090909
328, 296, 69, 1.0, 7641435, 0, 0, 1, 0.03636363636363636
329, 297, 61, 1.0, 8595732, 0, 0, 1, 0.045454545454545456
330, 298, 61, 1.0, 8595732, 0, 0, 1, 0.045454545454545456
331, 299, 69, 1.0, 7641435, 0, 0, 0, 0.03636363636363636
332, 300, 109, 1.0, 0, 0, 0, 0, 0.00909090909090909
333, 233, 109, 1.0, 0, 0, 0, 0, 0.00909090909090909
334, 234, 109, 1.0, 0, 0, 0, 0, 0.00909090909090909
335, 235, 109, 1.0, 0, 0, 0, 0, 0.00909090909090909
336, 236, 109, 1.0, 0, 0, 0, 0, 0.00909090909090909
337, 237, 109, 1.0, 0, 0, 0, 0, 0.00909090909090909
338, 238, 109, 1.0, 0, 0, 0, 0, 0.00909090909090909
339, 239, 109, 1.0, 0, 0, 0, 0, 0.00909090909090909
340, 240, 109, 1.0, 0, 0, 0, 0, 0.00909090909090909
341, 241, 69, 1.0, 7641435, 0, 0, 0, 0.03636363636363636
342, 242, 109, 1.0, 0, 0, 0, 0, 0.00909090909090909
343, 243, 109, 1.0, 0, 0, 0, 0, 0.00909090909090909
344, 244, 109, 1.0, 0, 0, 0, 0, 0.00909090909090909
345, 301, 109, 1.0, 0, 0, 0, 1, 0.00909090909090909
346, 302, 109, 1.0, 0, 0, 0, 1, 0.00909090909090909
347, 303, 98, 1.0, 1202206, 0, 0, 0, 0.010101010101010102
348, 304, 98, 1.0, 1202206, 0, 0, 0, 0.010101010101010102
349, 305, 69, 1.0, 7641435, 0, 0, 0, 0.06060606060606061
350, 192, 69, 1.0, 7641435, 0, 0, 0, 0.05063291139240506
351, 306, 66, 1.0, 7642495, 0, 0, 1, 0.0273972602739726
352, 233, 66, 1.0, 7642495, 0, 0, 0, 0.0273972602739726
353, 234, 66, 1.0, 7642495, 0, 0, 0, 0.0273972602739726
354, 235, 66, 1.0, 7642495, 0, 0, 0, 0.0273972602739726
355, 236, 66, 1.0, 7642495, 0, 0, 0, 0.0273972602739726
356, 237, 66, 1.0, 7642495, 0, 0, 0, 0.0273972602739726
357, 238, 66, 1.0, 7642495, 0, 0, 0, 0.0273972602739726
358, 239, 66, 1.0, 7642495, 0, 0, 0, 0.0273972602739726
359, 240, 66, 1.0, 7642495, 0, 0, 0, 0.0273972602739726
360, 241, 66, 1.0, 7642495, 0, 0, 0, 0.0273972602739726
361, 242, 66, 1.0, 7642495, 0, 0, 0, 0.0273972602739726
362, 243, 66, 1.0, 7642495, 0, 0, 0, 0.0273972602739726
363, 244, 66, 1.0, 7642495, 0, 0, 0, 0.0273972602739726
364, 307, 8, 0.9986904007430599, 28298857, 0, 1, 0, 0.08928571428571429
365, 308, 43, 0.9999999999999432, 19386097, 0, 0, 0, 0.022727272727272728
366, 309, 5, 0.9999756869254327, 29751518, 0, 1, 0, 0.17073170731707318
367, 310, 3, 0.9296875, 29809525, 1, 0, 1, 0.2857142857142857
368, 311, 3, 0.9296875, 29809525, 1, 0, 1, 0.2857142857142857
369, 312, 3, 0.9296875, 29809525, 1, 0, 1, 0.2857142857142857
370, 313, 3, 0.9296875, 29809525, 1, 0, 1, 0.2857142857142857
371, 314, 3, 0.9296875, 29809525, 1, 0, 1, 0.2857142857142857
372, 315, 3, 0.9296875, 29809525, 1, 0, 1, 0.2857142857142857
373, 316, 2, 0.875, 29855893, 1, 0, 0, 0.3333333333333333
374, 317, 2, 0.875, 29855893, 1, 0, 0, 0.3333333333333333
375, 318, 2, 0.875, 29855893, 1, 0, 0, 0.3333333333333333
376, 319, 2, 0.875, 29855893, 1, 0, 0, 0.3333333333333333
377, 320, 2, 0.875, 29855893, 1, 0, 0, 0.3333333333333333
378, 321, 2, 0.875, 29855893, 1, 0, 1, 0.3333333333333333
379, 322, 2, 0.875, 29855893, 1, 0, 1, 0.3333333333333333
380, 257, 2, 0.875, 29855893, 1, 0, 0, 0.3333333333333333
381, 257, 2, 0.875, 29855893, 1, 0, 0, 0.3333333333333333
382, 115, 1, 0.75, 29860791, 1, 0, 0, 0.5
383, 116, 1, 0.75, 29860791, 1, 0, 0, 0.5
384, 117, 1, 0.75, 29860791, 1, 0, 0, 0.5
385, 118, 1, 0.75, 29860791, 1, 0, 0, 0.5
386, 119, 1, 0.75, 29860791, 1, 0, 0, 0.5
387, 121, 1, 0.75, 29860791, 1, 0, 0, 0.5
388, 122, 1, 0.75, 29860791, 1, 0, 0, 0.5
389, 174, 1, 0.75, 29860791, 1, 0, 0, 0.5
390, 175, 1, 0.75, 29860791, 1, 0, 0, 0.5
391, 176, 1, 0.75, 29860791, 1, 0, 0, 0.5
392, 177, 1, 0.75, 29860791, 1, 0, 0, 0.5
393, 178, 1, 0.75, 29860791, 1, 0, 0, 0.5
394, 10, 1, 0.75, 29860791, 1, 0, 0, 0.5
395, 321, 1, 0.75, 29860791, 1, 0, 0, 0.5
396, 322, 1, 0.75, 29860791, 1, 0, 0, 0.5
397, 323, 0, 0.5, 29864229, 1, 0, 0, 1.0
398, 324, 0, 0.5, 29864229, 1, 0, 0, 1.0
399, 257, 0, 0.5, 29864229, 1, 0, 0, 1.0
400, 245, 0, 0.5, 29864229, 1, 0, 0, 1.0
