0, 0, 0, 0.8678653532229482, 98, 1.7818181818181817, 1.0, 1.0, 1, 0, 0.01818181818181818, 0.0, 0, 13, 2, 0, 0, 94, 0.0, 0.07692307692307693, 0
0, 0, 0, 1.0, 109, 0.9909090909090909, 1.0, 1.0, 1, 0, 0.00909090909090909, 0.0, 1, 19, 1, 0, 1, 81, 0.0, 0.15789473684210525, 0
0, 0, 0, 1.0, 109, 0.9909090909090909, 1.0, 1.0, 1, 0, 0.00909090909090909, 0.0, 2, 51, 0, 0, 2, 203, 0.11764705882352941, 0.0196078431372549, 0
0, 0, 0, 1.0, 109, 0.9909090909090909, 1.0, 1.0, 1, 0, 0.00909090909090909, 0.0, 3, 15, 2, 0, 1, 124, 0.13333333333333333, 0.06666666666666667, 0
0, 0, 0, 1.0, 109, 0.9909090909090909, 1.0, 1.0, 1, 0, 0.00909090909090909, 0.0, 4, 11, 1, 0, 3, 93, 0.0, 0.0, 0
0, 0, 0, 0.8678653532229482, 98, 1.7818181818181817, 1.0, 1.0, 1, 0, 0.01818181818181818, 0.0, 5, 19, 1, 0, 0, 258, 0.0, 0.05263157894736842, 0
0, 0, 0, 1.0, 109, 0.9909090909090909, 1.0, 1.0, 1, 0, 0.00909090909090909, 0.0, 6, 15, 2, 0, 4, 114, 0.0, 0.06666666666666667, 0
0, 0, 0, 1.0, 109, 0.9909090909090909, 1.0, 1.0, 1, 0, 0.00909090909090909, 0.0, 7, 5, 1, 0, 5, 31, 0.0, 0.0, 0
0, 0, 0, 1.0, 109, 0.9909090909090909, 1.0, 1.0, 1, 0, 0.00909090909090909, 0.0, 8, 5, 0, 0, 2, 41, 0.0, 0.2, 0
0, 0, 0, 0.5587933783305088, 61, 3.327272727272727, 1.0, 1.0, 3, 1, 0.05454545454545454, 0.0, 9, 107, 0, 0, 2, 151, 0.028037383177570093, 0.08411214953271028, 0
0, 0, 0, 1.0, 109, 0.9909090909090909, 1.0, 1.0, 1, 0, 0.00909090909090909, 0.0, 10, 5, 0, 0, 2, 61, 0.0, 0.2, 0
0, 0, 0, 1.0, 109, 0.9909090909090909, 1.0, 1.0, 1, 0, 0.00909090909090909, 0.0, 11, 5, 0, 0, 2, 64, 0.0, 0.2, 0
0, 0, 0, 1.0, 109, 0.9909090909090909, 1.0, 1.0, 1, 0, 0.00909090909090909, 0.0, 12, 21, 3, 0, 1, 79, 0.0, 0.09523809523809523, 0
0, 0, 0, 1.0, 109, 0.9909090909090909, 1.0, 1.0, 1, 0, 0.00909090909090909, 0.0, 13, 21, 3, 0, 6, 60, 0.0, 0.09523809523809523, 0
0, 0, 0, 1.0, 109, 0.9909090909090909, 1.0, 1.0, 1, 0, 0.00909090909090909, 0.0, 14, 21, 3, 0, 7, 59, 0.0, 0.09523809523809523, 0
0, 0, 0, 1.0, 109, 0.9909090909090909, 1.0, 1.0, 1, 0, 0.00909090909090909, 0.0, 15, 21, 3, 0, 7, 52, 0.0, 0.09523809523809523, 0
0, 0, 0, 1.0, 109, 0.9909090909090909, 1.0, 1.0, 1, 0, 0.00909090909090909, 0.0, 16, 5, 0, 0, 2, 60, 0.0, 0.2, 0
0, 0, 0, 1.0, 109, 0.9909090909090909, 1.0, 1.0, 1, 0, 0.00909090909090909, 0.0, 17, 21, 3, 0, 7, 63, 0.0, 0.09523809523809523, 0
0, 0, 0, 1.0, 109, 0.9909090909090909, 1.0, 1.0, 1, 0, 0.00909090909090909, 0.0, 18, 5, 0, 0, 2, 32, 0.0, 0.2, 0
0, 0, 0, 1.0, 109, 0.9909090909090909, 1.0, 1.0, 1, 0, 0.00909090909090909, 0.0, 19, 5, 0, 0, 2, 65, 0.0, 0.2, 0
0, 0, 0, 1.0, 109, 0.9909090909090909, 1.0, 1.0, 1, 0, 0.00909090909090909, 0.0, 20, 21, 3, 0, 7, 52, 0.0, 0.09523809523809523, 0
0, 0, 0, 1.0, 109, 0.9909090909090909, 1.0, 1.0, 1, 0, 0.00909090909090909, 0.0, 21, 5, 0, 0, 2, 68, 0.0, 0.2, 0
0, 0, 0, 1.0, 109, 0.9909090909090909, 1.0, 1.0, 1, 0, 0.00909090909090909, 0.0, 22, 5, 0, 0, 2, 47, 0.0, 0.2, 0
0, 0, 0, 1.0, 109, 0.9909090909090909, 1.0, 1.0, 1, 0, 0.00909090909090909, 0.0, 23, 21, 3, 0, 1, 56, 0.0, 0.09523809523809523, 0
0, 0, 0, 1.0, 109, 0.9909090909090909, 1.0, 1.0, 1, 0, 0.00909090909090909, 0.0, 24, 21, 3, 0, 1, 65, 0.0, 0.09523809523809523, 0
0, 0, 0, 1.0, 109, 0.9909090909090909, 1.0, 1.0, 1, 0, 0.00909090909090909, 0.0, 25, 5, 0, 0, 2, 34, 0.0, 0.2, 0
0, 0, 0, 1.0, 109, 0.9909090909090909, 1.0, 1.0, 1, 0, 0.00909090909090909, 0.0, 26, 21, 3, 0, 7, 55, 0.0, 0.09523809523809523, 0
0, 0, 0, 1.0, 109, 0.9909090909090909, 1.0, 1.0, 1, 0, 0.00909090909090909, 0.0, 27, 21, 3, 0, 1, 59, 0.0, 0.09523809523809523, 0
0, 0, 0, 1.0, 109, 0.9909090909090909, 1.0, 1.0, 1, 0, 0.00909090909090909, 0.0, 28, 5, 0, 0, 2, 49, 0.0, 0.2, 0
0, 0, 0, 1.0, 109, 0.9909090909090909, 1.0, 1.0, 1, 0, 0.00909090909090909, 0.0, 29, 5, 0, 0, 2, 35, 0.0, 0.2, 0
0, 0, 0, 1.0, 109, 0.9909090909090909, 1.0, 1.0, 1, 0, 0.00909090909090909, 0.0, 30, 21, 3, 0, 6, 46, 0.0, 0.09523809523809523, 0
0, 0, 0, 1.0, 109, 0.9909090909090909, 1.0, 1.0, 1, 0, 0.00909090909090909, 0.0, 31, 5, 0, 0, 2, 76, 0.0, 0.2, 0
0, 0, 0, 1.0, 109, 0.9909090909090909, 1.0, 1.0, 1, 0, 0.00909090909090909, 0.0, 32, 21, 3, 0, 7, 52, 0.0, 0.09523809523809523, 0
0, 0, 0, 1.0, 109, 0.9909090909090909, 1.0, 1.0, 1, 0, 0.00909090909090909, 0.0, 33, 5, 0, 0, 2, 69, 0.0, 0.2, 0
0, 0, 0, 1.0, 109, 0.9909090909090909, 1.0, 1.0, 1, 0, 0.00909090909090909, 0.0, 34, 5, 0, 0, 2, 61, 0.0, 0.2, 0
0, 0, 0, 1.0, 109, 0.9909090909090909, 1.0, 1.0, 1, 0, 0.00909090909090909, 0.0, 35, 5, 0, 0, 2, 38, 0.0, 0.2, 0
0, 0, 0, 1.0, 109, 0.9909090909090909, 1.0, 1.0, 1, 0, 0.00909090909090909, 0.0, 36, 25, 3, 0, 8, 75, 0.0, 0.12, 0
0, 0, 0, 1.0, 109, 0.9909090909090909, 1.0, 1.0, 1, 0, 0.00909090909090909, 0.0, 37, 5, 0, 0, 2, 73, 0.0, 0.2, 0
0, 0, 0, 1.0, 109, 0.9909090909090909, 1.0, 1.0, 1, 0, 0.00909090909090909, 0.0, 38, 21, 3, 0, 7, 53, 0.0, 0.09523809523809523, 0
0, 0, 0, 1.0, 109, 0.9909090909090909, 1.0, 1.0, 1, 0, 0.00909090909090909, 0.0, 39, 21, 3, 0, 9, 48, 0.0, 0.09523809523809523, 0
0, 0, 0, 1.0, 109, 0.9909090909090909, 1.0, 1.0, 1, 0, 0.00909090909090909, 0.0, 40, 21, 3, 0, 6, 46, 0.0, 0.09523809523809523, 0
0, 0, 0, 1.0, 109, 0.9909090909090909, 1.0, 1.0, 1, 0, 0.00909090909090909, 0.0, 41, 21, 3, 0, 6, 57, 0.0, 0.09523809523809523, 0
0, 0, 0, 1.0, 109, 0.9909090909090909, 1.0, 1.0, 1, 0, 0.00909090909090909, 0.0, 42, 5, 0, 0, 2, 94, 0.0, 0.2, 0
0, 0, 0, 1.0, 109, 0.9909090909090909, 1.0, 1.0, 1, 0, 0.00909090909090909, 0.0, 43, 5, 0, 0, 2, 35, 0.0, 0.2, 0
0, 0, 0, 1.0, 109, 0.9909090909090909, 1.0, 1.0, 1, 0, 0.00909090909090909, 0.0, 44, 5, 0, 0, 2, 69, 0.0, 0.2, 0
0, 0, 0, 1.0, 109, 0.9909090909090909, 1.0, 1.0, 1, 0, 0.00909090909090909, 0.0, 45, 5, 0, 0, 2, 56, 0.0, 0.2, 0
0, 0, 0, 1.0, 109, 0.9909090909090909, 1.0, 1.0, 1, 0, 0.00909090909090909, 0.0, 46, 21, 3, 0, 7, 62, 0.0, 0.09523809523809523, 0
0, 0, 0, 1.0, 109, 0.9909090909090909, 1.0, 1.0, 1, 0, 0.00909090909090909, 0.0, 47, 21, 3, 0, 7, 51, 0.0, 0.09523809523809523, 0
0, 0, 0, 1.0, 109, 0.9909090909090909, 1.0, 1.0, 1, 0, 0.00909090909090909, 0.0, 48, 5, 0, 0, 2, 42, 0.0, 0.2, 0
0, 0, 0, 1.0, 109, 0.9909090909090909, 1.0, 1.0, 1, 0, 0.00909090909090909, 0.0, 49, 21, 3, 0, 6, 60, 0.0, 0.09523809523809523, 0
0, 0, 0, 1.0, 109, 0.9909090909090909, 1.0, 1.0, 1, 0, 0.00909090909090909, 0.0, 50, 5, 0, 0, 2, 36, 0.0, 0.2, 0
0, 0, 0, 1.0, 109, 0.9909090909090909, 1.0, 1.0, 1, 0, 0.00909090909090909, 0.0, 51, 21, 3, 0, 6, 63, 0.0, 0.09523809523809523, 0
0, 0, 0, 1.0, 109, 0.9909090909090909, 1.0, 1.0, 1, 0, 0.00909090909090909, 0.0, 52, 21, 3, 0, 6, 58, 0.0, 0.09523809523809523, 0
0, 0, 0, 1.0, 109, 0.9909090909090909, 1.0, 1.0, 1, 0, 0.00909090909090909, 0.0, 53, 21, 3, 0, 7, 51, 0.0, 0.09523809523809523, 0
0, 0, 0, 1.0, 109, 0.9909090909090909, 1.0, 1.0, 1, 0, 0.00909090909090909, 0.0, 54, 5, 0, 0, 2, 63, 0.0, 0.2, 0
0, 0, 0, 1.0, 109, 0.9909090909090909, 1.0, 1.0, 1, 0, 0.00909090909090909, 0.0, 55, 5, 0, 0, 2, 34, 0.0, 0.2, 0
0, 0, 0, 1.0, 109, 0.9909090909090909, 1.0, 1.0, 1, 0, 0.00909090909090909, 0.0, 56, 21, 3, 0, 1, 63, 0.0, 0.09523809523809523, 0
0, 0, 0, 1.0, 109, 0.9909090909090909, 1.0, 1.0, 1, 0, 0.00909090909090909, 0.0, 57, 5, 0, 0, 2, 55, 0.0, 0.2, 0
0, 0, 0, 1.0, 109, 0.9909090909090909, 1.0, 1.0, 1, 0, 0.00909090909090909, 0.0, 58, 23, 3, 0, 8, 60, 0.0, 0.13043478260869565, 0
0, 0, 0, 1.0, 109, 0.9909090909090909, 1.0, 1.0, 1, 0, 0.00909090909090909, 0.0, 59, 5, 0, 0, 2, 52, 0.0, 0.2, 0
0, 0, 0, 1.0, 109, 0.9909090909090909, 1.0, 1.0, 1, 0, 0.00909090909090909, 0.0, 60, 21, 3, 0, 7, 57, 0.0, 0.09523809523809523, 0
0, 0, 0, 1.0, 109, 0.9909090909090909, 1.0, 1.0, 1, 0, 0.00909090909090909, 0.0, 61, 21, 3, 0, 7, 61, 0.0, 0.09523809523809523, 0
0, 0, 0, 1.0, 109, 0.9909090909090909, 1.0, 1.0, 1, 0, 0.00909090909090909, 0.0, 62, 5, 0, 0, 2, 34, 0.0, 0.2, 0
0, 0, 0, 1.0, 109, 0.9909090909090909, 1.0, 1.0, 1, 0, 0.00909090909090909, 0.0, 63, 5, 0, 0, 2, 44, 0.0, 0.2, 0
0, 0, 0, 1.0, 109, 0.9909090909090909, 1.0, 1.0, 1, 0, 0.00909090909090909, 0.0, 64, 23, 3, 0, 8, 66, 0.0, 0.13043478260869565, 0
0, 0, 0, 1.0, 109, 0.9909090909090909, 1.0, 1.0, 1, 0, 0.00909090909090909, 0.0, 65, 23, 3, 0, 8, 97, 0.0, 0.13043478260869565, 0
0, 0, 0, 1.0, 109, 0.9909090909090909, 1.0, 1.0, 1, 0, 0.00909090909090909, 0.0, 66, 21, 3, 0, 7, 52, 0.0, 0.09523809523809523, 0
0, 0, 0, 1.0, 109, 0.9909090909090909, 1.0, 1.0, 1, 0, 0.00909090909090909, 0.0, 67, 21, 3, 0, 6, 45, 0.0, 0.09523809523809523, 0
0, 0, 0, 1.0, 109, 0.9909090909090909, 1.0, 1.0, 1, 0, 0.00909090909090909, 0.0, 68, 5, 1, 0, 10, 49, 0.0, 0.0, 0
0, 0, 0, 1.0, 109, 0.9909090909090909, 1.0, 1.0, 1, 0, 0.00909090909090909, 0.0, 69, 5, 0, 0, 2, 40, 0.0, 0.2, 0
0, 0, 0, 1.0, 109, 0.9909090909090909, 1.0, 1.0, 1, 0, 0.00909090909090909, 0.0, 70, 21, 3, 0, 7, 56, 0.0, 0.09523809523809523, 0
0, 0, 0, 1.0, 109, 0.9909090909090909, 1.0, 1.0, 1, 0, 0.00909090909090909, 0.0, 71, 21, 3, 0, 7, 51, 0.0, 0.09523809523809523, 0
0, 0, 0, 1.0, 109, 0.9909090909090909, 1.0, 1.0, 1, 0, 0.00909090909090909, 0.0, 72, 5, 0, 0, 2, 103, 0.0, 0.2, 0
0, 0, 0, 1.0, 109, 0.9909090909090909, 1.0, 1.0, 1, 0, 0.00909090909090909, 0.0, 73, 5, 0, 0, 2, 35, 0.0, 0.2, 0
0, 0, 0, 1.0, 109, 0.9909090909090909, 1.0, 1.0, 1, 0, 0.00909090909090909, 0.0, 74, 5, 0, 0, 2, 34, 0.0, 0.2, 0
0, 0, 0, 1.0, 109, 0.9909090909090909, 1.0, 1.0, 1, 0, 0.00909090909090909, 0.0, 75, 23, 3, 0, 11, 58, 0.0, 0.13043478260869565, 0
0, 0, 0, 1.0, 109, 0.9909090909090909, 1.0, 1.0, 1, 0, 0.00909090909090909, 0.0, 76, 21, 3, 0, 7, 64, 0.0, 0.09523809523809523, 0
0, 0, 0, 1.0, 109, 0.9909090909090909, 1.0, 1.0, 1, 0, 0.00909090909090909, 0.0, 77, 5, 0, 0, 2, 62, 0.0, 0.2, 0
0, 0, 0, 1.0, 109, 0.9909090909090909, 1.0, 1.0, 1, 0, 0.00909090909090909, 0.0, 78, 21, 3, 0, 7, 60, 0.0, 0.09523809523809523, 0
0, 0, 0, 1.0, 109, 0.9909090909090909, 1.0, 1.0, 1, 0, 0.00909090909090909, 0.0, 79, 21, 3, 0, 1, 80, 0.0, 0.09523809523809523, 0
0, 0, 0, 1.0, 109, 0.9909090909090909, 1.0, 1.0, 1, 0, 0.00909090909090909, 0.0, 80, 5, 0, 0, 2, 34, 0.0, 0.2, 0
0, 0, 0, 1.0, 109, 0.9909090909090909, 1.0, 1.0, 1, 0, 0.00909090909090909, 0.0, 81, 7, 0, 0, 2, 80, 0.0, 0.14285714285714285, 0
0, 0, 0, 1.0, 109, 0.9909090909090909, 1.0, 1.0, 1, 0, 0.00909090909090909, 0.0, 82, 5, 0, 0, 2, 100, 0.0, 0.2, 0
0, 0, 0, 1.0, 109, 0.9909090909090909, 1.0, 1.0, 1, 0, 0.00909090909090909, 0.0, 83, 5, 0, 0, 2, 71, 0.0, 0.2, 0
0, 1, 0, 0.2739400914138784, 18, 0.9818181818181818, 1.0, 0.9999997448572379, 1, 0, 0.05454545454545454, 0.05, 84, 65, 0, 0, 2, 100, 0.03076923076923077, 0.12307692307692308, 0
0, 0, 0, 1.0, 109, 0.9909090909090909, 1.0, 1.0, 1, 0, 0.00909090909090909, 0.0, 85, 7, 0, 0, 2, 118, 0.0, 0.14285714285714285, 0
0, 0, 0, 1.0, 109, 0.9909090909090909, 1.0, 1.0, 1, 0, 0.00909090909090909, 0.0, 86, 5, 1, 0, 1, 99, 0.0, 0.0, 0
0, 0, 0, 1.0, 109, 0.9909090909090909, 1.0, 1.0, 1, 0, 0.00909090909090909, 0.0, 87, 5, 1, 0, 1, 69, 0.0, 0.0, 0
0, 0, 0, 1.0, 109, 0.9909090909090909, 1.0, 1.0, 1, 0, 0.00909090909090909, 0.0, 88, 45, 4, 0, 8, 148, 0.06666666666666667, 0.06666666666666667, 0
0, 0, 0, 1.0, 109, 0.9909090909090909, 1.0, 1.0, 1, 0, 0.00909090909090909, 0.0, 89, 43, 2, 0, 12, 117, 0.09302325581395349, 0.06976744186046512, 0
0, 0, 0, 1.0, 109, 0.9909090909090909, 1.0, 1.0, 1, 0, 0.00909090909090909, 0.0, 90, 33, 3, 0, 1, 76, 0.2727272727272727, 0.15151515151515152, 0
0, 0, 0, 1.0, 109, 0.9909090909090909, 1.0, 1.0, 1, 0, 0.00909090909090909, 0.0, 91, 77, 0, 0, 2, 71, 0.15584415584415584, 0.1038961038961039, 0
0, 0, 0, 1.0, 109, 0.9909090909090909, 1.0, 1.0, 1, 0, 0.00909090909090909, 0.0, 92, 331, 1, 0, 12, 129, 0.13595166163141995, 0.18731117824773413, 0
0, 0, 0, 1.0, 109, 0.9909090909090909, 1.0, 1.0, 1, 0, 0.00909090909090909, 0.0, 93, 41, 0, 0, 2, 102, 0.12195121951219512, 0.12195121951219512, 0
0, 0, 0, 1.0, 109, 0.9909090909090909, 1.0, 1.0, 1, 0, 0.00909090909090909, 0.0, 94, 65, 0, 0, 2, 116, 0.0, 0.06153846153846154, 0
0, 0, 0, 1.0, 109, 0.9909090909090909, 1.0, 1.0, 1, 0, 0.00909090909090909, 0.0, 95, 5, 0, 0, 2, 44, 0.0, 0.0, 0
0, 0, 0, 1.0, 109, 0.9909090909090909, 1.0, 1.0, 1, 0, 0.00909090909090909, 0.0, 96, 7, 0, 0, 2, 116, 0.0, 0.14285714285714285, 0
0, 0, 0, 1.0, 109, 0.9909090909090909, 1.0, 1.0, 1, 0, 0.00909090909090909, 0.0, 97, 5, 0, 0, 2, 67, 0.0, 0.0, 0
0, 0, 0, 1.0, 109, 0.9909090909090909, 1.0, 1.0, 1, 0, 0.00909090909090909, 0.0, 98, 9, 1, 0, 13, 120, 0.0, 0.1111111111111111, 0
0, 0, 0, 1.0, 109, 0.9909090909090909, 1.0, 1.0, 1, 0, 0.00909090909090909, 0.0, 99, 5, 0, 0, 2, 47, 0.0, 0.0, 0
0, 0, 0, 1.0, 109, 0.9909090909090909, 1.0, 1.0, 1, 0, 0.00909090909090909, 0.0, 100, 25, 3, 0, 6, 78, 0.16, 0.12, 0
0, 0, 0, 0.3419781479917783, 34, 0.9272727272727272, 1.0, 0.9999999999989359, 1, 0, 0.02727272727272727, 0.0, 101, 71, 0, 0, 2, 160, 0.028169014084507043, 0.18309859154929578, 0
0, 0, 0, 1.0, 109, 0.9909090909090909, 1.0, 1.0, 1, 0, 0.00909090909090909, 0.0, 102, 17, 0, 0, 2, 64, 0.0, 0.0, 0
0, 0, 0, 1.0, 109, 0.9909090909090909, 1.0, 1.0, 1, 0, 0.00909090909090909, 0.0, 103, 13, 0, 0, 2, 85, 0.0, 0.07692307692307693, 0
0, 1, 0, 0.26776847085309735, 17, 0.3090909090909091, 1.0, 0.999999895842891, 1, 0, 0.01818181818181818, 0.05, 104, 139, 0, 0, 2, 190, 0.014388489208633094, 0.08633093525179857, 0
0, 0, 0, 1.0, 109, 0.9909090909090909, 1.0, 1.0, 1, 0, 0.00909090909090909, 0.0, 105, 5, 0, 0, 2, 32, 0.0, 0.0, 0
0, 0, 0, 1.0, 109, 0.9909090909090909, 1.0, 1.0, 1, 0, 0.00909090909090909, 0.0, 106, 7, 0, 0, 2, 44, 0.0, 0.0, 0
0, 0, 0, 0.3419781479917783, 34, 0.6181818181818182, 1.0, 0.9999999999999564, 1, 0, 0.01818181818181818, 0.0, 107, 13, 0, 0, 2, 78, 0.15384615384615385, 0.07692307692307693, 0
0, 0, 0, 1.0, 109, 0.9909090909090909, 1.0, 1.0, 1, 0, 0.00909090909090909, 0.0, 108, 5, 0, 0, 2, 76, 0.0, 0.0, 0
0, 0, 0, 1.0, 109, 0.9909090909090909, 1.0, 1.0, 1, 0, 0.00909090909090909, 0.0, 109, 5, 1, 0, 3, 40, 0.0, 0.0, 0
0, 0, 0, 0.3483211723752604, 37, 2.018181818181818, 1.0, 0.9999999999999523, 3, 0, 0.05454545454545454, 0.0, 110, 57, 0, 0, 2, 108, 0.05263157894736842, 0.03508771929824561, 0
0, 0, 0, 1.0, 109, 0.9909090909090909, 1.0, 1.0, 1, 0, 0.00909090909090909, 0.0, 111, 5, 0, 0, 2, 58, 0.0, 0.0, 0
0, 0, 0, 1.0, 109, 0.9909090909090909, 1.0, 1.0, 1, 0, 0.00909090909090909, 0.0, 112, 5, 0, 0, 2, 45, 0.2, 0.0, 0
0, 0, 0, 1.0, 109, 0.9909090909090909, 1.0, 1.0, 1, 0, 0.00909090909090909, 0.0, 113, 15, 2, 0, 1, 72, 0.0, 0.0, 0
0, 0, 0, 0.3419781479917783, 34, 0.6181818181818182, 1.0, 0.9999999999976905, 1, 0, 0.01818181818181818, 0.0, 114, 41, 0, 0, 2, 118, 0.024390243902439025, 0.1951219512195122, 0
0, 0, 0, 1.0, 109, 0.9909090909090909, 1.0, 1.0, 1, 0, 0.00909090909090909, 0.0, 115, 17, 0, 0, 2, 87, 0.0, 0.058823529411764705, 0
0, 0, 0, 1.0, 109, 0.9909090909090909, 1.0, 1.0, 1, 0, 0.00909090909090909, 0.0, 116, 15, 1, 0, 6, 86, 0.0, 0.26666666666666666, 0
0, 0, 0, 0.7643785588232153, 73, 2.6545454545454543, 1.0, 1.0, 1, 0, 0.03636363636363636, 0.0, 117, 81, 0, 0, 2, 292, 0.0, 0.07407407407407407, 0
0, 0, 0, 1.0, 109, 0.9909090909090909, 1.0, 1.0, 1, 0, 0.00909090909090909, 0.0, 118, 5, 1, 0, 6, 65, 0.0, 0.0, 0
0, 0, 0, 1.0, 109, 0.9909090909090909, 1.0, 1.0, 1, 0, 0.00909090909090909, 0.0, 119, 19, 0, 0, 2, 78, 0.0, 0.0, 0
0, 1, 0, 0.22745963178575224, 11, 0.5, 1.0, 0.9999829752447682, 2, 0, 0.045454545454545456, 0.1, 120, 281, 0, 0, 2, 193, 0.02491103202846975, 0.07473309608540925, 0
0, 0, 0, 1.0, 109, 0.9909090909090909, 1.0, 1.0, 1, 0, 0.00909090909090909, 0.0, 121, 5, 1, 0, 6, 58, 0.0, 0.0, 0
0, 0, 0, 1.0, 109, 0.9909090909090909, 1.0, 1.0, 1, 0, 0.00909090909090909, 0.0, 122, 5, 1, 0, 6, 61, 0.0, 0.0, 0
0, 0, 0, 1.0, 109, 0.9909090909090909, 1.0, 1.0, 1, 0, 0.00909090909090909, 0.0, 123, 11, 0, 0, 2, 80, 0.0, 0.09090909090909091, 0
0, 0, 0, 0.36743706772348017, 41, 0.7454545454545454, 1.0, 0.9999999999999853, 1, 0, 0.01818181818181818, 0.0, 124, 87, 0, 0, 2, 99, 0.011494252873563218, 0.06896551724137931, 0
0, 0, 0, 1.0, 109, 0.9909090909090909, 1.0, 1.0, 1, 0, 0.00909090909090909, 0.0, 125, 45, 0, 0, 2, 132, 0.0, 0.044444444444444446, 0
0, 0, 0, 1.0, 109, 0.9909090909090909, 1.0, 1.0, 1, 0, 0.00909090909090909, 0.0, 126, 47, 0, 0, 2, 110, 0.0, 0.10638297872340426, 0
0, 0, 0, 1.0, 109, 0.9909090909090909, 1.0, 1.0, 1, 0, 0.00909090909090909, 0.0, 127, 11, 0, 0, 2, 61, 0.0, 0.0, 0
0, 0, 0, 1.0, 109, 0.9909090909090909, 1.0, 1.0, 1, 0, 0.00909090909090909, 0.0, 128, 13, 2, 0, 6, 85, 0.0, 0.15384615384615385, 1
0, 0, 0, 1.0, 109, 0.9909090909090909, 1.0, 1.0, 1, 0, 0.00909090909090909, 0.0, 129, 35, 1, 0, 7, 75, 0.05714285714285714, 0.17142857142857143, 1
0, 0, 0, 0.9032196135564515, 106, 1.9272727272727272, 1.0, 1.0, 1, 0, 0.01818181818181818, 0.0, 130, 43, 1, 0, 6, 84, 0.0, 0.09302325581395349, 1
0, 0, 0, 1.0, 109, 0.9909090909090909, 1.0, 1.0, 1, 0, 0.00909090909090909, 0.0, 131, 45, 8, 0, 6, 96, 0.0, 0.06666666666666667, 1
0, 0, 0, 1.0, 109, 0.9909090909090909, 1.0, 1.0, 1, 0, 0.00909090909090909, 0.0, 132, 35, 1, 0, 6, 67, 0.08571428571428572, 0.11428571428571428, 1
0, 0, 0, 1.0, 109, 0.9909090909090909, 1.0, 1.0, 1, 0, 0.00909090909090909, 0.0, 133, 17, 2, 0, 6, 110, 0.0, 0.058823529411764705, 1
0, 0, 0, 1.0, 109, 0.9909090909090909, 1.0, 1.0, 1, 0, 0.00909090909090909, 0.0, 134, 5, 1, 0, 6, 38, 0.0, 0.0, 1
0, 0, 0, 1.0, 109, 0.9909090909090909, 1.0, 1.0, 1, 0, 0.00909090909090909, 0.0, 135, 33, 1, 0, 6, 75, 0.0, 0.18181818181818182, 1
0, 0, 0, 1.0, 109, 0.9909090909090909, 1.0, 1.0, 1, 0, 0.00909090909090909, 0.0, 118, 5, 1, 0, 6, 49, 0.0, 0.0, 1
0, 1, 0, 0.13798579073512673, 4, 0.2545454545454545, 1.0, 0.9994656050940568, 3, 3, 0.06363636363636363, 0.1, 136, 429, 1, 0, 12, 188, 0.006993006993006993, 0.023310023310023312, 1
0, 0, 0, 1.0, 109, 0.9909090909090909, 1.0, 1.0, 1, 0, 0.00909090909090909, 0.0, 121, 5, 1, 0, 6, 42, 0.0, 0.0, 1
0, 0, 0, 0.299984136744252, 28, 1.018181818181818, 1.0, 0.9999999996642353, 1, 0, 0.03636363636363636, 0.0, 137, 31, 1, 0, 6, 86, 0.0, 0.1935483870967742, 1
0, 0, 0, 1.0, 109, 0.9909090909090909, 1.0, 1.0, 1, 0, 0.00909090909090909, 0.0, 122, 5, 1, 0, 6, 45, 0.0, 0.0, 1
0, 0, 0, 1.0, 109, 0.9909090909090909, 1.0, 1.0, 1, 0, 0.00909090909090909, 0.0, 138, 61, 2, 0, 6, 132, 0.03278688524590164, 0.16393442622950818, 1
0, 0, 0, 1.0, 109, 0.9909090909090909, 1.0, 1.0, 1, 0, 0.00909090909090909, 0.0, 139, 151, 5, 0, 6, 112, 0.026490066225165563, 0.11920529801324503, 1
0, 0, 0, 1.0, 109, 0.9909090909090909, 1.0, 1.0, 1, 0, 0.00909090909090909, 0.0, 140, 53, 1, 0, 6, 163, 0.0, 0.09433962264150944, 1
0, 0, 0, 0.6578407390365223, 69, 2.509090909090909, 1.0, 1.0, 2, 0, 0.03636363636363636, 0.0, 141, 141, 1, 0, 6, 163, 0.06382978723404255, 0.11347517730496454, 1
0, 0, 0, 1.0, 109, 0.9909090909090909, 1.0, 1.0, 1, 0, 0.00909090909090909, 0.0, 142, 29, 1, 0, 6, 103, 0.06896551724137931, 0.20689655172413793, 1
0, 0, 0, 1.0, 109, 0.9909090909090909, 1.0, 1.0, 1, 0, 0.00909090909090909, 0.0, 143, 125, 1, 0, 6, 104, 0.096, 0.072, 1
0, 0, 0, 1.0, 109, 0.9909090909090909, 1.0, 1.0, 1, 0, 0.00909090909090909, 0.0, 144, 53, 5, 0, 14, 79, 0.07547169811320754, 0.018867924528301886, 1
0, 0, 0, 1.0, 109, 0.9909090909090909, 1.0, 1.0, 1, 0, 0.00909090909090909, 0.0, 145, 61, 1, 0, 6, 111, 0.01639344262295082, 0.13114754098360656, 1
0, 0, 0, 0.7643785588232153, 73, 1.3272727272727272, 1.0, 1.0, 1, 0, 0.01818181818181818, 0.0, 146, 5, 1, 0, 6, 48, 0.0, 0.0, 1
0, 0, 0, 1.0, 109, 0.9909090909090909, 1.0, 1.0, 1, 0, 0.00909090909090909, 0.0, 147, 47, 1, 0, 6, 97, 0.02127659574468085, 0.06382978723404255, 1
0, 0, 0, 0.7935443942995943, 76, 2.0727272727272728, 1.0, 1.0, 1, 0, 0.02727272727272727, 0.0, 148, 21, 3, 0, 1, 78, 0.0, 0.0, 1
0, 0, 0, 1.0, 109, 0.9909090909090909, 1.0, 1.0, 1, 0, 0.00909090909090909, 0.0, 149, 39, 1, 0, 6, 118, 0.0, 0.1282051282051282, 1
0, 0, 0, 1.0, 109, 0.9909090909090909, 1.0, 1.0, 1, 0, 0.00909090909090909, 0.0, 150, 45, 1, 0, 6, 118, 0.0, 0.1111111111111111, 1
0, 0, 0, 0.8356118963364617, 79, 1.4363636363636363, 1.0, 1.0, 1, 0, 0.01818181818181818, 0.0, 151, 71, 1, 0, 6, 136, 0.014084507042253521, 0.16901408450704225, 1
0, 0, 0, 0.7935443942995943, 76, 1.3818181818181818, 1.0, 1.0, 1, 0, 0.01818181818181818, 0.0, 152, 15, 2, 0, 1, 87, 0.0, 0.0, 1
0, 0, 0, 1.0, 109, 0.9909090909090909, 1.0, 1.0, 1, 0, 0.00909090909090909, 0.0, 153, 29, 1, 0, 6, 95, 0.0, 0.2413793103448276, 1
0, 0, 0, 1.0, 109, 0.9909090909090909, 1.0, 1.0, 1, 0, 0.00909090909090909, 0.0, 154, 5, 1, 0, 7, 46, 0.0, 0.0, 2
0, 0, 0, 1.0, 109, 0.9909090909090909, 1.0, 1.0, 1, 0, 0.00909090909090909, 0.0, 155, 5, 1, 0, 7, 46, 0.0, 0.0, 2
0, 0, 0, 1.0, 109, 0.9909090909090909, 1.0, 1.0, 1, 0, 0.00909090909090909, 0.0, 156, 5, 1, 0, 6, 44, 0.0, 0.0, 2
0, 0, 0, 1.0, 109, 0.9909090909090909, 1.0, 1.0, 1, 0, 0.00909090909090909, 0.0, 157, 5, 1, 0, 7, 32, 0.0, 0.0, 2
0, 0, 0, 1.0, 109, 0.9909090909090909, 1.0, 1.0, 1, 0, 0.00909090909090909, 0.0, 158, 5, 1, 0, 7, 32, 0.0, 0.0, 2
0, 0, 0, 1.0, 109, 0.9909090909090909, 1.0, 1.0, 1, 0, 0.00909090909090909, 0.0, 159, 5, 1, 0, 7, 46, 0.0, 0.0, 2
0, 0, 0, 1.0, 109, 0.9909090909090909, 1.0, 1.0, 1, 0, 0.00909090909090909, 0.0, 160, 5, 1, 0, 7, 34, 0.0, 0.0, 2
0, 0, 0, 1.0, 109, 0.9909090909090909, 1.0, 1.0, 1, 0, 0.00909090909090909, 0.0, 161, 5, 1, 0, 7, 32, 0.0, 0.0, 2
0, 0, 0, 1.0, 109, 0.9909090909090909, 1.0, 1.0, 1, 0, 0.00909090909090909, 0.0, 162, 5, 1, 0, 7, 32, 0.0, 0.0, 2
0, 0, 0, 1.0, 109, 0.9909090909090909, 1.0, 1.0, 1, 0, 0.00909090909090909, 0.0, 163, 5, 1, 0, 7, 32, 0.0, 0.0, 2
0, 0, 0, 1.0, 109, 0.9909090909090909, 1.0, 1.0, 1, 0, 0.00909090909090909, 0.0, 164, 5, 1, 0, 7, 46, 0.0, 0.0, 2
0, 0, 0, 1.0, 109, 0.9909090909090909, 1.0, 1.0, 1, 0, 0.00909090909090909, 0.0, 165, 5, 1, 0, 7, 46, 0.0, 0.0, 2
0, 0, 0, 1.0, 109, 0.9909090909090909, 1.0, 1.0, 1, 0, 0.00909090909090909, 0.0, 166, 25, 0, 0, 2, 110, 0.0, 0.12, 3
0, 0, 0, 0.7935935748735589, 77, 1.4, 1.0, 1.0, 1, 0, 0.01818181818181818, 0.0, 167, 27, 1, 0, 6, 71, 0.037037037037037035, 0.14814814814814814, 3
0, 0, 0, 0.7935935748735589, 77, 1.4, 1.0, 1.0, 1, 0, 0.01818181818181818, 0.0, 168, 49, 1, 0, 15, 91, 0.04081632653061224, 0.08163265306122448, 3
0, 0, 0, 0.8352366377276768, 78, 1.4181818181818182, 1.0, 1.0, 1, 0, 0.01818181818181818, 0.0, 166, 47, 0, 0, 2, 110, 0.02127659574468085, 0.0851063829787234, 3
0, 0, 1, 1.0, 109, 0.9909090909090909, 0.2727272727272727, 1.0, 1, 0, 0.00909090909090909, 0.0, 168, 33, 1, 0, 15, 92, 0.030303030303030304, 0.09090909090909091, 3
0, 0, 1, 1.0, 109, 0.9909090909090909, 0.2727272727272727, 1.0, 1, 0, 0.00909090909090909, 0.0, 169, 5, 1, 0, 1, 76, 0.0, 0.0, 3
0, 0, 1, 1.0, 109, 0.9909090909090909, 0.2727272727272727, 1.0, 1, 0, 0.00909090909090909, 0.0, 166, 47, 0, 0, 2, 121, 0.0, 0.10638297872340426, 3
0, 0, 0, 1.0, 109, 0.9909090909090909, 1.0, 1.0, 1, 0, 0.00909090909090909, 0.0, 170, 13, 1, 0, 6, 58, 0.0, 0.07692307692307693, 4
0, 0, 0, 1.0, 109, 0.9909090909090909, 1.0, 1.0, 1, 0, 0.00909090909090909, 0.0, 171, 11, 1, 0, 1, 34, 0.0, 0.0, 4
0, 0, 0, 1.0, 109, 0.9909090909090909, 1.0, 1.0, 1, 0, 0.00909090909090909, 0.0, 172, 15, 1, 0, 1, 64, 0.13333333333333333, 0.13333333333333333, 4
0, 0, 0, 1.0, 109, 0.9909090909090909, 1.0, 1.0, 1, 0, 0.00909090909090909, 0.0, 173, 7, 0, 0, 2, 51, 0.0, 0.0, 4
0, 0, 0, 1.0, 109, 0.9909090909090909, 1.0, 1.0, 1, 0, 0.00909090909090909, 0.0, 174, 11, 0, 0, 2, 37, 0.0, 0.0, 4
0, 0, 0, 1.0, 109, 0.9909090909090909, 1.0, 1.0, 1, 0, 0.00909090909090909, 0.0, 175, 5, 0, 0, 2, 25, 0.0, 0.0, 4
0, 0, 0, 1.0, 109, 0.9909090909090909, 1.0, 1.0, 1, 0, 0.00909090909090909, 0.0, 176, 17, 1, 0, 1, 67, 0.11764705882352941, 0.11764705882352941, 4
0, 0, 0, 1.0, 109, 0.9909090909090909, 1.0, 1.0, 1, 0, 0.00909090909090909, 0.0, 177, 5, 1, 0, 1, 64, 0.2, 0.0, 4
0, 0, 0, 1.0, 109, 0.9909090909090909, 1.0, 1.0, 1, 0, 0.00909090909090909, 0.0, 178, 5, 1, 0, 16, 66, 0.0, 0.0, 4
0, 0, 0, 1.0, 109, 0.9909090909090909, 1.0, 1.0, 1, 0, 0.00909090909090909, 0.0, 179, 11, 1, 0, 17, 54, 0.0, 0.09090909090909091, 4
0, 0, 0, 1.0, 109, 0.9909090909090909, 1.0, 1.0, 1, 0, 0.00909090909090909, 0.0, 180, 17, 1, 0, 17, 86, 0.0, 0.058823529411764705, 4
0, 0, 0, 1.0, 109, 0.9909090909090909, 1.0, 1.0, 1, 0, 0.00909090909090909, 0.0, 181, 41, 1, 0, 16, 138, 0.07317073170731707, 0.1951219512195122, 4
0, 0, 0, 1.0, 109, 0.9909090909090909, 1.0, 1.0, 1, 0, 0.00909090909090909, 0.0, 182, 5, 1, 0, 16, 98, 0.0, 0.0, 4
0, 0, 0, 0.3674614526246182, 42, 1.1454545454545455, 1.0, 0.9999999999999949, 1, 0, 0.02727272727272727, 0.0, 183, 45, 2, 1, 1, 128, 0.022222222222222223, 0.06666666666666667, 4
0, 0, 0, 1.0, 109, 0.9909090909090909, 1.0, 1.0, 1, 0, 0.00909090909090909, 0.0, 184, 5, 0, 0, 2, 36, 0.0, 0.2, 4
0, 0, 1, 1.0, 109, 0.9909090909090909, 0.2818181818181818, 1.0, 1, 0, 0.00909090909090909, 0.0, 185, 31, 1, 0, 6, 85, 0.0967741935483871, 0.16129032258064516, 4
0, 0, 0, 1.0, 109, 0.9909090909090909, 1.0, 1.0, 1, 0, 0.00909090909090909, 0.0, 186, 13, 2, 0, 18, 69, 0.0, 0.15384615384615385, 4
0, 0, 0, 1.0, 109, 0.9909090909090909, 1.0, 1.0, 1, 0, 0.00909090909090909, 0.0, 187, 5, 0, 0, 2, 30, 0.0, 0.2, 4
0, 0, 0, 1.0, 109, 0.9909090909090909, 1.0, 1.0, 1, 0, 0.00909090909090909, 0.0, 188, 5, 0, 0, 2, 42, 0.0, 0.2, 4
0, 0, 0, 1.0, 109, 0.9909090909090909, 1.0, 1.0, 1, 0, 0.00909090909090909, 0.0, 189, 5, 0, 0, 2, 52, 0.0, 0.2, 4
0, 0, 0, 1.0, 109, 0.9909090909090909, 1.0, 1.0, 1, 0, 0.00909090909090909, 0.0, 190, 5, 0, 0, 2, 44, 0.0, 0.2, 4
0, 0, 0, 0.3674614526246182, 42, 1.1454545454545455, 1.0, 1.0, 1, 0, 0.02727272727272727, 0.0, 191, 45, 1, 0, 19, 119, 0.1111111111111111, 0.1111111111111111, 4
0, 0, 1, 1.0, 109, 0.9909090909090909, 0.11818181818181818, 1.0, 1, 0, 0.00909090909090909, 0.05, 192, 5, 0, 0, 2, 31, 0.0, 0.2, 4
0, 0, 1, 0.8678584074471264, 96, 1.7454545454545454, 0.2818181818181818, 1.0, 1, 0, 0.01818181818181818, 0.05, 193, 59, 0, 0, 2, 162, 0.06779661016949153, 0.15254237288135594, 4
0, 0, 1, 1.0, 109, 0.9909090909090909, 0.2818181818181818, 1.0, 1, 0, 0.00909090909090909, 0.0, 194, 33, 1, 0, 20, 142, 0.24242424242424243, 0.21212121212121213, 4
0, 0, 0, 1.0, 109, 0.9909090909090909, 1.0, 1.0, 1, 0, 0.00909090909090909, 0.0, 195, 19, 1, 0, 6, 76, 0.0, 0.10526315789473684, 4
0, 0, 0, 1.0, 109, 0.9909090909090909, 1.0, 1.0, 1, 0, 0.00909090909090909, 0.0, 196, 17, 0, 0, 2, 73, 0.0, 0.11764705882352941, 4
0, 0, 0, 1.0, 109, 0.9909090909090909, 1.0, 1.0, 1, 0, 0.00909090909090909, 0.0, 197, 35, 3, 0, 6, 108, 0.0, 0.05714285714285714, 4
0, 0, 0, 1.0, 109, 0.9909090909090909, 1.0, 1.0, 1, 0, 0.00909090909090909, 0.0, 198, 5, 0, 0, 2, 64, 0.4, 0.0, 4
0, 0, 0, 1.0, 109, 0.9909090909090909, 1.0, 1.0, 1, 0, 0.00909090909090909, 0.0, 199, 5, 1, 0, 21, 41, 0.6, 0.0, 4
0, 0, 0, 1.0, 109, 0.9909090909090909, 1.0, 1.0, 1, 0, 0.00909090909090909, 0.0, 200, 5, 0, 0, 2, 64, 0.4, 0.0, 4
0, 0, 0, 1.0, 109, 0.9909090909090909, 1.0, 1.0, 1, 0, 0.00909090909090909, 0.0, 201, 27, 3, 0, 1, 129, 0.0, 0.037037037037037035, 4
0, 0, 0, 1.0, 109, 0.9909090909090909, 1.0, 1.0, 1, 0, 0.00909090909090909, 0.0, 202, 33, 4, 0, 22, 129, 0.030303030303030304, 0.030303030303030304, 4
0, 0, 0, 1.0, 109, 0.9909090909090909, 1.0, 1.0, 1, 0, 0.00909090909090909, 0.0, 203, 13, 1, 0, 23, 64, 0.0, 0.3076923076923077, 4
0, 0, 0, 1.0, 109, 0.9909090909090909, 1.0, 1.0, 1, 0, 0.00909090909090909, 0.0, 204, 13, 1, 0, 23, 58, 0.0, 0.3076923076923077, 4
0, 0, 0, 1.0, 109, 0.9909090909090909, 1.0, 1.0, 1, 0, 0.00909090909090909, 0.0, 205, 43, 2, 0, 6, 66, 0.046511627906976744, 0.06976744186046512, 4
0, 0, 0, 1.0, 109, 0.9909090909090909, 1.0, 1.0, 1, 0, 0.00909090909090909, 0.0, 206, 17, 2, 0, 6, 104, 0.0, 0.11764705882352941, 4
0, 0, 0, 1.0, 109, 0.9909090909090909, 1.0, 1.0, 1, 0, 0.00909090909090909, 0.0, 207, 17, 2, 0, 6, 112, 0.0, 0.058823529411764705, 4
0, 0, 1, 1.0, 109, 0.9909090909090909, 0.32727272727272727, 1.0, 1, 0, 0.00909090909090909, 0.0, 208, 49, 2, 0, 6, 130, 0.0, 0.2857142857142857, 4
0, 0, 0, 1.0, 109, 0.9909090909090909, 1.0, 1.0, 1, 0, 0.00909090909090909, 0.0, 209, 13, 0, 0, 2, 74, 0.0, 0.0, 4
0, 0, 0, 1.0, 109, 0.9909090909090909, 1.0, 1.0, 1, 0, 0.00909090909090909, 0.0, 210, 5, 0, 0, 2, 34, 0.0, 0.2, 5
0, 0, 0, 1.0, 109, 0.9909090909090909, 1.0, 1.0, 1, 0, 0.00909090909090909, 0.0, 164, 13, 1, 0, 7, 46, 0.07692307692307693, 0.07692307692307693, 5
0, 0, 0, 1.0, 109, 0.9909090909090909, 1.0, 1.0, 1, 0, 0.00909090909090909, 0.0, 160, 5, 1, 0, 7, 34, 0.0, 0.0, 5
0, 0, 0, 1.0, 109, 0.9909090909090909, 1.0, 1.0, 1, 0, 0.00909090909090909, 0.0, 158, 11, 1, 0, 7, 44, 0.09090909090909091, 0.09090909090909091, 5
0, 0, 0, 1.0, 109, 0.9909090909090909, 1.0, 1.0, 1, 0, 0.00909090909090909, 0.0, 156, 31, 1, 0, 6, 75, 0.0, 0.1935483870967742, 5
0, 0, 0, 1.0, 109, 0.9909090909090909, 1.0, 1.0, 1, 0, 0.00909090909090909, 0.0, 157, 11, 1, 0, 7, 44, 0.09090909090909091, 0.09090909090909091, 5
0, 0, 0, 1.0, 109, 0.9909090909090909, 1.0, 1.0, 1, 0, 0.00909090909090909, 0.0, 161, 11, 1, 0, 7, 44, 0.09090909090909091, 0.09090909090909091, 5
0, 0, 0, 1.0, 109, 0.9909090909090909, 1.0, 1.0, 1, 0, 0.00909090909090909, 0.0, 159, 13, 1, 0, 7, 46, 0.07692307692307693, 0.07692307692307693, 5
0, 0, 0, 1.0, 109, 0.9909090909090909, 1.0, 1.0, 1, 0, 0.00909090909090909, 0.0, 162, 11, 1, 0, 7, 44, 0.09090909090909091, 0.09090909090909091, 5
0, 0, 0, 1.0, 109, 0.9909090909090909, 1.0, 1.0, 1, 0, 0.00909090909090909, 0.0, 165, 13, 1, 0, 7, 46, 0.07692307692307693, 0.07692307692307693, 5
0, 0, 0, 1.0, 109, 0.9909090909090909, 1.0, 1.0, 1, 0, 0.00909090909090909, 0.0, 155, 13, 1, 0, 7, 46, 0.07692307692307693, 0.07692307692307693, 5
0, 0, 0, 1.0, 109, 0.9909090909090909, 1.0, 1.0, 1, 0, 0.00909090909090909, 0.0, 163, 11, 1, 0, 7, 44, 0.09090909090909091, 0.09090909090909091, 5
0, 0, 0, 1.0, 109, 0.9909090909090909, 1.0, 1.0, 1, 0, 0.00909090909090909, 0.0, 154, 13, 1, 0, 7, 46, 0.07692307692307693, 0.07692307692307693, 5
0, 0, 0, 0.8677935802061223, 93, 2.536363636363636, 1.0, 1.0, 1, 0, 0.02727272727272727, 0.0, 211, 9, 0, 0, 2, 60, 0.0, 0.1111111111111111, 6
0, 0, 0, 0.8352366377276768, 78, 1.4181818181818182, 1.0, 1.0, 1, 0, 0.01818181818181818, 0.0, 212, 63, 0, 0, 2, 152, 0.12698412698412698, 0.06349206349206349, 6
0, 0, 0, 0.8905904006540083, 104, 0.9904761904761905, 0.9545454545454546, 1.0, 1, 0, 0.009523809523809525, 0.0, 213, 17, 0, 0, 2, 81, 0.0, 0.23529411764705882, 0
0, 0, 1, 0.8905310628164762, 103, 0.9903846153846154, 0.5909090909090909, 1.0, 1, 0, 0.009615384615384616, 0.0, 214, 13, 1, 0, 1, 76, 0.0, 0.0, 0
0, 0, 0, 0.8678653532229482, 98, 0.98989898989899, 0.9, 1.0, 1, 0, 0.010101010101010102, 0.0, 192, 5, 0, 0, 2, 27, 0.0, 0.2, 0
0, 0, 0, 0.8678584074471264, 96, 0.9896907216494846, 0.8818181818181818, 1.0, 1, 0, 0.010309278350515464, 0.0, 215, 21, 3, 0, 1, 63, 0.0, 0.09523809523809523, 0
0, 0, 0, 0.8677935802061223, 93, 0.9893617021276595, 0.8545454545454545, 1.0, 1, 0, 0.010638297872340425, 0.0, 216, 5, 0, 0, 2, 69, 0.0, 0.2, 0
0, 0, 1, 0.8519741650001161, 80, 1.8604651162790697, 0.05454545454545454, 1.0, 1, 0, 0.023255813953488372, 0.1, 166, 75, 0, 0, 2, 130, 0.05333333333333334, 0.13333333333333333, 3
0, 0, 1, 0.8611696253306619, 85, 0.9883720930232558, 0.06363636363636363, 1.0, 1, 0, 0.011627906976744186, 0.05, 217, 31, 1, 0, 24, 141, 0.25806451612903225, 0.1935483870967742, 4
0, 0, 1, 0.8611696253306619, 85, 0.9883720930232558, 0.06363636363636363, 1.0, 1, 0, 0.011627906976744186, 0.05, 218, 53, 0, 0, 2, 162, 0.07547169811320754, 0.16981132075471697, 4
0, 0, 0, 0.0, 0, 0.0, 8.809090909090909, 0.9999999999994025, 14, 4, 1.4938271604938271, 0.05, 219, 5, 1, 0, 1, 34, 0.0, 0.0, 0
0, 0, 1, 0.8356118963364617, 79, 0.9875, 0.00909090909090909, 1.0, 1, 0, 0.0125, 0.05, 220, 21, 3, 0, 25, 49, 0.0, 0.09523809523809523, 0
0, 0, 1, 0.8356118963364617, 79, 0.9875, 0.00909090909090909, 1.0, 1, 0, 0.0125, 0.05, 221, 5, 0, 0, 2, 40, 0.0, 0.2, 0
0, 0, 0, 0.8356118963364617, 79, 0.9875, 0.7272727272727273, 1.0, 1, 0, 0.0125, 0.0, 169, 5, 1, 0, 1, 76, 0.0, 0.0, 0
0, 0, 0, 0.8356118963364617, 79, 0.9875, 0.7272727272727273, 1.0, 1, 0, 0.0125, 0.0, 222, 5, 1, 0, 26, 56, 0.0, 0.0, 1
0, 1, 0, 0.0, 0, 0.0, 0.7272727272727273, 0.9936305720520295, 3, 4, 0.1125, 0.05, 166, 107, 0, 0, 2, 151, 0.0, 0.102803738317757, 3
0, 0, 0, 0.30000672918711346, 29, 1.4500000000000002, 0.7272727272727273, 0.9999999997791007, 2, 0, 0.05, 0.0, 168, 33, 1, 0, 15, 91, 0.030303030303030304, 0.09090909090909091, 3
0, 0, 0, 0.36752784826661444, 43, 1.075, 0.7272727272727273, 1.0, 1, 0, 0.025, 0.0, 223, 57, 1, 0, 26, 106, 0.017543859649122806, 0.12280701754385964, 4
0, 0, 0, 0.6578426061805605, 70, 2.625, 0.7272727272727273, 1.0, 1, 0, 0.0375, 0.0, 224, 33, 4, 0, 27, 124, 0.3333333333333333, 0.06060606060606061, 4
0, 0, 1, 0.8356118963364617, 79, 0.9875, 0.32727272727272727, 1.0, 1, 0, 0.0125, 0.0, 225, 33, 0, 0, 2, 93, 0.12121212121212122, 0.21212121212121213, 4
0, 0, 0, 0.8356118963364617, 79, 0.9875, 0.7272727272727273, 1.0, 1, 0, 0.0125, 0.0, 226, 33, 0, 0, 2, 95, 0.06060606060606061, 0.18181818181818182, 4
0, 0, 0, 0.8352366377276768, 78, 0.9873417721518987, 0.7181818181818181, 1.0, 1, 0, 0.012658227848101266, 0.0, 227, 21, 3, 0, 28, 49, 0.0, 0.09523809523809523, 0
0, 0, 0, 0.8352366377276768, 78, 0.9873417721518987, 0.7181818181818181, 1.0, 1, 0, 0.012658227848101266, 0.0, 228, 5, 0, 0, 2, 32, 0.0, 0.2, 0
0, 0, 0, 0.8352366377276768, 78, 0.9873417721518987, 0.7181818181818181, 1.0, 1, 0, 0.012658227848101266, 0.0, 229, 21, 3, 0, 25, 49, 0.0, 0.09523809523809523, 0
0, 0, 0, 0.8352366377276768, 78, 0.9873417721518987, 0.7181818181818181, 1.0, 1, 0, 0.012658227848101266, 0.0, 230, 5, 0, 0, 2, 40, 0.0, 0.2, 0
0, 1, 0, 0.0, 0, 0.0, 2.1545454545454548, 0.8950858027442019, 14, 4, 2.0253164556962027, 0.65, 231, 5, 1, 0, 6, 59, 0.0, 0.0, 3
0, 0, 0, 0.8352366377276768, 78, 0.9873417721518987, 0.7181818181818181, 1.0, 1, 0, 0.012658227848101266, 0.0, 232, 31, 1, 0, 6, 89, 0.0967741935483871, 0.16129032258064516, 4
0, 0, 0, 0.2808243261682552, 23, 1.4556962025316458, 0.7181818181818181, 0.9999999918247797, 2, 0, 0.06329113924050633, 0.0, 233, 75, 1, 0, 29, 146, 0.10666666666666667, 0.14666666666666667, 4
0, 1, 0, 0.22745963178575224, 11, 0.5569620253164557, 0.7181818181818181, 0.9999636461485414, 2, 0, 0.05063291139240506, 0.05, 234, 111, 1, 0, 2, 128, 0.09009009009009009, 0.11711711711711711, 4
0, 0, 0, 0.7643785588232153, 73, 1.8717948717948718, 0.7090909090909091, 1.0, 1, 0, 0.02564102564102564, 0.0, 235, 67, 2, 0, 6, 120, 0.014925373134328358, 0.1044776119402985, 1
0, 0, 0, 0.7935443942995943, 76, 0.9870129870129871, 0.7, 1.0, 1, 0, 0.012987012987012988, 0.0, 236, 5, 0, 0, 2, 76, 0.0, 0.2, 0
0, 0, 0, 0.7935443942995943, 76, 0.9870129870129871, 0.7, 1.0, 1, 0, 0.012987012987012988, 0.0, 237, 25, 3, 0, 8, 66, 0.0, 0.12, 0
0, 0, 0, 0.790206612931257, 74, 0.9866666666666667, 0.6818181818181818, 1.0, 1, 0, 0.013333333333333334, 0.0, 238, 35, 1, 0, 6, 119, 0.0, 0.17142857142857143, 1
0, 0, 0, 0.790206612931257, 74, 0.9866666666666667, 0.6818181818181818, 1.0, 1, 0, 0.013333333333333334, 0.0, 239, 47, 1, 0, 27, 116, 0.0, 0.14893617021276595, 1
0, 0, 0, 0.790206612931257, 74, 0.9866666666666667, 0.6818181818181818, 1.0, 1, 0, 0.013333333333333334, 0.0, 240, 43, 1, 0, 6, 107, 0.0, 0.09302325581395349, 1
0, 0, 0, 0.790206612931257, 74, 0.9866666666666667, 0.6818181818181818, 1.0, 1, 0, 0.013333333333333334, 0.0, 241, 63, 1, 0, 27, 77, 0.12698412698412698, 0.06349206349206349, 1
0, 0, 0, 0.790206612931257, 74, 0.9866666666666667, 0.6818181818181818, 1.0, 1, 0, 0.013333333333333334, 0.0, 242, 27, 1, 0, 27, 97, 0.0, 0.14814814814814814, 1
0, 0, 0, 0.790206612931257, 74, 0.9866666666666667, 0.6818181818181818, 1.0, 1, 0, 0.013333333333333334, 0.0, 243, 73, 1, 0, 27, 118, 0.0, 0.136986301369863, 1
0, 0, 0, 0.790206612931257, 74, 0.9866666666666667, 0.6818181818181818, 1.0, 1, 0, 0.013333333333333334, 0.0, 244, 79, 1, 0, 6, 113, 0.08860759493670886, 0.10126582278481013, 1
0, 0, 0, 0.790206612931257, 74, 0.9866666666666667, 0.6818181818181818, 1.0, 1, 0, 0.013333333333333334, 0.0, 245, 31, 1, 0, 27, 108, 0.0, 0.12903225806451613, 1
0, 0, 0, 0.790206612931257, 74, 0.9866666666666667, 0.6818181818181818, 1.0, 1, 0, 0.013333333333333334, 0.0, 246, 29, 1, 0, 6, 93, 0.0, 0.13793103448275862, 1
0, 0, 0, 0.790206612931257, 74, 0.9866666666666667, 0.6818181818181818, 1.0, 1, 0, 0.013333333333333334, 0.0, 247, 31, 1, 0, 27, 118, 0.0, 0.12903225806451613, 1
0, 0, 0, 0.790206612931257, 74, 0.9866666666666667, 0.6818181818181818, 1.0, 1, 0, 0.013333333333333334, 0.0, 132, 31, 1, 0, 6, 66, 0.0967741935483871, 0.12903225806451613, 1
0, 0, 0, 0.7643785588232153, 73, 0.9864864864864865, 0.6727272727272727, 1.0, 1, 0, 0.013513513513513514, 0.0, 248, 43, 1, 0, 6, 61, 0.023255813953488372, 0.09302325581395349, 1
0, 0, 0, 0.6578426061805605, 70, 1.891891891891892, 0.6727272727272727, 1.0, 1, 0, 0.02702702702702703, 0.0, 249, 43, 1, 0, 6, 118, 0.0, 0.16279069767441862, 4
0, 0, 0, 0.3483211723752604, 37, 1.7076923076923078, 0.5818181818181818, 0.9999999999997562, 3, 0, 0.046153846153846156, 0.0, 250, 7, 0, 0, 2, 96, 0.0, 0.0, 0
0, 0, 0, 0.3483211723752604, 37, 1.7076923076923078, 0.5818181818181818, 0.9999999999997511, 3, 0, 0.046153846153846156, 0.0, 251, 7, 0, 0, 2, 94, 0.0, 0.0, 0
0, 0, 0, 0.3483211723752604, 37, 1.7076923076923078, 0.5818181818181818, 0.9999999999997484, 3, 0, 0.046153846153846156, 0.0, 252, 7, 0, 0, 2, 93, 0.0, 0.0, 0
0, 0, 0, 0.3483211723752604, 37, 1.7076923076923078, 0.5818181818181818, 0.9999999999997511, 3, 0, 0.046153846153846156, 0.0, 253, 7, 0, 0, 2, 94, 0.0, 0.0, 0
0, 0, 0, 0.3483211723752604, 37, 1.7076923076923078, 0.5818181818181818, 0.9999999999997917, 3, 0, 0.046153846153846156, 0.0, 254, 7, 0, 0, 2, 104, 0.0, 0.0, 0
0, 0, 0, 0.3483211723752604, 37, 1.7076923076923078, 0.5818181818181818, 0.9999999999997242, 3, 0, 0.046153846153846156, 0.0, 255, 19, 0, 0, 2, 94, 0.0, 0.05263157894736842, 0
0, 0, 0, 0.3483211723752604, 37, 1.7076923076923078, 0.5818181818181818, 0.9999999999997511, 3, 0, 0.046153846153846156, 0.0, 256, 7, 0, 0, 2, 94, 0.0, 0.0, 0
0, 0, 0, 0.5482161940688601, 59, 0.9833333333333333, 0.5454545454545454, 1.0, 1, 0, 0.016666666666666666, 0.0, 253, 1, 0, 0, 2, 44, 0.0, 0.0, 7
0, 0, 0, 0.5482161940688601, 59, 0.9833333333333333, 0.5454545454545454, 1.0, 1, 0, 0.016666666666666666, 0.0, 255, 1, 0, 0, 2, 71, 0.0, 0.0, 7
0, 0, 0, 0.5482161940688601, 59, 0.9833333333333333, 0.5454545454545454, 1.0, 1, 0, 0.016666666666666666, 0.0, 256, 1, 0, 0, 2, 44, 0.0, 0.0, 7
0, 0, 0, 0.5482161940688601, 59, 0.9833333333333333, 0.5454545454545454, 1.0, 1, 0, 0.016666666666666666, 0.0, 254, 1, 0, 0, 2, 71, 0.0, 0.0, 7
0, 0, 0, 0.5482161940688601, 59, 0.9833333333333333, 0.5454545454545454, 1.0, 1, 0, 0.016666666666666666, 0.0, 250, 1, 0, 0, 2, 46, 0.0, 0.0, 7
0, 0, 0, 0.5482161940688601, 59, 0.9833333333333333, 0.5454545454545454, 1.0, 1, 0, 0.016666666666666666, 0.0, 251, 1, 0, 0, 2, 44, 0.0, 0.0, 7
0, 0, 0, 0.5482161940688601, 59, 0.9833333333333333, 0.5454545454545454, 1.0, 1, 0, 0.016666666666666666, 0.0, 252, 1, 0, 0, 2, 43, 0.0, 0.0, 7
0, 0, 0, 0.5482161940688601, 59, 0.9833333333333333, 0.5454545454545454, 1.0, 1, 0, 0.016666666666666666, 0.0, 253, 5, 0, 0, 2, 46, 0.0, 0.0, 7
0, 0, 0, 0.5482161940688601, 59, 0.9833333333333333, 0.5454545454545454, 1.0, 1, 0, 0.016666666666666666, 0.0, 251, 5, 0, 0, 2, 46, 0.0, 0.0, 7
0, 0, 0, 0.5482161940688601, 59, 0.9833333333333333, 0.5454545454545454, 1.0, 1, 0, 0.016666666666666666, 0.0, 255, 5, 0, 0, 2, 70, 0.0, 0.0, 7
0, 0, 0, 0.5482161940688601, 59, 0.9833333333333333, 0.5454545454545454, 1.0, 1, 0, 0.016666666666666666, 0.0, 256, 5, 0, 0, 2, 46, 0.0, 0.0, 7
0, 0, 0, 0.5482161940688601, 59, 0.9833333333333333, 0.5454545454545454, 1.0, 1, 0, 0.016666666666666666, 0.0, 252, 5, 0, 0, 2, 45, 0.0, 0.0, 7
0, 0, 0, 0.5482161940688601, 59, 0.9833333333333333, 0.5454545454545454, 1.0, 1, 0, 0.016666666666666666, 0.0, 254, 5, 0, 0, 2, 70, 0.0, 0.0, 7
0, 0, 0, 0.5482161940688601, 59, 0.9833333333333333, 0.5454545454545454, 1.0, 1, 0, 0.016666666666666666, 0.0, 250, 5, 0, 0, 2, 48, 0.0, 0.0, 7
0, 0, 0, 0.5482161940688601, 59, 0.9833333333333333, 0.5454545454545454, 1.0, 1, 0, 0.016666666666666666, 0.0, 257, 13, 0, 0, 2, 111, 0.0, 0.0, 7
0, 0, 0, 0.5482161940688601, 59, 0.9833333333333333, 0.5454545454545454, 1.0, 1, 0, 0.016666666666666666, 0.0, 258, 5, 0, 0, 2, 118, 0.0, 0.0, 7
0, 0, 0, 0.5482161940688601, 59, 0.9833333333333333, 0.5454545454545454, 1.0, 1, 0, 0.016666666666666666, 0.0, 259, 5, 0, 0, 2, 92, 0.0, 0.0, 7
0, 0, 0, 0.5482161940688601, 59, 0.9833333333333333, 0.5454545454545454, 1.0, 1, 0, 0.016666666666666666, 0.0, 260, 5, 0, 0, 2, 116, 0.0, 0.0, 7
0, 0, 0, 0.5482161940688601, 59, 0.9833333333333333, 0.5454545454545454, 1.0, 1, 0, 0.016666666666666666, 0.0, 261, 5, 0, 0, 2, 90, 0.0, 0.0, 7
0, 0, 0, 0.5482161940688601, 59, 0.9833333333333333, 0.5454545454545454, 1.0, 1, 0, 0.016666666666666666, 0.0, 262, 13, 0, 0, 2, 109, 0.0, 0.0, 7
0, 0, 0, 0.5482161940688601, 59, 0.9833333333333333, 0.5454545454545454, 1.0, 1, 0, 0.016666666666666666, 0.0, 252, 15, 0, 0, 2, 89, 0.0, 0.13333333333333333, 7
0, 0, 0, 0.5482161940688601, 59, 0.9833333333333333, 0.5454545454545454, 1.0, 1, 0, 0.016666666666666666, 0.0, 255, 15, 0, 0, 2, 110, 0.0, 0.13333333333333333, 7
0, 0, 0, 0.5482161940688601, 59, 0.9833333333333333, 0.5454545454545454, 1.0, 1, 0, 0.016666666666666666, 0.0, 253, 15, 0, 0, 2, 90, 0.0, 0.13333333333333333, 7
0, 0, 0, 0.5482161940688601, 59, 0.9833333333333333, 0.5454545454545454, 1.0, 1, 0, 0.016666666666666666, 0.0, 263, 9, 0, 0, 2, 86, 0.0, 0.0, 7
0, 0, 0, 0.5482161940688601, 59, 0.9833333333333333, 0.5454545454545454, 1.0, 1, 0, 0.016666666666666666, 0.0, 264, 17, 1, 0, 30, 66, 0.058823529411764705, 0.11764705882352941, 7
0, 0, 0, 0.5482161940688601, 59, 0.9833333333333333, 0.5454545454545454, 1.0, 1, 0, 0.016666666666666666, 0.0, 265, 5, 1, 0, 31, 31, 0.0, 0.0, 7
0, 0, 0, 0.5482161940688601, 59, 0.9833333333333333, 0.5454545454545454, 1.0, 1, 0, 0.016666666666666666, 0.0, 251, 15, 0, 0, 2, 90, 0.0, 0.13333333333333333, 7
0, 0, 0, 0.5482161940688601, 59, 0.9833333333333333, 0.5454545454545454, 1.0, 1, 0, 0.016666666666666666, 0.0, 266, 9, 0, 0, 2, 84, 0.0, 0.0, 7
0, 0, 0, 0.5482161940688601, 59, 0.9833333333333333, 0.5454545454545454, 1.0, 1, 0, 0.016666666666666666, 0.0, 250, 15, 0, 0, 2, 92, 0.0, 0.13333333333333333, 7
0, 0, 0, 0.5482161940688601, 59, 0.9833333333333333, 0.5454545454545454, 1.0, 1, 0, 0.016666666666666666, 0.0, 254, 15, 0, 0, 2, 110, 0.0, 0.13333333333333333, 7
0, 0, 0, 0.5482161940688601, 59, 0.9833333333333333, 0.5454545454545454, 1.0, 1, 0, 0.016666666666666666, 0.0, 256, 15, 0, 0, 2, 90, 0.0, 0.13333333333333333, 7
0, 0, 0, 0.36752784826661444, 43, 0.9772727272727273, 0.4, 0.9999999999999432, 1, 0, 0.022727272727272728, 0.0, 267, 39, 0, 0, 2, 94, 0.10256410256410256, 0.20512820512820512, 4
0, 0, 1, 0.3484133346049829, 38, 0.9743589743589743, 0.10909090909090909, 0.999999999998181, 1, 0, 0.02564102564102564, 0.05, 268, 7, 0, 0, 2, 27, 0.0, 0.0, 0
0, 1, 0, 0.2739400914138784, 18, 0.923076923076923, 0.35454545454545455, 0.999999764804515, 1, 0, 0.05128205128205128, 0.05, 269, 141, 1, 0, 32, 121, 0.0851063829787234, 0.15602836879432624, 0
0, 0, 0, 0.3484133346049829, 38, 0.9743589743589743, 0.35454545454545455, 0.999999999998181, 1, 0, 0.02564102564102564, 0.0, 270, 5, 0, 0, 2, 72, 0.0, 0.0, 0
0, 0, 0, 0.3484133346049829, 38, 0.9743589743589743, 0.35454545454545455, 0.999999999998181, 1, 0, 0.02564102564102564, 0.0, 271, 71, 0, 0, 2, 98, 0.014084507042253521, 0.15492957746478872, 0
0, 0, 0, 0.3484133346049829, 38, 0.9743589743589743, 0.35454545454545455, 0.999999999998181, 1, 0, 0.02564102564102564, 0.0, 272, 5, 0, 0, 2, 41, 0.0, 0.0, 0
0, 0, 0, 0.3484133346049829, 38, 0.9743589743589743, 0.35454545454545455, 0.999999999998181, 1, 0, 0.02564102564102564, 0.0, 273, 15, 0, 0, 2, 54, 0.0, 0.0, 0
0, 0, 1, 0.2808243261682552, 23, 1.4838709677419355, 0.01818181818181818, 0.9999999399296939, 2, 0, 0.06451612903225806, 0.1, 274, 5, 1, 0, 33, 34, 0.0, 0.0, 0
0, 0, 1, 0.2808243261682552, 23, 1.4838709677419355, 0.01818181818181818, 0.9999999399296939, 2, 0, 0.06451612903225806, 0.1, 275, 5, 0, 0, 2, 46, 0.0, 0.2, 0
0, 0, 0, 0.2808243261682552, 23, 1.4838709677419355, 0.22727272727272727, 0.9999999399296939, 2, 0, 0.06451612903225806, 0.0, 275, 5, 0, 0, 2, 46, 0.0, 0.2, 4
0, 0, 0, 0.28811074374844703, 24, 0.96, 0.22727272727272727, 0.9999999701976776, 1, 0, 0.04, 0.0, 276, 33, 1, 0, 34, 79, 0.030303030303030304, 0.18181818181818182, 1
0, 0, 0, 0.280809090272904, 22, 0.9565217391304348, 0.20909090909090908, 0.9999998807907104, 1, 0, 0.043478260869565216, 0.0, 277, 5, 1, 0, 15, 39, 0.0, 0.0, 0
0, 0, 0, 0.280809090272904, 22, 0.9565217391304348, 0.20909090909090908, 0.9999998807907104, 1, 0, 0.043478260869565216, 0.0, 278, 5, 0, 0, 2, 51, 0.0, 0.2, 0
1, 0, 1, 0.23232966623754717, 12, 0.9230769230769231, 0.00909090909090909, 0.9998779296875, 1, 2, 0.07692307692307693, 0.05, 279, 5, 0, 0, 2, 61, 0.0, 0.0, 0
1, 0, 1, 0.21400786724874757, 5, 0.8333333333333333, 0.00909090909090909, 0.984375, 1, 5, 0.16666666666666666, 0.05, 280, 27, 1, 0, 6, 82, 0.0, 0.18518518518518517, 1
1, 0, 0, 0.0, 0, 0.0, 0.00909090909090909, 0.5, 1, 4, 1.0, 0.05, 281, 7, 0, 0, 2, 53, 0.0, 0.2857142857142857, 3
