0, 0, 0, 1.0, 109, 0.9909090909090909, 1.0, 1.0, 1, 0, 0.00909090909090909, 0.0, 3, 15, 2, 0, 1, 124, 0.13333333333333333, 0.06666666666666667, 0
0, 0, 0, 1.0, 109, 0.9909090909090909, 1.0, 1.0, 1, 0, 0.00909090909090909, 0.0, 0, 13, 2, 0, 0, 94, 0.0, 0.07692307692307693, 0
0, 0, 0, 0.3142383508639634, 85, 5.409090909090908, 1.0, 1.0, 5, 6, 0.06363636363636363, 0.0, 9, 17, 0, 0, 2, 113, 0.0, 0.058823529411764705, 0
0, 0, 0, 1.0, 109, 0.9909090909090909, 1.0, 1.0, 1, 0, 0.00909090909090909, 0.0, 8, 5, 0, 0, 2, 41, 0.0, 0.2, 0
0, 0, 0, 1.0, 109, 0.9909090909090909, 1.0, 1.0, 1, 0, 0.00909090909090909, 0.0, 7, 5, 1, 0, 5, 31, 0.0, 0.0, 0
0, 0, 1, 0.033281741038208926, 49, 0.8909090909090909, 0.5545454545454546, 0.9999999999999991, 2, 7, 0.01818181818181818, 0.05, 2, 51, 0, 0, 2, 203, 0.11764705882352941, 0.0196078431372549, 0
0, 0, 0, 1.0, 109, 0.9909090909090909, 1.0, 1.0, 1, 0, 0.00909090909090909, 0.0, 1, 19, 1, 0, 1, 81, 0.0, 0.15789473684210525, 0
0, 0, 0, 1.0, 109, 0.9909090909090909, 1.0, 1.0, 1, 0, 0.00909090909090909, 0.0, 192, 5, 0, 0, 2, 27, 0.0, 0.2, 0
0, 0, 0, 1.0, 109, 0.9909090909090909, 1.0, 1.0, 1, 0, 0.00909090909090909, 0.0, 4, 11, 1, 0, 3, 93, 0.0, 0.0, 0
0, 0, 0, 1.0, 109, 0.9909090909090909, 1.0, 1.0, 1, 0, 0.00909090909090909, 0.0, 5, 19, 1, 0, 0, 258, 0.0, 0.05263157894736842, 0
0, 0, 0, 1.0, 109, 0.9909090909090909, 1.0, 1.0, 1, 0, 0.00909090909090909, 0.0, 6, 15, 2, 0, 4, 114, 0.0, 0.06666666666666667, 0
0, 0, 0, 0.3142383508639634, 85, 4.636363636363636, 1.0, 1.0, 5, 6, 0.05454545454545454, 0.0, 48, 7, 1, 0, 0, 55, 0.0, 0.14285714285714285, 0
0, 0, 0, 0.3142383508639634, 85, 4.636363636363636, 1.0, 1.0, 5, 6, 0.05454545454545454, 0.0, 63, 7, 1, 0, 0, 57, 0.0, 0.14285714285714285, 0
0, 0, 0, 0.3142383508639634, 85, 4.636363636363636, 1.0, 1.0, 5, 6, 0.05454545454545454, 0.0, 29, 7, 1, 0, 0, 48, 0.0, 0.14285714285714285, 0
0, 0, 0, 0.3142383508639634, 85, 4.636363636363636, 1.0, 1.0, 5, 6, 0.05454545454545454, 0.0, 16, 7, 1, 0, 0, 73, 0.0, 0.14285714285714285, 0
0, 0, 0, 0.3142383508639634, 85, 4.636363636363636, 1.0, 1.0, 5, 6, 0.05454545454545454, 0.0, 216, 7, 1, 0, 0, 82, 0.0, 0.14285714285714285, 0
0, 0, 0, 0.3142383508639634, 85, 4.636363636363636, 1.0, 1.0, 5, 6, 0.05454545454545454, 0.0, 35, 7, 1, 0, 0, 51, 0.0, 0.14285714285714285, 0
0, 0, 0, 0.3142383508639634, 85, 4.636363636363636, 1.0, 1.0, 5, 6, 0.05454545454545454, 0.0, 34, 7, 1, 0, 0, 74, 0.0, 0.14285714285714285, 0
0, 0, 0, 0.3142383508639634, 85, 4.636363636363636, 1.0, 1.0, 5, 6, 0.05454545454545454, 0.0, 45, 7, 1, 0, 0, 69, 0.0, 0.14285714285714285, 0
0, 0, 0, 0.3142383508639634, 85, 4.636363636363636, 1.0, 1.0, 5, 6, 0.05454545454545454, 0.0, 10, 7, 1, 0, 0, 74, 0.0, 0.14285714285714285, 0
0, 0, 0, 0.3142383508639634, 85, 4.636363636363636, 1.0, 1.0, 5, 6, 0.05454545454545454, 0.0, 43, 7, 1, 0, 0, 48, 0.0, 0.14285714285714285, 0
0, 0, 0, 0.3142383508639634, 85, 4.636363636363636, 1.0, 1.0, 5, 6, 0.05454545454545454, 0.0, 55, 7, 1, 0, 0, 47, 0.0, 0.14285714285714285, 0
0, 0, 0, 0.3142383508639634, 85, 4.636363636363636, 1.0, 1.0, 5, 6, 0.05454545454545454, 0.0, 50, 7, 1, 0, 0, 49, 0.0, 0.14285714285714285, 0
0, 0, 0, 0.3142383508639634, 85, 4.636363636363636, 1.0, 1.0, 5, 6, 0.05454545454545454, 0.0, 54, 7, 1, 0, 0, 76, 0.0, 0.14285714285714285, 0
0, 0, 0, 0.3142383508639634, 85, 4.636363636363636, 1.0, 1.0, 5, 6, 0.05454545454545454, 0.0, 73, 7, 1, 0, 0, 48, 0.0, 0.14285714285714285, 0
0, 0, 0, 0.3142383508639634, 85, 4.636363636363636, 1.0, 1.0, 5, 6, 0.05454545454545454, 0.0, 80, 7, 1, 0, 0, 47, 0.0, 0.14285714285714285, 0
0, 0, 0, 0.3142383508639634, 85, 4.636363636363636, 1.0, 1.0, 5, 6, 0.05454545454545454, 0.0, 69, 7, 1, 0, 0, 53, 0.0, 0.14285714285714285, 0
0, 0, 0, 0.3142383508639634, 85, 4.636363636363636, 1.0, 1.0, 5, 6, 0.05454545454545454, 0.0, 28, 7, 1, 0, 0, 62, 0.0, 0.14285714285714285, 0
0, 0, 0, 0.3142383508639634, 85, 4.636363636363636, 1.0, 1.0, 5, 6, 0.05454545454545454, 0.0, 22, 7, 1, 0, 0, 60, 0.0, 0.14285714285714285, 0
0, 0, 0, 0.3142383508639634, 85, 4.636363636363636, 1.0, 1.0, 5, 6, 0.05454545454545454, 0.0, 236, 7, 1, 0, 0, 89, 0.0, 0.14285714285714285, 0
0, 0, 0, 0.3142383508639634, 85, 4.636363636363636, 1.0, 1.0, 5, 6, 0.05454545454545454, 0.0, 62, 7, 1, 0, 0, 47, 0.0, 0.14285714285714285, 0
0, 0, 0, 0.3142383508639634, 85, 4.636363636363636, 1.0, 1.0, 5, 6, 0.05454545454545454, 0.0, 42, 7, 1, 0, 0, 107, 0.0, 0.14285714285714285, 0
0, 0, 0, 1.0, 109, 0.9909090909090909, 1.0, 1.0, 1, 0, 0.00909090909090909, 0.0, 38, 21, 3, 0, 7, 53, 0.0, 0.09523809523809523, 0
0, 0, 0, 0.0643042846882471, 56, 2.036363636363636, 1.0, 1.0, 2, 6, 0.03636363636363636, 0.0, 64, 21, 3, 0, 8, 66, 0.047619047619047616, 0.09523809523809523, 0
0, 0, 0, 1.0, 109, 0.9909090909090909, 1.0, 1.0, 1, 0, 0.00909090909090909, 0.0, 47, 21, 3, 0, 7, 51, 0.0, 0.09523809523809523, 0
0, 0, 0, 0.3142383508639634, 85, 4.636363636363636, 1.0, 1.0, 5, 6, 0.05454545454545454, 0.0, 83, 7, 1, 0, 0, 84, 0.0, 0.14285714285714285, 0
0, 0, 1, 0.3142383508639634, 85, 4.636363636363636, 0.7181818181818181, 1.0, 5, 6, 0.05454545454545454, 0.0, 25, 7, 1, 0, 0, 47, 0.0, 0.14285714285714285, 0
0, 0, 0, 0.3142383508639634, 85, 4.636363636363636, 1.0, 1.0, 5, 6, 0.05454545454545454, 0.0, 228, 7, 1, 0, 0, 45, 0.0, 0.14285714285714285, 0
0, 0, 0, 1.0, 109, 0.9909090909090909, 1.0, 1.0, 1, 0, 0.00909090909090909, 0.0, 53, 21, 3, 0, 7, 51, 0.0, 0.09523809523809523, 0
0, 0, 0, 1.0, 109, 0.9909090909090909, 1.0, 1.0, 1, 0, 0.00909090909090909, 0.0, 61, 21, 3, 0, 7, 61, 0.0, 0.09523809523809523, 0
0, 0, 0, 1.0, 109, 0.9909090909090909, 1.0, 1.0, 1, 0, 0.00909090909090909, 0.0, 60, 21, 3, 0, 7, 57, 0.0, 0.09523809523809523, 0
0, 0, 0, 0.3142383508639634, 85, 4.636363636363636, 1.0, 1.0, 5, 6, 0.05454545454545454, 0.0, 31, 7, 1, 0, 0, 89, 0.0, 0.14285714285714285, 0
0, 0, 0, 0.3142383508639634, 85, 4.636363636363636, 1.0, 1.0, 5, 6, 0.05454545454545454, 0.0, 230, 7, 1, 0, 0, 53, 0.0, 0.14285714285714285, 0
0, 0, 0, 1.0, 109, 0.9909090909090909, 1.0, 1.0, 1, 0, 0.00909090909090909, 0.0, 66, 21, 3, 0, 7, 52, 0.0, 0.09523809523809523, 0
0, 0, 0, 0.3142383508639634, 85, 4.636363636363636, 1.0, 1.0, 5, 6, 0.05454545454545454, 0.0, 11, 7, 1, 0, 0, 77, 0.0, 0.14285714285714285, 0
0, 0, 0, 1.0, 109, 0.9909090909090909, 1.0, 1.0, 1, 0, 0.00909090909090909, 0.0, 12, 21, 3, 0, 1, 79, 0.0, 0.09523809523809523, 0
0, 0, 0, 0.3142383508639634, 85, 4.636363636363636, 1.0, 1.0, 5, 6, 0.05454545454545454, 0.0, 19, 7, 1, 0, 0, 78, 0.0, 0.14285714285714285, 0
0, 0, 0, 1.0, 109, 0.9909090909090909, 1.0, 1.0, 1, 0, 0.00909090909090909, 0.0, 71, 21, 3, 0, 7, 51, 0.0, 0.09523809523809523, 0
0, 0, 0, 1.0, 109, 0.9909090909090909, 1.0, 1.0, 1, 0, 0.00909090909090909, 0.0, 39, 21, 3, 0, 9, 48, 0.0, 0.09523809523809523, 0
0, 0, 0, 1.0, 109, 0.9909090909090909, 1.0, 1.0, 1, 0, 0.00909090909090909, 0.0, 78, 21, 3, 0, 7, 60, 0.0, 0.09523809523809523, 0
0, 0, 0, 1.0, 109, 0.9909090909090909, 1.0, 1.0, 1, 0, 0.00909090909090909, 0.0, 277, 5, 1, 0, 15, 39, 0.0, 0.0, 0
0, 0, 0, 0.3142383508639634, 85, 4.636363636363636, 1.0, 1.0, 5, 6, 0.05454545454545454, 0.0, 44, 7, 1, 0, 0, 82, 0.0, 0.14285714285714285, 0
0, 0, 0, 1.0, 109, 0.9909090909090909, 1.0, 1.0, 1, 0, 0.00909090909090909, 0.0, 13, 21, 3, 0, 6, 60, 0.0, 0.09523809523809523, 0
0, 0, 0, 1.0, 109, 0.9909090909090909, 1.0, 1.0, 1, 0, 0.00909090909090909, 0.0, 26, 21, 3, 0, 7, 55, 0.0, 0.09523809523809523, 0
0, 0, 0, 1.0, 109, 0.9909090909090909, 1.0, 1.0, 1, 0, 0.00909090909090909, 0.0, 15, 21, 3, 0, 7, 52, 0.0, 0.09523809523809523, 0
0, 0, 0, 1.0, 109, 0.9909090909090909, 1.0, 1.0, 1, 0, 0.00909090909090909, 0.0, 20, 21, 3, 0, 7, 52, 0.0, 0.09523809523809523, 0
0, 0, 0, 1.0, 109, 0.9909090909090909, 1.0, 1.0, 1, 0, 0.00909090909090909, 0.0, 14, 21, 3, 0, 7, 59, 0.0, 0.09523809523809523, 0
0, 0, 0, 1.0, 109, 0.9909090909090909, 1.0, 1.0, 1, 0, 0.00909090909090909, 0.0, 23, 21, 3, 0, 1, 56, 0.0, 0.09523809523809523, 0
0, 0, 0, 0.3142383508639634, 85, 4.636363636363636, 1.0, 1.0, 5, 6, 0.05454545454545454, 0.0, 37, 7, 1, 0, 0, 86, 0.0, 0.14285714285714285, 0
0, 0, 0, 1.0, 109, 0.9909090909090909, 1.0, 1.0, 1, 0, 0.00909090909090909, 0.0, 27, 21, 3, 0, 1, 59, 0.0, 0.09523809523809523, 0
0, 0, 0, 0.0643042846882471, 56, 2.036363636363636, 1.0, 1.0, 2, 6, 0.03636363636363636, 0.0, 65, 21, 3, 0, 8, 92, 0.0, 0.09523809523809523, 0
0, 0, 0, 0.0643042846882471, 56, 2.036363636363636, 1.0, 1.0, 2, 6, 0.03636363636363636, 0.0, 36, 21, 3, 0, 8, 75, 0.047619047619047616, 0.09523809523809523, 0
0, 0, 1, 1.0, 109, 0.9909090909090909, 0.7181818181818181, 1.0, 1, 0, 0.00909090909090909, 0.0, 30, 21, 3, 0, 6, 46, 0.0, 0.09523809523809523, 0
0, 0, 0, 0.0643042846882471, 56, 2.036363636363636, 1.0, 1.0, 2, 6, 0.03636363636363636, 0.0, 237, 21, 3, 0, 8, 66, 0.047619047619047616, 0.09523809523809523, 0
0, 0, 0, 1.0, 109, 0.9909090909090909, 1.0, 1.0, 1, 0, 0.00909090909090909, 0.0, 41, 21, 3, 0, 6, 57, 0.0, 0.09523809523809523, 0
0, 0, 0, 1.0, 109, 0.9909090909090909, 1.0, 1.0, 1, 0, 0.00909090909090909, 0.0, 17, 21, 3, 0, 7, 63, 0.0, 0.09523809523809523, 0
0, 0, 0, 1.0, 109, 0.9909090909090909, 1.0, 1.0, 1, 0, 0.00909090909090909, 0.0, 79, 21, 3, 0, 1, 80, 0.0, 0.09523809523809523, 0
0, 0, 0, 1.0, 109, 0.9909090909090909, 1.0, 1.0, 1, 0, 0.00909090909090909, 0.0, 46, 21, 3, 0, 7, 62, 0.0, 0.09523809523809523, 0
0, 0, 0, 0.3142383508639634, 85, 4.636363636363636, 1.0, 1.0, 5, 6, 0.05454545454545454, 0.0, 72, 7, 1, 0, 0, 116, 0.0, 0.14285714285714285, 0
0, 0, 0, 1.0, 109, 0.9909090909090909, 1.0, 1.0, 1, 0, 0.00909090909090909, 0.0, 76, 21, 3, 0, 7, 64, 0.0, 0.09523809523809523, 0
0, 0, 0, 0.3142383508639634, 85, 4.636363636363636, 1.0, 1.0, 5, 6, 0.05454545454545454, 0.0, 59, 7, 1, 0, 0, 65, 0.0, 0.14285714285714285, 0
0, 0, 0, 0.0643042846882471, 56, 2.036363636363636, 1.0, 1.0, 2, 6, 0.03636363636363636, 0.0, 75, 21, 3, 0, 11, 58, 0.047619047619047616, 0.09523809523809523, 0
0, 0, 1, 1.0, 109, 0.9909090909090909, 0.509090909090909, 1.0, 1, 0, 0.00909090909090909, 0.0, 52, 21, 3, 0, 6, 58, 0.0, 0.09523809523809523, 0
0, 0, 0, 1.0, 109, 0.9909090909090909, 1.0, 1.0, 1, 0, 0.00909090909090909, 0.0, 32, 21, 3, 0, 7, 52, 0.0, 0.09523809523809523, 0
0, 0, 0, 1.0, 109, 0.9909090909090909, 1.0, 1.0, 1, 0, 0.00909090909090909, 0.0, 215, 21, 3, 0, 1, 63, 0.0, 0.09523809523809523, 0
0, 0, 0, 1.0, 109, 0.9909090909090909, 1.0, 1.0, 1, 0, 0.00909090909090909, 0.0, 24, 21, 3, 0, 1, 65, 0.0, 0.09523809523809523, 0
0, 0, 0, 1.0, 109, 0.9909090909090909, 1.0, 1.0, 1, 0, 0.00909090909090909, 0.0, 70, 21, 3, 0, 7, 56, 0.0, 0.09523809523809523, 0
0, 0, 0, 1.0, 109, 0.9909090909090909, 1.0, 1.0, 1, 0, 0.00909090909090909, 0.0, 229, 21, 3, 0, 25, 49, 0.0, 0.09523809523809523, 0
0, 0, 0, 0.3142383508639634, 85, 4.636363636363636, 1.0, 1.0, 5, 6, 0.05454545454545454, 0.0, 74, 7, 1, 0, 0, 47, 0.0, 0.14285714285714285, 0
0, 0, 0, 1.0, 109, 0.9909090909090909, 1.0, 1.0, 1, 0, 0.00909090909090909, 0.0, 227, 21, 3, 0, 28, 49, 0.0, 0.09523809523809523, 0
0, 0, 0, 0.3142383508639634, 85, 4.636363636363636, 1.0, 1.0, 5, 6, 0.05454545454545454, 0.0, 278, 7, 1, 0, 0, 64, 0.0, 0.14285714285714285, 0
0, 0, 0, 0.0643042846882471, 56, 4.581818181818182, 1.0, 1.0, 5, 6, 0.08181818181818182, 0.0, 82, 7, 1, 0, 0, 114, 0.0, 0.14285714285714285, 0
0, 0, 0, 1.0, 109, 0.9909090909090909, 1.0, 1.0, 1, 0, 0.00909090909090909, 0.0, 169, 5, 1, 0, 1, 76, 0.0, 0.0, 0
0, 0, 0, 0.3142383508639634, 85, 4.636363636363636, 1.0, 1.0, 5, 6, 0.05454545454545454, 0.0, 21, 7, 1, 0, 0, 81, 0.0, 0.14285714285714285, 0
0, 0, 0, 1.0, 109, 0.9909090909090909, 1.0, 1.0, 1, 0, 0.00909090909090909, 0.0, 68, 5, 1, 0, 10, 49, 0.0, 0.0, 0
0, 0, 0, 0.032656825402973745, 47, 3.8454545454545452, 1.0, 1.0, 5, 6, 0.08181818181818182, 0.0, 81, 9, 1, 0, 0, 93, 0.0, 0.1111111111111111, 0
0, 0, 0, 1.0, 109, 0.9909090909090909, 1.0, 1.0, 1, 0, 0.00909090909090909, 0.0, 40, 21, 3, 0, 6, 46, 0.0, 0.09523809523809523, 0
0, 0, 0, 1.0, 109, 0.9909090909090909, 1.0, 1.0, 1, 0, 0.00909090909090909, 0.0, 67, 21, 3, 0, 6, 45, 0.0, 0.09523809523809523, 0
0, 0, 0, 0.3142383508639634, 85, 4.636363636363636, 1.0, 1.0, 5, 6, 0.05454545454545454, 0.0, 33, 7, 1, 0, 0, 82, 0.0, 0.14285714285714285, 0
0, 0, 0, 1.0, 109, 0.9909090909090909, 1.0, 1.0, 1, 0, 0.00909090909090909, 0.0, 51, 21, 3, 0, 6, 63, 0.0, 0.09523809523809523, 0
0, 0, 0, 1.0, 109, 0.9909090909090909, 1.0, 1.0, 1, 0, 0.00909090909090909, 0.0, 49, 21, 3, 0, 6, 60, 0.0, 0.09523809523809523, 0
0, 0, 0, 0.3142383508639634, 85, 4.636363636363636, 1.0, 1.0, 5, 6, 0.05454545454545454, 0.0, 77, 7, 1, 0, 0, 75, 0.0, 0.14285714285714285, 0
0, 0, 0, 0.0643042846882471, 56, 2.036363636363636, 1.0, 1.0, 2, 6, 0.03636363636363636, 0.0, 58, 21, 3, 0, 8, 60, 0.047619047619047616, 0.09523809523809523, 0
0, 0, 0, 0.3142383508639634, 85, 4.636363636363636, 1.0, 1.0, 5, 6, 0.05454545454545454, 0.0, 18, 7, 1, 0, 0, 45, 0.0, 0.14285714285714285, 0
0, 0, 0, 0.3142383508639634, 85, 4.636363636363636, 1.0, 1.0, 5, 6, 0.05454545454545454, 0.0, 57, 7, 1, 0, 0, 68, 0.0, 0.14285714285714285, 0
0, 0, 0, 1.0, 109, 0.9909090909090909, 1.0, 1.0, 1, 0, 0.00909090909090909, 0.0, 56, 21, 3, 0, 1, 63, 0.0, 0.09523809523809523, 0
1, 0, 1, 0.008249318634855406, 16, 0.2909090909090909, 0.8818181818181818, 0.9999923706054688, 2, 8, 0.01818181818181818, 0.05, 85, 7, 0, 0, 2, 118, 0.0, 0.14285714285714285, 0
1, 0, 1, 0.008249318634855406, 16, 0.2909090909090909, 0.8818181818181818, 0.9999923706054688, 2, 8, 0.01818181818181818, 0.05, 271, 71, 0, 0, 2, 98, 0.014084507042253521, 0.15492957746478872, 0
0, 0, 0, 1.0, 109, 0.9909090909090909, 1.0, 1.0, 1, 0, 0.00909090909090909, 0.0, 213, 17, 0, 0, 2, 81, 0.0, 0.23529411764705882, 0
0, 0, 0, 1.0, 109, 0.9909090909090909, 1.0, 1.0, 1, 0, 0.00909090909090909, 0.0, 269, 141, 1, 0, 32, 121, 0.0851063829787234, 0.15602836879432624, 0
0, 1, 0, 0.001946005165636321, 10, 0.9090909090909092, 1.0, 0.9998851811992165, 6, 6, 0.09090909090909091, 0.2, 84, 41, 0, 0, 2, 122, 0.04878048780487805, 0.14634146341463414, 0
0, 0, 0, 1.0, 109, 0.9909090909090909, 1.0, 1.0, 1, 0, 0.00909090909090909, 0.0, 272, 5, 0, 0, 2, 41, 0.0, 0.0, 0
0, 1, 0, 0.002703449413864092, 11, 0.39999999999999997, 1.0, 0.9998181971983313, 4, 6, 0.03636363636363636, 0.15, 273, 43, 0, 0, 2, 96, 0.0, 0.16279069767441862, 0
1, 0, 1, 0.008249318634855406, 16, 0.2909090909090909, 0.8818181818181818, 0.9999923706054688, 2, 8, 0.01818181818181818, 0.05, 270, 5, 0, 0, 2, 72, 0.0, 0.0, 0
0, 0, 0, 1.0, 109, 0.9909090909090909, 1.0, 1.0, 1, 0, 0.00909090909090909, 0.0, 86, 5, 1, 0, 1, 99, 0.0, 0.0, 0
0, 0, 0, 1.0, 109, 0.9909090909090909, 1.0, 1.0, 1, 0, 0.00909090909090909, 0.0, 87, 5, 1, 0, 1, 69, 0.0, 0.0, 0
0, 0, 0, 1.0, 109, 0.9909090909090909, 1.0, 1.0, 1, 0, 0.00909090909090909, 0.0, 88, 45, 4, 0, 8, 148, 0.06666666666666667, 0.06666666666666667, 0
0, 0, 0, 1.0, 109, 0.9909090909090909, 1.0, 1.0, 1, 0, 0.00909090909090909, 0.0, 90, 33, 3, 0, 1, 76, 0.2727272727272727, 0.15151515151515152, 0
0, 0, 0, 1.0, 109, 0.9909090909090909, 1.0, 1.0, 1, 0, 0.00909090909090909, 0.0, 91, 77, 0, 0, 2, 71, 0.15584415584415584, 0.1038961038961039, 0
0, 1, 0, 0.008098220068965658, 14, 0.509090909090909, 1.0, 0.9999996809968836, 2, 8, 0.03636363636363636, 0.15, 92, 335, 1, 0, 12, 129, 0.13432835820895522, 0.18507462686567164, 0
0, 0, 0, 1.0, 109, 0.9909090909090909, 1.0, 1.0, 1, 0, 0.00909090909090909, 0.0, 89, 43, 2, 0, 12, 117, 0.09302325581395349, 0.06976744186046512, 0
0, 0, 0, 1.0, 109, 0.9909090909090909, 1.0, 1.0, 1, 0, 0.00909090909090909, 0.0, 93, 41, 0, 0, 2, 102, 0.12195121951219512, 0.12195121951219512, 0
0, 0, 1, 0.036054308446246165, 52, 3.3090909090909086, 0.7, 1.0, 3, 6, 0.06363636363636363, 0.05, 110, 69, 0, 0, 2, 110, 0.043478260869565216, 0.043478260869565216, 0
0, 0, 0, 1.0, 109, 0.9909090909090909, 1.0, 1.0, 1, 0, 0.00909090909090909, 0.0, 118, 5, 1, 0, 6, 65, 0.0, 0.0, 0
0, 0, 0, 1.0, 109, 0.9909090909090909, 1.0, 1.0, 1, 0, 0.00909090909090909, 0.0, 102, 17, 0, 0, 2, 64, 0.0, 0.0, 0
0, 0, 0, 1.0, 109, 0.9909090909090909, 1.0, 1.0, 1, 0, 0.00909090909090909, 0.0, 121, 5, 1, 0, 6, 58, 0.0, 0.0, 0
0, 0, 1, 1.0, 109, 0.9909090909090909, 0.9454545454545454, 1.0, 1, 0, 0.00909090909090909, 0.0, 100, 25, 3, 0, 6, 78, 0.16, 0.12, 0
0, 0, 0, 0.036054308446246165, 52, 0.9454545454545454, 1.0, 1.0, 2, 6, 0.01818181818181818, 0.0, 119, 25, 0, 0, 2, 69, 0.0, 0.0, 0
0, 1, 0, 0.0010346086638419495, 6, 0.3818181818181818, 1.0, 0.9991808759541203, 3, 6, 0.06363636363636363, 0.1, 104, 123, 0, 0, 2, 186, 0.016260162601626018, 0.08943089430894309, 0
0, 0, 0, 1.0, 109, 0.9909090909090909, 1.0, 1.0, 1, 0, 0.00909090909090909, 0.0, 122, 5, 1, 0, 6, 61, 0.0, 0.0, 0
0, 0, 0, 1.0, 109, 0.9909090909090909, 1.0, 1.0, 1, 0, 0.00909090909090909, 0.0, 115, 17, 0, 0, 2, 87, 0.0, 0.058823529411764705, 0
0, 0, 0, 1.0, 109, 0.9909090909090909, 1.0, 1.0, 1, 0, 0.00909090909090909, 0.0, 105, 5, 0, 0, 2, 32, 0.0, 0.0, 0
0, 0, 1, 0.06436047715588393, 58, 5.2727272727272725, 0.5181818181818182, 1.0, 4, 6, 0.09090909090909091, 0.3, 120, 311, 0, 0, 2, 193, 0.022508038585209004, 0.06752411575562701, 0
0, 0, 0, 1.0, 109, 0.9909090909090909, 1.0, 1.0, 1, 0, 0.00909090909090909, 0.0, 95, 5, 0, 0, 2, 44, 0.0, 0.0, 0
0, 1, 0, 0.002703449413864092, 11, 0.5, 1.0, 0.9999991847377454, 4, 6, 0.045454545454545456, 0.15, 255, 19, 0, 0, 2, 94, 0.0, 0.05263157894736842, 0
0, 0, 0, 1.0, 109, 0.9909090909090909, 1.0, 1.0, 1, 0, 0.00909090909090909, 0.0, 113, 15, 2, 0, 1, 72, 0.0, 0.0, 0
0, 0, 0, 1.0, 109, 0.9909090909090909, 1.0, 1.0, 1, 0, 0.00909090909090909, 0.0, 251, 7, 0, 0, 2, 94, 0.0, 0.0, 0
0, 0, 0, 1.0, 109, 0.9909090909090909, 1.0, 1.0, 1, 0, 0.00909090909090909, 0.0, 250, 7, 0, 0, 2, 96, 0.0, 0.0, 0
0, 0, 0, 1.0, 109, 0.9909090909090909, 1.0, 1.0, 1, 0, 0.00909090909090909, 0.0, 256, 7, 0, 0, 2, 94, 0.0, 0.0, 0
0, 0, 0, 1.0, 109, 0.9909090909090909, 1.0, 1.0, 1, 0, 0.00909090909090909, 0.0, 96, 7, 0, 0, 2, 116, 0.0, 0.14285714285714285, 0
0, 0, 0, 0.016051762369314482, 33, 0.8999999999999999, 1.0, 0.9999999999865063, 2, 6, 0.02727272727272727, 0.0, 108, 15, 0, 0, 2, 60, 0.0, 0.06666666666666667, 0
0, 0, 0, 0.036054308446246165, 52, 1.4181818181818182, 1.0, 1.0, 2, 6, 0.02727272727272727, 0.0, 117, 67, 0, 0, 2, 286, 0.0, 0.07462686567164178, 0
0, 1, 1, 0.002703449413864092, 11, 0.39999999999999997, 0.9, 0.9999851545093958, 4, 6, 0.03636363636363636, 0.15, 103, 13, 0, 0, 2, 90, 0.0, 0.07692307692307693, 0
0, 0, 0, 1.0, 109, 0.9909090909090909, 1.0, 1.0, 1, 0, 0.00909090909090909, 0.0, 252, 7, 0, 0, 2, 93, 0.0, 0.0, 0
0, 0, 0, 1.0, 109, 0.9909090909090909, 1.0, 1.0, 1, 0, 0.00909090909090909, 0.0, 99, 5, 0, 0, 2, 47, 0.0, 0.0, 0
0, 0, 0, 0.036054308446246165, 52, 0.9454545454545454, 1.0, 1.0, 2, 6, 0.01818181818181818, 0.0, 97, 9, 0, 0, 2, 36, 0.0, 0.0, 0
0, 0, 0, 1.0, 109, 0.9909090909090909, 1.0, 1.0, 1, 0, 0.00909090909090909, 0.0, 253, 7, 0, 0, 2, 94, 0.0, 0.0, 0
0, 0, 0, 1.0, 109, 0.9909090909090909, 1.0, 1.0, 1, 0, 0.00909090909090909, 0.0, 106, 7, 0, 0, 2, 44, 0.0, 0.0, 0
0, 0, 0, 1.0, 109, 0.9909090909090909, 1.0, 1.0, 1, 0, 0.00909090909090909, 0.0, 107, 13, 0, 0, 2, 78, 0.15384615384615385, 0.07692307692307693, 0
0, 0, 0, 1.0, 109, 0.9909090909090909, 1.0, 1.0, 1, 0, 0.00909090909090909, 0.0, 254, 7, 0, 0, 2, 104, 0.0, 0.0, 0
0, 0, 0, 0.036054308446246165, 52, 1.4181818181818182, 1.0, 1.0, 2, 6, 0.02727272727272727, 0.0, 114, 37, 0, 0, 2, 114, 0.02702702702702703, 0.1891891891891892, 0
0, 0, 0, 0.0159712925734268, 32, 1.4545454545454546, 1.0, 0.9999999999780732, 3, 6, 0.045454545454545456, 0.0, 94, 71, 0, 0, 2, 117, 0.0, 0.028169014084507043, 0
0, 0, 0, 1.0, 109, 0.9909090909090909, 1.0, 1.0, 1, 0, 0.00909090909090909, 0.0, 98, 9, 1, 0, 13, 120, 0.0, 0.1111111111111111, 0
0, 0, 1, 0.036054308446246165, 52, 1.4181818181818182, 0.9363636363636364, 1.0, 2, 6, 0.02727272727272727, 0.0, 101, 69, 0, 0, 2, 160, 0.028985507246376812, 0.17391304347826086, 0
0, 0, 0, 1.0, 109, 0.9909090909090909, 1.0, 1.0, 1, 0, 0.00909090909090909, 0.0, 109, 5, 1, 0, 3, 40, 0.0, 0.0, 0
0, 0, 0, 1.0, 109, 0.9909090909090909, 1.0, 1.0, 1, 0, 0.00909090909090909, 0.0, 112, 5, 0, 0, 2, 45, 0.2, 0.0, 0
0, 0, 0, 1.0, 109, 0.9909090909090909, 1.0, 1.0, 1, 0, 0.00909090909090909, 0.0, 111, 5, 0, 0, 2, 58, 0.0, 0.0, 0
0, 0, 0, 0.036054308446246165, 52, 0.9454545454545454, 1.0, 1.0, 2, 6, 0.01818181818181818, 0.0, 116, 15, 1, 0, 6, 86, 0.0, 0.26666666666666666, 0
0, 1, 0, 0.0, 0, 0.0, 12.963636363636363, 0.9993528240788592, 17, 0, 1.6, 0.1, 219, 5, 1, 0, 1, 34, 0.0, 0.0, 0
0, 0, 0, 1.0, 109, 0.9909090909090909, 1.0, 1.0, 1, 0, 0.00909090909090909, 0.0, 126, 47, 0, 0, 2, 110, 0.0, 0.10638297872340426, 0
0, 0, 0, 1.0, 109, 0.9909090909090909, 1.0, 1.0, 1, 0, 0.00909090909090909, 0.0, 127, 11, 0, 0, 2, 61, 0.0, 0.0, 0
0, 0, 0, 0.0643042846882471, 56, 2.036363636363636, 1.0, 1.0, 2, 6, 0.03636363636363636, 0.0, 125, 45, 0, 0, 2, 132, 0.0, 0.044444444444444446, 0
0, 0, 0, 1.0, 109, 0.9909090909090909, 1.0, 1.0, 1, 0, 0.00909090909090909, 0.0, 123, 11, 0, 0, 2, 80, 0.0, 0.09090909090909091, 0
0, 0, 0, 1.0, 109, 0.9909090909090909, 1.0, 1.0, 1, 0, 0.00909090909090909, 0.0, 124, 87, 0, 0, 2, 99, 0.011494252873563218, 0.06896551724137931, 0
0, 0, 0, 1.0, 109, 0.9909090909090909, 1.0, 1.0, 1, 0, 0.00909090909090909, 0.0, 128, 13, 2, 0, 6, 85, 0.0, 0.15384615384615385, 1
0, 0, 0, 1.0, 109, 0.9909090909090909, 1.0, 1.0, 1, 0, 0.00909090909090909, 0.0, 129, 35, 1, 0, 7, 75, 0.05714285714285714, 0.17142857142857143, 1
0, 0, 0, 1.0, 109, 0.9909090909090909, 1.0, 1.0, 1, 0, 0.00909090909090909, 0.0, 132, 35, 1, 0, 6, 67, 0.08571428571428572, 0.11428571428571428, 1
0, 0, 0, 1.0, 109, 0.9909090909090909, 1.0, 1.0, 1, 0, 0.00909090909090909, 0.0, 130, 43, 1, 0, 6, 84, 0.0, 0.09302325581395349, 1
0, 0, 0, 1.0, 109, 0.9909090909090909, 1.0, 1.0, 1, 0, 0.00909090909090909, 0.0, 131, 45, 8, 0, 6, 96, 0.0, 0.06666666666666667, 1
0, 0, 0, 1.0, 109, 0.9909090909090909, 1.0, 1.0, 1, 0, 0.00909090909090909, 0.0, 133, 17, 2, 0, 6, 110, 0.0, 0.058823529411764705, 1
0, 0, 0, 1.0, 109, 0.9909090909090909, 1.0, 1.0, 1, 0, 0.00909090909090909, 0.0, 222, 5, 1, 0, 26, 56, 0.0, 0.0, 1
0, 0, 0, 1.0, 109, 0.9909090909090909, 1.0, 1.0, 1, 0, 0.00909090909090909, 0.0, 134, 5, 1, 0, 6, 38, 0.0, 0.0, 1
0, 0, 0, 1.0, 109, 0.9909090909090909, 1.0, 1.0, 1, 0, 0.00909090909090909, 0.0, 121, 5, 1, 0, 6, 42, 0.0, 0.0, 1
0, 0, 0, 1.0, 109, 0.9909090909090909, 1.0, 1.0, 1, 0, 0.00909090909090909, 0.0, 118, 5, 1, 0, 6, 49, 0.0, 0.0, 1
0, 0, 1, 1.0, 109, 0.9909090909090909, 0.5181818181818182, 1.0, 1, 0, 0.00909090909090909, 0.0, 137, 31, 1, 0, 6, 86, 0.0, 0.1935483870967742, 1
0, 0, 1, 1.0, 109, 0.9909090909090909, 0.5181818181818182, 1.0, 1, 0, 0.00909090909090909, 0.0, 135, 33, 1, 0, 6, 75, 0.0, 0.18181818181818182, 1
0, 0, 0, 1.0, 109, 0.9909090909090909, 1.0, 1.0, 1, 0, 0.00909090909090909, 0.0, 276, 33, 1, 0, 34, 79, 0.030303030303030304, 0.18181818181818182, 1
0, 0, 1, 0.06336189629896223, 54, 3.9272727272727272, 0.5181818181818182, 1.0, 5, 6, 0.07272727272727272, 0.15, 136, 459, 1, 0, 12, 188, 0.002178649237472767, 0.026143790849673203, 1
0, 0, 0, 1.0, 109, 0.9909090909090909, 1.0, 1.0, 1, 0, 0.00909090909090909, 0.0, 122, 5, 1, 0, 6, 45, 0.0, 0.0, 1
0, 0, 0, 1.0, 109, 0.9909090909090909, 1.0, 1.0, 1, 0, 0.00909090909090909, 0.0, 138, 61, 2, 0, 6, 132, 0.03278688524590164, 0.16393442622950818, 1
0, 0, 0, 1.0, 109, 0.9909090909090909, 1.0, 1.0, 1, 0, 0.00909090909090909, 0.0, 239, 47, 1, 0, 27, 116, 0.0, 0.14893617021276595, 1
0, 0, 0, 1.0, 109, 0.9909090909090909, 1.0, 1.0, 1, 0, 0.00909090909090909, 0.0, 246, 29, 1, 0, 6, 93, 0.0, 0.13793103448275862, 1
0, 0, 0, 1.0, 109, 0.9909090909090909, 1.0, 1.0, 1, 0, 0.00909090909090909, 0.0, 243, 73, 1, 0, 27, 118, 0.0, 0.136986301369863, 1
0, 0, 0, 1.0, 109, 0.9909090909090909, 1.0, 1.0, 1, 0, 0.00909090909090909, 0.0, 241, 63, 1, 0, 27, 77, 0.12698412698412698, 0.06349206349206349, 1
0, 0, 0, 1.0, 109, 0.9909090909090909, 1.0, 1.0, 1, 0, 0.00909090909090909, 0.0, 242, 27, 1, 0, 27, 97, 0.0, 0.14814814814814814, 1
0, 0, 0, 1.0, 109, 0.9909090909090909, 1.0, 1.0, 1, 0, 0.00909090909090909, 0.0, 247, 31, 1, 0, 27, 118, 0.0, 0.12903225806451613, 1
0, 0, 0, 1.0, 109, 0.9909090909090909, 1.0, 1.0, 1, 0, 0.00909090909090909, 0.0, 132, 31, 1, 0, 6, 66, 0.0967741935483871, 0.12903225806451613, 1
0, 0, 0, 1.0, 109, 0.9909090909090909, 1.0, 1.0, 1, 0, 0.00909090909090909, 0.0, 238, 35, 1, 0, 6, 119, 0.0, 0.17142857142857143, 1
0, 0, 0, 1.0, 109, 0.9909090909090909, 1.0, 1.0, 1, 0, 0.00909090909090909, 0.0, 244, 79, 1, 0, 6, 113, 0.08860759493670886, 0.10126582278481013, 1
0, 0, 0, 1.0, 109, 0.9909090909090909, 1.0, 1.0, 1, 0, 0.00909090909090909, 0.0, 245, 31, 1, 0, 27, 108, 0.0, 0.12903225806451613, 1
0, 0, 0, 1.0, 109, 0.9909090909090909, 1.0, 1.0, 1, 0, 0.00909090909090909, 0.0, 240, 43, 1, 0, 6, 107, 0.0, 0.09302325581395349, 1
0, 0, 0, 1.0, 109, 0.9909090909090909, 1.0, 1.0, 1, 0, 0.00909090909090909, 0.0, 139, 151, 5, 0, 6, 112, 0.026490066225165563, 0.11920529801324503, 1
0, 1, 0, 0.008249318634855406, 16, 0.7272727272727273, 1.0, 0.9999978488636704, 4, 8, 0.045454545454545456, 0.1, 140, 59, 1, 0, 6, 142, 0.0, 0.1016949152542373, 1
0, 1, 0, 0.008098220068965658, 14, 0.509090909090909, 1.0, 0.9999954258868152, 2, 8, 0.03636363636363636, 0.15, 141, 149, 1, 0, 6, 142, 0.06040268456375839, 0.11409395973154363, 1
0, 1, 0, 0.008249318634855406, 16, 1.309090909090909, 1.0, 0.99999919193182, 6, 8, 0.08181818181818182, 0.1, 142, 37, 1, 0, 6, 103, 0.05405405405405406, 0.16216216216216217, 1
0, 0, 0, 1.0, 109, 0.9909090909090909, 1.0, 1.0, 1, 0, 0.00909090909090909, 0.0, 144, 53, 5, 0, 14, 79, 0.07547169811320754, 0.018867924528301886, 1
0, 0, 0, 1.0, 109, 0.9909090909090909, 1.0, 1.0, 1, 0, 0.00909090909090909, 0.0, 145, 61, 1, 0, 6, 111, 0.01639344262295082, 0.13114754098360656, 1
0, 0, 0, 1.0, 109, 0.9909090909090909, 1.0, 1.0, 1, 0, 0.00909090909090909, 0.0, 143, 125, 1, 0, 6, 104, 0.096, 0.072, 1
0, 0, 0, 1.0, 109, 0.9909090909090909, 1.0, 1.0, 1, 0, 0.00909090909090909, 0.0, 146, 5, 1, 0, 6, 48, 0.0, 0.0, 1
0, 0, 0, 1.0, 109, 0.9909090909090909, 1.0, 1.0, 1, 0, 0.00909090909090909, 0.0, 147, 47, 1, 0, 6, 97, 0.02127659574468085, 0.06382978723404255, 1
0, 0, 0, 0.3142383508639634, 85, 3.8636363636363638, 1.0, 1.0, 4, 6, 0.045454545454545456, 0.0, 248, 49, 1, 0, 6, 61, 0.02040816326530612, 0.12244897959183673, 1
0, 0, 0, 1.0, 109, 0.9909090909090909, 1.0, 1.0, 1, 0, 0.00909090909090909, 0.0, 150, 45, 1, 0, 6, 118, 0.0, 0.1111111111111111, 1
0, 0, 0, 1.0, 109, 0.9909090909090909, 1.0, 1.0, 1, 0, 0.00909090909090909, 0.0, 148, 21, 3, 0, 1, 78, 0.0, 0.0, 1
0, 0, 0, 1.0, 109, 0.9909090909090909, 1.0, 1.0, 1, 0, 0.00909090909090909, 0.0, 149, 39, 1, 0, 6, 118, 0.0, 0.1282051282051282, 1
0, 0, 0, 1.0, 109, 0.9909090909090909, 1.0, 1.0, 1, 0, 0.00909090909090909, 0.0, 235, 67, 2, 0, 6, 120, 0.014925373134328358, 0.1044776119402985, 1
0, 0, 0, 1.0, 109, 0.9909090909090909, 1.0, 1.0, 1, 0, 0.00909090909090909, 0.0, 151, 71, 1, 0, 6, 136, 0.014084507042253521, 0.16901408450704225, 1
0, 0, 0, 1.0, 109, 0.9909090909090909, 1.0, 1.0, 1, 0, 0.00909090909090909, 0.0, 152, 15, 2, 0, 1, 87, 0.0, 0.0, 1
0, 0, 0, 1.0, 109, 0.9909090909090909, 1.0, 1.0, 1, 0, 0.00909090909090909, 0.0, 153, 29, 1, 0, 6, 95, 0.0, 0.2413793103448276, 1
0, 0, 0, 1.0, 109, 0.9909090909090909, 1.0, 1.0, 1, 0, 0.00909090909090909, 0.0, 252, 1, 0, 0, 2, 43, 0.0, 0.0, 7
0, 0, 0, 1.0, 109, 0.9909090909090909, 1.0, 1.0, 1, 0, 0.00909090909090909, 0.0, 253, 1, 0, 0, 2, 44, 0.0, 0.0, 7
0, 0, 0, 1.0, 109, 0.9909090909090909, 1.0, 1.0, 1, 0, 0.00909090909090909, 0.0, 254, 1, 0, 0, 2, 71, 0.0, 0.0, 7
0, 0, 0, 1.0, 109, 0.9909090909090909, 1.0, 1.0, 1, 0, 0.00909090909090909, 0.0, 250, 1, 0, 0, 2, 46, 0.0, 0.0, 7
0, 0, 0, 1.0, 109, 0.9909090909090909, 1.0, 1.0, 1, 0, 0.00909090909090909, 0.0, 256, 1, 0, 0, 2, 44, 0.0, 0.0, 7
0, 0, 0, 1.0, 109, 0.9909090909090909, 1.0, 1.0, 1, 0, 0.00909090909090909, 0.0, 255, 1, 0, 0, 2, 71, 0.0, 0.0, 7
0, 0, 0, 1.0, 109, 0.9909090909090909, 1.0, 1.0, 1, 0, 0.00909090909090909, 0.0, 251, 1, 0, 0, 2, 44, 0.0, 0.0, 7
0, 0, 0, 1.0, 109, 0.9909090909090909, 1.0, 1.0, 1, 0, 0.00909090909090909, 0.0, 254, 5, 0, 0, 2, 70, 0.0, 0.0, 7
0, 0, 0, 1.0, 109, 0.9909090909090909, 1.0, 1.0, 1, 0, 0.00909090909090909, 0.0, 252, 5, 0, 0, 2, 45, 0.0, 0.0, 7
0, 0, 0, 1.0, 109, 0.9909090909090909, 1.0, 1.0, 1, 0, 0.00909090909090909, 0.0, 250, 5, 0, 0, 2, 48, 0.0, 0.0, 7
0, 0, 0, 1.0, 109, 0.9909090909090909, 1.0, 1.0, 1, 0, 0.00909090909090909, 0.0, 256, 5, 0, 0, 2, 46, 0.0, 0.0, 7
0, 0, 0, 1.0, 109, 0.9909090909090909, 1.0, 1.0, 1, 0, 0.00909090909090909, 0.0, 253, 5, 0, 0, 2, 46, 0.0, 0.0, 7
0, 0, 0, 1.0, 109, 0.9909090909090909, 1.0, 1.0, 1, 0, 0.00909090909090909, 0.0, 255, 5, 0, 0, 2, 70, 0.0, 0.0, 7
0, 0, 0, 1.0, 109, 0.9909090909090909, 1.0, 1.0, 1, 0, 0.00909090909090909, 0.0, 251, 5, 0, 0, 2, 46, 0.0, 0.0, 7
0, 0, 0, 1.0, 109, 0.9909090909090909, 1.0, 1.0, 1, 0, 0.00909090909090909, 0.0, 262, 13, 0, 0, 2, 109, 0.0, 0.0, 7
0, 0, 0, 1.0, 109, 0.9909090909090909, 1.0, 1.0, 1, 0, 0.00909090909090909, 0.0, 259, 5, 0, 0, 2, 92, 0.0, 0.0, 7
0, 0, 0, 1.0, 109, 0.9909090909090909, 1.0, 1.0, 1, 0, 0.00909090909090909, 0.0, 257, 13, 0, 0, 2, 111, 0.0, 0.0, 7
0, 0, 0, 1.0, 109, 0.9909090909090909, 1.0, 1.0, 1, 0, 0.00909090909090909, 0.0, 258, 5, 0, 0, 2, 118, 0.0, 0.0, 7
0, 0, 0, 1.0, 109, 0.9909090909090909, 1.0, 1.0, 1, 0, 0.00909090909090909, 0.0, 261, 5, 0, 0, 2, 90, 0.0, 0.0, 7
0, 0, 0, 1.0, 109, 0.9909090909090909, 1.0, 1.0, 1, 0, 0.00909090909090909, 0.0, 260, 5, 0, 0, 2, 116, 0.0, 0.0, 7
0, 0, 0, 1.0, 109, 0.9909090909090909, 1.0, 1.0, 1, 0, 0.00909090909090909, 0.0, 250, 15, 0, 0, 2, 92, 0.0, 0.13333333333333333, 7
0, 0, 0, 1.0, 109, 0.9909090909090909, 1.0, 1.0, 1, 0, 0.00909090909090909, 0.0, 263, 9, 0, 0, 2, 86, 0.0, 0.0, 7
0, 0, 0, 1.0, 109, 0.9909090909090909, 1.0, 1.0, 1, 0, 0.00909090909090909, 0.0, 252, 15, 0, 0, 2, 89, 0.0, 0.13333333333333333, 7
0, 0, 0, 1.0, 109, 0.9909090909090909, 1.0, 1.0, 1, 0, 0.00909090909090909, 0.0, 256, 15, 0, 0, 2, 90, 0.0, 0.13333333333333333, 7
0, 0, 0, 1.0, 109, 0.9909090909090909, 1.0, 1.0, 1, 0, 0.00909090909090909, 0.0, 254, 15, 0, 0, 2, 110, 0.0, 0.13333333333333333, 7
0, 0, 0, 1.0, 109, 0.9909090909090909, 1.0, 1.0, 1, 0, 0.00909090909090909, 0.0, 255, 15, 0, 0, 2, 110, 0.0, 0.13333333333333333, 7
0, 0, 0, 1.0, 109, 0.9909090909090909, 1.0, 1.0, 1, 0, 0.00909090909090909, 0.0, 264, 17, 1, 0, 30, 66, 0.058823529411764705, 0.11764705882352941, 7
0, 0, 0, 1.0, 109, 0.9909090909090909, 1.0, 1.0, 1, 0, 0.00909090909090909, 0.0, 266, 9, 0, 0, 2, 84, 0.0, 0.0, 7
0, 0, 0, 1.0, 109, 0.9909090909090909, 1.0, 1.0, 1, 0, 0.00909090909090909, 0.0, 265, 5, 1, 0, 31, 31, 0.0, 0.0, 7
0, 0, 0, 1.0, 109, 0.9909090909090909, 1.0, 1.0, 1, 0, 0.00909090909090909, 0.0, 251, 15, 0, 0, 2, 90, 0.0, 0.13333333333333333, 7
0, 0, 0, 1.0, 109, 0.9909090909090909, 1.0, 1.0, 1, 0, 0.00909090909090909, 0.0, 253, 15, 0, 0, 2, 90, 0.0, 0.13333333333333333, 7
0, 0, 0, 1.0, 109, 0.9909090909090909, 1.0, 1.0, 1, 0, 0.00909090909090909, 0.0, 156, 5, 1, 0, 6, 44, 0.0, 0.0, 2
0, 0, 0, 1.0, 109, 0.9909090909090909, 1.0, 1.0, 1, 0, 0.00909090909090909, 0.0, 160, 5, 1, 0, 7, 34, 0.0, 0.0, 2
0, 0, 0, 1.0, 109, 0.9909090909090909, 1.0, 1.0, 1, 0, 0.00909090909090909, 0.0, 162, 5, 1, 0, 7, 32, 0.0, 0.0, 2
0, 0, 0, 1.0, 109, 0.9909090909090909, 1.0, 1.0, 1, 0, 0.00909090909090909, 0.0, 158, 5, 1, 0, 7, 32, 0.0, 0.0, 2
0, 0, 0, 1.0, 109, 0.9909090909090909, 1.0, 1.0, 1, 0, 0.00909090909090909, 0.0, 159, 5, 1, 0, 7, 46, 0.0, 0.0, 2
0, 0, 0, 1.0, 109, 0.9909090909090909, 1.0, 1.0, 1, 0, 0.00909090909090909, 0.0, 161, 5, 1, 0, 7, 32, 0.0, 0.0, 2
0, 0, 0, 1.0, 109, 0.9909090909090909, 1.0, 1.0, 1, 0, 0.00909090909090909, 0.0, 163, 5, 1, 0, 7, 32, 0.0, 0.0, 2
0, 0, 0, 1.0, 109, 0.9909090909090909, 1.0, 1.0, 1, 0, 0.00909090909090909, 0.0, 155, 5, 1, 0, 7, 46, 0.0, 0.0, 2
0, 0, 0, 1.0, 109, 0.9909090909090909, 1.0, 1.0, 1, 0, 0.00909090909090909, 0.0, 157, 5, 1, 0, 7, 32, 0.0, 0.0, 2
0, 0, 0, 1.0, 109, 0.9909090909090909, 1.0, 1.0, 1, 0, 0.00909090909090909, 0.0, 154, 5, 1, 0, 7, 46, 0.0, 0.0, 2
0, 0, 0, 1.0, 109, 0.9909090909090909, 1.0, 1.0, 1, 0, 0.00909090909090909, 0.0, 164, 5, 1, 0, 7, 46, 0.0, 0.0, 2
0, 0, 0, 1.0, 109, 0.9909090909090909, 1.0, 1.0, 1, 0, 0.00909090909090909, 0.0, 165, 5, 1, 0, 7, 46, 0.0, 0.0, 2
0, 0, 0, 1.0, 109, 0.9909090909090909, 1.0, 1.0, 1, 0, 0.00909090909090909, 0.0, 167, 27, 1, 0, 6, 71, 0.037037037037037035, 0.14814814814814814, 3
0, 0, 1, 0.3000495429556898, 77, 5.6, 0.4727272727272727, 1.0, 5, 6, 0.07272727272727272, 0.0, 166, 23, 0, 0, 2, 87, 0.0, 0.13043478260869565, 3
0, 0, 1, 0.3000495429556898, 77, 1.4, 0.4727272727272727, 1.0, 2, 6, 0.01818181818181818, 0.0, 166, 47, 0, 0, 2, 110, 0.02127659574468085, 0.0851063829787234, 3
0, 0, 1, 1.0, 109, 0.9909090909090909, 0.509090909090909, 1.0, 1, 0, 0.00909090909090909, 0.0, 168, 49, 1, 0, 15, 91, 0.04081632653061224, 0.08163265306122448, 3
0, 1, 0, 0.0, 0, 0.0, 3.0, 0.6248453064796056, 17, 0, 2.0090909090909093, 0.65, 231, 1, 0, 0, 6, 24, 0.0, 0.0, 3
0, 0, 1, 0.3000495429556898, 77, 2.8, 0.4727272727272727, 1.0, 3, 6, 0.03636363636363636, 0.0, 166, 107, 0, 0, 2, 151, 0.0, 0.102803738317757, 3
0, 0, 0, 1.0, 109, 0.9909090909090909, 1.0, 1.0, 1, 0, 0.00909090909090909, 0.0, 168, 33, 1, 0, 15, 91, 0.030303030303030304, 0.09090909090909091, 3
0, 0, 0, 0.3142383508639634, 85, 1.5454545454545454, 0.990909090909091, 1.0, 2, 6, 0.01818181818181818, 0.0, 281, 7, 0, 0, 2, 53, 0.0, 0.2857142857142857, 3
0, 0, 0, 1.0, 109, 0.9909090909090909, 1.0, 1.0, 1, 0, 0.00909090909090909, 0.0, 173, 7, 0, 0, 2, 51, 0.0, 0.0, 4
0, 0, 0, 1.0, 109, 0.9909090909090909, 1.0, 1.0, 1, 0, 0.00909090909090909, 0.0, 171, 11, 1, 0, 1, 34, 0.0, 0.0, 4
0, 0, 0, 1.0, 109, 0.9909090909090909, 1.0, 1.0, 1, 0, 0.00909090909090909, 0.0, 175, 5, 0, 0, 2, 25, 0.0, 0.0, 4
0, 0, 0, 1.0, 109, 0.9909090909090909, 1.0, 1.0, 1, 0, 0.00909090909090909, 0.0, 170, 13, 1, 0, 6, 58, 0.0, 0.07692307692307693, 4
0, 0, 0, 1.0, 109, 0.9909090909090909, 1.0, 1.0, 1, 0, 0.00909090909090909, 0.0, 174, 11, 0, 0, 2, 37, 0.0, 0.0, 4
0, 0, 0, 1.0, 109, 0.9909090909090909, 1.0, 1.0, 1, 0, 0.00909090909090909, 0.0, 176, 17, 1, 0, 1, 67, 0.11764705882352941, 0.11764705882352941, 4
0, 0, 0, 1.0, 109, 0.9909090909090909, 1.0, 1.0, 1, 0, 0.00909090909090909, 0.0, 172, 15, 1, 0, 1, 64, 0.13333333333333333, 0.13333333333333333, 4
0, 0, 0, 1.0, 109, 0.9909090909090909, 1.0, 1.0, 1, 0, 0.00909090909090909, 0.0, 181, 41, 1, 0, 16, 138, 0.07317073170731707, 0.1951219512195122, 4
0, 0, 0, 1.0, 109, 0.9909090909090909, 1.0, 1.0, 1, 0, 0.00909090909090909, 0.0, 178, 5, 1, 0, 16, 66, 0.0, 0.0, 4
0, 0, 0, 1.0, 109, 0.9909090909090909, 1.0, 1.0, 1, 0, 0.00909090909090909, 0.0, 177, 5, 1, 0, 1, 64, 0.2, 0.0, 4
0, 0, 0, 1.0, 109, 0.9909090909090909, 1.0, 1.0, 1, 0, 0.00909090909090909, 0.0, 180, 17, 1, 0, 17, 86, 0.0, 0.058823529411764705, 4
0, 0, 0, 1.0, 109, 0.9909090909090909, 1.0, 1.0, 1, 0, 0.00909090909090909, 0.0, 182, 5, 1, 0, 16, 98, 0.0, 0.0, 4
0, 0, 0, 1.0, 109, 0.9909090909090909, 1.0, 1.0, 1, 0, 0.00909090909090909, 0.0, 179, 11, 1, 0, 17, 54, 0.0, 0.09090909090909091, 4
0, 0, 0, 1.0, 109, 0.9909090909090909, 1.0, 1.0, 1, 0, 0.00909090909090909, 0.0, 183, 45, 2, 1, 1, 128, 0.022222222222222223, 0.06666666666666667, 4
0, 0, 1, 0.3000495429556898, 77, 2.8, 0.4727272727272727, 1.0, 3, 6, 0.03636363636363636, 0.0, 234, 111, 1, 0, 2, 128, 0.09009009009009009, 0.11711711711711711, 4
0, 0, 0, 1.0, 109, 0.9909090909090909, 1.0, 1.0, 1, 0, 0.00909090909090909, 0.0, 189, 5, 0, 0, 2, 52, 0.0, 0.2, 4
0, 0, 0, 1.0, 109, 0.9909090909090909, 1.0, 1.0, 1, 0, 0.00909090909090909, 0.0, 187, 5, 0, 0, 2, 30, 0.0, 0.2, 4
0, 0, 0, 1.0, 109, 0.9909090909090909, 1.0, 1.0, 1, 0, 0.00909090909090909, 0.0, 186, 13, 2, 0, 18, 69, 0.0, 0.15384615384615385, 4
0, 0, 0, 1.0, 109, 0.9909090909090909, 1.0, 1.0, 1, 0, 0.00909090909090909, 0.0, 232, 31, 1, 0, 6, 89, 0.0967741935483871, 0.16129032258064516, 4
0, 0, 0, 1.0, 109, 0.9909090909090909, 1.0, 1.0, 1, 0, 0.00909090909090909, 0.0, 275, 5, 0, 0, 2, 46, 0.0, 0.2, 4
0, 0, 1, 0.3000495429556898, 77, 7.7, 0.4727272727272727, 1.0, 5, 6, 0.1, 0.0, 191, 73, 1, 0, 19, 115, 0.136986301369863, 0.0958904109589041, 4
0, 0, 0, 1.0, 109, 0.9909090909090909, 1.0, 1.0, 1, 0, 0.00909090909090909, 0.0, 190, 5, 0, 0, 2, 44, 0.0, 0.2, 4
0, 0, 0, 1.0, 109, 0.9909090909090909, 1.0, 1.0, 1, 0, 0.00909090909090909, 0.0, 184, 5, 0, 0, 2, 36, 0.0, 0.2, 4
0, 0, 0, 0.0643042846882471, 56, 2.036363636363636, 1.0, 1.0, 2, 6, 0.03636363636363636, 0.0, 233, 71, 1, 0, 29, 146, 0.11267605633802817, 0.1267605633802817, 4
0, 0, 0, 1.0, 109, 0.9909090909090909, 1.0, 1.0, 1, 0, 0.00909090909090909, 0.0, 188, 5, 0, 0, 2, 42, 0.0, 0.2, 4
0, 0, 0, 1.0, 109, 0.9909090909090909, 1.0, 1.0, 1, 0, 0.00909090909090909, 0.0, 197, 35, 3, 0, 6, 108, 0.0, 0.05714285714285714, 4
0, 0, 0, 1.0, 109, 0.9909090909090909, 1.0, 1.0, 1, 0, 0.00909090909090909, 0.0, 195, 19, 1, 0, 6, 76, 0.0, 0.10526315789473684, 4
0, 0, 0, 1.0, 109, 0.9909090909090909, 1.0, 1.0, 1, 0, 0.00909090909090909, 0.0, 196, 17, 0, 0, 2, 73, 0.0, 0.11764705882352941, 4
0, 1, 0, 0.008104661849236196, 15, 0.40909090909090906, 1.0, 0.9999977026730222, 2, 8, 0.02727272727272727, 0.1, 267, 39, 0, 0, 2, 94, 0.10256410256410256, 0.20512820512820512, 4
0, 1, 0, 0.008104661849236196, 15, 0.5454545454545454, 1.0, 0.9999985289379616, 3, 8, 0.03636363636363636, 0.1, 226, 71, 0, 0, 2, 107, 0.07042253521126761, 0.15492957746478872, 4
0, 1, 0, 0.008098220068965658, 14, 0.509090909090909, 1.0, 0.9999856669715548, 2, 8, 0.03636363636363636, 0.15, 223, 63, 1, 0, 26, 106, 0.015873015873015872, 0.12698412698412698, 4
0, 1, 0, 0.008104661849236196, 15, 0.5454545454545454, 1.0, 0.9999958519796723, 3, 8, 0.03636363636363636, 0.1, 224, 33, 4, 0, 27, 124, 0.3333333333333333, 0.06060606060606061, 4
0, 0, 0, 1.0, 109, 0.9909090909090909, 1.0, 1.0, 1, 0, 0.00909090909090909, 0.0, 199, 5, 1, 0, 21, 41, 0.6, 0.0, 4
0, 0, 0, 1.0, 109, 0.9909090909090909, 1.0, 1.0, 1, 0, 0.00909090909090909, 0.0, 200, 5, 0, 0, 2, 64, 0.4, 0.0, 4
0, 0, 0, 1.0, 109, 0.9909090909090909, 1.0, 1.0, 1, 0, 0.00909090909090909, 0.0, 198, 5, 0, 0, 2, 64, 0.4, 0.0, 4
0, 0, 0, 1.0, 109, 0.9909090909090909, 1.0, 1.0, 1, 0, 0.00909090909090909, 0.0, 201, 27, 3, 0, 1, 129, 0.0, 0.037037037037037035, 4
0, 0, 0, 1.0, 109, 0.9909090909090909, 1.0, 1.0, 1, 0, 0.00909090909090909, 0.0, 202, 33, 4, 0, 22, 129, 0.030303030303030304, 0.030303030303030304, 4
0, 0, 0, 1.0, 109, 0.9909090909090909, 1.0, 1.0, 1, 0, 0.00909090909090909, 0.0, 203, 13, 1, 0, 23, 64, 0.0, 0.3076923076923077, 4
0, 0, 0, 1.0, 109, 0.9909090909090909, 1.0, 1.0, 1, 0, 0.00909090909090909, 0.0, 207, 17, 2, 0, 6, 112, 0.0, 0.058823529411764705, 4
0, 0, 0, 1.0, 109, 0.9909090909090909, 1.0, 1.0, 1, 0, 0.00909090909090909, 0.0, 204, 13, 1, 0, 23, 58, 0.0, 0.3076923076923077, 4
0, 0, 0, 1.0, 109, 0.9909090909090909, 1.0, 1.0, 1, 0, 0.00909090909090909, 0.0, 205, 43, 2, 0, 6, 66, 0.046511627906976744, 0.06976744186046512, 4
0, 0, 0, 1.0, 109, 0.9909090909090909, 1.0, 1.0, 1, 0, 0.00909090909090909, 0.0, 249, 43, 1, 0, 6, 118, 0.0, 0.16279069767441862, 4
0, 0, 0, 1.0, 109, 0.9909090909090909, 1.0, 1.0, 1, 0, 0.00909090909090909, 0.0, 206, 17, 2, 0, 6, 104, 0.0, 0.11764705882352941, 4
0, 0, 0, 1.0, 109, 0.9909090909090909, 1.0, 1.0, 1, 0, 0.00909090909090909, 0.0, 209, 13, 0, 0, 2, 74, 0.0, 0.0, 4
0, 0, 0, 1.0, 109, 0.9909090909090909, 1.0, 1.0, 1, 0, 0.00909090909090909, 0.0, 157, 11, 1, 0, 7, 44, 0.09090909090909091, 0.09090909090909091, 5
0, 0, 0, 1.0, 109, 0.9909090909090909, 1.0, 1.0, 1, 0, 0.00909090909090909, 0.0, 160, 5, 1, 0, 7, 34, 0.0, 0.0, 5
0, 0, 0, 1.0, 109, 0.9909090909090909, 1.0, 1.0, 1, 0, 0.00909090909090909, 0.0, 165, 13, 1, 0, 7, 46, 0.07692307692307693, 0.07692307692307693, 5
0, 0, 0, 1.0, 109, 0.9909090909090909, 1.0, 1.0, 1, 0, 0.00909090909090909, 0.0, 161, 11, 1, 0, 7, 44, 0.09090909090909091, 0.09090909090909091, 5
0, 0, 0, 1.0, 109, 0.9909090909090909, 1.0, 1.0, 1, 0, 0.00909090909090909, 0.0, 156, 31, 1, 0, 6, 75, 0.0, 0.1935483870967742, 5
0, 0, 0, 1.0, 109, 0.9909090909090909, 1.0, 1.0, 1, 0, 0.00909090909090909, 0.0, 162, 11, 1, 0, 7, 44, 0.09090909090909091, 0.09090909090909091, 5
0, 0, 0, 1.0, 109, 0.9909090909090909, 1.0, 1.0, 1, 0, 0.00909090909090909, 0.0, 164, 13, 1, 0, 7, 46, 0.07692307692307693, 0.07692307692307693, 5
0, 0, 0, 1.0, 109, 0.9909090909090909, 1.0, 1.0, 1, 0, 0.00909090909090909, 0.0, 163, 11, 1, 0, 7, 44, 0.09090909090909091, 0.09090909090909091, 5
0, 0, 0, 1.0, 109, 0.9909090909090909, 1.0, 1.0, 1, 0, 0.00909090909090909, 0.0, 210, 5, 0, 0, 2, 34, 0.0, 0.2, 5
0, 0, 0, 1.0, 109, 0.9909090909090909, 1.0, 1.0, 1, 0, 0.00909090909090909, 0.0, 158, 11, 1, 0, 7, 44, 0.09090909090909091, 0.09090909090909091, 5
0, 0, 0, 1.0, 109, 0.9909090909090909, 1.0, 1.0, 1, 0, 0.00909090909090909, 0.0, 159, 13, 1, 0, 7, 46, 0.07692307692307693, 0.07692307692307693, 5
0, 0, 0, 1.0, 109, 0.9909090909090909, 1.0, 1.0, 1, 0, 0.00909090909090909, 0.0, 155, 13, 1, 0, 7, 46, 0.07692307692307693, 0.07692307692307693, 5
0, 0, 0, 1.0, 109, 0.9909090909090909, 1.0, 1.0, 1, 0, 0.00909090909090909, 0.0, 154, 13, 1, 0, 7, 46, 0.07692307692307693, 0.07692307692307693, 5
0, 0, 0, 1.0, 109, 0.9909090909090909, 1.0, 1.0, 1, 0, 0.00909090909090909, 0.0, 211, 9, 0, 0, 2, 60, 0.0, 0.1111111111111111, 6
0, 0, 0, 0.0643042846882471, 56, 2.036363636363636, 1.0, 1.0, 2, 6, 0.03636363636363636, 0.0, 212, 65, 0, 0, 2, 152, 0.12307692307692308, 0.06153846153846154, 6
0, 0, 0, 0.3142383508639634, 85, 2.3394495412844036, 0.8727272727272727, 1.0, 2, 6, 0.027522935779816515, 0.0, 282, 13, 2, 0, 35, 33, 0.0, 0.07692307692307693, 0
0, 0, 0, 0.3142383508639634, 85, 2.3394495412844036, 0.8727272727272727, 1.0, 2, 6, 0.027522935779816515, 0.0, 283, 5, 0, 0, 2, 38, 0.0, 0.2, 0
0, 0, 0, 0.06435951193799323, 57, 4.885714285714286, 0.8727272727272727, 1.0, 3, 6, 0.08571428571428572, 0.0, 284, 5, 0, 0, 2, 55, 0.0, 0.0, 0
0, 0, 0, 0.3142383508639634, 85, 2.55, 0.8545454545454545, 1.0, 2, 6, 0.03, 0.0, 285, 5, 0, 0, 2, 34, 0.0, 0.0, 1
0, 0, 0, 0.3142383508639634, 85, 2.5757575757575757, 0.8454545454545455, 1.0, 2, 6, 0.030303030303030304, 0.0, 285, 5, 0, 0, 2, 50, 0.0, 0.0, 0
0, 0, 0, 0.31423148942374035, 83, 1.9080459770114941, 0.7727272727272727, 1.0, 2, 6, 0.022988505747126436, 0.0, 286, 3, 0, 0, 2, 58, 0.0, 0.0, 0
0, 0, 0, 0.036054308446246165, 52, 2.390804597701149, 0.7727272727272727, 1.0, 2, 6, 0.04597701149425287, 0.0, 287, 5, 0, 0, 2, 112, 0.0, 0.4, 0
0, 0, 0, 0.0643042846882471, 56, 1.4177215189873418, 0.5272727272727272, 1.0, 1, 6, 0.02531645569620253, 0.0, 288, 5, 0, 0, 2, 89, 0.0, 0.2, 0
0, 0, 0, 0.0643042846882471, 56, 1.4177215189873418, 0.5272727272727272, 1.0, 1, 6, 0.02531645569620253, 0.0, 289, 21, 3, 0, 6, 69, 0.0, 0.09523809523809523, 0
0, 0, 0, 0.0643042846882471, 56, 1.4177215189873418, 0.5272727272727272, 1.0, 1, 6, 0.02531645569620253, 0.0, 290, 51, 2, 0, 36, 158, 0.0, 0.11764705882352941, 0
0, 0, 0, 0.0643042846882471, 56, 1.4177215189873418, 0.5272727272727272, 1.0, 1, 6, 0.02531645569620253, 0.0, 291, 23, 0, 0, 2, 88, 0.0, 0.13043478260869565, 3
0, 0, 1, 0.0643042846882471, 56, 1.4177215189873418, 0.03636363636363636, 1.0, 1, 6, 0.02531645569620253, 0.1, 291, 47, 0, 0, 2, 117, 0.02127659574468085, 0.0851063829787234, 3
0, 0, 0, 0.0643042846882471, 56, 1.4177215189873418, 0.5272727272727272, 1.0, 1, 6, 0.02531645569620253, 0.0, 291, 105, 0, 0, 2, 151, 0.0, 0.09523809523809523, 3
0, 1, 0, 0.008249318634855406, 16, 1.0126582278481013, 0.5272727272727272, 0.9999982245424961, 4, 8, 0.06329113924050633, 0.1, 292, 5, 1, 0, 37, 41, 0.0, 0.0, 4
0, 0, 0, 0.0643042846882471, 56, 1.4177215189873418, 0.5272727272727272, 1.0, 1, 6, 0.02531645569620253, 0.0, 293, 77, 1, 0, 19, 115, 0.12987012987012986, 0.11688311688311688, 4
0, 0, 0, 0.0643042846882471, 56, 1.4177215189873418, 0.5272727272727272, 1.0, 1, 6, 0.02531645569620253, 0.0, 294, 111, 1, 0, 2, 128, 0.09009009009009009, 0.11711711711711711, 4
0, 0, 0, 0.0643042846882471, 56, 1.4177215189873418, 0.5272727272727272, 1.0, 1, 6, 0.02531645569620253, 0.0, 295, 23, 1, 0, 27, 91, 0.0, 0.043478260869565216, 4
0, 0, 0, 0.28753182097818414, 71, 2.802631578947368, 0.6727272727272727, 1.0, 2, 6, 0.039473684210526314, 0.0, 296, 21, 3, 0, 7, 66, 0.0, 0.09523809523809523, 0
0, 0, 0, 0.28753182097818414, 71, 2.802631578947368, 0.6727272727272727, 1.0, 2, 6, 0.039473684210526314, 0.0, 297, 21, 3, 0, 7, 66, 0.0, 0.09523809523809523, 0
0, 0, 0, 0.28753182097818414, 71, 2.802631578947368, 0.6727272727272727, 1.0, 2, 6, 0.039473684210526314, 0.0, 298, 7, 1, 0, 0, 62, 0.0, 0.14285714285714285, 0
0, 0, 0, 0.28753182097818414, 71, 2.802631578947368, 0.6727272727272727, 1.0, 2, 6, 0.039473684210526314, 0.0, 299, 7, 1, 0, 0, 62, 0.0, 0.14285714285714285, 0
0, 0, 0, 0.2884591016091798, 72, 1.9200000000000002, 0.6727272727272727, 1.0, 1, 10, 0.02666666666666667, 0.0, 300, 11, 2, 0, 1, 95, 0.0, 0.09090909090909091, 7
0, 0, 0, 0.2884591016091798, 72, 0.9863013698630136, 0.6636363636363637, 1.0, 1, 10, 0.0136986301369863, 0.0, 301, 5, 1, 0, 7, 60, 0.2, 0.2, 7
0, 0, 0, 0.12927341565620767, 68, 0.9855072463768116, 0.6272727272727273, 1.0, 1, 11, 0.014492753623188406, 0.0, 302, 9, 1, 0, 6, 111, 0.0, 0.1111111111111111, 4
0, 0, 0, 0.0905933158703035, 62, 1.9076923076923078, 0.5818181818181818, 1.0, 2, 6, 0.03076923076923077, 0.0, 303, 21, 3, 0, 1, 60, 0.0, 0.09523809523809523, 0
0, 0, 0, 0.0905933158703035, 62, 1.9076923076923078, 0.5818181818181818, 1.0, 2, 6, 0.03076923076923077, 0.0, 304, 7, 1, 0, 0, 76, 0.0, 0.14285714285714285, 0
0, 0, 0, 0.032656825402973745, 47, 4.548387096774193, 0.5454545454545454, 1.0, 3, 6, 0.0967741935483871, 0.0, 305, 115, 0, 0, 2, 151, 0.02608695652173913, 0.06956521739130435, 0
0, 0, 0, 0.036054308446246165, 52, 1.857142857142857, 0.509090909090909, 1.0, 1, 6, 0.03571428571428571, 0.0, 280, 27, 1, 0, 6, 82, 0.0, 0.18518518518518517, 1
0, 0, 0, 0.036054308446246165, 52, 0.9811320754716981, 0.4818181818181818, 0.9999999999999999, 1, 6, 0.018867924528301886, 0.0, 306, 7, 0, 1, 2, 61, 0.0, 0.14285714285714285, 0
0, 1, 0, 0.0009094870490105961, 4, 0.4528301886792453, 0.4818181818181818, 0.9995338061055671, 1, 6, 0.11320754716981132, 0.15, 307, 319, 0, 0, 2, 189, 0.0219435736677116, 0.05642633228840126, 0
0, 0, 0, 0.036054308446246165, 52, 0.9811320754716981, 0.4818181818181818, 0.9999999999999999, 1, 6, 0.018867924528301886, 0.0, 308, 7, 1, 1, 38, 39, 0.0, 0.14285714285714285, 0
0, 0, 0, 0.036054308446246165, 52, 0.9811320754716981, 0.4818181818181818, 0.9999999999999999, 1, 6, 0.018867924528301886, 0.0, 309, 7, 1, 1, 38, 36, 0.0, 0.14285714285714285, 0
0, 0, 0, 0.036054308446246165, 52, 0.9811320754716981, 0.4818181818181818, 0.9999999999999999, 1, 6, 0.018867924528301886, 0.0, 310, 7, 1, 1, 38, 37, 0.0, 0.14285714285714285, 0
0, 0, 0, 0.036054308446246165, 52, 0.9811320754716981, 0.4818181818181818, 0.9999999999999999, 1, 6, 0.018867924528301886, 0.0, 311, 9, 1, 1, 38, 59, 0.0, 0.0, 0
0, 0, 0, 0.036054308446246165, 52, 0.9811320754716981, 0.4818181818181818, 0.9999999999999999, 1, 6, 0.018867924528301886, 0.0, 312, 5, 1, 0, 38, 36, 0.0, 0.0, 0
0, 0, 0, 0.036054308446246165, 52, 0.9811320754716981, 0.4818181818181818, 0.9999999999999999, 1, 6, 0.018867924528301886, 0.0, 313, 7, 1, 1, 38, 33, 0.0, 0.14285714285714285, 0
0, 0, 0, 0.0159712925734268, 32, 1.2075471698113207, 0.4818181818181818, 0.999999999994243, 1, 6, 0.03773584905660377, 0.0, 314, 11, 0, 1, 2, 60, 0.0, 0.09090909090909091, 0
0, 0, 0, 0.036054308446246165, 52, 0.9811320754716981, 0.4818181818181818, 0.9999999999999999, 1, 6, 0.018867924528301886, 0.0, 315, 9, 1, 1, 38, 53, 0.0, 0.0, 0
0, 0, 0, 0.036054308446246165, 52, 0.9811320754716981, 0.4818181818181818, 0.9999999999999999, 1, 6, 0.018867924528301886, 0.0, 316, 37, 1, 0, 6, 75, 0.0, 0.1891891891891892, 1
0, 1, 0, 0.008249318634855406, 16, 1.2075471698113207, 0.4818181818181818, 0.9999988364591347, 3, 8, 0.07547169811320754, 0.1, 317, 463, 1, 0, 12, 188, 0.0021598272138228943, 0.028077753779697623, 1
0, 0, 0, 0.036054308446246165, 52, 0.9811320754716981, 0.4818181818181818, 0.9999999999999999, 1, 6, 0.018867924528301886, 0.0, 318, 45, 1, 0, 6, 86, 0.0, 0.2, 1
0, 1, 0, 0.0010369377765782031, 7, 0.5490196078431373, 0.44545454545454544, 0.9993252531994925, 2, 6, 0.0784313725490196, 0.1, 319, 55, 0, 0, 2, 191, 0.10909090909090909, 0.0, 0
0, 0, 0, 0.0159712925734268, 32, 0.9696969696969697, 0.3, 0.9999999998835847, 1, 6, 0.030303030303030304, 0.0, 320, 7, 1, 1, 38, 55, 0.0, 0.14285714285714285, 0
0, 0, 0, 0.015801309309675535, 31, 1.878787878787879, 0.3, 0.9999999998206868, 1, 6, 0.06060606060606061, 0.0, 321, 69, 0, 0, 2, 121, 0.043478260869565216, 0.08695652173913043, 0
0, 0, 0, 0.01567230584028376, 28, 0.9655172413793103, 0.2636363636363636, 0.9999999981373549, 1, 6, 0.034482758620689655, 0.0, 322, 5, 1, 1, 23, 101, 0.2, 0.0, 0
0, 0, 0, 0.01567230584028376, 28, 0.9655172413793103, 0.2636363636363636, 0.9999999981373549, 1, 6, 0.034482758620689655, 0.0, 323, 5, 0, 1, 2, 56, 0.0, 0.2, 0
1, 1, 1, 0.008098220068965658, 14, 2.4347826086956523, 0.2, 0.9999873316082653, 2, 8, 0.17391304347826086, 0.15, 324, 17, 0, 0, 2, 88, 0.0, 0.0, 1
1, 1, 1, 0.008249318634855406, 16, 2.2857142857142856, 0.18181818181818182, 0.9999916538502436, 3, 8, 0.14285714285714285, 0.15, 177, 5, 1, 0, 1, 60, 0.0, 0.0, 4
1, 0, 1, 0.008249318634855406, 16, 1.5238095238095237, 0.18181818181818182, 0.9999918937683105, 2, 8, 0.09523809523809523, 0.1, 181, 5, 1, 0, 16, 134, 0.0, 0.0, 4
1, 1, 1, 0.008249318634855406, 16, 2.2857142857142856, 0.18181818181818182, 0.9999918858136592, 3, 8, 0.14285714285714285, 0.15, 182, 27, 1, 0, 16, 107, 0.0, 0.037037037037037035, 4
1, 0, 1, 0.008249318634855406, 16, 1.5238095238095237, 0.18181818181818182, 0.9999918937683105, 2, 8, 0.09523809523809523, 0.1, 178, 5, 1, 0, 16, 42, 0.0, 0.0, 4
1, 1, 1, 0.008249318634855406, 16, 2.2857142857142856, 0.18181818181818182, 0.9999918639866698, 3, 8, 0.14285714285714285, 0.15, 325, 31, 0, 0, 2, 144, 0.0, 0.03225806451612903, 4
1, 1, 1, 0.0027056316456169783, 12, 2.2857142857142856, 0.18181818181818182, 0.999984672166844, 3, 6, 0.19047619047619047, 0.2, 326, 29, 0, 0, 2, 121, 0.10344827586206896, 0.06896551724137931, 4
1, 1, 1, 0.008249318634855406, 16, 2.2857142857142856, 0.18181818181818182, 0.9999916185320561, 3, 8, 0.14285714285714285, 0.15, 327, 73, 0, 0, 2, 105, 0.1780821917808219, 0.0547945205479452, 4
1, 1, 1, 0.001946005165636321, 10, 1.6666666666666665, 0.11818181818181818, 0.999694086090336, 2, 6, 0.16666666666666666, 0.15, 328, 21, 3, 0, 39, 61, 0.0, 0.09523809523809523, 0
1, 0, 1, 0.002703449413864092, 11, 1.222222222222222, 0.11818181818181818, 0.9997520446777344, 2, 6, 0.1111111111111111, 0.1, 329, 7, 1, 0, 0, 99, 0.0, 0.14285714285714285, 0
1, 1, 1, 0.0009094870490105961, 4, 0.8888888888888888, 0.11818181818181818, 0.9827918141123871, 2, 6, 0.2222222222222222, 0.2, 84, 37, 0, 0, 2, 105, 0.0, 0.08108108108108109, 0
1, 1, 1, 0.001946005165636321, 10, 1.6666666666666665, 0.11818181818181818, 0.9997403967471523, 2, 6, 0.16666666666666666, 0.15, 330, 43, 0, 0, 2, 97, 0.023255813953488372, 0.09302325581395349, 0
1, 0, 1, 0.002703449413864092, 11, 1.222222222222222, 0.06363636363636363, 0.9997520446777344, 2, 6, 0.1111111111111111, 0.1, 85, 7, 0, 0, 2, 117, 0.0, 0.14285714285714285, 0
1, 0, 1, 0.002703449413864092, 11, 1.222222222222222, 0.11818181818181818, 0.9997520446777344, 2, 6, 0.1111111111111111, 0.1, 270, 5, 0, 0, 2, 71, 0.0, 0.0, 0
1, 0, 1, 0.001946005165636321, 10, 0.9090909090909092, 0.03636363636363636, 0.99951171875, 1, 6, 0.09090909090909091, 0.05, 331, 15, 0, 0, 2, 96, 0.0, 0.06666666666666667, 0
1, 1, 0, 0.0009094870490105961, 4, 1.1428571428571428, 0.06363636363636363, 0.9832714569691301, 1, 6, 0.2857142857142857, 0.1, 332, 13, 1, 0, 40, 114, 0.0, 0.15384615384615385, 0
1, 1, 0, 0.0009094870490105961, 4, 1.7142857142857142, 0.06363636363636363, 0.9826639155748919, 1, 6, 0.42857142857142855, 0.15, 333, 65, 0, 0, 2, 165, 0.03076923076923077, 0.2, 0
