0, 0, 0, 0.7440920038484837, 66, 2.4, 1.0, 1.0, 3, 6, 0.03636363636363636, 0.0, 192, 11, 0, 0, 2, 70, 0.0, 0.09090909090909091, 0
0, 0, 0, 1.0, 109, 0.9909090909090909, 1.0, 1.0, 1, 0, 0.00909090909090909, 0.0, 284, 5, 0, 0, 2, 55, 0.0, 0.0, 0
0, 0, 0, 1.0, 109, 0.9909090909090909, 1.0, 1.0, 1, 0, 0.00909090909090909, 0.0, 319, 55, 0, 0, 2, 191, 0.10909090909090909, 0.0, 0
0, 0, 0, 1.0, 109, 0.9909090909090909, 1.0, 1.0, 1, 0, 0.00909090909090909, 0.0, 4, 11, 1, 0, 3, 93, 0.0, 0.0, 0
0, 0, 0, 1.0, 109, 0.9909090909090909, 1.0, 1.0, 1, 0, 0.00909090909090909, 0.0, 0, 13, 2, 0, 0, 94, 0.0, 0.07692307692307693, 0
0, 0, 0, 1.0, 109, 0.9909090909090909, 1.0, 1.0, 1, 0, 0.00909090909090909, 0.0, 6, 15, 2, 0, 4, 114, 0.0, 0.06666666666666667, 0
0, 0, 1, 1.0, 109, 0.9909090909090909, 0.9818181818181818, 1.0, 1, 0, 0.00909090909090909, 0.0, 3, 15, 2, 0, 1, 124, 0.13333333333333333, 0.06666666666666667, 0
0, 1, 0, 0.0, 0, 0.0, 1.0, 0.9746997337847798, 3, 6, 0.05454545454545454, 0.15, 305, 127, 0, 0, 2, 193, 0.047244094488188976, 0.09448818897637795, 0
0, 1, 0, 0.00027912992496809477, 2, 0.03636363636363636, 1.0, 0.9965880893300247, 2, 6, 0.01818181818181818, 0.05, 9, 15, 0, 0, 2, 120, 0.0, 0.06666666666666667, 0
0, 0, 0, 0.7441274978168698, 69, 2.509090909090909, 1.0, 1.0, 3, 6, 0.03636363636363636, 0.0, 5, 19, 1, 0, 0, 258, 0.0, 0.05263157894736842, 0
0, 0, 0, 1.0, 109, 0.9909090909090909, 1.0, 1.0, 1, 0, 0.00909090909090909, 0.0, 1, 19, 1, 0, 1, 81, 0.0, 0.15789473684210525, 0
0, 0, 0, 1.0, 109, 0.9909090909090909, 1.0, 1.0, 1, 0, 0.00909090909090909, 0.0, 7, 5, 1, 0, 5, 31, 0.0, 0.0, 0
0, 0, 1, 1.0, 109, 0.9909090909090909, 0.45454545454545453, 1.0, 1, 0, 0.00909090909090909, 0.0, 8, 5, 0, 0, 2, 41, 0.0, 0.2, 0
0, 0, 0, 1.0, 109, 0.9909090909090909, 1.0, 1.0, 1, 0, 0.00909090909090909, 0.0, 37, 7, 1, 0, 0, 86, 0.0, 0.14285714285714285, 0
0, 0, 0, 1.0, 109, 0.9909090909090909, 1.0, 1.0, 1, 0, 0.00909090909090909, 0.0, 78, 21, 3, 0, 7, 60, 0.0, 0.09523809523809523, 0
0, 0, 0, 1.0, 109, 0.9909090909090909, 1.0, 1.0, 1, 0, 0.00909090909090909, 0.0, 35, 7, 1, 0, 0, 51, 0.0, 0.14285714285714285, 0
0, 0, 0, 1.0, 109, 0.9909090909090909, 1.0, 1.0, 1, 0, 0.00909090909090909, 0.0, 228, 7, 1, 0, 0, 45, 0.0, 0.14285714285714285, 0
0, 0, 0, 1.0, 109, 0.9909090909090909, 1.0, 1.0, 1, 0, 0.00909090909090909, 0.0, 28, 7, 1, 0, 0, 62, 0.0, 0.14285714285714285, 0
0, 0, 0, 1.0, 109, 0.9909090909090909, 1.0, 1.0, 1, 0, 0.00909090909090909, 0.0, 27, 21, 3, 0, 1, 59, 0.0, 0.09523809523809523, 0
0, 0, 0, 1.0, 109, 0.9909090909090909, 1.0, 1.0, 1, 0, 0.00909090909090909, 0.0, 81, 9, 1, 0, 0, 93, 0.0, 0.1111111111111111, 0
0, 0, 0, 1.0, 109, 0.9909090909090909, 1.0, 1.0, 1, 0, 0.00909090909090909, 0.0, 41, 21, 3, 0, 6, 57, 0.0, 0.09523809523809523, 0
0, 0, 0, 1.0, 109, 0.9909090909090909, 1.0, 1.0, 1, 0, 0.00909090909090909, 0.0, 45, 7, 1, 0, 0, 69, 0.0, 0.14285714285714285, 0
0, 0, 0, 1.0, 109, 0.9909090909090909, 1.0, 1.0, 1, 0, 0.00909090909090909, 0.0, 56, 21, 3, 0, 1, 63, 0.0, 0.09523809523809523, 0
0, 0, 0, 1.0, 109, 0.9909090909090909, 1.0, 1.0, 1, 0, 0.00909090909090909, 0.0, 33, 7, 1, 0, 0, 82, 0.0, 0.14285714285714285, 0
0, 0, 0, 1.0, 109, 0.9909090909090909, 1.0, 1.0, 1, 0, 0.00909090909090909, 0.0, 54, 7, 1, 0, 0, 76, 0.0, 0.14285714285714285, 0
0, 0, 0, 1.0, 109, 0.9909090909090909, 1.0, 1.0, 1, 0, 0.00909090909090909, 0.0, 283, 5, 0, 0, 2, 38, 0.0, 0.2, 0
0, 0, 0, 1.0, 109, 0.9909090909090909, 1.0, 1.0, 1, 0, 0.00909090909090909, 0.0, 237, 21, 3, 0, 8, 66, 0.047619047619047616, 0.09523809523809523, 0
0, 0, 0, 1.0, 109, 0.9909090909090909, 1.0, 1.0, 1, 0, 0.00909090909090909, 0.0, 278, 7, 1, 0, 0, 64, 0.0, 0.14285714285714285, 0
0, 0, 0, 1.0, 109, 0.9909090909090909, 1.0, 1.0, 1, 0, 0.00909090909090909, 0.0, 48, 7, 1, 0, 0, 55, 0.0, 0.14285714285714285, 0
0, 0, 1, 1.0, 109, 0.9909090909090909, 0.6272727272727273, 1.0, 1, 0, 0.00909090909090909, 0.0, 83, 7, 1, 0, 0, 84, 0.0, 0.14285714285714285, 0
0, 0, 0, 1.0, 109, 0.9909090909090909, 1.0, 1.0, 1, 0, 0.00909090909090909, 0.0, 13, 21, 3, 0, 6, 60, 0.0, 0.09523809523809523, 0
0, 0, 0, 1.0, 109, 0.9909090909090909, 1.0, 1.0, 1, 0, 0.00909090909090909, 0.0, 82, 7, 1, 0, 0, 114, 0.0, 0.14285714285714285, 0
0, 0, 0, 1.0, 109, 0.9909090909090909, 1.0, 1.0, 1, 0, 0.00909090909090909, 0.0, 23, 21, 3, 0, 1, 56, 0.0, 0.09523809523809523, 0
0, 0, 0, 1.0, 109, 0.9909090909090909, 1.0, 1.0, 1, 0, 0.00909090909090909, 0.0, 230, 7, 1, 0, 0, 53, 0.0, 0.14285714285714285, 0
0, 0, 0, 1.0, 109, 0.9909090909090909, 1.0, 1.0, 1, 0, 0.00909090909090909, 0.0, 12, 21, 3, 0, 1, 79, 0.0, 0.09523809523809523, 0
0, 0, 1, 1.0, 109, 0.9909090909090909, 0.6272727272727273, 1.0, 1, 0, 0.00909090909090909, 0.0, 216, 7, 1, 0, 0, 82, 0.0, 0.14285714285714285, 0
0, 0, 0, 1.0, 109, 0.9909090909090909, 1.0, 1.0, 1, 0, 0.00909090909090909, 0.0, 79, 21, 3, 0, 1, 80, 0.0, 0.09523809523809523, 0
0, 0, 0, 1.0, 109, 0.9909090909090909, 1.0, 1.0, 1, 0, 0.00909090909090909, 0.0, 40, 21, 3, 0, 6, 46, 0.0, 0.09523809523809523, 0
0, 0, 0, 1.0, 109, 0.9909090909090909, 1.0, 1.0, 1, 0, 0.00909090909090909, 0.0, 63, 7, 1, 0, 0, 57, 0.0, 0.14285714285714285, 0
0, 0, 0, 1.0, 109, 0.9909090909090909, 1.0, 1.0, 1, 0, 0.00909090909090909, 0.0, 36, 21, 3, 0, 8, 75, 0.047619047619047616, 0.09523809523809523, 0
0, 0, 0, 1.0, 109, 0.9909090909090909, 1.0, 1.0, 1, 0, 0.00909090909090909, 0.0, 70, 21, 3, 0, 7, 56, 0.0, 0.09523809523809523, 0
0, 0, 0, 1.0, 109, 0.9909090909090909, 1.0, 1.0, 1, 0, 0.00909090909090909, 0.0, 20, 21, 3, 0, 7, 52, 0.0, 0.09523809523809523, 0
0, 0, 0, 1.0, 109, 0.9909090909090909, 1.0, 1.0, 1, 0, 0.00909090909090909, 0.0, 15, 21, 3, 0, 7, 52, 0.0, 0.09523809523809523, 0
0, 0, 0, 1.0, 109, 0.9909090909090909, 1.0, 1.0, 1, 0, 0.00909090909090909, 0.0, 42, 7, 1, 0, 0, 107, 0.0, 0.14285714285714285, 0
0, 0, 0, 1.0, 109, 0.9909090909090909, 1.0, 1.0, 1, 0, 0.00909090909090909, 0.0, 236, 7, 1, 0, 0, 89, 0.0, 0.14285714285714285, 0
0, 0, 0, 1.0, 109, 0.9909090909090909, 1.0, 1.0, 1, 0, 0.00909090909090909, 0.0, 34, 7, 1, 0, 0, 74, 0.0, 0.14285714285714285, 0
0, 0, 0, 1.0, 109, 0.9909090909090909, 1.0, 1.0, 1, 0, 0.00909090909090909, 0.0, 58, 21, 3, 0, 8, 60, 0.047619047619047616, 0.09523809523809523, 0
0, 0, 0, 1.0, 109, 0.9909090909090909, 1.0, 1.0, 1, 0, 0.00909090909090909, 0.0, 16, 7, 1, 0, 0, 73, 0.0, 0.14285714285714285, 0
0, 0, 0, 1.0, 109, 0.9909090909090909, 1.0, 1.0, 1, 0, 0.00909090909090909, 0.0, 303, 21, 3, 0, 1, 60, 0.0, 0.09523809523809523, 0
0, 0, 0, 1.0, 109, 0.9909090909090909, 1.0, 1.0, 1, 0, 0.00909090909090909, 0.0, 65, 21, 3, 0, 8, 92, 0.0, 0.09523809523809523, 0
0, 0, 0, 1.0, 109, 0.9909090909090909, 1.0, 1.0, 1, 0, 0.00909090909090909, 0.0, 21, 7, 1, 0, 0, 81, 0.0, 0.14285714285714285, 0
0, 0, 0, 1.0, 109, 0.9909090909090909, 1.0, 1.0, 1, 0, 0.00909090909090909, 0.0, 49, 21, 3, 0, 6, 60, 0.0, 0.09523809523809523, 0
0, 0, 0, 1.0, 109, 0.9909090909090909, 1.0, 1.0, 1, 0, 0.00909090909090909, 0.0, 68, 5, 1, 0, 10, 49, 0.0, 0.0, 0
0, 0, 0, 1.0, 109, 0.9909090909090909, 1.0, 1.0, 1, 0, 0.00909090909090909, 0.0, 51, 21, 3, 0, 6, 63, 0.0, 0.09523809523809523, 0
0, 0, 0, 1.0, 109, 0.9909090909090909, 1.0, 1.0, 1, 0, 0.00909090909090909, 0.0, 57, 7, 1, 0, 0, 68, 0.0, 0.14285714285714285, 0
0, 0, 0, 1.0, 109, 0.9909090909090909, 1.0, 1.0, 1, 0, 0.00909090909090909, 0.0, 50, 7, 1, 0, 0, 49, 0.0, 0.14285714285714285, 0
0, 0, 0, 1.0, 109, 0.9909090909090909, 1.0, 1.0, 1, 0, 0.00909090909090909, 0.0, 64, 21, 3, 0, 8, 66, 0.047619047619047616, 0.09523809523809523, 0
0, 0, 0, 1.0, 109, 0.9909090909090909, 1.0, 1.0, 1, 0, 0.00909090909090909, 0.0, 77, 7, 1, 0, 0, 75, 0.0, 0.14285714285714285, 0
0, 0, 0, 1.0, 109, 0.9909090909090909, 1.0, 1.0, 1, 0, 0.00909090909090909, 0.0, 59, 7, 1, 0, 0, 65, 0.0, 0.14285714285714285, 0
0, 0, 0, 1.0, 109, 0.9909090909090909, 1.0, 1.0, 1, 0, 0.00909090909090909, 0.0, 18, 7, 1, 0, 0, 45, 0.0, 0.14285714285714285, 0
0, 0, 0, 1.0, 109, 0.9909090909090909, 1.0, 1.0, 1, 0, 0.00909090909090909, 0.0, 329, 7, 1, 0, 0, 99, 0.0, 0.14285714285714285, 0
0, 0, 0, 1.0, 109, 0.9909090909090909, 1.0, 1.0, 1, 0, 0.00909090909090909, 0.0, 298, 7, 1, 0, 0, 62, 0.0, 0.14285714285714285, 0
0, 0, 0, 1.0, 109, 0.9909090909090909, 1.0, 1.0, 1, 0, 0.00909090909090909, 0.0, 72, 7, 1, 0, 0, 116, 0.0, 0.14285714285714285, 0
0, 0, 0, 1.0, 109, 0.9909090909090909, 1.0, 1.0, 1, 0, 0.00909090909090909, 0.0, 304, 7, 1, 0, 0, 76, 0.0, 0.14285714285714285, 0
0, 0, 0, 1.0, 109, 0.9909090909090909, 1.0, 1.0, 1, 0, 0.00909090909090909, 0.0, 19, 7, 1, 0, 0, 78, 0.0, 0.14285714285714285, 0
0, 0, 0, 1.0, 109, 0.9909090909090909, 1.0, 1.0, 1, 0, 0.00909090909090909, 0.0, 29, 7, 1, 0, 0, 48, 0.0, 0.14285714285714285, 0
0, 0, 0, 1.0, 109, 0.9909090909090909, 1.0, 1.0, 1, 0, 0.00909090909090909, 0.0, 22, 7, 1, 0, 0, 60, 0.0, 0.14285714285714285, 0
0, 0, 0, 1.0, 109, 0.9909090909090909, 1.0, 1.0, 1, 0, 0.00909090909090909, 0.0, 24, 21, 3, 0, 1, 65, 0.0, 0.09523809523809523, 0
0, 0, 0, 1.0, 109, 0.9909090909090909, 1.0, 1.0, 1, 0, 0.00909090909090909, 0.0, 44, 7, 1, 0, 0, 82, 0.0, 0.14285714285714285, 0
0, 0, 0, 1.0, 109, 0.9909090909090909, 1.0, 1.0, 1, 0, 0.00909090909090909, 0.0, 74, 7, 1, 0, 0, 47, 0.0, 0.14285714285714285, 0
0, 0, 0, 1.0, 109, 0.9909090909090909, 1.0, 1.0, 1, 0, 0.00909090909090909, 0.0, 17, 21, 3, 0, 7, 63, 0.0, 0.09523809523809523, 0
0, 0, 0, 1.0, 109, 0.9909090909090909, 1.0, 1.0, 1, 0, 0.00909090909090909, 0.0, 43, 7, 1, 0, 0, 48, 0.0, 0.14285714285714285, 0
0, 0, 0, 1.0, 109, 0.9909090909090909, 1.0, 1.0, 1, 0, 0.00909090909090909, 0.0, 80, 7, 1, 0, 0, 47, 0.0, 0.14285714285714285, 0
0, 0, 0, 1.0, 109, 0.9909090909090909, 1.0, 1.0, 1, 0, 0.00909090909090909, 0.0, 75, 21, 3, 0, 11, 58, 0.047619047619047616, 0.09523809523809523, 0
0, 0, 0, 1.0, 109, 0.9909090909090909, 1.0, 1.0, 1, 0, 0.00909090909090909, 0.0, 67, 21, 3, 0, 6, 45, 0.0, 0.09523809523809523, 0
0, 0, 0, 1.0, 109, 0.9909090909090909, 1.0, 1.0, 1, 0, 0.00909090909090909, 0.0, 299, 7, 1, 0, 0, 62, 0.0, 0.14285714285714285, 0
0, 0, 0, 1.0, 109, 0.9909090909090909, 1.0, 1.0, 1, 0, 0.00909090909090909, 0.0, 10, 7, 1, 0, 0, 74, 0.0, 0.14285714285714285, 0
0, 0, 0, 1.0, 109, 0.9909090909090909, 1.0, 1.0, 1, 0, 0.00909090909090909, 0.0, 47, 21, 3, 0, 7, 51, 0.0, 0.09523809523809523, 0
0, 0, 0, 1.0, 109, 0.9909090909090909, 1.0, 1.0, 1, 0, 0.00909090909090909, 0.0, 277, 5, 1, 0, 15, 39, 0.0, 0.0, 0
0, 0, 0, 1.0, 109, 0.9909090909090909, 1.0, 1.0, 1, 0, 0.00909090909090909, 0.0, 26, 21, 3, 0, 7, 55, 0.0, 0.09523809523809523, 0
0, 0, 0, 1.0, 109, 0.9909090909090909, 1.0, 1.0, 1, 0, 0.00909090909090909, 0.0, 31, 7, 1, 0, 0, 89, 0.0, 0.14285714285714285, 0
0, 0, 0, 1.0, 109, 0.9909090909090909, 1.0, 1.0, 1, 0, 0.00909090909090909, 0.0, 32, 21, 3, 0, 7, 52, 0.0, 0.09523809523809523, 0
0, 0, 0, 1.0, 109, 0.9909090909090909, 1.0, 1.0, 1, 0, 0.00909090909090909, 0.0, 73, 7, 1, 0, 0, 48, 0.0, 0.14285714285714285, 0
0, 0, 0, 1.0, 109, 0.9909090909090909, 1.0, 1.0, 1, 0, 0.00909090909090909, 0.0, 169, 5, 1, 0, 1, 76, 0.0, 0.0, 0
0, 0, 0, 1.0, 109, 0.9909090909090909, 1.0, 1.0, 1, 0, 0.00909090909090909, 0.0, 38, 21, 3, 0, 7, 53, 0.0, 0.09523809523809523, 0
0, 0, 0, 1.0, 109, 0.9909090909090909, 1.0, 1.0, 1, 0, 0.00909090909090909, 0.0, 46, 21, 3, 0, 7, 62, 0.0, 0.09523809523809523, 0
0, 0, 1, 1.0, 109, 0.9909090909090909, 0.6272727272727273, 1.0, 1, 0, 0.00909090909090909, 0.0, 289, 21, 3, 0, 6, 69, 0.0, 0.09523809523809523, 0
0, 0, 1, 0.7441274978168698, 69, 2.509090909090909, 0.6272727272727273, 1.0, 3, 6, 0.03636363636363636, 0.0, 290, 51, 2, 0, 36, 153, 0.0, 0.11764705882352941, 0
0, 0, 1, 1.0, 109, 0.9909090909090909, 0.6272727272727273, 1.0, 1, 0, 0.00909090909090909, 0.0, 288, 5, 0, 0, 2, 89, 0.0, 0.2, 0
0, 0, 0, 1.0, 109, 0.9909090909090909, 1.0, 1.0, 1, 0, 0.00909090909090909, 0.0, 282, 13, 2, 0, 35, 33, 0.0, 0.07692307692307693, 0
0, 0, 0, 1.0, 109, 0.9909090909090909, 1.0, 1.0, 1, 0, 0.00909090909090909, 0.0, 39, 21, 3, 0, 9, 48, 0.0, 0.09523809523809523, 0
0, 0, 0, 1.0, 109, 0.9909090909090909, 1.0, 1.0, 1, 0, 0.00909090909090909, 0.0, 229, 21, 3, 0, 25, 49, 0.0, 0.09523809523809523, 0
0, 0, 0, 1.0, 109, 0.9909090909090909, 1.0, 1.0, 1, 0, 0.00909090909090909, 0.0, 227, 21, 3, 0, 28, 49, 0.0, 0.09523809523809523, 0
0, 0, 0, 1.0, 109, 0.9909090909090909, 1.0, 1.0, 1, 0, 0.00909090909090909, 0.0, 11, 7, 1, 0, 0, 77, 0.0, 0.14285714285714285, 0
0, 0, 1, 1.0, 109, 0.9909090909090909, 0.6272727272727273, 1.0, 1, 0, 0.00909090909090909, 0.0, 215, 21, 3, 0, 1, 63, 0.0, 0.09523809523809523, 0
0, 0, 0, 1.0, 109, 0.9909090909090909, 1.0, 1.0, 1, 0, 0.00909090909090909, 0.0, 69, 7, 1, 0, 0, 53, 0.0, 0.14285714285714285, 0
0, 0, 0, 1.0, 109, 0.9909090909090909, 1.0, 1.0, 1, 0, 0.00909090909090909, 0.0, 296, 21, 3, 0, 7, 66, 0.0, 0.09523809523809523, 0
0, 0, 0, 1.0, 109, 0.9909090909090909, 1.0, 1.0, 1, 0, 0.00909090909090909, 0.0, 328, 21, 3, 0, 39, 61, 0.0, 0.09523809523809523, 0
0, 0, 0, 1.0, 109, 0.9909090909090909, 1.0, 1.0, 1, 0, 0.00909090909090909, 0.0, 14, 21, 3, 0, 7, 59, 0.0, 0.09523809523809523, 0
0, 0, 1, 1.0, 109, 0.9909090909090909, 0.6272727272727273, 1.0, 1, 0, 0.00909090909090909, 0.0, 76, 21, 3, 0, 7, 64, 0.0, 0.09523809523809523, 0
0, 0, 0, 1.0, 109, 0.9909090909090909, 1.0, 1.0, 1, 0, 0.00909090909090909, 0.0, 53, 21, 3, 0, 7, 51, 0.0, 0.09523809523809523, 0
0, 0, 0, 1.0, 109, 0.9909090909090909, 1.0, 1.0, 1, 0, 0.00909090909090909, 0.0, 62, 7, 1, 0, 0, 47, 0.0, 0.14285714285714285, 0
0, 0, 0, 1.0, 109, 0.9909090909090909, 1.0, 1.0, 1, 0, 0.00909090909090909, 0.0, 66, 21, 3, 0, 7, 52, 0.0, 0.09523809523809523, 0
0, 0, 0, 1.0, 109, 0.9909090909090909, 1.0, 1.0, 1, 0, 0.00909090909090909, 0.0, 297, 21, 3, 0, 7, 66, 0.0, 0.09523809523809523, 0
0, 0, 0, 1.0, 109, 0.9909090909090909, 1.0, 1.0, 1, 0, 0.00909090909090909, 0.0, 55, 7, 1, 0, 0, 47, 0.0, 0.14285714285714285, 0
0, 0, 0, 1.0, 109, 0.9909090909090909, 1.0, 1.0, 1, 0, 0.00909090909090909, 0.0, 61, 21, 3, 0, 7, 61, 0.0, 0.09523809523809523, 0
0, 0, 0, 1.0, 109, 0.9909090909090909, 1.0, 1.0, 1, 0, 0.00909090909090909, 0.0, 60, 21, 3, 0, 7, 57, 0.0, 0.09523809523809523, 0
0, 0, 0, 1.0, 109, 0.9909090909090909, 1.0, 1.0, 1, 0, 0.00909090909090909, 0.0, 71, 21, 3, 0, 7, 51, 0.0, 0.09523809523809523, 0
0, 1, 0, 0.00027912992496809477, 2, 0.09090909090909091, 1.0, 0.9949567723342939, 3, 6, 0.045454545454545456, 0.05, 330, 41, 0, 0, 2, 97, 0.024390243902439025, 0.0975609756097561, 0
0, 0, 0, 1.0, 109, 0.9909090909090909, 1.0, 1.0, 1, 0, 0.00909090909090909, 0.0, 270, 5, 0, 0, 2, 71, 0.0, 0.0, 0
0, 0, 0, 0.7441274978168698, 69, 2.509090909090909, 1.0, 1.0, 3, 6, 0.03636363636363636, 0.0, 84, 37, 0, 0, 2, 105, 0.0, 0.08108108108108109, 0
0, 0, 0, 0.9083125835928997, 81, 1.4727272727272727, 1.0, 1.0, 2, 6, 0.01818181818181818, 0.0, 213, 17, 0, 0, 2, 85, 0.0, 0.23529411764705882, 0
0, 1, 0, 0.00027912992496809477, 2, 0.14545454545454545, 1.0, 0.8874304410552349, 3, 6, 0.07272727272727272, 0.2, 269, 137, 1, 0, 32, 123, 0.08759124087591241, 0.16058394160583941, 0
0, 1, 0, 0.00027912992496809477, 2, 0.09090909090909091, 1.0, 0.826386855971897, 3, 6, 0.045454545454545456, 0.2, 84, 41, 0, 0, 2, 122, 0.04878048780487805, 0.14634146341463414, 0
0, 0, 0, 1.0, 109, 0.9909090909090909, 1.0, 1.0, 1, 0, 0.00909090909090909, 0.0, 272, 5, 0, 0, 2, 41, 0.0, 0.0, 0
0, 0, 0, 0.9083125835928997, 81, 2.209090909090909, 1.0, 1.0, 2, 6, 0.02727272727272727, 0.0, 273, 45, 0, 0, 2, 104, 0.0, 0.15555555555555556, 0
0, 0, 1, 1.0, 109, 0.9909090909090909, 0.9818181818181818, 1.0, 1, 0, 0.00909090909090909, 0.0, 86, 5, 1, 0, 1, 99, 0.0, 0.0, 0
0, 0, 1, 1.0, 109, 0.9909090909090909, 0.9818181818181818, 1.0, 1, 0, 0.00909090909090909, 0.0, 87, 5, 1, 0, 1, 69, 0.0, 0.0, 0
0, 0, 1, 0.7441274978168698, 69, 2.509090909090909, 0.9818181818181818, 1.0, 3, 6, 0.03636363636363636, 0.0, 88, 45, 4, 0, 8, 153, 0.06666666666666667, 0.06666666666666667, 0
0, 0, 1, 1.0, 109, 0.9909090909090909, 0.9818181818181818, 1.0, 1, 0, 0.00909090909090909, 0.0, 91, 77, 0, 0, 2, 71, 0.15584415584415584, 0.1038961038961039, 0
0, 0, 1, 1.0, 109, 0.9909090909090909, 0.9818181818181818, 1.0, 1, 0, 0.00909090909090909, 0.0, 93, 41, 0, 0, 2, 102, 0.12195121951219512, 0.12195121951219512, 0
0, 0, 1, 1.0, 109, 0.9909090909090909, 0.5636363636363636, 1.0, 1, 0, 0.00909090909090909, 0.0, 90, 33, 3, 0, 1, 76, 0.2727272727272727, 0.15151515151515152, 0
0, 0, 1, 0.4852524737872858, 47, 0.8545454545454545, 0.9818181818181818, 0.9999999999999993, 2, 12, 0.01818181818181818, 0.0, 89, 27, 1, 0, 12, 117, 0.1111111111111111, 0.07407407407407407, 0
0, 0, 1, 0.4852524737872858, 47, 0.8545454545454545, 0.9818181818181818, 1.0, 2, 12, 0.01818181818181818, 0.0, 92, 335, 1, 0, 12, 129, 0.13432835820895522, 0.18507462686567164, 0
0, 0, 0, 1.0, 109, 0.9909090909090909, 1.0, 1.0, 1, 0, 0.00909090909090909, 0.0, 287, 5, 0, 0, 2, 112, 0.0, 0.4, 0
0, 0, 0, 1.0, 109, 0.9909090909090909, 1.0, 1.0, 1, 0, 0.00909090909090909, 0.0, 322, 5, 1, 1, 23, 101, 0.2, 0.0, 0
0, 0, 0, 1.0, 109, 0.9909090909090909, 1.0, 1.0, 1, 0, 0.00909090909090909, 0.0, 306, 7, 0, 1, 2, 61, 0.0, 0.14285714285714285, 0
0, 0, 0, 0.7441274978168698, 69, 2.509090909090909, 1.0, 1.0, 3, 6, 0.03636363636363636, 0.0, 256, 7, 0, 0, 2, 89, 0.0, 0.0, 0
0, 0, 1, 1.0, 109, 0.9909090909090909, 0.9727272727272728, 1.0, 1, 0, 0.00909090909090909, 0.0, 102, 17, 0, 0, 2, 64, 0.0, 0.0, 0
0, 0, 0, 1.0, 109, 0.9909090909090909, 1.0, 1.0, 1, 0, 0.00909090909090909, 0.0, 309, 7, 1, 1, 38, 36, 0.0, 0.14285714285714285, 0
0, 1, 0, 0.00027912992496809477, 2, 0.09090909090909091, 1.0, 0.9970262510254306, 3, 6, 0.045454545454545456, 0.05, 255, 17, 0, 0, 2, 104, 0.0, 0.058823529411764705, 0
0, 0, 0, 1.0, 109, 0.9909090909090909, 1.0, 1.0, 1, 0, 0.00909090909090909, 0.0, 109, 5, 1, 0, 3, 40, 0.0, 0.0, 0
0, 0, 0, 1.0, 109, 0.9909090909090909, 1.0, 1.0, 1, 0, 0.00909090909090909, 0.0, 313, 7, 1, 1, 38, 33, 0.0, 0.14285714285714285, 0
0, 0, 1, 1.0, 109, 0.9909090909090909, 0.9727272727272728, 1.0, 1, 0, 0.00909090909090909, 0.0, 95, 5, 0, 0, 2, 44, 0.0, 0.0, 0
0, 0, 0, 1.0, 109, 0.9909090909090909, 1.0, 1.0, 1, 0, 0.00909090909090909, 0.0, 308, 7, 1, 1, 38, 39, 0.0, 0.14285714285714285, 0
0, 0, 0, 1.0, 109, 0.9909090909090909, 1.0, 1.0, 1, 0, 0.00909090909090909, 0.0, 286, 3, 0, 0, 2, 58, 0.0, 0.0, 0
0, 0, 0, 1.0, 109, 0.9909090909090909, 1.0, 1.0, 1, 0, 0.00909090909090909, 0.0, 107, 13, 0, 0, 2, 78, 0.15384615384615385, 0.07692307692307693, 0
0, 0, 0, 1.0, 109, 0.9909090909090909, 1.0, 1.0, 1, 0, 0.00909090909090909, 0.0, 285, 5, 0, 0, 2, 50, 0.0, 0.0, 0
0, 1, 0, 0.00027912992496809477, 2, 0.03636363636363636, 1.0, 0.9910130718954249, 2, 6, 0.01818181818181818, 0.05, 105, 5, 0, 0, 2, 39, 0.0, 0.0, 0
0, 0, 0, 0.3508589490122112, 43, 1.9545454545454546, 1.0, 0.9999999999999861, 3, 6, 0.045454545454545456, 0.0, 333, 83, 0, 0, 2, 165, 0.024096385542168676, 0.1686746987951807, 0
0, 0, 0, 1.0, 109, 0.9909090909090909, 1.0, 1.0, 1, 0, 0.00909090909090909, 0.0, 112, 5, 0, 0, 2, 45, 0.2, 0.0, 0
0, 0, 0, 0.7441274978168698, 69, 2.509090909090909, 1.0, 1.0, 3, 6, 0.03636363636363636, 0.0, 115, 17, 0, 0, 2, 90, 0.0, 0.058823529411764705, 0
0, 0, 0, 0.3508589490122112, 43, 0.7818181818181817, 1.0, 0.9999999999999881, 2, 6, 0.01818181818181818, 0.0, 116, 13, 1, 0, 6, 86, 0.0, 0.3076923076923077, 0
0, 0, 0, 0.7441274978168698, 69, 2.509090909090909, 1.0, 1.0, 3, 6, 0.03636363636363636, 0.0, 251, 7, 0, 0, 2, 89, 0.0, 0.0, 0
0, 0, 0, 1.0, 109, 0.9909090909090909, 1.0, 1.0, 1, 0, 0.00909090909090909, 0.0, 113, 15, 2, 0, 1, 72, 0.0, 0.0, 0
0, 0, 0, 0.7441274978168698, 69, 2.509090909090909, 1.0, 1.0, 3, 6, 0.03636363636363636, 0.0, 332, 13, 1, 0, 40, 119, 0.0, 0.15384615384615385, 0
0, 0, 0, 1.0, 109, 0.9909090909090909, 1.0, 1.0, 1, 0, 0.00909090909090909, 0.0, 314, 11, 0, 1, 2, 60, 0.0, 0.09090909090909091, 0
0, 0, 0, 0.7441274978168698, 69, 2.509090909090909, 1.0, 1.0, 3, 6, 0.03636363636363636, 0.0, 321, 69, 0, 0, 2, 121, 0.043478260869565216, 0.08695652173913043, 0
0, 0, 0, 0.7441274978168698, 69, 2.509090909090909, 1.0, 1.0, 3, 6, 0.03636363636363636, 0.0, 250, 7, 0, 0, 2, 91, 0.0, 0.0, 0
0, 0, 0, 1.0, 109, 0.9909090909090909, 1.0, 1.0, 1, 0, 0.00909090909090909, 0.0, 111, 5, 0, 0, 2, 58, 0.0, 0.0, 0
0, 1, 0, 0.00027912992496809477, 2, 0.03636363636363636, 1.0, 0.9221014492753623, 2, 6, 0.01818181818181818, 0.05, 98, 15, 0, 0, 2, 94, 0.0, 0.06666666666666667, 0
0, 0, 0, 1.0, 109, 0.9909090909090909, 1.0, 1.0, 1, 0, 0.00909090909090909, 0.0, 118, 5, 1, 0, 6, 65, 0.0, 0.0, 0
0, 0, 0, 0.7441274978168698, 69, 2.509090909090909, 1.0, 1.0, 3, 6, 0.03636363636363636, 0.0, 114, 37, 0, 0, 2, 114, 0.02702702702702703, 0.1891891891891892, 0
0, 1, 0, 0.00027912992496809477, 2, 0.09090909090909091, 1.0, 0.9972020568663037, 3, 6, 0.045454545454545456, 0.05, 94, 65, 0, 0, 2, 131, 0.0, 0.03076923076923077, 0
0, 0, 0, 1.0, 109, 0.9909090909090909, 1.0, 1.0, 1, 0, 0.00909090909090909, 0.0, 320, 7, 1, 1, 38, 55, 0.0, 0.14285714285714285, 0
0, 0, 0, 1.0, 109, 0.9909090909090909, 1.0, 1.0, 1, 0, 0.00909090909090909, 0.0, 121, 5, 1, 0, 6, 58, 0.0, 0.0, 0
0, 0, 0, 0.7441274978168698, 69, 2.509090909090909, 1.0, 1.0, 3, 6, 0.03636363636363636, 0.0, 254, 7, 0, 0, 2, 99, 0.0, 0.0, 0
0, 0, 0, 1.0, 109, 0.9909090909090909, 1.0, 1.0, 1, 0, 0.00909090909090909, 0.0, 312, 5, 1, 0, 38, 36, 0.0, 0.0, 0
0, 1, 0, 0.00027912992496809477, 2, 0.14545454545454545, 1.0, 0.9884899016736419, 3, 6, 0.07272727272727272, 0.05, 307, 291, 0, 0, 2, 189, 0.024054982817869417, 0.054982817869415807, 0
0, 0, 0, 1.0, 109, 0.9909090909090909, 1.0, 1.0, 1, 0, 0.00909090909090909, 0.0, 310, 7, 1, 1, 38, 37, 0.0, 0.14285714285714285, 0
0, 0, 1, 1.0, 109, 0.9909090909090909, 0.9727272727272728, 1.0, 1, 0, 0.00909090909090909, 0.0, 99, 5, 0, 0, 2, 47, 0.0, 0.0, 0
0, 0, 0, 1.0, 109, 0.9909090909090909, 1.0, 1.0, 1, 0, 0.00909090909090909, 0.0, 315, 9, 1, 1, 38, 53, 0.0, 0.0, 0
0, 1, 1, 0.00027912992496809477, 2, 0.09090909090909091, 0.990909090909091, 0.9637054507337526, 3, 6, 0.045454545454545456, 0.05, 117, 55, 0, 0, 2, 286, 0.0, 0.09090909090909091, 0
0, 0, 0, 1.0, 109, 0.9909090909090909, 1.0, 1.0, 1, 0, 0.00909090909090909, 0.0, 108, 15, 0, 0, 2, 60, 0.0, 0.06666666666666667, 0
0, 0, 0, 1.0, 109, 0.9909090909090909, 1.0, 1.0, 1, 0, 0.00909090909090909, 0.0, 311, 9, 1, 1, 38, 59, 0.0, 0.0, 0
0, 0, 0, 0.7441274978168698, 69, 2.509090909090909, 1.0, 1.0, 3, 6, 0.03636363636363636, 0.0, 253, 7, 0, 0, 2, 89, 0.0, 0.0, 0
0, 0, 0, 1.0, 109, 0.9909090909090909, 1.0, 1.0, 1, 0, 0.00909090909090909, 0.0, 323, 5, 0, 1, 2, 56, 0.0, 0.2, 0
0, 0, 0, 0.7441274978168698, 69, 2.509090909090909, 1.0, 1.0, 3, 6, 0.03636363636363636, 0.0, 252, 7, 0, 0, 2, 88, 0.0, 0.0, 0
0, 1, 0, 0.11604749615334117, 18, 0.8181818181818182, 1.0, 0.9999993098409552, 3, 6, 0.045454545454545456, 0.05, 96, 15, 0, 0, 2, 137, 0.2, 0.06666666666666667, 0
0, 0, 0, 1.0, 109, 0.9909090909090909, 1.0, 1.0, 1, 0, 0.00909090909090909, 0.0, 122, 5, 1, 0, 6, 61, 0.0, 0.0, 0
0, 0, 0, 0.7441274978168698, 69, 2.509090909090909, 1.0, 1.0, 3, 6, 0.03636363636363636, 0.0, 119, 25, 0, 0, 2, 74, 0.0, 0.0, 0
0, 0, 1, 1.0, 109, 0.9909090909090909, 0.9727272727272728, 1.0, 1, 0, 0.00909090909090909, 0.0, 106, 7, 0, 0, 2, 44, 0.0, 0.0, 0
0, 0, 0, 1.0, 109, 0.9909090909090909, 1.0, 1.0, 1, 0, 0.00909090909090909, 0.0, 97, 9, 0, 0, 2, 36, 0.0, 0.0, 0
0, 1, 0, 0.00027912992496809477, 2, 0.09090909090909091, 1.0, 0.9968958207147184, 3, 6, 0.045454545454545456, 0.05, 104, 121, 0, 0, 2, 186, 0.01652892561983471, 0.09090909090909091, 0
0, 1, 0, 0.0, 0, 0.0, 13.0, 0.9999829800077205, 14, 6, 1.809090909090909, 0.05, 219, 5, 1, 0, 1, 34, 0.0, 0.0, 0
0, 0, 1, 0.541278798793031, 49, 2.2272727272727275, 0.9818181818181818, 0.9999999999999994, 3, 6, 0.045454545454545456, 0.0, 125, 63, 0, 0, 2, 127, 0.0, 0.1111111111111111, 0
0, 0, 1, 1.0, 109, 0.9909090909090909, 0.9818181818181818, 1.0, 1, 0, 0.00909090909090909, 0.0, 127, 11, 0, 0, 2, 61, 0.0, 0.0, 0
0, 0, 1, 0.7441274978168698, 69, 2.509090909090909, 0.9818181818181818, 1.0, 3, 6, 0.03636363636363636, 0.0, 123, 11, 0, 0, 2, 80, 0.0, 0.09090909090909091, 0
0, 0, 1, 0.7441274978168698, 69, 2.509090909090909, 0.9818181818181818, 1.0, 3, 6, 0.03636363636363636, 0.0, 124, 87, 0, 0, 2, 99, 0.011494252873563218, 0.06896551724137931, 0
0, 0, 1, 0.7441274978168698, 69, 2.509090909090909, 0.9818181818181818, 1.0, 3, 6, 0.03636363636363636, 0.0, 126, 47, 0, 0, 2, 115, 0.0, 0.10638297872340426, 0
0, 0, 0, 1.0, 109, 0.9909090909090909, 1.0, 1.0, 1, 0, 0.00909090909090909, 0.0, 324, 17, 0, 0, 2, 88, 0.0, 0.0, 1
0, 0, 0, 1.0, 109, 0.9909090909090909, 1.0, 1.0, 1, 0, 0.00909090909090909, 0.0, 128, 13, 2, 0, 6, 85, 0.0, 0.15384615384615385, 1
0, 0, 0, 1.0, 109, 0.9909090909090909, 1.0, 1.0, 1, 0, 0.00909090909090909, 0.0, 129, 35, 1, 0, 7, 75, 0.05714285714285714, 0.17142857142857143, 1
0, 0, 0, 0.7441274978168698, 69, 3.1363636363636362, 1.0, 1.0, 4, 6, 0.045454545454545456, 0.0, 133, 19, 2, 0, 6, 110, 0.0, 0.10526315789473684, 1
0, 0, 0, 1.0, 109, 0.9909090909090909, 1.0, 1.0, 1, 0, 0.00909090909090909, 0.0, 131, 45, 8, 0, 6, 96, 0.0, 0.06666666666666667, 1
0, 0, 0, 0.7441274978168698, 69, 2.509090909090909, 1.0, 1.0, 3, 6, 0.03636363636363636, 0.0, 130, 43, 1, 0, 6, 89, 0.0, 0.09302325581395349, 1
0, 0, 0, 1.0, 109, 0.9909090909090909, 1.0, 1.0, 1, 0, 0.00909090909090909, 0.0, 132, 35, 1, 0, 6, 67, 0.08571428571428572, 0.11428571428571428, 1
0, 0, 0, 1.0, 109, 0.9909090909090909, 1.0, 1.0, 1, 0, 0.00909090909090909, 0.0, 134, 5, 1, 0, 6, 38, 0.0, 0.0, 1
0, 0, 0, 1.0, 109, 0.9909090909090909, 1.0, 1.0, 1, 0, 0.00909090909090909, 0.0, 222, 5, 1, 0, 26, 56, 0.0, 0.0, 1
0, 0, 1, 1.0, 109, 0.9909090909090909, 0.2818181818181818, 1.0, 1, 0, 0.00909090909090909, 0.0, 276, 33, 1, 0, 34, 79, 0.030303030303030304, 0.18181818181818182, 1
0, 0, 0, 1.0, 109, 0.9909090909090909, 1.0, 1.0, 1, 0, 0.00909090909090909, 0.0, 280, 27, 1, 0, 6, 82, 0.0, 0.18518518518518517, 1
0, 0, 0, 1.0, 109, 0.9909090909090909, 1.0, 1.0, 1, 0, 0.00909090909090909, 0.0, 118, 5, 1, 0, 6, 49, 0.0, 0.0, 1
0, 0, 0, 1.0, 109, 0.9909090909090909, 1.0, 1.0, 1, 0, 0.00909090909090909, 0.0, 122, 5, 1, 0, 6, 45, 0.0, 0.0, 1
0, 1, 0, 0.055513939435704165, 11, 1.7, 1.0, 0.9999636933193502, 6, 13, 0.15454545454545454, 0.05, 317, 761, 1, 0, 12, 192, 0.0, 0.017082785808147174, 1
0, 0, 0, 1.0, 109, 0.9909090909090909, 1.0, 1.0, 1, 0, 0.00909090909090909, 0.0, 285, 5, 0, 0, 2, 34, 0.0, 0.0, 1
0, 0, 0, 1.0, 109, 0.9909090909090909, 1.0, 1.0, 1, 0, 0.00909090909090909, 0.0, 121, 5, 1, 0, 6, 42, 0.0, 0.0, 1
0, 0, 0, 0.7121729812612942, 61, 1.1090909090909091, 1.0, 1.0, 2, 6, 0.01818181818181818, 0.0, 316, 37, 1, 0, 6, 75, 0.0, 0.1891891891891892, 1
0, 0, 0, 1.0, 109, 0.9909090909090909, 1.0, 1.0, 1, 0, 0.00909090909090909, 0.0, 318, 45, 1, 0, 6, 86, 0.0, 0.2, 1
0, 0, 0, 0.7121729812612942, 61, 2.772727272727273, 1.0, 1.0, 3, 6, 0.045454545454545456, 0.0, 138, 61, 2, 0, 6, 132, 0.01639344262295082, 0.16393442622950818, 1
0, 0, 0, 1.0, 109, 0.9909090909090909, 1.0, 1.0, 1, 0, 0.00909090909090909, 0.0, 240, 43, 1, 0, 6, 107, 0.0, 0.09302325581395349, 1
0, 0, 0, 1.0, 109, 0.9909090909090909, 1.0, 1.0, 1, 0, 0.00909090909090909, 0.0, 243, 73, 1, 0, 27, 118, 0.0, 0.136986301369863, 1
0, 0, 0, 0.7121729812612942, 61, 2.772727272727273, 1.0, 1.0, 3, 6, 0.045454545454545456, 0.0, 244, 79, 1, 0, 6, 113, 0.08860759493670886, 0.10126582278481013, 1
0, 0, 0, 1.0, 109, 0.9909090909090909, 1.0, 1.0, 1, 0, 0.00909090909090909, 0.0, 238, 35, 1, 0, 6, 119, 0.0, 0.17142857142857143, 1
0, 0, 0, 1.0, 109, 0.9909090909090909, 1.0, 1.0, 1, 0, 0.00909090909090909, 0.0, 242, 27, 1, 0, 27, 97, 0.0, 0.14814814814814814, 1
0, 0, 0, 1.0, 109, 0.9909090909090909, 1.0, 1.0, 1, 0, 0.00909090909090909, 0.0, 245, 31, 1, 0, 27, 108, 0.0, 0.12903225806451613, 1
0, 0, 0, 1.0, 109, 0.9909090909090909, 1.0, 1.0, 1, 0, 0.00909090909090909, 0.0, 247, 31, 1, 0, 27, 118, 0.0, 0.12903225806451613, 1
0, 0, 0, 1.0, 109, 0.9909090909090909, 1.0, 1.0, 1, 0, 0.00909090909090909, 0.0, 246, 29, 1, 0, 6, 93, 0.0, 0.13793103448275862, 1
0, 0, 0, 1.0, 109, 0.9909090909090909, 1.0, 1.0, 1, 0, 0.00909090909090909, 0.0, 241, 63, 1, 0, 27, 77, 0.12698412698412698, 0.06349206349206349, 1
0, 0, 0, 1.0, 109, 0.9909090909090909, 1.0, 1.0, 1, 0, 0.00909090909090909, 0.0, 239, 47, 1, 0, 27, 116, 0.0, 0.14893617021276595, 1
0, 0, 0, 1.0, 109, 0.9909090909090909, 1.0, 1.0, 1, 0, 0.00909090909090909, 0.0, 132, 31, 1, 0, 6, 66, 0.0967741935483871, 0.12903225806451613, 1
0, 0, 0, 0.7441274978168698, 69, 2.509090909090909, 1.0, 1.0, 3, 6, 0.03636363636363636, 0.0, 139, 151, 5, 0, 6, 112, 0.026490066225165563, 0.11920529801324503, 1
0, 0, 0, 0.7441274978168698, 69, 2.509090909090909, 1.0, 1.0, 3, 6, 0.03636363636363636, 0.0, 140, 59, 1, 0, 6, 142, 0.0, 0.1016949152542373, 1
0, 0, 0, 0.7121729812612942, 61, 2.772727272727273, 1.0, 1.0, 3, 6, 0.045454545454545456, 0.0, 141, 149, 1, 0, 6, 142, 0.053691275167785234, 0.11409395973154363, 1
0, 0, 0, 0.6252499269276297, 55, 1.0, 1.0, 1.0, 2, 6, 0.01818181818181818, 0.0, 142, 27, 1, 0, 6, 101, 0.0, 0.18518518518518517, 1
0, 0, 0, 1.0, 109, 0.9909090909090909, 1.0, 1.0, 1, 0, 0.00909090909090909, 0.0, 145, 61, 1, 0, 6, 111, 0.01639344262295082, 0.13114754098360656, 1
0, 0, 0, 1.0, 109, 0.9909090909090909, 1.0, 1.0, 1, 0, 0.00909090909090909, 0.0, 144, 53, 5, 0, 14, 79, 0.07547169811320754, 0.018867924528301886, 1
0, 0, 0, 0.6252499269276297, 55, 2.0, 1.0, 1.0, 3, 6, 0.03636363636363636, 0.0, 143, 129, 1, 0, 6, 104, 0.09302325581395349, 0.06976744186046512, 1
0, 0, 0, 0.7441307793347017, 70, 3.181818181818182, 1.0, 1.0, 3, 6, 0.045454545454545456, 0.0, 248, 57, 1, 0, 6, 74, 0.017543859649122806, 0.10526315789473684, 1
0, 0, 0, 1.0, 109, 0.9909090909090909, 1.0, 1.0, 1, 0, 0.00909090909090909, 0.0, 147, 47, 1, 0, 6, 97, 0.02127659574468085, 0.06382978723404255, 1
0, 0, 0, 1.0, 109, 0.9909090909090909, 1.0, 1.0, 1, 0, 0.00909090909090909, 0.0, 146, 5, 1, 0, 6, 48, 0.0, 0.0, 1
0, 0, 0, 0.7441274978168698, 69, 2.509090909090909, 1.0, 1.0, 3, 6, 0.03636363636363636, 0.0, 150, 45, 1, 0, 6, 118, 0.0, 0.1111111111111111, 1
0, 0, 0, 0.7121729812612942, 61, 2.772727272727273, 1.0, 1.0, 3, 6, 0.045454545454545456, 0.0, 235, 67, 2, 0, 6, 120, 0.014925373134328358, 0.1044776119402985, 1
0, 0, 0, 0.7441274978168698, 69, 2.509090909090909, 1.0, 1.0, 3, 6, 0.03636363636363636, 0.0, 149, 39, 1, 0, 6, 118, 0.0, 0.1282051282051282, 1
0, 0, 0, 1.0, 109, 0.9909090909090909, 1.0, 1.0, 1, 0, 0.00909090909090909, 0.0, 148, 21, 3, 0, 1, 78, 0.0, 0.0, 1
0, 0, 0, 0.7441274978168698, 69, 3.1363636363636362, 1.0, 1.0, 3, 6, 0.045454545454545456, 0.0, 151, 87, 1, 0, 6, 134, 0.0, 0.13793103448275862, 1
0, 0, 0, 1.0, 109, 0.9909090909090909, 1.0, 1.0, 1, 0, 0.00909090909090909, 0.0, 152, 15, 2, 0, 1, 87, 0.0, 0.0, 1
0, 0, 0, 1.0, 109, 0.9909090909090909, 1.0, 1.0, 1, 0, 0.00909090909090909, 0.0, 153, 29, 1, 0, 6, 95, 0.0, 0.2413793103448276, 1
0, 0, 0, 1.0, 109, 0.9909090909090909, 1.0, 1.0, 1, 0, 0.00909090909090909, 0.0, 256, 1, 0, 0, 2, 44, 0.0, 0.0, 7
0, 0, 0, 1.0, 109, 0.9909090909090909, 1.0, 1.0, 1, 0, 0.00909090909090909, 0.0, 251, 1, 0, 0, 2, 44, 0.0, 0.0, 7
0, 0, 0, 1.0, 109, 0.9909090909090909, 1.0, 1.0, 1, 0, 0.00909090909090909, 0.0, 250, 1, 0, 0, 2, 46, 0.0, 0.0, 7
0, 0, 0, 1.0, 109, 0.9909090909090909, 1.0, 1.0, 1, 0, 0.00909090909090909, 0.0, 255, 1, 0, 0, 2, 71, 0.0, 0.0, 7
0, 0, 0, 1.0, 109, 0.9909090909090909, 1.0, 1.0, 1, 0, 0.00909090909090909, 0.0, 253, 1, 0, 0, 2, 44, 0.0, 0.0, 7
0, 0, 0, 1.0, 109, 0.9909090909090909, 1.0, 1.0, 1, 0, 0.00909090909090909, 0.0, 254, 1, 0, 0, 2, 71, 0.0, 0.0, 7
0, 0, 0, 1.0, 109, 0.9909090909090909, 1.0, 1.0, 1, 0, 0.00909090909090909, 0.0, 252, 1, 0, 0, 2, 43, 0.0, 0.0, 7
0, 0, 0, 0.7121729812612942, 61, 1.1090909090909091, 1.0, 1.0, 2, 6, 0.01818181818181818, 0.0, 300, 13, 2, 0, 1, 98, 0.0, 0.07692307692307693, 7
0, 0, 0, 1.0, 109, 0.9909090909090909, 1.0, 1.0, 1, 0, 0.00909090909090909, 0.0, 254, 5, 0, 0, 2, 70, 0.0, 0.0, 7
0, 0, 0, 1.0, 109, 0.9909090909090909, 1.0, 1.0, 1, 0, 0.00909090909090909, 0.0, 255, 5, 0, 0, 2, 70, 0.0, 0.0, 7
0, 0, 0, 1.0, 109, 0.9909090909090909, 1.0, 1.0, 1, 0, 0.00909090909090909, 0.0, 256, 5, 0, 0, 2, 46, 0.0, 0.0, 7
0, 0, 0, 1.0, 109, 0.9909090909090909, 1.0, 1.0, 1, 0, 0.00909090909090909, 0.0, 251, 5, 0, 0, 2, 46, 0.0, 0.0, 7
0, 0, 0, 1.0, 109, 0.9909090909090909, 1.0, 1.0, 1, 0, 0.00909090909090909, 0.0, 250, 5, 0, 0, 2, 48, 0.0, 0.0, 7
0, 0, 0, 1.0, 109, 0.9909090909090909, 1.0, 1.0, 1, 0, 0.00909090909090909, 0.0, 252, 5, 0, 0, 2, 45, 0.0, 0.0, 7
0, 0, 0, 1.0, 109, 0.9909090909090909, 1.0, 1.0, 1, 0, 0.00909090909090909, 0.0, 253, 5, 0, 0, 2, 46, 0.0, 0.0, 7
0, 0, 0, 1.0, 109, 0.9909090909090909, 1.0, 1.0, 1, 0, 0.00909090909090909, 0.0, 301, 5, 1, 0, 7, 60, 0.2, 0.2, 7
0, 0, 0, 0.7121729812612942, 61, 1.1090909090909091, 1.0, 1.0, 2, 6, 0.01818181818181818, 0.0, 262, 5, 0, 0, 2, 109, 0.0, 0.0, 7
0, 0, 1, 1.0, 109, 0.9909090909090909, 0.43636363636363634, 1.0, 1, 0, 0.00909090909090909, 0.0, 261, 5, 0, 0, 2, 90, 0.0, 0.0, 7
0, 0, 1, 1.0, 109, 0.9909090909090909, 0.43636363636363634, 1.0, 1, 0, 0.00909090909090909, 0.0, 258, 5, 0, 0, 2, 118, 0.0, 0.0, 7
0, 0, 0, 0.7121729812612942, 61, 1.1090909090909091, 1.0, 1.0, 2, 6, 0.01818181818181818, 0.0, 257, 5, 0, 0, 2, 111, 0.0, 0.0, 7
0, 0, 1, 1.0, 109, 0.9909090909090909, 0.43636363636363634, 1.0, 1, 0, 0.00909090909090909, 0.0, 259, 5, 0, 0, 2, 92, 0.0, 0.0, 7
0, 0, 1, 1.0, 109, 0.9909090909090909, 0.43636363636363634, 1.0, 1, 0, 0.00909090909090909, 0.0, 260, 5, 0, 0, 2, 116, 0.0, 0.0, 7
0, 0, 0, 1.0, 109, 0.9909090909090909, 1.0, 1.0, 1, 0, 0.00909090909090909, 0.0, 255, 15, 0, 0, 2, 110, 0.0, 0.13333333333333333, 7
0, 0, 0, 1.0, 109, 0.9909090909090909, 1.0, 1.0, 1, 0, 0.00909090909090909, 0.0, 265, 5, 1, 0, 31, 31, 0.0, 0.0, 7
0, 0, 0, 1.0, 109, 0.9909090909090909, 1.0, 1.0, 1, 0, 0.00909090909090909, 0.0, 253, 15, 0, 0, 2, 90, 0.0, 0.13333333333333333, 7
0, 0, 0, 1.0, 109, 0.9909090909090909, 1.0, 1.0, 1, 0, 0.00909090909090909, 0.0, 254, 15, 0, 0, 2, 110, 0.0, 0.13333333333333333, 7
0, 0, 0, 1.0, 109, 0.9909090909090909, 1.0, 1.0, 1, 0, 0.00909090909090909, 0.0, 256, 15, 0, 0, 2, 90, 0.0, 0.13333333333333333, 7
0, 0, 0, 1.0, 109, 0.9909090909090909, 1.0, 1.0, 1, 0, 0.00909090909090909, 0.0, 252, 15, 0, 0, 2, 89, 0.0, 0.13333333333333333, 7
0, 0, 0, 1.0, 109, 0.9909090909090909, 1.0, 1.0, 1, 0, 0.00909090909090909, 0.0, 251, 15, 0, 0, 2, 90, 0.0, 0.13333333333333333, 7
0, 0, 0, 1.0, 109, 0.9909090909090909, 1.0, 1.0, 1, 0, 0.00909090909090909, 0.0, 264, 17, 1, 0, 30, 66, 0.058823529411764705, 0.11764705882352941, 7
0, 0, 0, 1.0, 109, 0.9909090909090909, 1.0, 1.0, 1, 0, 0.00909090909090909, 0.0, 263, 9, 0, 0, 2, 86, 0.0, 0.0, 7
0, 0, 0, 1.0, 109, 0.9909090909090909, 1.0, 1.0, 1, 0, 0.00909090909090909, 0.0, 250, 15, 0, 0, 2, 92, 0.0, 0.13333333333333333, 7
0, 0, 0, 1.0, 109, 0.9909090909090909, 1.0, 1.0, 1, 0, 0.00909090909090909, 0.0, 266, 9, 0, 0, 2, 84, 0.0, 0.0, 7
0, 0, 0, 1.0, 109, 0.9909090909090909, 1.0, 1.0, 1, 0, 0.00909090909090909, 0.0, 165, 5, 1, 0, 7, 46, 0.0, 0.0, 2
0, 0, 0, 1.0, 109, 0.9909090909090909, 1.0, 1.0, 1, 0, 0.00909090909090909, 0.0, 159, 5, 1, 0, 7, 46, 0.0, 0.0, 2
0, 0, 0, 1.0, 109, 0.9909090909090909, 1.0, 1.0, 1, 0, 0.00909090909090909, 0.0, 158, 5, 1, 0, 7, 32, 0.0, 0.0, 2
0, 0, 0, 1.0, 109, 0.9909090909090909, 1.0, 1.0, 1, 0, 0.00909090909090909, 0.0, 156, 5, 1, 0, 6, 44, 0.0, 0.0, 2
0, 0, 0, 1.0, 109, 0.9909090909090909, 1.0, 1.0, 1, 0, 0.00909090909090909, 0.0, 155, 5, 1, 0, 7, 46, 0.0, 0.0, 2
0, 0, 0, 1.0, 109, 0.9909090909090909, 1.0, 1.0, 1, 0, 0.00909090909090909, 0.0, 157, 5, 1, 0, 7, 32, 0.0, 0.0, 2
0, 0, 0, 1.0, 109, 0.9909090909090909, 1.0, 1.0, 1, 0, 0.00909090909090909, 0.0, 161, 5, 1, 0, 7, 32, 0.0, 0.0, 2
0, 0, 0, 1.0, 109, 0.9909090909090909, 1.0, 1.0, 1, 0, 0.00909090909090909, 0.0, 160, 5, 1, 0, 7, 34, 0.0, 0.0, 2
0, 0, 0, 1.0, 109, 0.9909090909090909, 1.0, 1.0, 1, 0, 0.00909090909090909, 0.0, 163, 5, 1, 0, 7, 32, 0.0, 0.0, 2
0, 0, 0, 1.0, 109, 0.9909090909090909, 1.0, 1.0, 1, 0, 0.00909090909090909, 0.0, 164, 5, 1, 0, 7, 46, 0.0, 0.0, 2
0, 0, 0, 1.0, 109, 0.9909090909090909, 1.0, 1.0, 1, 0, 0.00909090909090909, 0.0, 154, 5, 1, 0, 7, 46, 0.0, 0.0, 2
0, 0, 0, 1.0, 109, 0.9909090909090909, 1.0, 1.0, 1, 0, 0.00909090909090909, 0.0, 162, 5, 1, 0, 7, 32, 0.0, 0.0, 2
0, 0, 0, 1.0, 109, 0.9909090909090909, 1.0, 1.0, 1, 0, 0.00909090909090909, 0.0, 167, 27, 1, 0, 6, 71, 0.037037037037037035, 0.14814814814814814, 3
0, 0, 0, 1.0, 109, 0.9909090909090909, 1.0, 1.0, 1, 0, 0.00909090909090909, 0.0, 291, 23, 0, 0, 2, 88, 0.0, 0.13043478260869565, 3
0, 1, 0, 0.0, 0, 0.0, 3.0, 0.8039524949350934, 14, 6, 2.0090909090909093, 0.65, 231, 5, 1, 0, 6, 59, 0.0, 0.0, 3
0, 0, 0, 1.0, 109, 0.9909090909090909, 1.0, 1.0, 1, 0, 0.00909090909090909, 0.0, 168, 33, 1, 0, 15, 91, 0.030303030303030304, 0.09090909090909091, 3
0, 0, 0, 0.29863232029194525, 40, 1.8181818181818183, 1.0, 0.9999999999999915, 3, 6, 0.045454545454545456, 0.0, 291, 101, 0, 0, 2, 151, 0.0, 0.09900990099009901, 3
0, 0, 0, 1.0, 109, 0.9909090909090909, 1.0, 1.0, 1, 0, 0.00909090909090909, 0.0, 281, 7, 0, 0, 2, 53, 0.0, 0.2857142857142857, 3
0, 0, 0, 1.0, 109, 0.9909090909090909, 1.0, 1.0, 1, 0, 0.00909090909090909, 0.0, 176, 17, 1, 0, 1, 67, 0.11764705882352941, 0.11764705882352941, 4
0, 0, 0, 1.0, 109, 0.9909090909090909, 1.0, 1.0, 1, 0, 0.00909090909090909, 0.0, 172, 15, 1, 0, 1, 64, 0.13333333333333333, 0.13333333333333333, 4
0, 0, 0, 1.0, 109, 0.9909090909090909, 1.0, 1.0, 1, 0, 0.00909090909090909, 0.0, 171, 11, 1, 0, 1, 34, 0.0, 0.0, 4
0, 0, 0, 1.0, 109, 0.9909090909090909, 1.0, 1.0, 1, 0, 0.00909090909090909, 0.0, 170, 13, 1, 0, 6, 58, 0.0, 0.07692307692307693, 4
0, 0, 0, 1.0, 109, 0.9909090909090909, 1.0, 1.0, 1, 0, 0.00909090909090909, 0.0, 175, 5, 0, 0, 2, 25, 0.0, 0.0, 4
0, 0, 0, 1.0, 109, 0.9909090909090909, 1.0, 1.0, 1, 0, 0.00909090909090909, 0.0, 173, 7, 0, 0, 2, 51, 0.0, 0.0, 4
0, 0, 0, 1.0, 109, 0.9909090909090909, 1.0, 1.0, 1, 0, 0.00909090909090909, 0.0, 174, 11, 0, 0, 2, 37, 0.0, 0.0, 4
0, 0, 1, 1.0, 109, 0.9909090909090909, 0.6272727272727273, 1.0, 1, 0, 0.00909090909090909, 0.0, 292, 5, 1, 0, 37, 41, 0.0, 0.0, 4
0, 0, 1, 1.0, 109, 0.9909090909090909, 0.6272727272727273, 1.0, 1, 0, 0.00909090909090909, 0.0, 181, 41, 1, 0, 16, 138, 0.07317073170731707, 0.1951219512195122, 4
0, 0, 1, 1.0, 109, 0.9909090909090909, 0.6272727272727273, 1.0, 1, 0, 0.00909090909090909, 0.0, 177, 5, 1, 0, 1, 64, 0.2, 0.0, 4
0, 0, 1, 1.0, 109, 0.9909090909090909, 0.6272727272727273, 1.0, 1, 0, 0.00909090909090909, 0.0, 179, 11, 1, 0, 17, 54, 0.0, 0.09090909090909091, 4
0, 0, 1, 1.0, 109, 0.9909090909090909, 0.6272727272727273, 1.0, 1, 0, 0.00909090909090909, 0.0, 182, 5, 1, 0, 16, 98, 0.0, 0.0, 4
0, 0, 1, 1.0, 109, 0.9909090909090909, 0.6272727272727273, 1.0, 1, 0, 0.00909090909090909, 0.0, 180, 17, 1, 0, 17, 86, 0.0, 0.058823529411764705, 4
0, 0, 1, 1.0, 109, 0.9909090909090909, 0.6272727272727273, 1.0, 1, 0, 0.00909090909090909, 0.0, 178, 5, 1, 0, 16, 66, 0.0, 0.0, 4
0, 0, 1, 1.0, 109, 0.9909090909090909, 0.6272727272727273, 1.0, 1, 0, 0.00909090909090909, 0.0, 293, 77, 1, 0, 19, 115, 0.12987012987012986, 0.11688311688311688, 4
0, 0, 0, 1.0, 109, 0.9909090909090909, 1.0, 1.0, 1, 0, 0.00909090909090909, 0.0, 189, 5, 0, 0, 2, 52, 0.0, 0.2, 4
0, 0, 0, 1.0, 109, 0.9909090909090909, 1.0, 1.0, 1, 0, 0.00909090909090909, 0.0, 187, 5, 0, 0, 2, 30, 0.0, 0.2, 4
0, 0, 0, 1.0, 109, 0.9909090909090909, 1.0, 1.0, 1, 0, 0.00909090909090909, 0.0, 232, 31, 1, 0, 6, 89, 0.0967741935483871, 0.16129032258064516, 4
0, 0, 0, 1.0, 109, 0.9909090909090909, 1.0, 1.0, 1, 0, 0.00909090909090909, 0.0, 190, 5, 0, 0, 2, 44, 0.0, 0.2, 4
0, 0, 0, 1.0, 109, 0.9909090909090909, 1.0, 1.0, 1, 0, 0.00909090909090909, 0.0, 275, 5, 0, 0, 2, 46, 0.0, 0.2, 4
0, 0, 1, 1.0, 109, 0.9909090909090909, 0.6272727272727273, 1.0, 1, 0, 0.00909090909090909, 0.0, 188, 5, 0, 0, 2, 42, 0.0, 0.2, 4
0, 0, 1, 0.7441274978168698, 69, 2.509090909090909, 0.6272727272727273, 1.0, 3, 6, 0.03636363636363636, 0.0, 294, 111, 1, 0, 2, 128, 0.09009009009009009, 0.11711711711711711, 4
0, 0, 0, 1.0, 109, 0.9909090909090909, 1.0, 1.0, 1, 0, 0.00909090909090909, 0.0, 184, 5, 0, 0, 2, 36, 0.0, 0.2, 4
0, 0, 1, 0.7441274978168698, 69, 2.509090909090909, 0.6272727272727273, 1.0, 3, 6, 0.03636363636363636, 0.0, 183, 45, 2, 1, 1, 128, 0.022222222222222223, 0.06666666666666667, 4
0, 0, 1, 1.0, 109, 0.9909090909090909, 0.6272727272727273, 1.0, 1, 0, 0.00909090909090909, 0.0, 186, 13, 2, 0, 18, 69, 0.0, 0.15384615384615385, 4
0, 0, 1, 1.0, 109, 0.9909090909090909, 0.6272727272727273, 1.0, 1, 0, 0.00909090909090909, 0.0, 233, 71, 1, 0, 29, 146, 0.11267605633802817, 0.1267605633802817, 4
0, 0, 0, 0.7441274978168698, 69, 2.509090909090909, 1.0, 1.0, 3, 6, 0.03636363636363636, 0.0, 197, 35, 3, 0, 6, 108, 0.0, 0.05714285714285714, 4
0, 0, 0, 1.0, 109, 0.9909090909090909, 1.0, 1.0, 1, 0, 0.00909090909090909, 0.0, 195, 19, 1, 0, 6, 76, 0.0, 0.10526315789473684, 4
0, 0, 0, 1.0, 109, 0.9909090909090909, 1.0, 1.0, 1, 0, 0.00909090909090909, 0.0, 196, 17, 0, 0, 2, 73, 0.0, 0.11764705882352941, 4
0, 0, 0, 0.7441274978168698, 69, 2.509090909090909, 1.0, 1.0, 3, 6, 0.03636363636363636, 0.0, 223, 63, 1, 0, 26, 101, 0.015873015873015872, 0.12698412698412698, 4
0, 0, 0, 1.0, 109, 0.9909090909090909, 1.0, 1.0, 1, 0, 0.00909090909090909, 0.0, 224, 33, 4, 0, 27, 124, 0.3333333333333333, 0.06060606060606061, 4
0, 0, 0, 1.0, 109, 0.9909090909090909, 1.0, 1.0, 1, 0, 0.00909090909090909, 0.0, 267, 39, 0, 0, 2, 94, 0.10256410256410256, 0.20512820512820512, 4
0, 0, 0, 0.7441274978168698, 69, 2.509090909090909, 1.0, 1.0, 3, 6, 0.03636363636363636, 0.0, 226, 71, 0, 0, 2, 107, 0.07042253521126761, 0.15492957746478872, 4
0, 0, 0, 1.0, 109, 0.9909090909090909, 1.0, 1.0, 1, 0, 0.00909090909090909, 0.0, 200, 5, 0, 0, 2, 64, 0.4, 0.0, 4
0, 0, 0, 1.0, 109, 0.9909090909090909, 1.0, 1.0, 1, 0, 0.00909090909090909, 0.0, 198, 5, 0, 0, 2, 64, 0.4, 0.0, 4
0, 0, 0, 1.0, 109, 0.9909090909090909, 1.0, 1.0, 1, 0, 0.00909090909090909, 0.0, 199, 5, 1, 0, 21, 41, 0.6, 0.0, 4
0, 0, 0, 0.7441274978168698, 69, 2.509090909090909, 1.0, 1.0, 3, 6, 0.03636363636363636, 0.0, 202, 33, 4, 0, 22, 129, 0.030303030303030304, 0.030303030303030304, 4
0, 0, 0, 1.0, 109, 0.9909090909090909, 1.0, 1.0, 1, 0, 0.00909090909090909, 0.0, 201, 27, 3, 0, 1, 129, 0.0, 0.037037037037037035, 4
0, 0, 0, 1.0, 109, 0.9909090909090909, 1.0, 1.0, 1, 0, 0.00909090909090909, 0.0, 295, 23, 1, 0, 27, 91, 0.0, 0.043478260869565216, 4
0, 0, 0, 1.0, 109, 0.9909090909090909, 1.0, 1.0, 1, 0, 0.00909090909090909, 0.0, 204, 13, 1, 0, 23, 58, 0.0, 0.3076923076923077, 4
0, 0, 0, 1.0, 109, 0.9909090909090909, 1.0, 1.0, 1, 0, 0.00909090909090909, 0.0, 203, 13, 1, 0, 23, 64, 0.0, 0.3076923076923077, 4
0, 0, 0, 0.7441274978168698, 69, 2.509090909090909, 1.0, 1.0, 3, 6, 0.03636363636363636, 0.0, 207, 17, 2, 0, 6, 112, 0.0, 0.058823529411764705, 4
0, 0, 1, 1.0, 109, 0.9909090909090909, 0.6, 1.0, 1, 0, 0.00909090909090909, 0.0, 302, 9, 1, 0, 6, 111, 0.0, 0.1111111111111111, 4
0, 0, 0, 0.7441274978168698, 69, 2.509090909090909, 1.0, 1.0, 3, 6, 0.03636363636363636, 0.0, 249, 43, 1, 0, 6, 118, 0.0, 0.16279069767441862, 4
0, 0, 0, 1.0, 109, 0.9909090909090909, 1.0, 1.0, 1, 0, 0.00909090909090909, 0.0, 205, 43, 2, 0, 6, 66, 0.046511627906976744, 0.06976744186046512, 4
0, 0, 0, 0.7441274978168698, 69, 2.509090909090909, 1.0, 1.0, 3, 6, 0.03636363636363636, 0.0, 206, 17, 2, 0, 6, 104, 0.0, 0.11764705882352941, 4
0, 0, 1, 0.7441274978168698, 69, 2.509090909090909, 0.6272727272727273, 1.0, 3, 6, 0.03636363636363636, 0.0, 325, 31, 0, 0, 2, 149, 0.0, 0.03225806451612903, 4
0, 0, 1, 1.0, 109, 0.9909090909090909, 0.6272727272727273, 1.0, 1, 0, 0.00909090909090909, 0.0, 182, 27, 1, 0, 16, 107, 0.0, 0.037037037037037035, 4
0, 0, 1, 0.7121729812612942, 61, 2.772727272727273, 0.6272727272727273, 1.0, 3, 6, 0.045454545454545456, 0.0, 326, 29, 0, 0, 2, 126, 0.10344827586206896, 0.06896551724137931, 4
0, 0, 1, 1.0, 109, 0.9909090909090909, 0.6272727272727273, 1.0, 1, 0, 0.00909090909090909, 0.0, 178, 5, 1, 0, 16, 42, 0.0, 0.0, 4
0, 0, 1, 0.7121729812612942, 61, 2.772727272727273, 0.6272727272727273, 1.0, 3, 6, 0.045454545454545456, 0.0, 327, 73, 0, 0, 2, 105, 0.1780821917808219, 0.0547945205479452, 4
0, 0, 1, 1.0, 109, 0.9909090909090909, 0.6272727272727273, 1.0, 1, 0, 0.00909090909090909, 0.0, 177, 5, 1, 0, 1, 60, 0.0, 0.0, 4
0, 0, 1, 1.0, 109, 0.9909090909090909, 0.6272727272727273, 1.0, 1, 0, 0.00909090909090909, 0.0, 181, 5, 1, 0, 16, 134, 0.0, 0.0, 4
0, 0, 0, 0.7441274978168698, 69, 2.509090909090909, 1.0, 1.0, 3, 6, 0.03636363636363636, 0.0, 209, 13, 0, 0, 2, 74, 0.0, 0.0, 4
0, 0, 0, 1.0, 109, 0.9909090909090909, 1.0, 1.0, 1, 0, 0.00909090909090909, 0.0, 165, 13, 1, 0, 7, 46, 0.07692307692307693, 0.07692307692307693, 5
0, 0, 0, 1.0, 109, 0.9909090909090909, 1.0, 1.0, 1, 0, 0.00909090909090909, 0.0, 158, 11, 1, 0, 7, 44, 0.09090909090909091, 0.09090909090909091, 5
0, 0, 0, 1.0, 109, 0.9909090909090909, 1.0, 1.0, 1, 0, 0.00909090909090909, 0.0, 164, 13, 1, 0, 7, 46, 0.07692307692307693, 0.07692307692307693, 5
0, 0, 0, 1.0, 109, 0.9909090909090909, 1.0, 1.0, 1, 0, 0.00909090909090909, 0.0, 154, 13, 1, 0, 7, 46, 0.07692307692307693, 0.07692307692307693, 5
0, 0, 0, 1.0, 109, 0.9909090909090909, 1.0, 1.0, 1, 0, 0.00909090909090909, 0.0, 162, 11, 1, 0, 7, 44, 0.09090909090909091, 0.09090909090909091, 5
0, 0, 0, 1.0, 109, 0.9909090909090909, 1.0, 1.0, 1, 0, 0.00909090909090909, 0.0, 157, 11, 1, 0, 7, 44, 0.09090909090909091, 0.09090909090909091, 5
0, 0, 0, 0.7441274978168698, 69, 2.509090909090909, 1.0, 1.0, 3, 6, 0.03636363636363636, 0.0, 160, 13, 1, 0, 7, 38, 0.07692307692307693, 0.07692307692307693, 5
0, 0, 0, 1.0, 109, 0.9909090909090909, 1.0, 1.0, 1, 0, 0.00909090909090909, 0.0, 163, 11, 1, 0, 7, 44, 0.09090909090909091, 0.09090909090909091, 5
0, 0, 0, 1.0, 109, 0.9909090909090909, 1.0, 1.0, 1, 0, 0.00909090909090909, 0.0, 156, 31, 1, 0, 6, 75, 0.0, 0.1935483870967742, 5
0, 0, 0, 1.0, 109, 0.9909090909090909, 1.0, 1.0, 1, 0, 0.00909090909090909, 0.0, 210, 5, 0, 0, 2, 34, 0.0, 0.2, 5
0, 0, 0, 1.0, 109, 0.9909090909090909, 1.0, 1.0, 1, 0, 0.00909090909090909, 0.0, 159, 13, 1, 0, 7, 46, 0.07692307692307693, 0.07692307692307693, 5
0, 0, 0, 1.0, 109, 0.9909090909090909, 1.0, 1.0, 1, 0, 0.00909090909090909, 0.0, 161, 11, 1, 0, 7, 44, 0.09090909090909091, 0.09090909090909091, 5
0, 0, 0, 1.0, 109, 0.9909090909090909, 1.0, 1.0, 1, 0, 0.00909090909090909, 0.0, 155, 13, 1, 0, 7, 46, 0.07692307692307693, 0.07692307692307693, 5
0, 0, 1, 1.0, 109, 0.9909090909090909, 0.6272727272727273, 1.0, 1, 0, 0.00909090909090909, 0.0, 211, 9, 0, 0, 2, 60, 0.0, 0.1111111111111111, 6
0, 0, 1, 1.0, 109, 0.9909090909090909, 0.6272727272727273, 1.0, 1, 0, 0.00909090909090909, 0.0, 212, 65, 0, 0, 2, 152, 0.12307692307692308, 0.06153846153846154, 6
0, 0, 0, 0.9597442813608213, 98, 0.98989898989899, 0.9, 1.0, 1, 6, 0.010101010101010102, 0.0, 334, 21, 3, 0, 41, 89, 0.0, 0.14285714285714285, 0
0, 0, 0, 0.9597442813608213, 98, 0.98989898989899, 0.9, 1.0, 1, 6, 0.010101010101010102, 0.0, 335, 7, 1, 0, 0, 64, 0.0, 0.14285714285714285, 0
0, 0, 0, 0.7441274978168698, 69, 4.181818181818182, 0.9, 1.0, 2, 6, 0.06060606060606061, 0.0, 336, 31, 2, 0, 42, 160, 0.0, 0.0967741935483871, 1
0, 0, 0, 0.7441274978168698, 69, 3.4936708860759493, 0.7181818181818181, 1.0, 2, 6, 0.05063291139240506, 0.0, 276, 31, 1, 0, 34, 72, 0.03225806451612903, 0.16129032258064516, 0
0, 0, 1, 0.7440920038484837, 66, 1.8082191780821917, 0.01818181818181818, 1.0, 2, 6, 0.0273972602739726, 0.1, 337, 5, 0, 0, 2, 36, 0.0, 0.2, 0
0, 0, 0, 0.7440920038484837, 66, 1.8082191780821917, 0.6181818181818182, 1.0, 2, 6, 0.0273972602739726, 0.0, 154, 5, 1, 0, 7, 45, 0.2, 0.0, 2
0, 0, 0, 0.7440920038484837, 66, 1.8082191780821917, 0.6181818181818182, 1.0, 2, 6, 0.0273972602739726, 0.0, 159, 5, 1, 0, 7, 45, 0.2, 0.0, 2
0, 0, 0, 0.7440920038484837, 66, 1.8082191780821917, 0.6181818181818182, 1.0, 2, 6, 0.0273972602739726, 0.0, 157, 5, 1, 0, 7, 31, 0.2, 0.0, 2
0, 0, 0, 0.7440920038484837, 66, 1.8082191780821917, 0.6181818181818182, 1.0, 2, 6, 0.0273972602739726, 0.0, 160, 5, 1, 0, 7, 33, 0.2, 0.0, 2
0, 0, 0, 0.7440920038484837, 66, 1.8082191780821917, 0.6181818181818182, 1.0, 2, 6, 0.0273972602739726, 0.0, 163, 5, 1, 0, 7, 31, 0.2, 0.0, 2
0, 0, 0, 0.7440920038484837, 66, 1.8082191780821917, 0.6181818181818182, 1.0, 2, 6, 0.0273972602739726, 0.0, 158, 5, 1, 0, 7, 31, 0.2, 0.0, 2
0, 0, 0, 0.7440920038484837, 66, 1.8082191780821917, 0.6181818181818182, 1.0, 2, 6, 0.0273972602739726, 0.0, 155, 5, 1, 0, 7, 45, 0.2, 0.0, 2
0, 0, 0, 0.7440920038484837, 66, 1.8082191780821917, 0.6181818181818182, 1.0, 2, 6, 0.0273972602739726, 0.0, 161, 5, 1, 0, 7, 31, 0.2, 0.0, 2
0, 0, 0, 0.7440920038484837, 66, 1.8082191780821917, 0.6181818181818182, 1.0, 2, 6, 0.0273972602739726, 0.0, 164, 5, 1, 0, 7, 45, 0.2, 0.0, 2
0, 0, 0, 0.7440920038484837, 66, 1.8082191780821917, 0.6181818181818182, 1.0, 2, 6, 0.0273972602739726, 0.0, 165, 5, 1, 0, 7, 45, 0.2, 0.0, 2
0, 0, 0, 0.7440920038484837, 66, 1.8082191780821917, 0.6181818181818182, 1.0, 2, 6, 0.0273972602739726, 0.0, 162, 5, 1, 0, 7, 31, 0.2, 0.0, 2
0, 0, 0, 0.7440920038484837, 66, 1.8082191780821917, 0.6181818181818182, 1.0, 2, 6, 0.0273972602739726, 0.0, 156, 5, 1, 0, 6, 42, 0.0, 0.0, 2
0, 1, 0, 0.052416287057000535, 8, 0.7142857142857143, 0.509090909090909, 0.9986904007430599, 3, 6, 0.08928571428571429, 0.2, 338, 37, 2, 0, 43, 119, 0.05405405405405406, 0.08108108108108109, 1
0, 0, 0, 0.3508589490122112, 43, 0.9772727272727273, 0.4, 0.9999999999999432, 1, 6, 0.022727272727272728, 0.0, 339, 9, 1, 0, 6, 111, 0.0, 0.1111111111111111, 4
0, 1, 0, 0.0037741138403405627, 5, 0.853658536585366, 0.37272727272727274, 0.9999756869254327, 2, 6, 0.17073170731707318, 0.1, 234, 179, 0, 0, 2, 138, 0.10614525139664804, 0.11173184357541899, 4
1, 0, 1, 0.001831756647727286, 3, 0.8571428571428571, 0.01818181818181818, 0.9296875, 2, 6, 0.2857142857142857, 0.1, 340, 5, 0, 0, 2, 31, 0.0, 0.0, 0
1, 0, 1, 0.001831756647727286, 3, 0.8571428571428571, 0.01818181818181818, 0.9296875, 2, 6, 0.2857142857142857, 0.1, 341, 37, 1, 0, 44, 121, 0.02702702702702703, 0.10810810810810811, 0
1, 0, 1, 0.001831756647727286, 3, 0.8571428571428571, 0.01818181818181818, 0.9296875, 2, 6, 0.2857142857142857, 0.1, 342, 5, 1, 0, 45, 26, 0.0, 0.0, 0
1, 0, 1, 0.001831756647727286, 3, 0.8571428571428571, 0.01818181818181818, 0.9296875, 2, 6, 0.2857142857142857, 0.1, 343, 37, 0, 0, 2, 122, 0.05405405405405406, 0.16216216216216217, 0
1, 0, 1, 0.001831756647727286, 3, 0.8571428571428571, 0.01818181818181818, 0.9296875, 2, 6, 0.2857142857142857, 0.1, 344, 15, 1, 0, 32, 67, 0.06666666666666667, 0.2, 0
1, 0, 1, 0.001831756647727286, 3, 0.8571428571428571, 0.01818181818181818, 0.9296875, 2, 6, 0.2857142857142857, 0.1, 345, 27, 1, 0, 44, 123, 0.07407407407407407, 0.1111111111111111, 0
1, 0, 0, 0.00027912992496809477, 2, 0.6666666666666666, 0.02727272727272727, 0.875, 1, 6, 0.3333333333333333, 0.05, 346, 19, 2, 0, 6, 106, 0.0, 0.10526315789473684, 0
1, 0, 0, 0.00027912992496809477, 2, 0.6666666666666666, 0.02727272727272727, 0.875, 1, 6, 0.3333333333333333, 0.05, 347, 9, 1, 0, 1, 89, 0.0, 0.3333333333333333, 0
1, 0, 0, 0.00027912992496809477, 2, 0.6666666666666666, 0.02727272727272727, 0.875, 1, 6, 0.3333333333333333, 0.05, 348, 5, 0, 0, 2, 82, 0.0, 0.0, 0
1, 0, 0, 0.00027912992496809477, 2, 0.6666666666666666, 0.02727272727272727, 0.875, 1, 6, 0.3333333333333333, 0.05, 349, 5, 0, 0, 2, 85, 0.0, 0.0, 0
1, 0, 0, 0.00027912992496809477, 2, 0.6666666666666666, 0.02727272727272727, 0.875, 1, 6, 0.3333333333333333, 0.05, 350, 7, 0, 0, 2, 82, 0.0, 0.0, 0
1, 0, 1, 0.00027912992496809477, 2, 0.6666666666666666, 0.00909090909090909, 0.875, 1, 6, 0.3333333333333333, 0.05, 351, 29, 1, 0, 46, 98, 0.0, 0.10344827586206896, 0
1, 0, 1, 0.00027912992496809477, 2, 0.6666666666666666, 0.00909090909090909, 0.875, 1, 6, 0.3333333333333333, 0.05, 352, 31, 0, 0, 2, 166, 0.0, 0.16129032258064516, 0
1, 0, 0, 0.00027912992496809477, 2, 0.6666666666666666, 0.02727272727272727, 0.875, 1, 6, 0.3333333333333333, 0.05, 292, 5, 1, 0, 47, 46, 0.0, 0.0, 3
1, 0, 0, 0.00027912992496809477, 2, 0.6666666666666666, 0.02727272727272727, 0.875, 1, 6, 0.3333333333333333, 0.05, 292, 5, 1, 0, 47, 98, 0.0, 0.0, 3
1, 0, 0, 0.00011512100312383756, 1, 0.5, 0.01818181818181818, 0.75, 1, 6, 0.5, 0.05, 87, 5, 1, 0, 1, 68, 0.0, 0.0, 8
1, 0, 0, 0.00011512100312383756, 1, 0.5, 0.01818181818181818, 0.75, 1, 6, 0.5, 0.05, 86, 5, 1, 0, 1, 98, 0.0, 0.0, 8
1, 0, 0, 0.00011512100312383756, 1, 0.5, 0.01818181818181818, 0.75, 1, 6, 0.5, 0.05, 88, 45, 4, 0, 8, 152, 0.06666666666666667, 0.06666666666666667, 8
1, 0, 0, 0.00011512100312383756, 1, 0.5, 0.01818181818181818, 0.75, 1, 6, 0.5, 0.05, 93, 41, 0, 0, 2, 101, 0.12195121951219512, 0.12195121951219512, 8
1, 0, 0, 0.00011512100312383756, 1, 0.5, 0.01818181818181818, 0.75, 1, 6, 0.5, 0.05, 91, 77, 0, 0, 2, 70, 0.15584415584415584, 0.1038961038961039, 8
1, 0, 0, 0.00011512100312383756, 1, 0.5, 0.01818181818181818, 0.75, 1, 6, 0.5, 0.05, 92, 335, 1, 0, 12, 128, 0.13432835820895522, 0.18507462686567164, 8
1, 0, 0, 0.00011512100312383756, 1, 0.5, 0.01818181818181818, 0.75, 1, 6, 0.5, 0.05, 89, 27, 1, 0, 12, 116, 0.1111111111111111, 0.07407407407407407, 8
1, 0, 0, 0.00011512100312383756, 1, 0.5, 0.01818181818181818, 0.75, 1, 6, 0.5, 0.05, 123, 11, 0, 0, 2, 79, 0.0, 0.09090909090909091, 3
1, 0, 0, 0.00011512100312383756, 1, 0.5, 0.01818181818181818, 0.75, 1, 6, 0.5, 0.05, 3, 15, 2, 0, 1, 118, 0.13333333333333333, 0.06666666666666667, 3
1, 0, 0, 0.00011512100312383756, 1, 0.5, 0.01818181818181818, 0.75, 1, 6, 0.5, 0.05, 125, 63, 0, 0, 2, 126, 0.0, 0.1111111111111111, 3
1, 0, 0, 0.00011512100312383756, 1, 0.5, 0.01818181818181818, 0.75, 1, 6, 0.5, 0.05, 124, 85, 0, 0, 2, 98, 0.011764705882352941, 0.07058823529411765, 3
1, 0, 0, 0.00011512100312383756, 1, 0.5, 0.01818181818181818, 0.75, 1, 6, 0.5, 0.05, 126, 47, 0, 0, 2, 114, 0.0, 0.10638297872340426, 3
1, 0, 0, 0.00011512100312383756, 1, 0.5, 0.01818181818181818, 0.75, 1, 6, 0.5, 0.05, 127, 11, 0, 0, 2, 60, 0.0, 0.0, 3
1, 0, 0, 0.00011512100312383756, 1, 0.5, 0.01818181818181818, 0.75, 1, 6, 0.5, 0.05, 351, 29, 1, 0, 46, 98, 0.0, 0.10344827586206896, 3
1, 0, 0, 0.00011512100312383756, 1, 0.5, 0.01818181818181818, 0.75, 1, 6, 0.5, 0.05, 352, 31, 0, 0, 2, 166, 0.0, 0.16129032258064516, 3
1, 0, 0, 0.0, 0, 0.0, 0.00909090909090909, 0.5, 1, 6, 1.0, 0.05, 353, 5, 0, 0, 2, 104, 0.0, 0.2, 0
1, 0, 0, 0.0, 0, 0.0, 0.00909090909090909, 0.5, 1, 6, 1.0, 0.05, 354, 23, 3, 0, 48, 70, 0.0, 0.08695652173913043, 0
1, 0, 0, 0.0, 0, 0.0, 0.00909090909090909, 0.5, 1, 6, 1.0, 0.05, 292, 53, 4, 0, 47, 291, 0.0, 0.07547169811320754, 3
1, 0, 0, 0.0, 0, 0.0, 0.00909090909090909, 0.5, 1, 6, 1.0, 0.05, 291, 5, 0, 0, 2, 157, 0.0, 0.0, 3
