0, 0, 0, 0.9992953218626605, 98, 2.6727272727272724, 1.0, 1.0, 2, 6, 0.02727272727272727, 0.0, 305, 159, 0, 0, 2, 215, 0.09433962264150944, 0.08176100628930817, 0
0, 0, 0, 1.0, 109, 0.9909090909090909, 1.0, 1.0, 1, 15, 0.00909090909090909, 0.0, 1, 19, 1, 0, 1, 81, 0.0, 0.15789473684210525, 0
0, 0, 0, 0.9992953218626605, 98, 2.6727272727272724, 1.0, 1.0, 2, 6, 0.02727272727272727, 0.0, 395, 5, 1, 0, 1, 36, 0.0, 0.2, 0
0, 0, 0, 1.0, 109, 0.9909090909090909, 1.0, 1.0, 1, 15, 0.00909090909090909, 0.0, 192, 13, 0, 0, 2, 76, 0.0, 0.07692307692307693, 0
0, 0, 0, 1.0, 109, 0.9909090909090909, 1.0, 1.0, 1, 15, 0.00909090909090909, 0.0, 543, 5, 0, 0, 2, 77, 0.0, 0.0, 0
0, 0, 0, 1.0, 109, 0.9909090909090909, 1.0, 1.0, 1, 15, 0.00909090909090909, 0.0, 542, 13, 0, 0, 2, 117, 0.0, 0.0, 0
0, 0, 0, 0.5567087675948968, 41, 1.4909090909090907, 1.0, 0.9999999999999543, 2, 17, 0.03636363636363636, 0.0, 9, 15, 0, 0, 2, 133, 0.0, 0.06666666666666667, 0
0, 0, 0, 1.0, 109, 0.9909090909090909, 1.0, 1.0, 1, 15, 0.00909090909090909, 0.0, 5, 11, 1, 0, 0, 97, 0.0, 0.0, 0
0, 0, 0, 1.0, 109, 0.9909090909090909, 1.0, 1.0, 1, 15, 0.00909090909090909, 0.0, 6, 11, 1, 0, 4, 112, 0.0, 0.0, 0
0, 0, 0, 1.0, 109, 0.9909090909090909, 1.0, 1.0, 1, 15, 0.00909090909090909, 0.0, 476, 13, 2, 0, 6, 93, 0.0, 0.0, 0
0, 0, 0, 1.0, 109, 0.9909090909090909, 1.0, 1.0, 1, 15, 0.00909090909090909, 0.0, 284, 5, 0, 0, 2, 73, 0.0, 0.0, 0
0, 0, 0, 0.9992953218626605, 98, 3.5636363636363635, 1.0, 1.0, 2, 6, 0.03636363636363636, 0.0, 475, 11, 1, 0, 1, 112, 0.0, 0.2727272727272727, 0
0, 0, 0, 1.0, 109, 0.9909090909090909, 1.0, 1.0, 1, 15, 0.00909090909090909, 0.0, 4, 11, 1, 0, 3, 93, 0.0, 0.0, 0
0, 0, 0, 1.0, 109, 0.9909090909090909, 1.0, 1.0, 1, 15, 0.00909090909090909, 0.0, 343, 7, 0, 0, 2, 132, 0.0, 0.0, 0
0, 0, 0, 1.0, 109, 0.9909090909090909, 1.0, 1.0, 1, 15, 0.00909090909090909, 0.0, 108, 17, 0, 0, 2, 70, 0.0, 0.058823529411764705, 0
0, 0, 0, 0.9992953218626605, 98, 2.6727272727272724, 1.0, 1.0, 2, 6, 0.02727272727272727, 0.0, 96, 15, 0, 0, 2, 137, 0.2, 0.0, 0
0, 0, 0, 1.0, 109, 0.9909090909090909, 1.0, 1.0, 1, 15, 0.00909090909090909, 0.0, 122, 5, 1, 0, 6, 61, 0.0, 0.0, 0
0, 0, 0, 1.0, 109, 0.9909090909090909, 1.0, 1.0, 1, 15, 0.00909090909090909, 0.0, 287, 17, 0, 0, 2, 89, 0.0, 0.11764705882352941, 0
0, 0, 0, 1.0, 109, 0.9909090909090909, 1.0, 1.0, 1, 15, 0.00909090909090909, 0.0, 118, 5, 1, 0, 6, 65, 0.0, 0.0, 0
0, 0, 0, 1.0, 109, 0.9909090909090909, 1.0, 1.0, 1, 15, 0.00909090909090909, 0.0, 418, 21, 2, 0, 49, 126, 0.0, 0.0, 0
0, 0, 0, 1.0, 109, 0.9909090909090909, 1.0, 1.0, 1, 15, 0.00909090909090909, 0.0, 94, 53, 0, 0, 2, 122, 0.0, 0.0, 0
0, 0, 0, 1.0, 109, 0.9909090909090909, 1.0, 1.0, 1, 15, 0.00909090909090909, 0.0, 119, 13, 0, 0, 2, 52, 0.0, 0.0, 0
0, 0, 0, 1.0, 109, 0.9909090909090909, 1.0, 1.0, 1, 15, 0.00909090909090909, 0.0, 97, 5, 0, 0, 2, 46, 0.0, 0.0, 0
0, 0, 0, 1.0, 109, 0.9909090909090909, 1.0, 1.0, 1, 15, 0.00909090909090909, 0.0, 121, 5, 1, 0, 6, 58, 0.0, 0.0, 0
0, 0, 0, 1.0, 109, 0.9909090909090909, 1.0, 1.0, 1, 15, 0.00909090909090909, 0.0, 285, 5, 0, 0, 2, 50, 0.0, 0.0, 0
0, 0, 0, 1.0, 109, 0.9909090909090909, 1.0, 1.0, 1, 15, 0.00909090909090909, 0.0, 376, 13, 0, 0, 2, 115, 0.0, 0.0, 0
0, 0, 0, 1.0, 109, 0.9909090909090909, 1.0, 1.0, 1, 15, 0.00909090909090909, 0.0, 104, 23, 0, 0, 2, 112, 0.0, 0.043478260869565216, 0
0, 0, 0, 1.0, 109, 0.9909090909090909, 1.0, 1.0, 1, 15, 0.00909090909090909, 0.0, 111, 5, 0, 0, 2, 56, 0.0, 0.0, 0
0, 0, 0, 1.0, 109, 0.9909090909090909, 1.0, 1.0, 1, 15, 0.00909090909090909, 0.0, 286, 3, 0, 0, 2, 58, 0.0, 0.0, 0
0, 1, 0, 0.0, 0, 0.0, 13.0, 0.9998295916257983, 6, 6, 2.0090909090909093, 0.1, 219, 5, 1, 0, 1, 34, 0.0, 0.0, 0
0, 0, 0, 1.0, 109, 0.9909090909090909, 1.0, 1.0, 1, 15, 0.00909090909090909, 0.0, 378, 5, 0, 0, 2, 36, 0.0, 0.0, 11
0, 0, 0, 1.0, 109, 0.9909090909090909, 1.0, 1.0, 1, 15, 0.00909090909090909, 0.0, 379, 5, 1, 0, 50, 41, 0.0, 0.0, 11
0, 0, 0, 1.0, 109, 0.9909090909090909, 1.0, 1.0, 1, 15, 0.00909090909090909, 0.0, 256, 5, 0, 0, 2, 106, 0.0, 0.0, 11
0, 0, 0, 1.0, 109, 0.9909090909090909, 1.0, 1.0, 1, 15, 0.00909090909090909, 0.0, 254, 5, 0, 0, 2, 116, 0.0, 0.0, 11
0, 0, 0, 1.0, 109, 0.9909090909090909, 1.0, 1.0, 1, 15, 0.00909090909090909, 0.0, 250, 5, 0, 0, 2, 108, 0.0, 0.0, 11
0, 0, 0, 1.0, 109, 0.9909090909090909, 1.0, 1.0, 1, 15, 0.00909090909090909, 0.0, 251, 5, 0, 0, 2, 106, 0.0, 0.0, 11
0, 0, 0, 1.0, 109, 0.9909090909090909, 1.0, 1.0, 1, 15, 0.00909090909090909, 0.0, 255, 15, 0, 0, 2, 106, 0.0, 0.06666666666666667, 11
0, 0, 0, 1.0, 109, 0.9909090909090909, 1.0, 1.0, 1, 15, 0.00909090909090909, 0.0, 252, 5, 0, 0, 2, 105, 0.0, 0.0, 11
0, 0, 0, 0.7331322099915338, 46, 2.509090909090909, 1.0, 0.9999999999999984, 3, 15, 0.05454545454545454, 0.0, 253, 11, 0, 0, 2, 106, 0.0, 0.0, 11
0, 0, 0, 1.0, 109, 0.9909090909090909, 1.0, 1.0, 1, 15, 0.00909090909090909, 0.0, 380, 5, 0, 0, 2, 58, 0.0, 0.0, 11
0, 0, 0, 1.0, 109, 0.9909090909090909, 1.0, 1.0, 1, 15, 0.00909090909090909, 0.0, 309, 7, 1, 0, 38, 45, 0.0, 0.14285714285714285, 11
0, 0, 0, 1.0, 109, 0.9909090909090909, 1.0, 1.0, 1, 15, 0.00909090909090909, 0.0, 387, 5, 1, 0, 1, 28, 0.0, 0.0, 11
0, 0, 0, 1.0, 109, 0.9909090909090909, 1.0, 1.0, 1, 15, 0.00909090909090909, 0.0, 382, 5, 1, 0, 15, 37, 0.0, 0.0, 11
0, 0, 0, 1.0, 109, 0.9909090909090909, 1.0, 1.0, 1, 15, 0.00909090909090909, 0.0, 320, 7, 1, 0, 38, 64, 0.0, 0.14285714285714285, 11
0, 0, 0, 1.0, 109, 0.9909090909090909, 1.0, 1.0, 1, 15, 0.00909090909090909, 0.0, 308, 7, 1, 0, 38, 48, 0.0, 0.14285714285714285, 11
0, 0, 0, 1.0, 109, 0.9909090909090909, 1.0, 1.0, 1, 15, 0.00909090909090909, 0.0, 381, 5, 1, 0, 6, 23, 0.0, 0.0, 11
0, 0, 0, 1.0, 109, 0.9909090909090909, 1.0, 1.0, 1, 15, 0.00909090909090909, 0.0, 383, 5, 1, 0, 51, 26, 0.0, 0.0, 11
0, 0, 0, 1.0, 109, 0.9909090909090909, 1.0, 1.0, 1, 15, 0.00909090909090909, 0.0, 388, 7, 1, 0, 38, 30, 0.0, 0.14285714285714285, 11
0, 0, 0, 1.0, 109, 0.9909090909090909, 1.0, 1.0, 1, 15, 0.00909090909090909, 0.0, 386, 5, 1, 0, 52, 39, 0.0, 0.0, 11
0, 0, 0, 1.0, 109, 0.9909090909090909, 1.0, 1.0, 1, 15, 0.00909090909090909, 0.0, 385, 13, 0, 0, 2, 54, 0.0, 0.07692307692307693, 11
0, 0, 0, 1.0, 109, 0.9909090909090909, 1.0, 1.0, 1, 15, 0.00909090909090909, 0.0, 311, 7, 1, 0, 38, 67, 0.0, 0.0, 11
0, 0, 0, 1.0, 109, 0.9909090909090909, 1.0, 1.0, 1, 15, 0.00909090909090909, 0.0, 110, 7, 1, 0, 38, 32, 0.0, 0.14285714285714285, 11
0, 0, 0, 1.0, 109, 0.9909090909090909, 1.0, 1.0, 1, 15, 0.00909090909090909, 0.0, 384, 5, 1, 0, 1, 30, 0.0, 0.0, 11
0, 0, 0, 1.0, 109, 0.9909090909090909, 1.0, 1.0, 1, 15, 0.00909090909090909, 0.0, 315, 7, 1, 0, 38, 61, 0.0, 0.0, 11
0, 0, 0, 1.0, 109, 0.9909090909090909, 1.0, 1.0, 1, 15, 0.00909090909090909, 0.0, 408, 21, 0, 0, 2, 121, 0.0, 0.047619047619047616, 11
0, 0, 0, 0.9992953218626605, 98, 2.6727272727272724, 1.0, 1.0, 2, 6, 0.02727272727272727, 0.0, 396, 79, 0, 0, 2, 163, 0.02531645569620253, 0.16455696202531644, 11
0, 0, 0, 1.0, 109, 0.9909090909090909, 1.0, 1.0, 1, 15, 0.00909090909090909, 0.0, 389, 5, 1, 0, 1, 23, 0.0, 0.0, 11
0, 0, 0, 0.28374966436727395, 36, 2.2909090909090906, 1.0, 0.9999999999990983, 2, 15, 0.06363636363636363, 0.0, 390, 213, 0, 0, 2, 182, 0.018779342723004695, 0.06572769953051644, 11
0, 1, 0, 0.005724021708111742, 5, 0.8636363636363636, 1.0, 0.9950335132127884, 5, 19, 0.17272727272727273, 0.25, 321, 35, 0, 0, 2, 110, 0.02857142857142857, 0.11428571428571428, 11
0, 0, 0, 1.0, 109, 0.9909090909090909, 1.0, 1.0, 1, 15, 0.00909090909090909, 0.0, 465, 15, 0, 0, 2, 91, 0.0, 0.06666666666666667, 11
0, 0, 0, 1.0, 109, 0.9909090909090909, 1.0, 1.0, 1, 15, 0.00909090909090909, 0.0, 397, 15, 1, 0, 40, 140, 0.0, 0.13333333333333333, 11
0, 0, 0, 0.9992953218626605, 98, 3.5636363636363635, 1.0, 1.0, 2, 6, 0.03636363636363636, 0.0, 116, 17, 1, 0, 53, 179, 0.0, 0.35294117647058826, 11
0, 1, 0, 0.005724021708111742, 5, 0.2727272727272727, 1.0, 0.9998899312746732, 3, 19, 0.05454545454545454, 0.25, 443, 65, 0, 0, 2, 139, 0.0, 0.03076923076923077, 11
0, 0, 0, 1.0, 109, 0.9909090909090909, 1.0, 1.0, 1, 15, 0.00909090909090909, 0.0, 398, 17, 0, 0, 2, 91, 0.0, 0.058823529411764705, 11
0, 0, 0, 1.0, 109, 0.9909090909090909, 1.0, 1.0, 1, 15, 0.00909090909090909, 0.0, 96, 5, 0, 0, 2, 34, 0.0, 0.2, 11
0, 0, 0, 1.0, 109, 0.9909090909090909, 1.0, 1.0, 1, 15, 0.00909090909090909, 0.0, 322, 5, 1, 1, 23, 100, 0.2, 0.0, 11
0, 0, 0, 1.0, 109, 0.9909090909090909, 1.0, 1.0, 1, 15, 0.00909090909090909, 0.0, 323, 5, 0, 1, 2, 55, 0.0, 0.2, 11
0, 1, 0, 0.22606377946578962, 17, 0.9272727272727272, 1.0, 0.999998191159334, 2, 15, 0.05454545454545454, 0.1, 133, 15, 2, 0, 6, 110, 0.0, 0.0, 1
1, 0, 1, 0.22629472737906292, 18, 0.4909090909090909, 0.7727272727272727, 0.999998077750206, 2, 15, 0.02727272727272727, 0.1, 130, 43, 1, 0, 6, 89, 0.0, 0.09302325581395349, 1
1, 0, 1, 0.22629472737906292, 18, 0.4909090909090909, 0.7727272727272727, 0.999998077750206, 2, 15, 0.02727272727272727, 0.1, 131, 45, 8, 0, 6, 104, 0.0, 0.06666666666666667, 1
0, 0, 0, 1.0, 109, 0.9909090909090909, 1.0, 1.0, 1, 15, 0.00909090909090909, 0.0, 132, 35, 1, 0, 6, 76, 0.08571428571428572, 0.11428571428571428, 1
0, 0, 0, 1.0, 109, 0.9909090909090909, 1.0, 1.0, 1, 15, 0.00909090909090909, 0.0, 222, 5, 1, 0, 26, 56, 0.0, 0.0, 1
0, 0, 0, 1.0, 109, 0.9909090909090909, 1.0, 1.0, 1, 15, 0.00909090909090909, 0.0, 134, 5, 1, 0, 6, 47, 0.0, 0.0, 1
0, 0, 0, 1.0, 109, 0.9909090909090909, 1.0, 1.0, 1, 15, 0.00909090909090909, 0.0, 122, 5, 1, 0, 6, 47, 0.0, 0.0, 1
0, 1, 0, 0.22606377946578962, 17, 1.7000000000000002, 1.0, 0.9999941339080106, 2, 15, 0.1, 0.1, 392, 59, 1, 0, 12, 110, 0.0, 0.05084745762711865, 1
1, 0, 1, 0.22629472737906292, 18, 1.309090909090909, 0.7727272727272727, 0.999998077750206, 2, 15, 0.07272727272727272, 0.1, 336, 31, 2, 0, 42, 160, 0.0, 0.06451612903225806, 1
1, 0, 1, 0.22629472737906292, 18, 0.4909090909090909, 0.7727272727272727, 0.999998077750206, 2, 15, 0.02727272727272727, 0.1, 316, 39, 1, 0, 6, 75, 0.0, 0.1794871794871795, 1
0, 0, 0, 1.0, 109, 0.9909090909090909, 1.0, 1.0, 1, 15, 0.00909090909090909, 0.0, 121, 5, 1, 0, 6, 44, 0.0, 0.0, 1
0, 0, 0, 1.0, 109, 0.9909090909090909, 1.0, 1.0, 1, 15, 0.00909090909090909, 0.0, 118, 5, 1, 0, 6, 58, 0.0, 0.0, 1
1, 0, 1, 0.22629472737906292, 18, 0.9818181818181818, 0.7727272727272727, 0.999998077750206, 2, 15, 0.05454545454545454, 0.1, 318, 49, 1, 0, 6, 86, 0.0, 0.16326530612244897, 1
1, 0, 1, 0.22629472737906292, 18, 0.4909090909090909, 0.7727272727272727, 0.999998077750206, 2, 15, 0.02727272727272727, 0.1, 280, 27, 1, 0, 6, 82, 0.0, 0.18518518518518517, 1
0, 0, 0, 1.0, 109, 0.9909090909090909, 1.0, 1.0, 1, 15, 0.00909090909090909, 0.0, 285, 5, 0, 0, 2, 34, 0.0, 0.0, 1
1, 0, 1, 0.22629472737906292, 18, 0.9818181818181818, 0.7727272727272727, 0.999998077750206, 2, 15, 0.05454545454545454, 0.1, 138, 45, 1, 0, 6, 100, 0.0, 0.13333333333333333, 1
0, 0, 0, 0.9992953218626605, 98, 2.6727272727272724, 1.0, 1.0, 2, 6, 0.02727272727272727, 0.0, 431, 15, 2, 0, 6, 84, 0.06666666666666667, 0.13333333333333333, 1
0, 0, 0, 1.0, 109, 0.9909090909090909, 1.0, 1.0, 1, 15, 0.00909090909090909, 0.0, 434, 27, 5, 0, 6, 48, 0.2962962962962963, 0.0, 1
0, 0, 0, 0.9992953218626605, 98, 2.6727272727272724, 1.0, 1.0, 2, 6, 0.02727272727272727, 0.0, 238, 19, 2, 0, 6, 115, 0.0, 0.2631578947368421, 1
0, 0, 0, 0.9992953218626605, 98, 2.6727272727272724, 1.0, 1.0, 2, 6, 0.02727272727272727, 0.0, 432, 9, 1, 0, 6, 76, 0.0, 0.1111111111111111, 1
0, 0, 0, 1.0, 109, 0.9909090909090909, 1.0, 1.0, 1, 15, 0.00909090909090909, 0.0, 242, 11, 2, 0, 6, 83, 0.09090909090909091, 0.18181818181818182, 1
1, 0, 1, 0.22629472737906292, 18, 0.4909090909090909, 0.7727272727272727, 0.999998077750206, 2, 15, 0.02727272727272727, 0.1, 244, 45, 1, 0, 6, 113, 0.15555555555555556, 0.13333333333333333, 1
0, 0, 0, 1.0, 109, 0.9909090909090909, 1.0, 1.0, 1, 15, 0.00909090909090909, 0.0, 433, 17, 1, 0, 6, 80, 0.0, 0.4117647058823529, 1
0, 0, 0, 0.9992953218626605, 98, 2.6727272727272724, 1.0, 1.0, 2, 6, 0.02727272727272727, 0.0, 445, 17, 2, 0, 6, 73, 0.058823529411764705, 0.17647058823529413, 1
0, 0, 0, 0.9992953218626605, 98, 2.6727272727272724, 1.0, 1.0, 2, 6, 0.02727272727272727, 0.0, 247, 17, 2, 0, 6, 88, 0.058823529411764705, 0.17647058823529413, 1
0, 0, 0, 0.9992953218626605, 98, 2.6727272727272724, 1.0, 1.0, 2, 6, 0.02727272727272727, 0.0, 444, 17, 2, 0, 6, 74, 0.058823529411764705, 0.17647058823529413, 1
0, 0, 0, 1.0, 109, 0.9909090909090909, 1.0, 1.0, 1, 15, 0.00909090909090909, 0.0, 246, 11, 2, 0, 6, 80, 0.09090909090909091, 0.18181818181818182, 1
1, 0, 1, 0.22629472737906292, 18, 0.4909090909090909, 0.8090909090909091, 0.999998077750206, 2, 15, 0.02727272727272727, 0.1, 132, 31, 1, 0, 6, 75, 0.0967741935483871, 0.12903225806451613, 1
0, 0, 0, 1.0, 109, 0.9909090909090909, 1.0, 1.0, 1, 15, 0.00909090909090909, 0.0, 241, 5, 1, 0, 6, 102, 0.0, 0.2, 1
0, 0, 0, 1.0, 109, 0.9909090909090909, 1.0, 1.0, 1, 15, 0.00909090909090909, 0.0, 239, 41, 1, 0, 27, 92, 0.0, 0.14634146341463414, 1
0, 1, 0, 0.22606377946578962, 17, 1.2363636363636363, 1.0, 0.9999997089150937, 2, 15, 0.07272727272727272, 0.1, 240, 29, 2, 0, 6, 82, 0.034482758620689655, 0.10344827586206896, 1
1, 0, 1, 0.22629472737906292, 18, 0.9818181818181818, 0.7727272727272727, 0.999998077750206, 2, 15, 0.05454545454545454, 0.1, 419, 103, 3, 0, 6, 111, 0.009708737864077669, 0.11650485436893204, 1
1, 0, 1, 0.22629472737906292, 18, 0.4909090909090909, 0.7727272727272727, 0.999998077750206, 2, 15, 0.02727272727272727, 0.1, 140, 35, 1, 0, 6, 116, 0.0, 0.08571428571428572, 1
1, 0, 1, 0.22629472737906292, 18, 2.7818181818181817, 0.7727272727272727, 0.9999980411278024, 4, 15, 0.15454545454545454, 0.25, 420, 129, 2, 0, 6, 116, 0.05426356589147287, 0.09302325581395349, 1
1, 0, 1, 0.22629472737906292, 18, 0.8181818181818182, 0.7090909090909091, 0.9999980926513672, 2, 15, 0.045454545454545456, 0.05, 474, 37, 2, 0, 59, 94, 0.02702702702702703, 0.08108108108108109, 1
1, 0, 1, 0.22629472737906292, 18, 0.32727272727272727, 0.7090909090909091, 0.9999980926513672, 1, 15, 0.01818181818181818, 0.05, 142, 5, 1, 0, 6, 114, 0.0, 0.0, 1
0, 1, 0, 0.22606377946578962, 17, 1.5454545454545454, 1.0, 0.9999999662635539, 2, 15, 0.09090909090909091, 0.1, 435, 125, 1, 0, 6, 108, 0.096, 0.072, 1
0, 1, 0, 0.22606377946578962, 17, 0.9272727272727272, 1.0, 0.9999995501473005, 2, 15, 0.05454545454545454, 0.1, 437, 61, 1, 0, 6, 101, 0.03278688524590164, 0.14754098360655737, 1
0, 1, 0, 0.22606377946578962, 17, 0.9272727272727272, 1.0, 0.9999999395108707, 2, 15, 0.05454545454545454, 0.1, 436, 51, 5, 0, 14, 65, 0.0784313725490196, 0.0196078431372549, 1
0, 1, 0, 0.22606377946578962, 17, 1.5454545454545454, 1.0, 0.999999837282437, 2, 15, 0.09090909090909091, 0.1, 248, 57, 1, 0, 6, 80, 0.017543859649122806, 0.12280701754385964, 1
0, 0, 0, 1.0, 109, 0.9909090909090909, 1.0, 1.0, 1, 15, 0.00909090909090909, 0.0, 146, 5, 1, 0, 6, 55, 0.0, 0.0, 1
0, 0, 0, 0.9992953218626605, 98, 3.5636363636363635, 1.0, 1.0, 2, 6, 0.03636363636363636, 0.0, 147, 47, 1, 0, 6, 97, 0.02127659574468085, 0.06382978723404255, 1
0, 1, 0, 0.22606377946578962, 17, 0.9272727272727272, 1.0, 0.9999998793666383, 2, 15, 0.05454545454545454, 0.1, 148, 21, 3, 0, 1, 68, 0.0, 0.0, 1
0, 1, 0, 0.22606377946578962, 17, 1.3909090909090909, 1.0, 0.9999999523073994, 2, 15, 0.08181818181818182, 0.1, 359, 49, 2, 0, 6, 116, 0.02040816326530612, 0.10204081632653061, 1
0, 1, 0, 0.22606377946578962, 17, 1.3909090909090909, 1.0, 0.9999999409998808, 2, 15, 0.08181818181818182, 0.1, 361, 39, 1, 0, 6, 116, 0.0, 0.1282051282051282, 1
0, 1, 0, 0.22606377946578962, 17, 1.3909090909090909, 1.0, 0.9999997861945855, 2, 15, 0.08181818181818182, 0.1, 360, 45, 1, 0, 6, 113, 0.0, 0.1111111111111111, 1
0, 0, 0, 1.0, 109, 0.9909090909090909, 1.0, 1.0, 1, 15, 0.00909090909090909, 0.0, 152, 15, 2, 0, 1, 77, 0.0, 0.0, 1
0, 1, 0, 0.22606377946578962, 17, 1.3909090909090909, 1.0, 0.9999999610861039, 2, 15, 0.08181818181818182, 0.1, 362, 83, 1, 0, 6, 153, 0.0, 0.12048192771084337, 1
1, 0, 1, 0.22629472737906292, 18, 0.9818181818181818, 0.7727272727272727, 0.999998077750206, 2, 15, 0.05454545454545454, 0.1, 153, 27, 1, 0, 6, 95, 0.0, 0.25925925925925924, 1
0, 0, 0, 1.0, 109, 0.9909090909090909, 1.0, 1.0, 1, 15, 0.00909090909090909, 0.0, 13, 5, 1, 0, 6, 37, 0.0, 0.0, 10
0, 0, 0, 1.0, 109, 0.9909090909090909, 1.0, 1.0, 1, 15, 0.00909090909090909, 0.0, 56, 5, 1, 0, 1, 40, 0.0, 0.0, 10
0, 0, 0, 1.0, 109, 0.9909090909090909, 1.0, 1.0, 1, 15, 0.00909090909090909, 0.0, 229, 5, 1, 0, 25, 26, 0.0, 0.0, 10
0, 0, 0, 1.0, 109, 0.9909090909090909, 1.0, 1.0, 1, 15, 0.00909090909090909, 0.0, 296, 5, 1, 0, 7, 43, 0.0, 0.0, 10
0, 0, 0, 1.0, 109, 0.9909090909090909, 1.0, 1.0, 1, 15, 0.00909090909090909, 0.0, 60, 5, 1, 0, 7, 34, 0.0, 0.0, 10
0, 0, 0, 1.0, 109, 0.9909090909090909, 1.0, 1.0, 1, 15, 0.00909090909090909, 0.0, 58, 5, 1, 0, 62, 46, 0.0, 0.0, 10
0, 0, 0, 1.0, 109, 0.9909090909090909, 1.0, 1.0, 1, 15, 0.00909090909090909, 0.0, 12, 5, 1, 0, 1, 56, 0.0, 0.0, 10
0, 0, 0, 1.0, 109, 0.9909090909090909, 1.0, 1.0, 1, 15, 0.00909090909090909, 0.0, 36, 5, 1, 0, 62, 61, 0.0, 0.0, 10
0, 0, 0, 1.0, 109, 0.9909090909090909, 1.0, 1.0, 1, 15, 0.00909090909090909, 0.0, 67, 5, 1, 0, 6, 22, 0.0, 0.0, 10
0, 0, 0, 1.0, 109, 0.9909090909090909, 1.0, 1.0, 1, 15, 0.00909090909090909, 0.0, 40, 5, 1, 0, 6, 23, 0.0, 0.0, 10
0, 0, 0, 1.0, 109, 0.9909090909090909, 1.0, 1.0, 1, 15, 0.00909090909090909, 0.0, 46, 5, 1, 0, 7, 39, 0.0, 0.0, 10
0, 0, 0, 1.0, 109, 0.9909090909090909, 1.0, 1.0, 1, 15, 0.00909090909090909, 0.0, 15, 5, 1, 0, 7, 29, 0.0, 0.0, 10
0, 0, 0, 1.0, 109, 0.9909090909090909, 1.0, 1.0, 1, 15, 0.00909090909090909, 0.0, 26, 5, 1, 0, 7, 32, 0.0, 0.0, 10
0, 0, 0, 1.0, 109, 0.9909090909090909, 1.0, 1.0, 1, 15, 0.00909090909090909, 0.0, 23, 5, 1, 0, 1, 33, 0.0, 0.0, 10
0, 0, 0, 1.0, 109, 0.9909090909090909, 1.0, 1.0, 1, 15, 0.00909090909090909, 0.0, 14, 5, 1, 0, 7, 36, 0.0, 0.0, 10
0, 0, 0, 1.0, 109, 0.9909090909090909, 1.0, 1.0, 1, 15, 0.00909090909090909, 0.0, 540, 5, 1, 0, 1, 44, 0.0, 0.0, 10
0, 0, 0, 1.0, 109, 0.9909090909090909, 1.0, 1.0, 1, 15, 0.00909090909090909, 0.0, 237, 5, 1, 0, 62, 52, 0.0, 0.0, 10
0, 0, 0, 1.0, 109, 0.9909090909090909, 1.0, 1.0, 1, 15, 0.00909090909090909, 0.0, 51, 5, 1, 0, 6, 40, 0.0, 0.0, 10
0, 0, 0, 1.0, 109, 0.9909090909090909, 1.0, 1.0, 1, 15, 0.00909090909090909, 0.0, 49, 5, 1, 0, 6, 37, 0.0, 0.0, 10
0, 0, 0, 1.0, 109, 0.9909090909090909, 1.0, 1.0, 1, 15, 0.00909090909090909, 0.0, 41, 5, 1, 0, 6, 34, 0.0, 0.0, 10
0, 0, 0, 1.0, 109, 0.9909090909090909, 1.0, 1.0, 1, 15, 0.00909090909090909, 0.0, 53, 5, 1, 0, 7, 28, 0.0, 0.0, 10
0, 0, 0, 1.0, 109, 0.9909090909090909, 1.0, 1.0, 1, 15, 0.00909090909090909, 0.0, 277, 5, 1, 0, 63, 47, 0.0, 0.0, 10
0, 0, 0, 1.0, 109, 0.9909090909090909, 1.0, 1.0, 1, 15, 0.00909090909090909, 0.0, 71, 5, 1, 0, 7, 28, 0.0, 0.0, 10
0, 0, 0, 1.0, 109, 0.9909090909090909, 1.0, 1.0, 1, 15, 0.00909090909090909, 0.0, 276, 5, 1, 0, 61, 45, 0.0, 0.0, 10
0, 0, 0, 1.0, 109, 0.9909090909090909, 1.0, 1.0, 1, 15, 0.00909090909090909, 0.0, 354, 5, 1, 0, 64, 81, 0.0, 0.0, 10
0, 0, 0, 1.0, 109, 0.9909090909090909, 1.0, 1.0, 1, 15, 0.00909090909090909, 0.0, 27, 5, 1, 0, 1, 36, 0.0, 0.0, 10
0, 0, 0, 1.0, 109, 0.9909090909090909, 1.0, 1.0, 1, 15, 0.00909090909090909, 0.0, 79, 5, 1, 0, 1, 57, 0.0, 0.0, 10
0, 0, 0, 1.0, 109, 0.9909090909090909, 1.0, 1.0, 1, 15, 0.00909090909090909, 0.0, 328, 5, 1, 0, 39, 60, 0.0, 0.0, 10
0, 0, 0, 1.0, 109, 0.9909090909090909, 1.0, 1.0, 1, 15, 0.00909090909090909, 0.0, 32, 5, 1, 0, 7, 29, 0.0, 0.0, 10
0, 0, 0, 1.0, 109, 0.9909090909090909, 1.0, 1.0, 1, 15, 0.00909090909090909, 0.0, 66, 5, 1, 0, 7, 29, 0.0, 0.0, 10
0, 0, 0, 1.0, 109, 0.9909090909090909, 1.0, 1.0, 1, 15, 0.00909090909090909, 0.0, 39, 5, 1, 0, 9, 40, 0.0, 0.0, 10
0, 0, 0, 1.0, 109, 0.9909090909090909, 1.0, 1.0, 1, 15, 0.00909090909090909, 0.0, 479, 5, 1, 0, 66, 57, 0.0, 0.0, 10
0, 0, 0, 1.0, 109, 0.9909090909090909, 1.0, 1.0, 1, 15, 0.00909090909090909, 0.0, 17, 5, 1, 0, 7, 40, 0.0, 0.0, 10
0, 0, 0, 1.0, 109, 0.9909090909090909, 1.0, 1.0, 1, 15, 0.00909090909090909, 0.0, 227, 5, 1, 0, 28, 26, 0.0, 0.0, 10
0, 0, 0, 1.0, 109, 0.9909090909090909, 1.0, 1.0, 1, 15, 0.00909090909090909, 0.0, 38, 5, 1, 0, 7, 30, 0.0, 0.0, 10
0, 0, 0, 1.0, 109, 0.9909090909090909, 1.0, 1.0, 1, 15, 0.00909090909090909, 0.0, 393, 5, 1, 0, 55, 51, 0.0, 0.0, 10
0, 0, 0, 1.0, 109, 0.9909090909090909, 1.0, 1.0, 1, 15, 0.00909090909090909, 0.0, 297, 5, 1, 0, 7, 43, 0.0, 0.0, 10
0, 0, 0, 1.0, 109, 0.9909090909090909, 1.0, 1.0, 1, 15, 0.00909090909090909, 0.0, 47, 5, 1, 0, 7, 28, 0.0, 0.0, 10
0, 0, 0, 1.0, 109, 0.9909090909090909, 1.0, 1.0, 1, 15, 0.00909090909090909, 0.0, 78, 5, 1, 0, 7, 37, 0.0, 0.0, 10
0, 0, 0, 1.0, 109, 0.9909090909090909, 1.0, 1.0, 1, 15, 0.00909090909090909, 0.0, 70, 5, 1, 0, 7, 33, 0.0, 0.0, 10
0, 0, 0, 1.0, 109, 0.9909090909090909, 1.0, 1.0, 1, 15, 0.00909090909090909, 0.0, 498, 5, 1, 0, 7, 30, 0.0, 0.0, 10
0, 0, 0, 1.0, 109, 0.9909090909090909, 1.0, 1.0, 1, 15, 0.00909090909090909, 0.0, 334, 5, 1, 0, 41, 32, 0.0, 0.0, 10
0, 0, 0, 1.0, 109, 0.9909090909090909, 1.0, 1.0, 1, 15, 0.00909090909090909, 0.0, 484, 5, 1, 0, 6, 31, 0.0, 0.0, 10
0, 0, 0, 0.9924788506206362, 83, 3.018181818181818, 1.0, 1.0, 2, 6, 0.03636363636363636, 0.0, 65, 5, 1, 0, 78, 41, 0.0, 0.0, 10
0, 0, 0, 1.0, 109, 0.9909090909090909, 1.0, 1.0, 1, 15, 0.00909090909090909, 0.0, 64, 5, 1, 0, 62, 52, 0.0, 0.0, 10
0, 0, 0, 1.0, 109, 0.9909090909090909, 1.0, 1.0, 1, 15, 0.00909090909090909, 0.0, 482, 5, 1, 0, 7, 30, 0.0, 0.0, 10
0, 0, 0, 1.0, 109, 0.9909090909090909, 1.0, 1.0, 1, 15, 0.00909090909090909, 0.0, 20, 5, 1, 0, 7, 29, 0.0, 0.0, 10
0, 0, 0, 1.0, 109, 0.9909090909090909, 1.0, 1.0, 1, 15, 0.00909090909090909, 0.0, 483, 5, 1, 0, 6, 31, 0.0, 0.0, 10
0, 0, 0, 1.0, 109, 0.9909090909090909, 1.0, 1.0, 1, 15, 0.00909090909090909, 0.0, 61, 5, 1, 0, 7, 38, 0.0, 0.0, 10
0, 0, 0, 1.0, 109, 0.9909090909090909, 1.0, 1.0, 1, 15, 0.00909090909090909, 0.0, 43, 7, 1, 0, 57, 61, 0.0, 0.14285714285714285, 10
0, 1, 0, 0.22606377946578962, 17, 0.3090909090909091, 1.0, 0.9999999864245649, 1, 15, 0.01818181818181818, 0.05, 486, 7, 1, 0, 57, 65, 0.0, 0.14285714285714285, 10
0, 1, 0, 0.22606377946578962, 17, 1.3909090909090909, 1.0, 0.999999349799488, 3, 15, 0.08181818181818182, 0.1, 427, 65, 1, 0, 0, 223, 0.015384615384615385, 0.0, 10
0, 0, 0, 1.0, 109, 0.9909090909090909, 1.0, 1.0, 1, 15, 0.00909090909090909, 0.0, 54, 7, 1, 0, 57, 78, 0.0, 0.14285714285714285, 10
0, 0, 0, 1.0, 109, 0.9909090909090909, 1.0, 1.0, 1, 15, 0.00909090909090909, 0.0, 456, 7, 1, 0, 57, 58, 0.0, 0.14285714285714285, 10
0, 0, 0, 1.0, 109, 0.9909090909090909, 1.0, 1.0, 1, 15, 0.00909090909090909, 0.0, 298, 7, 1, 0, 57, 75, 0.0, 0.14285714285714285, 10
0, 0, 0, 1.0, 109, 0.9909090909090909, 1.0, 1.0, 1, 15, 0.00909090909090909, 0.0, 459, 7, 1, 0, 57, 72, 0.0, 0.14285714285714285, 10
0, 0, 0, 1.0, 109, 0.9909090909090909, 1.0, 1.0, 1, 15, 0.00909090909090909, 0.0, 73, 7, 1, 0, 57, 61, 0.0, 0.14285714285714285, 10
0, 0, 0, 1.0, 109, 0.9909090909090909, 1.0, 1.0, 1, 15, 0.00909090909090909, 0.0, 492, 7, 1, 0, 57, 90, 0.0, 0.14285714285714285, 10
0, 0, 0, 1.0, 109, 0.9909090909090909, 1.0, 1.0, 1, 15, 0.00909090909090909, 0.0, 485, 7, 1, 0, 57, 63, 0.0, 0.14285714285714285, 10
0, 0, 0, 1.0, 109, 0.9909090909090909, 1.0, 1.0, 1, 15, 0.00909090909090909, 0.0, 496, 7, 1, 0, 57, 129, 0.0, 0.14285714285714285, 10
0, 0, 0, 1.0, 109, 0.9909090909090909, 1.0, 1.0, 1, 15, 0.00909090909090909, 0.0, 329, 7, 1, 0, 57, 110, 0.0, 0.14285714285714285, 10
0, 0, 0, 1.0, 109, 0.9909090909090909, 1.0, 1.0, 1, 15, 0.00909090909090909, 0.0, 16, 7, 1, 0, 57, 84, 0.0, 0.14285714285714285, 10
0, 0, 0, 1.0, 109, 0.9909090909090909, 1.0, 1.0, 1, 15, 0.00909090909090909, 0.0, 50, 7, 1, 0, 57, 62, 0.0, 0.14285714285714285, 10
0, 0, 0, 1.0, 109, 0.9909090909090909, 1.0, 1.0, 1, 15, 0.00909090909090909, 0.0, 58, 11, 2, 0, 8, 44, 0.09090909090909091, 0.09090909090909091, 10
0, 0, 0, 1.0, 109, 0.9909090909090909, 1.0, 1.0, 1, 15, 0.00909090909090909, 0.0, 487, 7, 1, 0, 57, 70, 0.0, 0.14285714285714285, 10
0, 0, 0, 1.0, 109, 0.9909090909090909, 1.0, 1.0, 1, 15, 0.00909090909090909, 0.0, 77, 7, 1, 0, 57, 87, 0.0, 0.14285714285714285, 10
0, 0, 0, 1.0, 109, 0.9909090909090909, 1.0, 1.0, 1, 15, 0.00909090909090909, 0.0, 457, 7, 1, 0, 57, 64, 0.0, 0.14285714285714285, 10
0, 0, 0, 1.0, 109, 0.9909090909090909, 1.0, 1.0, 1, 15, 0.00909090909090909, 0.0, 328, 11, 2, 0, 39, 60, 0.0, 0.09090909090909091, 10
0, 0, 0, 1.0, 109, 0.9909090909090909, 1.0, 1.0, 1, 15, 0.00909090909090909, 0.0, 55, 7, 1, 0, 57, 62, 0.0, 0.14285714285714285, 10
0, 0, 0, 1.0, 109, 0.9909090909090909, 1.0, 1.0, 1, 15, 0.00909090909090909, 0.0, 80, 7, 1, 0, 57, 60, 0.0, 0.14285714285714285, 10
0, 0, 0, 1.0, 109, 0.9909090909090909, 1.0, 1.0, 1, 15, 0.00909090909090909, 0.0, 230, 7, 1, 0, 57, 64, 0.0, 0.14285714285714285, 10
0, 0, 0, 1.0, 109, 0.9909090909090909, 1.0, 1.0, 1, 15, 0.00909090909090909, 0.0, 29, 7, 1, 0, 57, 63, 0.0, 0.14285714285714285, 10
0, 1, 0, 0.22606377946578962, 17, 0.3090909090909091, 1.0, 0.9999999743980049, 1, 15, 0.01818181818181818, 0.05, 482, 11, 2, 0, 7, 37, 0.0, 0.09090909090909091, 10
0, 0, 0, 1.0, 109, 0.9909090909090909, 1.0, 1.0, 1, 15, 0.00909090909090909, 0.0, 51, 11, 2, 0, 6, 47, 0.0, 0.09090909090909091, 10
0, 0, 0, 1.0, 109, 0.9909090909090909, 1.0, 1.0, 1, 15, 0.00909090909090909, 0.0, 41, 11, 2, 0, 6, 43, 0.0, 0.09090909090909091, 10
0, 0, 0, 1.0, 109, 0.9909090909090909, 1.0, 1.0, 1, 15, 0.00909090909090909, 0.0, 81, 7, 1, 0, 57, 70, 0.0, 0.14285714285714285, 10
0, 0, 0, 1.0, 109, 0.9909090909090909, 1.0, 1.0, 1, 15, 0.00909090909090909, 0.0, 454, 7, 1, 0, 57, 76, 0.0, 0.14285714285714285, 10
0, 0, 0, 1.0, 109, 0.9909090909090909, 1.0, 1.0, 1, 15, 0.00909090909090909, 0.0, 278, 9, 1, 0, 57, 75, 0.0, 0.0, 10
0, 0, 0, 1.0, 109, 0.9909090909090909, 1.0, 1.0, 1, 15, 0.00909090909090909, 0.0, 62, 7, 1, 0, 57, 60, 0.0, 0.14285714285714285, 10
0, 0, 0, 1.0, 109, 0.9909090909090909, 1.0, 1.0, 1, 15, 0.00909090909090909, 0.0, 455, 7, 1, 0, 57, 116, 0.0, 0.14285714285714285, 10
0, 0, 0, 1.0, 109, 0.9909090909090909, 1.0, 1.0, 1, 15, 0.00909090909090909, 0.0, 12, 11, 2, 0, 1, 70, 0.0, 0.09090909090909091, 10
0, 0, 0, 1.0, 109, 0.9909090909090909, 1.0, 1.0, 1, 15, 0.00909090909090909, 0.0, 227, 11, 2, 0, 28, 33, 0.0, 0.09090909090909091, 10
0, 0, 0, 1.0, 109, 0.9909090909090909, 1.0, 1.0, 1, 15, 0.00909090909090909, 0.0, 463, 7, 1, 0, 57, 66, 0.0, 0.14285714285714285, 10
0, 1, 0, 0.22606377946578962, 17, 0.3090909090909091, 1.0, 0.9999999898814396, 1, 15, 0.01818181818181818, 0.05, 480, 7, 1, 0, 57, 101, 0.0, 0.14285714285714285, 10
0, 0, 0, 1.0, 109, 0.9909090909090909, 1.0, 1.0, 1, 15, 0.00909090909090909, 0.0, 458, 5, 1, 0, 57, 78, 0.0, 0.0, 10
0, 0, 0, 1.0, 109, 0.9909090909090909, 1.0, 1.0, 1, 15, 0.00909090909090909, 0.0, 461, 7, 1, 0, 57, 84, 0.0, 0.14285714285714285, 10
0, 0, 0, 1.0, 109, 0.9909090909090909, 1.0, 1.0, 1, 15, 0.00909090909090909, 0.0, 70, 11, 2, 0, 7, 42, 0.0, 0.09090909090909091, 10
0, 0, 0, 1.0, 109, 0.9909090909090909, 1.0, 1.0, 1, 15, 0.00909090909090909, 0.0, 229, 11, 2, 0, 25, 33, 0.0, 0.09090909090909091, 10
0, 0, 0, 1.0, 109, 0.9909090909090909, 1.0, 1.0, 1, 15, 0.00909090909090909, 0.0, 49, 11, 2, 0, 6, 44, 0.0, 0.09090909090909091, 10
0, 0, 0, 1.0, 109, 0.9909090909090909, 1.0, 1.0, 1, 15, 0.00909090909090909, 0.0, 354, 13, 2, 0, 48, 69, 0.0, 0.07692307692307693, 10
0, 0, 0, 1.0, 109, 0.9909090909090909, 1.0, 1.0, 1, 15, 0.00909090909090909, 0.0, 541, 7, 1, 0, 57, 92, 0.0, 0.14285714285714285, 10
0, 0, 0, 1.0, 109, 0.9909090909090909, 1.0, 1.0, 1, 15, 0.00909090909090909, 0.0, 18, 7, 1, 0, 57, 57, 0.0, 0.14285714285714285, 10
0, 1, 0, 0.22606377946578962, 17, 0.3090909090909091, 1.0, 0.9999999905809944, 1, 15, 0.01818181818181818, 0.05, 479, 11, 2, 0, 66, 57, 0.0, 0.09090909090909091, 10
0, 0, 0, 1.0, 109, 0.9909090909090909, 1.0, 1.0, 1, 15, 0.00909090909090909, 0.0, 494, 7, 1, 0, 57, 89, 0.0, 0.14285714285714285, 10
0, 0, 0, 1.0, 109, 0.9909090909090909, 1.0, 1.0, 1, 15, 0.00909090909090909, 0.0, 429, 7, 1, 0, 57, 90, 0.0, 0.14285714285714285, 10
0, 0, 0, 1.0, 109, 0.9909090909090909, 1.0, 1.0, 1, 15, 0.00909090909090909, 0.0, 40, 11, 2, 0, 6, 36, 0.0, 0.09090909090909091, 10
0, 0, 0, 1.0, 109, 0.9909090909090909, 1.0, 1.0, 1, 15, 0.00909090909090909, 0.0, 21, 7, 1, 0, 57, 93, 0.0, 0.14285714285714285, 10
0, 0, 0, 1.0, 109, 0.9909090909090909, 1.0, 1.0, 1, 15, 0.00909090909090909, 0.0, 228, 7, 1, 0, 57, 56, 0.0, 0.14285714285714285, 10
0, 1, 0, 0.22606377946578962, 17, 0.3090909090909091, 1.0, 0.9999999764524861, 1, 15, 0.01818181818181818, 0.05, 484, 11, 2, 0, 6, 40, 0.0, 0.09090909090909091, 10
0, 0, 0, 1.0, 109, 0.9909090909090909, 1.0, 1.0, 1, 15, 0.00909090909090909, 0.0, 464, 7, 1, 0, 57, 118, 0.0, 0.14285714285714285, 10
0, 0, 0, 1.0, 109, 0.9909090909090909, 1.0, 1.0, 1, 15, 0.00909090909090909, 0.0, 68, 5, 1, 0, 10, 64, 0.0, 0.0, 10
0, 0, 0, 1.0, 109, 0.9909090909090909, 1.0, 1.0, 1, 15, 0.00909090909090909, 0.0, 477, 7, 1, 0, 57, 81, 0.0, 0.0, 10
0, 0, 0, 1.0, 109, 0.9909090909090909, 1.0, 1.0, 1, 15, 0.00909090909090909, 0.0, 63, 7, 1, 0, 57, 70, 0.0, 0.14285714285714285, 10
0, 0, 0, 1.0, 109, 0.9909090909090909, 1.0, 1.0, 1, 15, 0.00909090909090909, 0.0, 540, 11, 2, 0, 1, 51, 0.0, 0.09090909090909091, 10
0, 0, 0, 1.0, 109, 0.9909090909090909, 1.0, 1.0, 1, 15, 0.00909090909090909, 0.0, 48, 7, 1, 0, 57, 68, 0.0, 0.14285714285714285, 10
0, 0, 0, 1.0, 109, 0.9909090909090909, 1.0, 1.0, 1, 15, 0.00909090909090909, 0.0, 79, 11, 2, 0, 1, 70, 0.0, 0.09090909090909091, 10
0, 0, 0, 1.0, 109, 0.9909090909090909, 1.0, 1.0, 1, 15, 0.00909090909090909, 0.0, 430, 5, 1, 0, 15, 35, 0.0, 0.0, 10
0, 0, 0, 1.0, 109, 0.9909090909090909, 1.0, 1.0, 1, 15, 0.00909090909090909, 0.0, 17, 11, 2, 0, 7, 50, 0.0, 0.09090909090909091, 10
0, 0, 0, 1.0, 109, 0.9909090909090909, 1.0, 1.0, 1, 15, 0.00909090909090909, 0.0, 499, 7, 1, 0, 57, 61, 0.0, 0.14285714285714285, 10
0, 0, 0, 1.0, 109, 0.9909090909090909, 1.0, 1.0, 1, 15, 0.00909090909090909, 0.0, 393, 11, 2, 0, 55, 51, 0.0, 0.09090909090909091, 10
0, 0, 0, 1.0, 109, 0.9909090909090909, 1.0, 1.0, 1, 15, 0.00909090909090909, 0.0, 493, 7, 1, 0, 57, 101, 0.0, 0.14285714285714285, 10
0, 1, 0, 0.22606377946578962, 17, 0.7727272727272727, 1.0, 0.9999999874927958, 2, 15, 0.045454545454545456, 0.05, 334, 11, 2, 0, 41, 39, 0.0, 0.09090909090909091, 10
0, 0, 0, 1.0, 109, 0.9909090909090909, 1.0, 1.0, 1, 15, 0.00909090909090909, 0.0, 45, 7, 1, 0, 57, 80, 0.0, 0.14285714285714285, 10
0, 0, 0, 1.0, 109, 0.9909090909090909, 1.0, 1.0, 1, 15, 0.00909090909090909, 0.0, 497, 7, 1, 0, 57, 77, 0.0, 0.14285714285714285, 10
0, 0, 0, 0.982604852939186, 82, 1.4909090909090907, 1.0, 1.0, 1, 15, 0.01818181818181818, 0.0, 478, 45, 1, 0, 65, 90, 0.022222222222222223, 0.06666666666666667, 10
0, 0, 0, 1.0, 109, 0.9909090909090909, 1.0, 1.0, 1, 15, 0.00909090909090909, 0.0, 426, 7, 1, 0, 57, 101, 0.0, 0.14285714285714285, 10
0, 0, 0, 1.0, 109, 0.9909090909090909, 1.0, 1.0, 1, 15, 0.00909090909090909, 0.0, 69, 7, 1, 0, 57, 66, 0.0, 0.14285714285714285, 10
0, 0, 0, 1.0, 109, 0.9909090909090909, 1.0, 1.0, 1, 15, 0.00909090909090909, 0.0, 46, 11, 2, 0, 7, 49, 0.0, 0.09090909090909091, 10
0, 0, 0, 1.0, 109, 0.9909090909090909, 1.0, 1.0, 1, 15, 0.00909090909090909, 0.0, 35, 7, 1, 0, 57, 64, 0.0, 0.14285714285714285, 10
0, 0, 0, 1.0, 109, 0.9909090909090909, 1.0, 1.0, 1, 15, 0.00909090909090909, 0.0, 74, 7, 1, 0, 57, 59, 0.0, 0.14285714285714285, 10
0, 1, 0, 0.22606377946578962, 17, 0.3090909090909091, 1.0, 0.9999999758563465, 1, 15, 0.01818181818181818, 0.05, 483, 11, 2, 0, 6, 38, 0.0, 0.09090909090909091, 10
0, 0, 0, 1.0, 109, 0.9909090909090909, 1.0, 1.0, 1, 15, 0.00909090909090909, 0.0, 495, 7, 1, 0, 57, 101, 0.0, 0.14285714285714285, 10
0, 0, 0, 1.0, 109, 0.9909090909090909, 1.0, 1.0, 1, 15, 0.00909090909090909, 0.0, 64, 11, 2, 0, 8, 50, 0.09090909090909091, 0.09090909090909091, 10
0, 0, 0, 1.0, 109, 0.9909090909090909, 1.0, 1.0, 1, 15, 0.00909090909090909, 0.0, 462, 7, 1, 0, 57, 80, 0.0, 0.14285714285714285, 10
0, 0, 0, 1.0, 109, 0.9909090909090909, 1.0, 1.0, 1, 15, 0.00909090909090909, 0.0, 299, 7, 1, 0, 57, 75, 0.0, 0.14285714285714285, 10
0, 0, 0, 1.0, 109, 0.9909090909090909, 1.0, 1.0, 1, 15, 0.00909090909090909, 0.0, 335, 7, 1, 0, 57, 76, 0.0, 0.14285714285714285, 10
0, 0, 0, 1.0, 109, 0.9909090909090909, 1.0, 1.0, 1, 15, 0.00909090909090909, 0.0, 491, 7, 1, 0, 57, 119, 0.0, 0.14285714285714285, 10
0, 0, 0, 1.0, 109, 0.9909090909090909, 1.0, 1.0, 1, 15, 0.00909090909090909, 0.0, 23, 11, 2, 0, 1, 44, 0.0, 0.09090909090909091, 10
0, 0, 0, 1.0, 109, 0.9909090909090909, 1.0, 1.0, 1, 15, 0.00909090909090909, 0.0, 61, 11, 2, 0, 7, 45, 0.0, 0.09090909090909091, 10
0, 0, 0, 1.0, 109, 0.9909090909090909, 1.0, 1.0, 1, 15, 0.00909090909090909, 0.0, 66, 11, 2, 0, 7, 36, 0.0, 0.09090909090909091, 10
0, 0, 0, 1.0, 109, 0.9909090909090909, 1.0, 1.0, 1, 15, 0.00909090909090909, 0.0, 32, 11, 2, 0, 7, 36, 0.0, 0.09090909090909091, 10
0, 0, 0, 1.0, 109, 0.9909090909090909, 1.0, 1.0, 1, 15, 0.00909090909090909, 0.0, 78, 11, 2, 0, 7, 47, 0.0, 0.09090909090909091, 10
0, 0, 0, 1.0, 109, 0.9909090909090909, 1.0, 1.0, 1, 15, 0.00909090909090909, 0.0, 237, 11, 2, 0, 8, 50, 0.09090909090909091, 0.09090909090909091, 10
0, 0, 0, 1.0, 109, 0.9909090909090909, 1.0, 1.0, 1, 15, 0.00909090909090909, 0.0, 36, 11, 2, 0, 8, 59, 0.09090909090909091, 0.09090909090909091, 10
0, 0, 0, 1.0, 109, 0.9909090909090909, 1.0, 1.0, 1, 15, 0.00909090909090909, 0.0, 498, 11, 2, 0, 7, 37, 0.0, 0.09090909090909091, 10
0, 0, 0, 1.0, 109, 0.9909090909090909, 1.0, 1.0, 1, 15, 0.00909090909090909, 0.0, 67, 11, 2, 0, 6, 36, 0.0, 0.09090909090909091, 10
0, 0, 0, 1.0, 109, 0.9909090909090909, 1.0, 1.0, 1, 15, 0.00909090909090909, 0.0, 15, 11, 2, 0, 7, 38, 0.0, 0.09090909090909091, 10
0, 0, 0, 1.0, 109, 0.9909090909090909, 1.0, 1.0, 1, 15, 0.00909090909090909, 0.0, 27, 11, 2, 0, 1, 48, 0.0, 0.09090909090909091, 10
0, 0, 0, 1.0, 109, 0.9909090909090909, 1.0, 1.0, 1, 15, 0.00909090909090909, 0.0, 47, 11, 2, 0, 7, 41, 0.0, 0.09090909090909091, 10
0, 0, 0, 1.0, 109, 0.9909090909090909, 1.0, 1.0, 1, 15, 0.00909090909090909, 0.0, 65, 11, 2, 0, 8, 88, 0.0, 0.09090909090909091, 10
0, 0, 0, 1.0, 109, 0.9909090909090909, 1.0, 1.0, 1, 15, 0.00909090909090909, 0.0, 56, 11, 2, 0, 1, 51, 0.0, 0.09090909090909091, 10
0, 0, 0, 1.0, 109, 0.9909090909090909, 1.0, 1.0, 1, 15, 0.00909090909090909, 0.0, 428, 11, 2, 0, 9, 53, 0.0, 0.09090909090909091, 10
0, 0, 0, 1.0, 109, 0.9909090909090909, 1.0, 1.0, 1, 15, 0.00909090909090909, 0.0, 26, 11, 2, 0, 7, 39, 0.0, 0.09090909090909091, 10
0, 0, 0, 1.0, 109, 0.9909090909090909, 1.0, 1.0, 1, 15, 0.00909090909090909, 0.0, 71, 11, 2, 0, 7, 35, 0.0, 0.09090909090909091, 10
0, 0, 0, 1.0, 109, 0.9909090909090909, 1.0, 1.0, 1, 15, 0.00909090909090909, 0.0, 14, 11, 2, 0, 7, 43, 0.0, 0.09090909090909091, 10
0, 0, 0, 1.0, 109, 0.9909090909090909, 1.0, 1.0, 1, 15, 0.00909090909090909, 0.0, 20, 11, 2, 0, 7, 36, 0.0, 0.09090909090909091, 10
0, 0, 0, 1.0, 109, 0.9909090909090909, 1.0, 1.0, 1, 15, 0.00909090909090909, 0.0, 13, 13, 2, 0, 6, 44, 0.0, 0.07692307692307693, 10
0, 0, 0, 1.0, 109, 0.9909090909090909, 1.0, 1.0, 1, 15, 0.00909090909090909, 0.0, 60, 11, 2, 0, 7, 41, 0.0, 0.09090909090909091, 10
0, 0, 0, 1.0, 109, 0.9909090909090909, 1.0, 1.0, 1, 15, 0.00909090909090909, 0.0, 53, 11, 2, 0, 7, 35, 0.0, 0.09090909090909091, 10
0, 0, 0, 1.0, 109, 0.9909090909090909, 1.0, 1.0, 1, 15, 0.00909090909090909, 0.0, 38, 11, 2, 0, 7, 37, 0.0, 0.09090909090909091, 10
0, 0, 0, 0.9951934629906146, 85, 1.5454545454545454, 1.0, 1.0, 1, 15, 0.01818181818181818, 0.0, 296, 11, 2, 0, 7, 51, 0.0, 0.09090909090909091, 10
0, 0, 0, 0.9951934629906146, 85, 1.5454545454545454, 1.0, 1.0, 1, 15, 0.01818181818181818, 0.0, 297, 11, 2, 0, 7, 51, 0.0, 0.09090909090909091, 10
0, 1, 0, 0.22018966641667978, 13, 0.8272727272727272, 1.0, 0.9999978719195977, 4, 17, 0.06363636363636363, 0.05, 84, 55, 0, 0, 2, 154, 0.0, 0.14545454545454545, 9
0, 0, 0, 1.0, 109, 0.9909090909090909, 1.0, 1.0, 1, 15, 0.00909090909090909, 0.0, 383, 5, 1, 0, 51, 26, 0.0, 0.0, 9
0, 0, 0, 1.0, 109, 0.9909090909090909, 1.0, 1.0, 1, 15, 0.00909090909090909, 0.0, 5, 5, 1, 0, 0, 31, 0.0, 0.0, 9
0, 0, 0, 1.0, 109, 0.9909090909090909, 1.0, 1.0, 1, 15, 0.00909090909090909, 0.0, 270, 5, 0, 0, 2, 79, 0.2, 0.0, 9
0, 0, 0, 1.0, 109, 0.9909090909090909, 1.0, 1.0, 1, 15, 0.00909090909090909, 0.0, 467, 3, 0, 0, 2, 48, 0.0, 0.0, 9
0, 0, 0, 1.0, 109, 0.9909090909090909, 1.0, 1.0, 1, 15, 0.00909090909090909, 0.0, 330, 43, 0, 0, 2, 103, 0.023255813953488372, 0.11627906976744186, 9
0, 0, 1, 1.0, 109, 0.9909090909090909, 0.09090909090909091, 1.0, 1, 15, 0.00909090909090909, 0.05, 272, 5, 0, 0, 2, 40, 0.0, 0.0, 9
0, 0, 0, 0.9992953218626605, 98, 2.6727272727272724, 1.0, 1.0, 2, 6, 0.02727272727272727, 0.0, 451, 15, 1, 0, 44, 64, 0.06666666666666667, 0.13333333333333333, 9
0, 1, 0, 0.21952375124606638, 12, 0.21818181818181817, 1.0, 0.9999980218611147, 1, 15, 0.01818181818181818, 0.05, 273, 45, 0, 0, 2, 103, 0.0, 0.15555555555555556, 9
0, 0, 0, 0.9992953218626605, 98, 2.6727272727272724, 1.0, 1.0, 2, 6, 0.02727272727272727, 0.0, 269, 73, 1, 0, 32, 121, 0.0, 0.1780821917808219, 9
0, 0, 0, 1.0, 109, 0.9909090909090909, 1.0, 1.0, 1, 15, 0.00909090909090909, 0.0, 344, 15, 1, 0, 32, 62, 0.0, 0.2, 9
0, 0, 0, 0.9992953218626605, 98, 2.6727272727272724, 1.0, 1.0, 2, 6, 0.02727272727272727, 0.0, 452, 25, 1, 0, 44, 108, 0.0, 0.12, 9
0, 0, 0, 1.0, 109, 0.9909090909090909, 1.0, 1.0, 1, 15, 0.00909090909090909, 0.0, 467, 17, 0, 0, 2, 102, 0.0, 0.23529411764705882, 9
0, 0, 0, 1.0, 109, 0.9909090909090909, 1.0, 1.0, 1, 15, 0.00909090909090909, 0.0, 450, 17, 2, 0, 32, 73, 0.0, 0.17647058823529413, 9
0, 0, 0, 1.0, 109, 0.9909090909090909, 1.0, 1.0, 1, 15, 0.00909090909090909, 0.0, 213, 17, 0, 0, 2, 84, 0.0, 0.23529411764705882, 9
0, 0, 0, 1.0, 109, 0.9909090909090909, 1.0, 1.0, 1, 15, 0.00909090909090909, 0.0, 342, 5, 1, 0, 45, 25, 0.0, 0.0, 9
0, 0, 0, 1.0, 109, 0.9909090909090909, 1.0, 1.0, 1, 15, 0.00909090909090909, 0.0, 453, 17, 2, 0, 32, 69, 0.0, 0.17647058823529413, 9
0, 0, 0, 0.9993658321951879, 99, 1.7999999999999998, 1.0, 1.0, 2, 6, 0.01818181818181818, 0.0, 343, 35, 0, 0, 2, 93, 0.0, 0.17142857142857143, 9
0, 0, 0, 1.0, 109, 0.9909090909090909, 1.0, 1.0, 1, 15, 0.00909090909090909, 0.0, 340, 5, 0, 0, 2, 39, 0.0, 0.0, 9
0, 0, 0, 1.0, 109, 0.9909090909090909, 1.0, 1.0, 1, 15, 0.00909090909090909, 0.0, 410, 21, 0, 0, 2, 114, 0.047619047619047616, 0.09523809523809523, 12
0, 0, 0, 1.0, 109, 0.9909090909090909, 1.0, 1.0, 1, 15, 0.00909090909090909, 0.0, 86, 5, 1, 0, 1, 98, 0.0, 0.0, 12
0, 0, 0, 1.0, 109, 0.9909090909090909, 1.0, 1.0, 1, 15, 0.00909090909090909, 0.0, 87, 5, 1, 0, 1, 68, 0.0, 0.0, 12
0, 0, 0, 0.9992953218626605, 98, 3.5636363636363635, 1.0, 1.0, 2, 6, 0.03636363636363636, 0.0, 399, 39, 0, 0, 2, 120, 0.1282051282051282, 0.10256410256410256, 12
0, 0, 0, 0.9992953218626605, 98, 3.5636363636363635, 1.0, 1.0, 2, 6, 0.03636363636363636, 0.0, 400, 17, 1, 0, 12, 126, 0.17647058823529413, 0.058823529411764705, 12
0, 0, 0, 0.9992953218626605, 98, 3.5636363636363635, 1.0, 1.0, 2, 6, 0.03636363636363636, 0.0, 92, 343, 1, 0, 12, 136, 0.13119533527696792, 0.18075801749271136, 12
0, 0, 0, 0.9992953218626605, 98, 3.5636363636363635, 1.0, 1.0, 2, 6, 0.03636363636363636, 0.0, 91, 77, 0, 0, 2, 85, 0.15584415584415584, 0.1038961038961039, 12
0, 1, 0, 0.005724021708111742, 5, 0.09090909090909091, 1.0, 0.9954769736842105, 2, 19, 0.01818181818181818, 0.05, 411, 9, 1, 0, 7, 51, 0.3333333333333333, 0.2222222222222222, 12
0, 0, 0, 1.0, 109, 0.9909090909090909, 1.0, 1.0, 1, 15, 0.00909090909090909, 0.0, 404, 15, 2, 0, 56, 63, 0.06666666666666667, 0.06666666666666667, 12
0, 0, 0, 1.0, 109, 0.9909090909090909, 1.0, 1.0, 1, 15, 0.00909090909090909, 0.0, 402, 13, 2, 0, 56, 65, 0.07692307692307693, 0.07692307692307693, 12
0, 0, 0, 1.0, 109, 0.9909090909090909, 1.0, 1.0, 1, 15, 0.00909090909090909, 0.0, 401, 5, 1, 0, 53, 74, 0.0, 0.0, 12
0, 0, 0, 1.0, 109, 0.9909090909090909, 1.0, 1.0, 1, 15, 0.00909090909090909, 0.0, 403, 5, 1, 0, 53, 76, 0.0, 0.0, 12
0, 0, 0, 1.0, 109, 0.9909090909090909, 1.0, 1.0, 1, 15, 0.00909090909090909, 0.0, 409, 39, 0, 0, 2, 121, 0.0, 0.05128205128205128, 13
0, 0, 0, 0.9992953218626605, 98, 3.5636363636363635, 1.0, 1.0, 2, 6, 0.03636363636363636, 0.0, 88, 37, 3, 0, 56, 152, 0.05405405405405406, 0.08108108108108109, 13
0, 0, 0, 1.0, 109, 0.9909090909090909, 1.0, 1.0, 1, 15, 0.00909090909090909, 0.0, 154, 5, 1, 0, 7, 46, 0.0, 0.0, 2
0, 0, 0, 1.0, 109, 0.9909090909090909, 1.0, 1.0, 1, 15, 0.00909090909090909, 0.0, 164, 5, 1, 0, 7, 46, 0.0, 0.0, 2
0, 0, 0, 1.0, 109, 0.9909090909090909, 1.0, 1.0, 1, 15, 0.00909090909090909, 0.0, 159, 5, 1, 0, 7, 46, 0.0, 0.0, 2
0, 0, 0, 1.0, 109, 0.9909090909090909, 1.0, 1.0, 1, 15, 0.00909090909090909, 0.0, 160, 5, 1, 0, 7, 34, 0.0, 0.0, 2
0, 0, 0, 1.0, 109, 0.9909090909090909, 1.0, 1.0, 1, 15, 0.00909090909090909, 0.0, 156, 5, 1, 0, 6, 44, 0.0, 0.0, 2
0, 0, 0, 1.0, 109, 0.9909090909090909, 1.0, 1.0, 1, 15, 0.00909090909090909, 0.0, 163, 5, 1, 0, 7, 32, 0.0, 0.0, 2
0, 0, 0, 1.0, 109, 0.9909090909090909, 1.0, 1.0, 1, 15, 0.00909090909090909, 0.0, 161, 5, 1, 0, 7, 32, 0.0, 0.0, 2
0, 0, 0, 1.0, 109, 0.9909090909090909, 1.0, 1.0, 1, 15, 0.00909090909090909, 0.0, 165, 5, 1, 0, 7, 46, 0.0, 0.0, 2
0, 0, 0, 1.0, 109, 0.9909090909090909, 1.0, 1.0, 1, 15, 0.00909090909090909, 0.0, 162, 5, 1, 0, 7, 32, 0.0, 0.0, 2
0, 0, 0, 1.0, 109, 0.9909090909090909, 1.0, 1.0, 1, 15, 0.00909090909090909, 0.0, 155, 5, 1, 0, 7, 46, 0.0, 0.0, 2
0, 0, 0, 1.0, 109, 0.9909090909090909, 1.0, 1.0, 1, 15, 0.00909090909090909, 0.0, 158, 5, 1, 0, 7, 32, 0.0, 0.0, 2
0, 0, 0, 1.0, 109, 0.9909090909090909, 1.0, 1.0, 1, 15, 0.00909090909090909, 0.0, 157, 5, 1, 0, 7, 32, 0.0, 0.0, 2
0, 0, 0, 1.0, 109, 0.9909090909090909, 1.0, 1.0, 1, 15, 0.00909090909090909, 0.0, 156, 5, 1, 0, 6, 42, 0.0, 0.0, 2
0, 0, 0, 1.0, 109, 0.9909090909090909, 1.0, 1.0, 1, 15, 0.00909090909090909, 0.0, 163, 5, 1, 0, 7, 31, 0.2, 0.0, 2
0, 0, 0, 1.0, 109, 0.9909090909090909, 1.0, 1.0, 1, 15, 0.00909090909090909, 0.0, 155, 5, 1, 0, 7, 45, 0.2, 0.0, 2
0, 0, 0, 1.0, 109, 0.9909090909090909, 1.0, 1.0, 1, 15, 0.00909090909090909, 0.0, 159, 5, 1, 0, 7, 45, 0.2, 0.0, 2
0, 0, 0, 1.0, 109, 0.9909090909090909, 1.0, 1.0, 1, 15, 0.00909090909090909, 0.0, 162, 5, 1, 0, 7, 31, 0.2, 0.0, 2
0, 0, 0, 1.0, 109, 0.9909090909090909, 1.0, 1.0, 1, 15, 0.00909090909090909, 0.0, 164, 5, 1, 0, 7, 45, 0.2, 0.0, 2
0, 0, 0, 1.0, 109, 0.9909090909090909, 1.0, 1.0, 1, 15, 0.00909090909090909, 0.0, 157, 5, 1, 0, 7, 31, 0.2, 0.0, 2
0, 0, 0, 1.0, 109, 0.9909090909090909, 1.0, 1.0, 1, 15, 0.00909090909090909, 0.0, 154, 5, 1, 0, 7, 45, 0.2, 0.0, 2
0, 0, 0, 1.0, 109, 0.9909090909090909, 1.0, 1.0, 1, 15, 0.00909090909090909, 0.0, 161, 5, 1, 0, 7, 31, 0.2, 0.0, 2
0, 0, 0, 1.0, 109, 0.9909090909090909, 1.0, 1.0, 1, 15, 0.00909090909090909, 0.0, 165, 5, 1, 0, 7, 45, 0.2, 0.0, 2
0, 0, 0, 1.0, 109, 0.9909090909090909, 1.0, 1.0, 1, 15, 0.00909090909090909, 0.0, 158, 5, 1, 0, 7, 31, 0.2, 0.0, 2
0, 0, 0, 1.0, 109, 0.9909090909090909, 1.0, 1.0, 1, 15, 0.00909090909090909, 0.0, 160, 5, 1, 0, 7, 33, 0.2, 0.0, 2
0, 0, 0, 1.0, 109, 0.9909090909090909, 1.0, 1.0, 1, 15, 0.00909090909090909, 0.0, 414, 13, 0, 0, 2, 71, 0.0, 0.07692307692307693, 14
0, 0, 0, 1.0, 109, 0.9909090909090909, 1.0, 1.0, 1, 15, 0.00909090909090909, 0.0, 365, 19, 2, 0, 4, 112, 0.0, 0.0, 14
0, 0, 0, 1.0, 109, 0.9909090909090909, 1.0, 1.0, 1, 15, 0.00909090909090909, 0.0, 440, 15, 2, 0, 59, 87, 0.0, 0.0, 15
0, 0, 0, 1.0, 109, 0.9909090909090909, 1.0, 1.0, 1, 15, 0.00909090909090909, 0.0, 489, 5, 1, 0, 6, 41, 0.0, 0.0, 15
0, 0, 0, 1.0, 109, 0.9909090909090909, 1.0, 1.0, 1, 15, 0.00909090909090909, 0.0, 488, 5, 1, 0, 67, 22, 0.0, 0.0, 15
0, 0, 0, 1.0, 109, 0.9909090909090909, 1.0, 1.0, 1, 15, 0.00909090909090909, 0.0, 440, 1, 0, 0, 59, 53, 0.0, 0.0, 15
0, 0, 0, 0.9992953218626605, 98, 2.6727272727272724, 1.0, 1.0, 2, 6, 0.02727272727272727, 0.0, 292, 61, 2, 0, 35, 118, 0.0, 0.09836065573770492, 15
0, 0, 0, 1.0, 109, 0.9909090909090909, 1.0, 1.0, 1, 15, 0.00909090909090909, 0.0, 490, 5, 1, 0, 28, 32, 0.0, 0.0, 15
0, 0, 0, 1.0, 109, 0.9909090909090909, 1.0, 1.0, 1, 15, 0.00909090909090909, 0.0, 440, 15, 2, 0, 59, 68, 0.0, 0.0, 15
0, 0, 0, 1.0, 109, 0.9909090909090909, 1.0, 1.0, 1, 15, 0.00909090909090909, 0.0, 481, 53, 1, 0, 35, 139, 0.0, 0.18867924528301888, 15
0, 0, 0, 1.0, 109, 0.9909090909090909, 1.0, 1.0, 1, 15, 0.00909090909090909, 0.0, 292, 5, 1, 0, 35, 43, 0.0, 0.0, 15
0, 0, 0, 1.0, 109, 0.9909090909090909, 1.0, 1.0, 1, 15, 0.00909090909090909, 0.0, 440, 5, 1, 0, 59, 62, 0.0, 0.0, 15
0, 0, 0, 1.0, 109, 0.9909090909090909, 1.0, 1.0, 1, 15, 0.00909090909090909, 0.0, 421, 49, 4, 0, 47, 287, 0.0, 0.061224489795918366, 3
0, 0, 0, 1.0, 109, 0.9909090909090909, 1.0, 1.0, 1, 15, 0.00909090909090909, 0.0, 291, 23, 0, 0, 2, 106, 0.0, 0.13043478260869565, 3
0, 0, 0, 0.9992953218626605, 98, 3.5636363636363635, 1.0, 1.0, 2, 6, 0.03636363636363636, 0.0, 167, 27, 1, 0, 6, 94, 0.0, 0.14814814814814814, 3
0, 0, 0, 1.0, 109, 0.9909090909090909, 1.0, 1.0, 1, 15, 0.00909090909090909, 0.0, 421, 5, 1, 0, 47, 82, 0.0, 0.0, 3
0, 1, 0, 0.0, 0, 0.0, 3.0, 0.785993298921966, 6, 6, 2.0090909090909093, 0.7, 231, 5, 1, 0, 6, 42, 0.0, 0.0, 3
0, 0, 0, 1.0, 109, 0.9909090909090909, 1.0, 1.0, 1, 15, 0.00909090909090909, 0.0, 281, 7, 0, 0, 2, 73, 0.0, 0.2857142857142857, 3
0, 0, 0, 0.9992953218626605, 98, 2.6727272727272724, 1.0, 1.0, 2, 6, 0.02727272727272727, 0.0, 168, 33, 1, 0, 15, 91, 0.0, 0.09090909090909091, 3
0, 0, 0, 1.0, 109, 0.9909090909090909, 1.0, 1.0, 1, 15, 0.00909090909090909, 0.0, 291, 97, 0, 0, 2, 153, 0.0, 0.10309278350515463, 3
0, 0, 0, 1.0, 109, 0.9909090909090909, 1.0, 1.0, 1, 15, 0.00909090909090909, 0.0, 169, 5, 1, 0, 1, 75, 0.0, 0.0, 3
0, 0, 0, 1.0, 109, 0.9909090909090909, 1.0, 1.0, 1, 15, 0.00909090909090909, 0.0, 421, 5, 1, 0, 47, 86, 0.0, 0.0, 3
0, 0, 0, 1.0, 109, 0.9909090909090909, 1.0, 1.0, 1, 15, 0.00909090909090909, 0.0, 291, 5, 0, 0, 2, 157, 0.0, 0.0, 3
0, 0, 0, 0.7331322099915338, 46, 2.927272727272727, 1.0, 0.9999999999999957, 3, 15, 0.06363636363636363, 0.0, 125, 57, 0, 0, 2, 145, 0.017543859649122806, 0.05263157894736842, 3
0, 0, 0, 1.0, 109, 0.9909090909090909, 1.0, 1.0, 1, 15, 0.00909090909090909, 0.0, 406, 41, 0, 0, 2, 94, 0.0, 0.04878048780487805, 3
0, 0, 0, 0.9992953218626605, 98, 2.6727272727272724, 1.0, 1.0, 2, 6, 0.02727272727272727, 0.0, 3, 15, 2, 0, 1, 116, 0.13333333333333333, 0.06666666666666667, 3
0, 0, 0, 1.0, 109, 0.9909090909090909, 1.0, 1.0, 1, 15, 0.00909090909090909, 0.0, 405, 11, 0, 0, 2, 75, 0.0, 0.09090909090909091, 3
0, 1, 0, 0.22606377946578962, 17, 1.8545454545454545, 1.0, 0.9999949602295062, 3, 15, 0.10909090909090909, 0.1, 352, 95, 0, 0, 2, 131, 0.010526315789473684, 0.10526315789473684, 3
0, 0, 0, 1.0, 109, 0.9909090909090909, 1.0, 1.0, 1, 15, 0.00909090909090909, 0.0, 407, 19, 0, 0, 2, 113, 0.0, 0.05263157894736842, 3
1, 0, 1, 0.22629472737906292, 18, 0.4909090909090909, 0.7727272727272727, 0.9999980925931595, 1, 15, 0.02727272727272727, 0.1, 422, 29, 1, 0, 46, 142, 0.0, 0.10344827586206896, 3
0, 1, 0, 0.22606377946578962, 17, 0.9272727272727272, 1.0, 0.9999992262910427, 2, 15, 0.05454545454545454, 0.1, 364, 15, 0, 0, 2, 93, 0.0, 0.06666666666666667, 3
0, 0, 0, 1.0, 109, 0.9909090909090909, 1.0, 1.0, 1, 15, 0.00909090909090909, 0.0, 416, 35, 0, 0, 2, 106, 0.02857142857142857, 0.08571428571428572, 4
0, 0, 0, 1.0, 109, 0.9909090909090909, 1.0, 1.0, 1, 15, 0.00909090909090909, 0.0, 412, 9, 1, 0, 7, 95, 0.1111111111111111, 0.2222222222222222, 4
0, 0, 0, 1.0, 109, 0.9909090909090909, 1.0, 1.0, 1, 15, 0.00909090909090909, 0.0, 466, 17, 2, 0, 1, 89, 0.0, 0.058823529411764705, 4
0, 0, 0, 1.0, 109, 0.9909090909090909, 1.0, 1.0, 1, 15, 0.00909090909090909, 0.0, 413, 29, 0, 0, 2, 95, 0.10344827586206896, 0.1724137931034483, 4
0, 0, 0, 1.0, 109, 0.9909090909090909, 1.0, 1.0, 1, 15, 0.00909090909090909, 0.0, 417, 5, 0, 0, 2, 63, 0.2, 0.0, 4
0, 0, 1, 0.9994471848200537, 100, 1.8181818181818181, 0.10909090909090909, 1.0, 2, 6, 0.01818181818181818, 0.1, 171, 11, 1, 0, 1, 34, 0.0, 0.0, 4
0, 0, 1, 0.9994471848200537, 100, 1.8181818181818181, 0.10909090909090909, 1.0, 2, 6, 0.01818181818181818, 0.1, 176, 23, 2, 0, 1, 67, 0.08695652173913043, 0.08695652173913043, 4
0, 0, 1, 0.9994471848200537, 100, 1.8181818181818181, 0.10909090909090909, 1.0, 2, 6, 0.01818181818181818, 0.1, 173, 7, 0, 0, 2, 51, 0.0, 0.0, 4
0, 0, 1, 0.9994471848200537, 100, 1.8181818181818181, 0.10909090909090909, 1.0, 2, 6, 0.01818181818181818, 0.1, 175, 5, 0, 0, 2, 25, 0.0, 0.0, 4
0, 0, 1, 0.9994471848200537, 100, 1.8181818181818181, 0.10909090909090909, 1.0, 2, 6, 0.01818181818181818, 0.1, 446, 7, 1, 0, 1, 26, 0.0, 0.0, 4
0, 0, 1, 0.9994471848200537, 100, 1.8181818181818181, 0.10909090909090909, 1.0, 2, 6, 0.01818181818181818, 0.1, 174, 11, 0, 0, 2, 37, 0.0, 0.0, 4
0, 0, 1, 0.9994471848200537, 100, 1.8181818181818181, 0.10909090909090909, 1.0, 2, 6, 0.01818181818181818, 0.1, 170, 13, 1, 0, 6, 58, 0.0, 0.07692307692307693, 4
0, 0, 1, 0.9994471848200537, 100, 1.8181818181818181, 0.10909090909090909, 1.0, 2, 6, 0.01818181818181818, 0.1, 448, 5, 1, 0, 1, 25, 0.0, 0.0, 4
0, 0, 1, 0.9992953218626605, 98, 2.6727272727272724, 0.10909090909090909, 1.0, 2, 6, 0.02727272727272727, 0.15, 172, 31, 1, 0, 1, 80, 0.0967741935483871, 0.1935483870967742, 4
0, 0, 1, 0.9994471848200537, 100, 1.8181818181818181, 0.10909090909090909, 1.0, 2, 6, 0.01818181818181818, 0.1, 449, 5, 0, 0, 2, 17, 0.0, 0.0, 4
0, 0, 1, 0.9994471848200537, 100, 1.8181818181818181, 0.10909090909090909, 1.0, 2, 6, 0.01818181818181818, 0.1, 447, 5, 1, 0, 1, 23, 0.0, 0.0, 4
0, 0, 0, 1.0, 109, 0.9909090909090909, 1.0, 1.0, 1, 15, 0.00909090909090909, 0.0, 184, 5, 0, 0, 2, 46, 0.0, 0.2, 4
0, 0, 0, 0.7981349414696919, 62, 5.636363636363637, 1.0, 1.0, 3, 6, 0.09090909090909091, 0.0, 294, 197, 0, 0, 2, 170, 0.10152284263959391, 0.116751269035533, 4
0, 0, 0, 1.0, 109, 0.9909090909090909, 1.0, 1.0, 1, 15, 0.00909090909090909, 0.0, 275, 5, 0, 0, 2, 57, 0.0, 0.2, 4
0, 0, 0, 1.0, 109, 0.9909090909090909, 1.0, 1.0, 1, 15, 0.00909090909090909, 0.0, 189, 5, 0, 0, 2, 52, 0.0, 0.2, 4
0, 0, 0, 1.0, 109, 0.9909090909090909, 1.0, 1.0, 1, 15, 0.00909090909090909, 0.0, 190, 5, 0, 0, 2, 44, 0.0, 0.2, 4
0, 0, 0, 1.0, 109, 0.9909090909090909, 1.0, 1.0, 1, 15, 0.00909090909090909, 0.0, 187, 5, 0, 0, 2, 40, 0.0, 0.2, 4
0, 0, 0, 1.0, 109, 0.9909090909090909, 1.0, 1.0, 1, 15, 0.00909090909090909, 0.0, 232, 31, 1, 0, 6, 98, 0.0967741935483871, 0.16129032258064516, 4
0, 0, 0, 0.9992953218626605, 98, 3.5636363636363635, 1.0, 1.0, 2, 6, 0.03636363636363636, 0.0, 469, 29, 1, 0, 6, 131, 0.0, 0.13793103448275862, 4
0, 0, 0, 1.0, 109, 0.9909090909090909, 1.0, 1.0, 1, 15, 0.00909090909090909, 0.0, 473, 5, 1, 0, 6, 81, 0.0, 0.0, 4
0, 0, 0, 1.0, 109, 0.9909090909090909, 1.0, 1.0, 1, 15, 0.00909090909090909, 0.0, 468, 5, 1, 0, 6, 70, 0.0, 0.0, 4
0, 0, 0, 1.0, 109, 0.9909090909090909, 1.0, 1.0, 1, 15, 0.00909090909090909, 0.0, 471, 5, 1, 0, 6, 96, 0.0, 0.0, 4
0, 0, 0, 1.0, 109, 0.9909090909090909, 1.0, 1.0, 1, 15, 0.00909090909090909, 0.0, 472, 17, 0, 0, 2, 88, 0.0, 0.0, 4
0, 0, 0, 1.0, 109, 0.9909090909090909, 1.0, 1.0, 1, 15, 0.00909090909090909, 0.0, 470, 5, 1, 0, 1, 25, 0.0, 0.0, 4
0, 0, 1, 0.9994471848200537, 100, 1.8181818181818181, 0.10909090909090909, 1.0, 2, 6, 0.01818181818181818, 0.1, 513, 5, 1, 0, 30, 31, 0.0, 0.0, 4
0, 0, 1, 0.9994471848200537, 100, 1.8181818181818181, 0.10909090909090909, 1.0, 2, 6, 0.01818181818181818, 0.1, 514, 5, 0, 0, 70, 50, 0.0, 0.0, 4
0, 0, 1, 0.9994471848200537, 100, 1.8181818181818181, 0.10909090909090909, 1.0, 2, 6, 0.01818181818181818, 0.1, 172, 5, 0, 0, 1, 61, 0.0, 0.0, 4
0, 0, 1, 0.9994471848200537, 100, 1.8181818181818181, 0.10909090909090909, 1.0, 2, 6, 0.01818181818181818, 0.1, 171, 5, 0, 0, 1, 50, 0.0, 0.0, 4
0, 0, 1, 0.9994471848200537, 100, 1.8181818181818181, 0.10909090909090909, 1.0, 2, 6, 0.01818181818181818, 0.1, 509, 5, 1, 0, 69, 68, 0.0, 0.0, 4
0, 0, 1, 0.9994471848200537, 100, 1.8181818181818181, 0.10909090909090909, 1.0, 2, 6, 0.01818181818181818, 0.1, 519, 5, 0, 0, 1, 54, 0.0, 0.0, 4
0, 0, 1, 0.9994471848200537, 100, 1.8181818181818181, 0.10909090909090909, 1.0, 2, 6, 0.01818181818181818, 0.1, 502, 5, 1, 0, 7, 37, 0.0, 0.0, 4
0, 0, 1, 0.9994471848200537, 100, 1.8181818181818181, 0.10909090909090909, 1.0, 2, 6, 0.01818181818181818, 0.1, 512, 5, 0, 0, 2, 50, 0.0, 0.0, 4
0, 0, 1, 0.9994471848200537, 100, 1.8181818181818181, 0.10909090909090909, 1.0, 2, 6, 0.01818181818181818, 0.1, 503, 5, 1, 0, 7, 41, 0.0, 0.0, 4
0, 0, 1, 0.9994471848200537, 100, 1.8181818181818181, 0.10909090909090909, 1.0, 2, 6, 0.01818181818181818, 0.1, 174, 5, 0, 0, 2, 50, 0.0, 0.0, 4
0, 0, 1, 0.9994471848200537, 100, 1.8181818181818181, 0.10909090909090909, 1.0, 2, 6, 0.01818181818181818, 0.1, 506, 5, 1, 0, 7, 28, 0.0, 0.0, 4
0, 0, 1, 0.9994471848200537, 100, 1.8181818181818181, 0.10909090909090909, 1.0, 2, 6, 0.01818181818181818, 0.1, 507, 5, 1, 0, 1, 31, 0.0, 0.0, 4
0, 0, 1, 0.9994471848200537, 100, 1.8181818181818181, 0.10909090909090909, 1.0, 2, 6, 0.01818181818181818, 0.1, 176, 5, 0, 0, 1, 75, 0.0, 0.0, 4
0, 0, 1, 0.9994471848200537, 100, 1.8181818181818181, 0.10909090909090909, 1.0, 2, 6, 0.01818181818181818, 0.1, 504, 5, 1, 0, 68, 84, 0.0, 0.0, 4
0, 0, 1, 0.9994471848200537, 100, 1.8181818181818181, 0.10909090909090909, 1.0, 2, 6, 0.01818181818181818, 0.1, 518, 5, 0, 0, 71, 50, 0.0, 0.0, 4
0, 0, 1, 0.9994471848200537, 100, 1.8181818181818181, 0.10909090909090909, 1.0, 2, 6, 0.01818181818181818, 0.1, 511, 5, 1, 0, 1, 38, 0.0, 0.0, 4
0, 0, 1, 0.9994471848200537, 100, 1.8181818181818181, 0.10909090909090909, 1.0, 2, 6, 0.01818181818181818, 0.1, 515, 5, 1, 0, 68, 76, 0.0, 0.0, 4
0, 0, 1, 0.9994471848200537, 100, 1.8181818181818181, 0.10909090909090909, 1.0, 2, 6, 0.01818181818181818, 0.1, 505, 7, 1, 0, 60, 44, 0.0, 0.0, 4
0, 0, 1, 0.9994471848200537, 100, 1.8181818181818181, 0.10909090909090909, 1.0, 2, 6, 0.01818181818181818, 0.1, 517, 5, 1, 0, 71, 35, 0.0, 0.0, 4
0, 0, 1, 0.9994471848200537, 100, 1.8181818181818181, 0.10909090909090909, 1.0, 2, 6, 0.01818181818181818, 0.1, 508, 5, 0, 0, 1, 54, 0.0, 0.0, 4
0, 0, 1, 0.9994471848200537, 100, 1.8181818181818181, 0.10909090909090909, 1.0, 2, 6, 0.01818181818181818, 0.1, 516, 5, 0, 0, 71, 50, 0.0, 0.0, 4
0, 0, 1, 0.9994471848200537, 100, 1.8181818181818181, 0.10909090909090909, 1.0, 2, 6, 0.01818181818181818, 0.1, 510, 5, 0, 0, 1, 50, 0.0, 0.0, 4
0, 0, 1, 0.9994471848200537, 100, 1.8181818181818181, 0.10909090909090909, 1.0, 2, 6, 0.01818181818181818, 0.1, 520, 5, 1, 0, 1, 56, 0.0, 0.0, 4
0, 0, 1, 0.9994471848200537, 100, 1.8181818181818181, 0.10909090909090909, 1.0, 2, 6, 0.01818181818181818, 0.1, 528, 5, 1, 0, 72, 29, 0.0, 0.0, 4
0, 0, 1, 0.9994471848200537, 100, 1.8181818181818181, 0.10909090909090909, 1.0, 2, 6, 0.01818181818181818, 0.1, 524, 5, 0, 0, 2, 57, 0.0, 0.0, 4
0, 0, 1, 0.9994471848200537, 100, 1.8181818181818181, 0.10909090909090909, 1.0, 2, 6, 0.01818181818181818, 0.1, 527, 5, 1, 0, 1, 37, 0.0, 0.0, 4
0, 0, 1, 0.9994471848200537, 100, 1.8181818181818181, 0.10909090909090909, 1.0, 2, 6, 0.01818181818181818, 0.1, 525, 5, 1, 0, 74, 51, 0.0, 0.0, 4
0, 0, 1, 0.9994471848200537, 100, 1.8181818181818181, 0.10909090909090909, 1.0, 2, 6, 0.01818181818181818, 0.1, 506, 5, 1, 0, 7, 27, 0.0, 0.0, 4
0, 0, 1, 0.9994471848200537, 100, 1.8181818181818181, 0.10909090909090909, 1.0, 2, 6, 0.01818181818181818, 0.1, 531, 5, 0, 1, 72, 54, 0.0, 0.0, 4
0, 0, 1, 0.9994471848200537, 100, 1.8181818181818181, 0.10909090909090909, 1.0, 2, 6, 0.01818181818181818, 0.1, 510, 5, 0, 0, 72, 50, 0.0, 0.0, 4
0, 0, 1, 0.9994471848200537, 100, 1.8181818181818181, 0.10909090909090909, 1.0, 2, 6, 0.01818181818181818, 0.1, 530, 5, 1, 0, 1, 41, 0.0, 0.0, 4
0, 0, 1, 0.9994471848200537, 100, 1.8181818181818181, 0.10909090909090909, 1.0, 2, 6, 0.01818181818181818, 0.1, 512, 5, 0, 0, 2, 50, 0.0, 0.0, 4
0, 0, 1, 0.9994471848200537, 100, 1.8181818181818181, 0.10909090909090909, 1.0, 2, 6, 0.01818181818181818, 0.1, 526, 5, 1, 1, 75, 35, 0.0, 0.0, 4
0, 0, 1, 0.9994471848200537, 100, 1.8181818181818181, 0.10909090909090909, 1.0, 2, 6, 0.01818181818181818, 0.1, 521, 5, 1, 1, 72, 37, 0.0, 0.0, 4
0, 0, 1, 0.9994471848200537, 100, 1.8181818181818181, 0.10909090909090909, 1.0, 2, 6, 0.01818181818181818, 0.1, 522, 5, 1, 0, 73, 50, 0.0, 0.0, 4
0, 0, 1, 0.9994471848200537, 100, 1.8181818181818181, 0.10909090909090909, 1.0, 2, 6, 0.01818181818181818, 0.1, 507, 5, 1, 0, 1, 30, 0.0, 0.0, 4
0, 0, 1, 0.9994471848200537, 100, 1.8181818181818181, 0.10909090909090909, 1.0, 2, 6, 0.01818181818181818, 0.1, 523, 5, 0, 0, 72, 50, 0.0, 0.0, 4
0, 0, 1, 0.9992953218626605, 98, 3.5636363636363635, 0.10909090909090909, 1.0, 2, 6, 0.03636363636363636, 0.2, 529, 15, 1, 0, 76, 98, 0.0, 0.13333333333333333, 4
0, 0, 1, 0.9994471848200537, 100, 1.8181818181818181, 0.10909090909090909, 1.0, 2, 6, 0.01818181818181818, 0.1, 171, 5, 0, 0, 1, 50, 0.0, 0.0, 4
0, 0, 1, 0.9994471848200537, 100, 1.8181818181818181, 0.10909090909090909, 1.0, 2, 6, 0.01818181818181818, 0.1, 507, 5, 1, 0, 1, 30, 0.0, 0.0, 4
0, 0, 1, 0.9994471848200537, 100, 1.8181818181818181, 0.10909090909090909, 1.0, 2, 6, 0.01818181818181818, 0.1, 506, 5, 1, 0, 7, 27, 0.0, 0.0, 4
0, 0, 1, 0.9994471848200537, 100, 1.8181818181818181, 0.10909090909090909, 1.0, 2, 6, 0.01818181818181818, 0.1, 511, 5, 1, 0, 1, 37, 0.0, 0.0, 4
0, 0, 1, 0.9994471848200537, 100, 1.8181818181818181, 0.10909090909090909, 1.0, 2, 6, 0.01818181818181818, 0.1, 520, 5, 1, 0, 1, 56, 0.0, 0.0, 4
0, 0, 1, 0.9994471848200537, 100, 1.8181818181818181, 0.10909090909090909, 1.0, 2, 6, 0.01818181818181818, 0.1, 513, 5, 1, 0, 30, 30, 0.0, 0.0, 4
0, 0, 1, 0.9994471848200537, 100, 1.8181818181818181, 0.10909090909090909, 1.0, 2, 6, 0.01818181818181818, 0.1, 427, 5, 1, 1, 77, 45, 0.0, 0.0, 4
0, 0, 1, 0.9994471848200537, 100, 1.8181818181818181, 0.10909090909090909, 1.0, 2, 6, 0.01818181818181818, 0.1, 172, 5, 0, 0, 1, 61, 0.0, 0.0, 4
0, 0, 1, 0.9994471848200537, 100, 1.8181818181818181, 0.10909090909090909, 1.0, 2, 6, 0.01818181818181818, 0.1, 508, 5, 0, 0, 1, 54, 0.0, 0.0, 4
0, 0, 1, 0.9994471848200537, 100, 1.8181818181818181, 0.10909090909090909, 1.0, 2, 6, 0.01818181818181818, 0.1, 510, 5, 0, 0, 1, 50, 0.0, 0.0, 4
0, 0, 1, 0.9994471848200537, 100, 1.8181818181818181, 0.10909090909090909, 1.0, 2, 6, 0.01818181818181818, 0.1, 171, 5, 0, 1, 2, 30, 0.0, 0.0, 4
0, 0, 1, 0.9994471848200537, 100, 1.8181818181818181, 0.10909090909090909, 1.0, 2, 6, 0.01818181818181818, 0.1, 505, 7, 1, 0, 60, 44, 0.0, 0.0, 4
0, 0, 1, 0.9994471848200537, 100, 1.8181818181818181, 0.10909090909090909, 1.0, 2, 6, 0.01818181818181818, 0.1, 512, 5, 0, 0, 2, 50, 0.0, 0.0, 4
0, 0, 1, 0.9994471848200537, 100, 1.8181818181818181, 0.10909090909090909, 1.0, 2, 6, 0.01818181818181818, 0.1, 519, 5, 0, 0, 1, 54, 0.0, 0.0, 4
0, 0, 1, 0.9994471848200537, 100, 1.8181818181818181, 0.10909090909090909, 1.0, 2, 6, 0.01818181818181818, 0.1, 509, 5, 1, 0, 69, 67, 0.0, 0.0, 4
0, 0, 0, 1.0, 109, 0.9909090909090909, 1.0, 1.0, 1, 15, 0.00909090909090909, 0.0, 196, 17, 0, 0, 2, 76, 0.0, 0.11764705882352941, 4
0, 0, 0, 1.0, 109, 0.9909090909090909, 1.0, 1.0, 1, 15, 0.00909090909090909, 0.0, 197, 35, 3, 0, 6, 108, 0.0, 0.05714285714285714, 4
0, 0, 0, 0.9992953218626605, 98, 3.5636363636363635, 1.0, 1.0, 2, 6, 0.03636363636363636, 0.0, 195, 19, 1, 0, 6, 77, 0.0, 0.10526315789473684, 4
0, 0, 0, 0.9992953218626605, 98, 2.6727272727272724, 1.0, 1.0, 2, 6, 0.02727272727272727, 0.0, 226, 71, 0, 0, 2, 113, 0.07042253521126761, 0.15492957746478872, 4
0, 0, 0, 0.9992953218626605, 98, 2.6727272727272724, 1.0, 1.0, 2, 6, 0.02727272727272727, 0.0, 223, 63, 1, 0, 26, 168, 0.031746031746031744, 0.1111111111111111, 4
0, 0, 0, 0.9992953218626605, 98, 2.6727272727272724, 1.0, 1.0, 2, 6, 0.02727272727272727, 0.0, 224, 31, 4, 0, 27, 124, 0.3548387096774194, 0.03225806451612903, 4
0, 0, 0, 0.9992953218626605, 98, 2.6727272727272724, 1.0, 1.0, 2, 6, 0.02727272727272727, 0.0, 267, 37, 0, 0, 2, 112, 0.10810810810810811, 0.1891891891891892, 4
0, 0, 0, 1.0, 109, 0.9909090909090909, 1.0, 1.0, 1, 15, 0.00909090909090909, 0.0, 201, 27, 3, 0, 1, 129, 0.0, 0.037037037037037035, 4
0, 0, 0, 1.0, 109, 0.9909090909090909, 1.0, 1.0, 1, 15, 0.00909090909090909, 0.0, 202, 33, 4, 0, 22, 129, 0.030303030303030304, 0.030303030303030304, 4
1, 0, 1, 0.22629472737906292, 18, 0.4909090909090909, 0.8090909090909091, 0.999998077750206, 2, 15, 0.02727272727272727, 0.1, 204, 33, 1, 0, 23, 75, 0.030303030303030304, 0.21212121212121213, 4
1, 0, 1, 0.22629472737906292, 18, 0.4909090909090909, 0.8090909090909091, 0.999998077750206, 2, 15, 0.02727272727272727, 0.1, 203, 31, 1, 0, 23, 75, 0.03225806451612903, 0.22580645161290322, 4
1, 0, 1, 0.22629472737906292, 18, 0.4909090909090909, 0.8090909090909091, 0.999998077750206, 2, 15, 0.02727272727272727, 0.1, 339, 7, 1, 0, 6, 117, 0.0, 0.14285714285714285, 4
1, 0, 1, 0.22629472737906292, 18, 0.4909090909090909, 0.8090909090909091, 0.999998077750206, 2, 15, 0.02727272727272727, 0.1, 206, 17, 2, 0, 6, 104, 0.0, 0.11764705882352941, 4
1, 0, 1, 0.22629472737906292, 18, 0.4909090909090909, 0.8090909090909091, 0.999998077750206, 2, 15, 0.02727272727272727, 0.1, 207, 17, 2, 0, 6, 112, 0.0, 0.058823529411764705, 4
1, 0, 1, 0.22629472737906292, 18, 0.8181818181818182, 0.8090909090909091, 0.999998077750206, 2, 15, 0.045454545454545456, 0.1, 249, 43, 1, 0, 6, 119, 0.0, 0.16279069767441862, 4
0, 0, 0, 1.0, 109, 0.9909090909090909, 1.0, 1.0, 1, 15, 0.00909090909090909, 0.0, 441, 13, 0, 0, 2, 120, 0.15384615384615385, 0.15384615384615385, 4
0, 0, 1, 0.9994471848200537, 100, 1.8181818181818181, 0.10909090909090909, 1.0, 2, 6, 0.01818181818181818, 0.1, 533, 5, 1, 0, 71, 32, 0.0, 0.0, 4
0, 0, 1, 0.9994471848200537, 100, 1.8181818181818181, 0.10909090909090909, 1.0, 2, 6, 0.01818181818181818, 0.1, 534, 5, 1, 0, 1, 35, 0.0, 0.0, 4
0, 0, 1, 0.9994471848200537, 100, 1.8181818181818181, 0.10909090909090909, 1.0, 2, 6, 0.01818181818181818, 0.1, 532, 5, 0, 0, 2, 50, 0.0, 0.0, 4
0, 0, 1, 0.9994471848200537, 100, 1.8181818181818181, 0.10909090909090909, 1.0, 2, 6, 0.01818181818181818, 0.1, 532, 5, 0, 0, 2, 50, 0.0, 0.0, 4
0, 0, 1, 0.9994471848200537, 100, 1.8181818181818181, 0.10909090909090909, 1.0, 2, 6, 0.01818181818181818, 0.1, 536, 5, 1, 0, 7, 37, 0.0, 0.0, 4
0, 0, 1, 0.9994471848200537, 100, 1.8181818181818181, 0.10909090909090909, 1.0, 2, 6, 0.01818181818181818, 0.1, 171, 5, 0, 0, 2, 50, 0.0, 0.0, 4
0, 0, 1, 0.9994471848200537, 100, 1.8181818181818181, 0.10909090909090909, 1.0, 2, 6, 0.01818181818181818, 0.1, 535, 5, 0, 0, 2, 50, 0.0, 0.0, 4
0, 0, 1, 0.9994471848200537, 100, 1.8181818181818181, 0.10909090909090909, 1.0, 2, 6, 0.01818181818181818, 0.1, 533, 5, 1, 0, 71, 32, 0.0, 0.0, 4
0, 0, 1, 0.9994471848200537, 100, 1.8181818181818181, 0.10909090909090909, 1.0, 2, 6, 0.01818181818181818, 0.1, 534, 5, 1, 0, 1, 35, 0.0, 0.0, 4
0, 0, 1, 0.9994471848200537, 100, 1.8181818181818181, 0.10909090909090909, 1.0, 2, 6, 0.01818181818181818, 0.1, 538, 5, 1, 0, 7, 41, 0.0, 0.0, 4
0, 0, 1, 0.9994471848200537, 100, 1.8181818181818181, 0.10909090909090909, 1.0, 2, 6, 0.01818181818181818, 0.1, 539, 5, 1, 0, 71, 36, 0.0, 0.0, 4
0, 0, 1, 0.9994471848200537, 100, 1.8181818181818181, 0.10909090909090909, 1.0, 2, 6, 0.01818181818181818, 0.1, 537, 5, 1, 0, 1, 39, 0.0, 0.0, 4
0, 0, 0, 1.0, 109, 0.9909090909090909, 1.0, 1.0, 1, 15, 0.00909090909090909, 0.0, 158, 11, 1, 0, 7, 44, 0.09090909090909091, 0.09090909090909091, 5
0, 0, 0, 1.0, 109, 0.9909090909090909, 1.0, 1.0, 1, 15, 0.00909090909090909, 0.0, 156, 31, 1, 0, 6, 75, 0.0, 0.1935483870967742, 5
0, 0, 0, 1.0, 109, 0.9909090909090909, 1.0, 1.0, 1, 15, 0.00909090909090909, 0.0, 164, 13, 1, 0, 7, 55, 0.07692307692307693, 0.07692307692307693, 5
0, 0, 0, 1.0, 109, 0.9909090909090909, 1.0, 1.0, 1, 15, 0.00909090909090909, 0.0, 154, 13, 1, 0, 7, 55, 0.07692307692307693, 0.07692307692307693, 5
0, 0, 0, 1.0, 109, 0.9909090909090909, 1.0, 1.0, 1, 15, 0.00909090909090909, 0.0, 210, 5, 0, 0, 2, 34, 0.0, 0.2, 5
0, 0, 0, 1.0, 109, 0.9909090909090909, 1.0, 1.0, 1, 15, 0.00909090909090909, 0.0, 159, 13, 1, 0, 7, 55, 0.07692307692307693, 0.07692307692307693, 5
0, 0, 0, 1.0, 109, 0.9909090909090909, 1.0, 1.0, 1, 15, 0.00909090909090909, 0.0, 157, 11, 1, 0, 7, 44, 0.09090909090909091, 0.09090909090909091, 5
0, 0, 0, 1.0, 109, 0.9909090909090909, 1.0, 1.0, 1, 15, 0.00909090909090909, 0.0, 165, 13, 1, 0, 7, 55, 0.07692307692307693, 0.07692307692307693, 5
0, 0, 0, 1.0, 109, 0.9909090909090909, 1.0, 1.0, 1, 15, 0.00909090909090909, 0.0, 161, 11, 1, 0, 7, 44, 0.09090909090909091, 0.09090909090909091, 5
0, 0, 0, 1.0, 109, 0.9909090909090909, 1.0, 1.0, 1, 15, 0.00909090909090909, 0.0, 162, 11, 1, 0, 7, 44, 0.09090909090909091, 0.09090909090909091, 5
0, 0, 0, 1.0, 109, 0.9909090909090909, 1.0, 1.0, 1, 15, 0.00909090909090909, 0.0, 163, 11, 1, 0, 7, 44, 0.09090909090909091, 0.09090909090909091, 5
0, 0, 0, 1.0, 109, 0.9909090909090909, 1.0, 1.0, 1, 15, 0.00909090909090909, 0.0, 160, 13, 1, 0, 7, 43, 0.07692307692307693, 0.07692307692307693, 5
0, 0, 0, 1.0, 109, 0.9909090909090909, 1.0, 1.0, 1, 15, 0.00909090909090909, 0.0, 155, 13, 1, 0, 7, 55, 0.07692307692307693, 0.07692307692307693, 5
0, 0, 0, 0.9991683323994552, 96, 1.8823529411764706, 0.8909090909090909, 1.0, 1, 6, 0.0196078431372549, 0.0, 176, 23, 2, 0, 1, 66, 0.08695652173913043, 0.08695652173913043, 16
0, 0, 0, 0.9991683323994552, 96, 1.8823529411764706, 0.8909090909090909, 1.0, 1, 6, 0.0196078431372549, 0.0, 170, 13, 1, 0, 6, 57, 0.0, 0.07692307692307693, 16
0, 0, 0, 0.9991683323994552, 96, 1.8823529411764706, 0.8909090909090909, 1.0, 1, 6, 0.0196078431372549, 0.0, 175, 5, 0, 0, 2, 24, 0.0, 0.0, 16
0, 0, 0, 0.9991683323994552, 96, 1.8823529411764706, 0.8909090909090909, 1.0, 1, 6, 0.0196078431372549, 0.0, 172, 31, 1, 0, 1, 79, 0.0967741935483871, 0.1935483870967742, 16
0, 0, 0, 0.9991683323994552, 96, 1.8823529411764706, 0.8909090909090909, 1.0, 1, 6, 0.0196078431372549, 0.0, 173, 7, 0, 0, 2, 50, 0.0, 0.0, 16
0, 0, 0, 0.9991683323994552, 96, 1.8823529411764706, 0.8909090909090909, 1.0, 1, 6, 0.0196078431372549, 0.0, 447, 5, 1, 0, 1, 22, 0.0, 0.0, 16
0, 0, 0, 0.9991683323994552, 96, 1.8823529411764706, 0.8909090909090909, 1.0, 1, 6, 0.0196078431372549, 0.0, 446, 7, 1, 0, 1, 25, 0.0, 0.0, 16
0, 0, 0, 0.9991683323994552, 96, 1.8823529411764706, 0.8909090909090909, 1.0, 1, 6, 0.0196078431372549, 0.0, 449, 5, 0, 0, 2, 16, 0.0, 0.0, 16
0, 0, 0, 0.9991683323994552, 96, 1.8823529411764706, 0.8909090909090909, 1.0, 1, 6, 0.0196078431372549, 0.0, 171, 11, 1, 0, 1, 33, 0.0, 0.0, 16
0, 0, 0, 0.9991683323994552, 96, 1.8823529411764706, 0.8909090909090909, 1.0, 1, 6, 0.0196078431372549, 0.0, 174, 11, 0, 0, 2, 36, 0.0, 0.0, 16
0, 0, 0, 0.9991683323994552, 96, 1.8823529411764706, 0.8909090909090909, 1.0, 1, 6, 0.0196078431372549, 0.0, 448, 5, 1, 0, 1, 24, 0.0, 0.0, 16
0, 0, 0, 0.9991683323994552, 96, 1.8823529411764706, 0.8909090909090909, 1.0, 1, 6, 0.0196078431372549, 0.0, 511, 5, 1, 0, 1, 38, 0.0, 0.0, 16
0, 0, 0, 0.9991683323994552, 96, 1.8823529411764706, 0.8909090909090909, 1.0, 1, 6, 0.0196078431372549, 0.0, 171, 5, 0, 0, 1, 50, 0.0, 0.0, 16
0, 0, 0, 0.9991683323994552, 96, 1.8823529411764706, 0.8909090909090909, 1.0, 1, 6, 0.0196078431372549, 0.0, 518, 5, 0, 0, 71, 50, 0.0, 0.0, 16
0, 0, 0, 0.9991683323994552, 96, 1.8823529411764706, 0.8909090909090909, 1.0, 1, 6, 0.0196078431372549, 0.0, 517, 5, 1, 0, 71, 35, 0.0, 0.0, 16
0, 0, 0, 0.9991683323994552, 96, 1.8823529411764706, 0.8909090909090909, 1.0, 1, 6, 0.0196078431372549, 0.0, 504, 5, 1, 0, 68, 84, 0.0, 0.0, 16
0, 0, 0, 0.9991683323994552, 96, 1.8823529411764706, 0.8909090909090909, 1.0, 1, 6, 0.0196078431372549, 0.0, 519, 5, 0, 0, 1, 54, 0.0, 0.0, 16
0, 0, 0, 0.9991683323994552, 96, 1.8823529411764706, 0.8909090909090909, 1.0, 1, 6, 0.0196078431372549, 0.0, 510, 5, 0, 0, 1, 50, 0.0, 0.0, 16
0, 0, 0, 0.9991683323994552, 96, 1.8823529411764706, 0.8909090909090909, 1.0, 1, 6, 0.0196078431372549, 0.0, 509, 5, 1, 0, 69, 68, 0.0, 0.0, 16
0, 0, 0, 0.9991683323994552, 96, 1.8823529411764706, 0.8909090909090909, 1.0, 1, 6, 0.0196078431372549, 0.0, 502, 5, 1, 0, 7, 37, 0.0, 0.0, 16
0, 0, 0, 0.9991683323994552, 96, 1.8823529411764706, 0.8909090909090909, 1.0, 1, 6, 0.0196078431372549, 0.0, 176, 5, 0, 0, 1, 75, 0.0, 0.0, 16
0, 0, 0, 0.9991683323994552, 96, 1.8823529411764706, 0.8909090909090909, 1.0, 1, 6, 0.0196078431372549, 0.0, 515, 5, 1, 0, 68, 76, 0.0, 0.0, 16
0, 0, 0, 0.9991683323994552, 96, 1.8823529411764706, 0.8909090909090909, 1.0, 1, 6, 0.0196078431372549, 0.0, 172, 5, 0, 0, 1, 61, 0.0, 0.0, 16
0, 0, 0, 0.9991683323994552, 96, 1.8823529411764706, 0.8909090909090909, 1.0, 1, 6, 0.0196078431372549, 0.0, 520, 5, 1, 0, 1, 56, 0.0, 0.0, 16
0, 0, 0, 0.9991683323994552, 96, 1.8823529411764706, 0.8909090909090909, 1.0, 1, 6, 0.0196078431372549, 0.0, 505, 7, 1, 0, 60, 44, 0.0, 0.0, 16
0, 0, 0, 0.9991683323994552, 96, 1.8823529411764706, 0.8909090909090909, 1.0, 1, 6, 0.0196078431372549, 0.0, 174, 5, 0, 0, 2, 50, 0.0, 0.0, 16
0, 0, 0, 0.9991683323994552, 96, 1.8823529411764706, 0.8909090909090909, 1.0, 1, 6, 0.0196078431372549, 0.0, 506, 5, 1, 0, 7, 28, 0.0, 0.0, 16
0, 0, 0, 0.9991683323994552, 96, 1.8823529411764706, 0.8909090909090909, 1.0, 1, 6, 0.0196078431372549, 0.0, 507, 5, 1, 0, 1, 31, 0.0, 0.0, 16
0, 0, 0, 0.9991683323994552, 96, 1.8823529411764706, 0.8909090909090909, 1.0, 1, 6, 0.0196078431372549, 0.0, 503, 5, 1, 0, 7, 41, 0.0, 0.0, 16
0, 0, 0, 0.9991683323994552, 96, 1.8823529411764706, 0.8909090909090909, 1.0, 1, 6, 0.0196078431372549, 0.0, 514, 5, 0, 0, 70, 50, 0.0, 0.0, 16
0, 0, 0, 0.9991683323994552, 96, 1.8823529411764706, 0.8909090909090909, 1.0, 1, 6, 0.0196078431372549, 0.0, 513, 5, 1, 0, 30, 31, 0.0, 0.0, 16
0, 0, 0, 0.9991683323994552, 96, 1.8823529411764706, 0.8909090909090909, 1.0, 1, 6, 0.0196078431372549, 0.0, 512, 5, 0, 0, 2, 50, 0.0, 0.0, 16
0, 0, 0, 0.9991683323994552, 96, 1.8823529411764706, 0.8909090909090909, 1.0, 1, 6, 0.0196078431372549, 0.0, 516, 5, 0, 0, 71, 50, 0.0, 0.0, 16
0, 0, 0, 0.9991683323994552, 96, 1.8823529411764706, 0.8909090909090909, 1.0, 1, 6, 0.0196078431372549, 0.0, 508, 5, 0, 0, 1, 54, 0.0, 0.0, 16
0, 0, 0, 0.9991683323994552, 96, 1.8823529411764706, 0.8909090909090909, 1.0, 1, 6, 0.0196078431372549, 0.0, 530, 5, 1, 0, 1, 41, 0.0, 0.0, 16
0, 0, 0, 0.9991683323994552, 96, 1.8823529411764706, 0.8909090909090909, 1.0, 1, 6, 0.0196078431372549, 0.0, 525, 5, 1, 0, 74, 51, 0.0, 0.0, 16
0, 0, 0, 0.9991683323994552, 96, 1.8823529411764706, 0.8909090909090909, 1.0, 1, 6, 0.0196078431372549, 0.0, 529, 15, 1, 0, 76, 98, 0.0, 0.13333333333333333, 16
0, 0, 0, 0.9991683323994552, 96, 1.8823529411764706, 0.8909090909090909, 1.0, 1, 6, 0.0196078431372549, 0.0, 528, 5, 1, 0, 72, 29, 0.0, 0.0, 16
0, 0, 0, 0.9991683323994552, 96, 1.8823529411764706, 0.8909090909090909, 1.0, 1, 6, 0.0196078431372549, 0.0, 527, 5, 1, 0, 1, 37, 0.0, 0.0, 16
0, 0, 0, 0.9991683323994552, 96, 1.8823529411764706, 0.8909090909090909, 1.0, 1, 6, 0.0196078431372549, 0.0, 523, 5, 0, 0, 72, 50, 0.0, 0.0, 16
0, 0, 0, 0.9991683323994552, 96, 1.8823529411764706, 0.8909090909090909, 1.0, 1, 6, 0.0196078431372549, 0.0, 524, 5, 0, 0, 2, 57, 0.0, 0.0, 16
0, 0, 0, 0.9991683323994552, 96, 1.8823529411764706, 0.8909090909090909, 1.0, 1, 6, 0.0196078431372549, 0.0, 531, 5, 0, 1, 72, 54, 0.0, 0.0, 16
0, 0, 0, 0.9991683323994552, 96, 1.8823529411764706, 0.8909090909090909, 1.0, 1, 6, 0.0196078431372549, 0.0, 506, 5, 1, 0, 7, 27, 0.0, 0.0, 16
0, 0, 0, 0.9991683323994552, 96, 1.8823529411764706, 0.8909090909090909, 1.0, 1, 6, 0.0196078431372549, 0.0, 522, 5, 1, 0, 73, 50, 0.0, 0.0, 16
0, 0, 0, 0.9991683323994552, 96, 1.8823529411764706, 0.8909090909090909, 1.0, 1, 6, 0.0196078431372549, 0.0, 526, 5, 1, 1, 75, 35, 0.0, 0.0, 16
0, 0, 0, 0.9991683323994552, 96, 1.8823529411764706, 0.8909090909090909, 1.0, 1, 6, 0.0196078431372549, 0.0, 507, 5, 1, 0, 1, 30, 0.0, 0.0, 16
0, 0, 0, 0.9991683323994552, 96, 1.8823529411764706, 0.8909090909090909, 1.0, 1, 6, 0.0196078431372549, 0.0, 510, 5, 0, 0, 72, 50, 0.0, 0.0, 16
0, 0, 0, 0.9991683323994552, 96, 1.8823529411764706, 0.8909090909090909, 1.0, 1, 6, 0.0196078431372549, 0.0, 512, 5, 0, 0, 2, 50, 0.0, 0.0, 16
0, 0, 0, 0.9991683323994552, 96, 1.8823529411764706, 0.8909090909090909, 1.0, 1, 6, 0.0196078431372549, 0.0, 521, 5, 1, 1, 72, 37, 0.0, 0.0, 16
0, 0, 0, 0.9991683323994552, 96, 1.8823529411764706, 0.8909090909090909, 1.0, 1, 6, 0.0196078431372549, 0.0, 520, 5, 1, 0, 1, 56, 0.0, 0.0, 16
0, 0, 0, 0.9991683323994552, 96, 1.8823529411764706, 0.8909090909090909, 1.0, 1, 6, 0.0196078431372549, 0.0, 171, 5, 0, 1, 2, 30, 0.0, 0.0, 16
0, 0, 0, 0.9991683323994552, 96, 1.8823529411764706, 0.8909090909090909, 1.0, 1, 6, 0.0196078431372549, 0.0, 506, 5, 1, 0, 7, 27, 0.0, 0.0, 16
0, 0, 0, 0.9991683323994552, 96, 1.8823529411764706, 0.8909090909090909, 1.0, 1, 6, 0.0196078431372549, 0.0, 512, 5, 0, 0, 2, 50, 0.0, 0.0, 16
0, 0, 0, 0.9991683323994552, 96, 1.8823529411764706, 0.8909090909090909, 1.0, 1, 6, 0.0196078431372549, 0.0, 513, 5, 1, 0, 30, 30, 0.0, 0.0, 16
0, 0, 0, 0.9991683323994552, 96, 1.8823529411764706, 0.8909090909090909, 1.0, 1, 6, 0.0196078431372549, 0.0, 511, 5, 1, 0, 1, 37, 0.0, 0.0, 16
0, 0, 0, 0.9991683323994552, 96, 1.8823529411764706, 0.8909090909090909, 1.0, 1, 6, 0.0196078431372549, 0.0, 508, 5, 0, 0, 1, 54, 0.0, 0.0, 16
0, 0, 0, 0.9991683323994552, 96, 1.8823529411764706, 0.8909090909090909, 1.0, 1, 6, 0.0196078431372549, 0.0, 505, 7, 1, 0, 60, 44, 0.0, 0.0, 16
0, 0, 0, 0.9991683323994552, 96, 1.8823529411764706, 0.8909090909090909, 1.0, 1, 6, 0.0196078431372549, 0.0, 427, 5, 1, 1, 77, 45, 0.0, 0.0, 16
0, 0, 0, 0.9991683323994552, 96, 1.8823529411764706, 0.8909090909090909, 1.0, 1, 6, 0.0196078431372549, 0.0, 507, 5, 1, 0, 1, 30, 0.0, 0.0, 16
0, 0, 0, 0.9991683323994552, 96, 1.8823529411764706, 0.8909090909090909, 1.0, 1, 6, 0.0196078431372549, 0.0, 172, 5, 0, 0, 1, 61, 0.0, 0.0, 16
0, 0, 0, 0.9991683323994552, 96, 1.8823529411764706, 0.8909090909090909, 1.0, 1, 6, 0.0196078431372549, 0.0, 510, 5, 0, 0, 1, 50, 0.0, 0.0, 16
0, 0, 0, 0.9991683323994552, 96, 1.8823529411764706, 0.8909090909090909, 1.0, 1, 6, 0.0196078431372549, 0.0, 171, 5, 0, 0, 1, 50, 0.0, 0.0, 16
0, 0, 0, 0.9991683323994552, 96, 1.8823529411764706, 0.8909090909090909, 1.0, 1, 6, 0.0196078431372549, 0.0, 519, 5, 0, 0, 1, 54, 0.0, 0.0, 16
0, 0, 0, 0.9991683323994552, 96, 1.8823529411764706, 0.8909090909090909, 1.0, 1, 6, 0.0196078431372549, 0.0, 509, 5, 1, 0, 69, 67, 0.0, 0.0, 16
0, 0, 0, 0.9991683323994552, 96, 1.8823529411764706, 0.8909090909090909, 1.0, 1, 6, 0.0196078431372549, 0.0, 534, 5, 1, 0, 1, 35, 0.0, 0.0, 16
0, 0, 0, 0.9991683323994552, 96, 1.8823529411764706, 0.8909090909090909, 1.0, 1, 6, 0.0196078431372549, 0.0, 532, 5, 0, 0, 2, 50, 0.0, 0.0, 16
0, 0, 0, 0.9991683323994552, 96, 1.8823529411764706, 0.8909090909090909, 1.0, 1, 6, 0.0196078431372549, 0.0, 533, 5, 1, 0, 71, 32, 0.0, 0.0, 16
0, 0, 0, 0.9991683323994552, 96, 1.8823529411764706, 0.8909090909090909, 1.0, 1, 6, 0.0196078431372549, 0.0, 537, 5, 1, 0, 1, 39, 0.0, 0.0, 16
0, 0, 0, 0.9991683323994552, 96, 1.8823529411764706, 0.8909090909090909, 1.0, 1, 6, 0.0196078431372549, 0.0, 533, 5, 1, 0, 71, 32, 0.0, 0.0, 16
0, 0, 0, 0.9991683323994552, 96, 1.8823529411764706, 0.8909090909090909, 1.0, 1, 6, 0.0196078431372549, 0.0, 532, 5, 0, 0, 2, 50, 0.0, 0.0, 16
0, 0, 0, 0.9991683323994552, 96, 1.8823529411764706, 0.8909090909090909, 1.0, 1, 6, 0.0196078431372549, 0.0, 171, 5, 0, 0, 2, 50, 0.0, 0.0, 16
0, 0, 0, 0.9991683323994552, 96, 1.8823529411764706, 0.8909090909090909, 1.0, 1, 6, 0.0196078431372549, 0.0, 536, 5, 1, 0, 7, 37, 0.0, 0.0, 16
0, 0, 0, 0.9991683323994552, 96, 1.8823529411764706, 0.8909090909090909, 1.0, 1, 6, 0.0196078431372549, 0.0, 534, 5, 1, 0, 1, 35, 0.0, 0.0, 16
0, 0, 0, 0.9991683323994552, 96, 1.8823529411764706, 0.8909090909090909, 1.0, 1, 6, 0.0196078431372549, 0.0, 535, 5, 0, 0, 2, 50, 0.0, 0.0, 16
0, 0, 0, 0.9991683323994552, 96, 1.8823529411764706, 0.8909090909090909, 1.0, 1, 6, 0.0196078431372549, 0.0, 539, 5, 1, 0, 71, 36, 0.0, 0.0, 16
0, 0, 0, 0.9991683323994552, 96, 1.8823529411764706, 0.8909090909090909, 1.0, 1, 6, 0.0196078431372549, 0.0, 538, 5, 1, 0, 7, 41, 0.0, 0.0, 16
0, 0, 0, 0.7331322099915338, 46, 1.943661971830986, 0.4818181818181818, 0.9999999999999929, 2, 15, 0.04225352112676056, 0.0, 544, 5, 1, 0, 79, 49, 0.0, 0.0, 10
0, 0, 0, 0.7331322099915338, 46, 1.943661971830986, 0.4818181818181818, 0.9999999999999929, 2, 15, 0.04225352112676056, 0.0, 545, 7, 1, 0, 57, 98, 0.0, 0.14285714285714285, 10
0, 1, 0, 0.22606377946578962, 17, 0.9577464788732395, 0.4818181818181818, 0.9999999693187817, 2, 15, 0.056338028169014086, 0.05, 544, 11, 2, 0, 79, 49, 0.0, 0.09090909090909091, 10
0, 0, 0, 0.7331322099915338, 46, 3.23943661971831, 0.4818181818181818, 0.9999999999999929, 2, 15, 0.07042253521126761, 0.0, 546, 5, 1, 0, 1, 87, 0.0, 0.0, 10
0, 0, 0, 0.7331322099915338, 46, 1.943661971830986, 0.4818181818181818, 0.9999999999999929, 2, 15, 0.04225352112676056, 0.0, 547, 5, 1, 0, 47, 26, 0.0, 0.0, 10
0, 0, 0, 0.7331322099915338, 46, 1.943661971830986, 0.4818181818181818, 0.9999999999999929, 2, 15, 0.04225352112676056, 0.0, 383, 5, 1, 0, 80, 38, 0.0, 0.0, 10
0, 0, 0, 0.7331322099915338, 46, 2.0294117647058827, 0.509090909090909, 0.9999999999999929, 2, 15, 0.04411764705882353, 0.0, 548, 15, 0, 0, 2, 52, 0.0, 0.0, 11
0, 0, 1, 0.796611634828476, 52, 1.5757575757575757, 0.02727272727272727, 0.9999999999999999, 1, 18, 0.030303030303030304, 0.1, 549, 45, 1, 0, 6, 131, 0.0, 0.13333333333333333, 4
0, 0, 1, 0.796611634828476, 52, 1.5757575757575757, 0.03636363636363636, 0.9999999999999999, 1, 18, 0.030303030303030304, 0.1, 550, 5, 1, 0, 6, 90, 0.2, 0.0, 4
0, 0, 1, 0.796611634828476, 52, 1.5757575757575757, 0.03636363636363636, 0.9999999999999999, 1, 18, 0.030303030303030304, 0.1, 551, 11, 0, 0, 2, 47, 0.0, 0.18181818181818182, 4
0, 0, 1, 0.796611634828476, 52, 1.5757575757575757, 0.03636363636363636, 0.9999999999999999, 1, 18, 0.030303030303030304, 0.1, 127, 31, 0, 0, 2, 64, 0.0, 0.06451612903225806, 4
0, 0, 0, 0.7331322099915338, 46, 1.6428571428571428, 0.45454545454545453, 0.9999999999999929, 2, 15, 0.03571428571428571, 0.0, 552, 21, 2, 0, 81, 119, 0.0, 0.0, 3
0, 0, 1, 0.7823267375110079, 51, 0.9807692307692308, 0.045454545454545456, 0.9999999999999998, 1, 18, 0.019230769230769232, 0.05, 553, 13, 2, 0, 6, 143, 0.0, 0.0, 1
1, 0, 1, 0.2143358206591306, 10, 0.38461538461538464, 0.14545454545454545, 0.9995117187499998, 2, 6, 0.038461538461538464, 0.1, 554, 5, 1, 0, 1, 40, 0.0, 0.0, 10
1, 0, 1, 0.2143358206591306, 10, 0.38461538461538464, 0.14545454545454545, 0.9995117187499998, 2, 6, 0.038461538461538464, 0.1, 555, 7, 1, 0, 57, 75, 0.0, 0.14285714285714285, 10
1, 0, 1, 0.2143358206591306, 10, 0.38461538461538464, 0.14545454545454545, 0.9995117187499998, 2, 6, 0.038461538461538464, 0.1, 554, 11, 2, 0, 1, 52, 0.0, 0.09090909090909091, 10
1, 1, 1, 0.2087952675449018, 7, 0.6862745098039216, 0.13636363636363635, 0.9991787521028461, 2, 6, 0.09803921568627451, 0.25, 556, 47, 1, 0, 6, 131, 0.0, 0.10638297872340426, 4
1, 1, 1, 0.21425411371098574, 9, 0.54, 0.12727272727272726, 0.9994770888741126, 2, 6, 0.06, 0.15, 550, 5, 1, 0, 6, 80, 0.2, 0.0, 4
1, 0, 1, 0.2143358206591306, 10, 0.4, 0.12727272727272726, 0.9995117187499991, 2, 6, 0.04, 0.1, 551, 11, 0, 0, 2, 47, 0.0, 0.18181818181818182, 4
1, 1, 1, 0.21425411371098574, 9, 0.54, 0.12727272727272726, 0.9993663460485981, 2, 6, 0.06, 0.15, 127, 29, 0, 0, 2, 70, 0.0, 0.034482758620689655, 4
1, 0, 1, 0.22018966641667978, 13, 0.6341463414634146, 0.13636363636363635, 0.9999389648432953, 2, 17, 0.04878048780487805, 0.1, 557, 3, 0, 0, 2, 51, 0.0, 0.0, 9
1, 0, 1, 0.22606377946578962, 17, 1.4166666666666665, 0.22727272727272727, 0.9999961256835377, 2, 15, 0.08333333333333333, 0.05, 558, 29, 1, 0, 46, 148, 0.0, 0.10344827586206896, 3
0, 0, 1, 0.22843250145077668, 25, 1.5151515151515151, 0.1, 0.9999999849824235, 2, 6, 0.06060606060606061, 0.1, 559, 99, 2, 0, 59, 106, 0.010101010101010102, 0.1111111111111111, 1
0, 0, 1, 0.22843250145077668, 25, 1.5151515151515151, 0.06363636363636363, 0.9999999849824235, 2, 6, 0.06060606060606061, 0.1, 560, 5, 1, 0, 6, 144, 0.0, 0.0, 1
1, 0, 1, 0.22606377946578962, 17, 1.0303030303030303, 0.2909090909090909, 0.999996185186319, 1, 15, 0.06060606060606061, 0.05, 561, 5, 1, 0, 82, 37, 0.0, 0.0, 10
1, 0, 1, 0.22606377946578962, 17, 1.0303030303030303, 0.2909090909090909, 0.999996185186319, 1, 15, 0.06060606060606061, 0.05, 561, 11, 2, 0, 82, 44, 0.0, 0.09090909090909091, 10
1, 0, 1, 0.22606377946578962, 17, 1.0303030303030303, 0.2909090909090909, 0.999996185186319, 1, 15, 0.06060606060606061, 0.05, 562, 7, 1, 0, 57, 77, 0.0, 0.14285714285714285, 10
1, 0, 1, 0.22606377946578962, 17, 1.6451612903225805, 0.22727272727272727, 0.9999957079999149, 2, 15, 0.0967741935483871, 0.1, 563, 5, 1, 0, 11, 28, 0.0, 0.0, 1
0, 0, 1, 0.2569213686487818, 30, 0.967741935483871, 0.01818181818181818, 0.9999999995343387, 1, 15, 0.03225806451612903, 0.05, 564, 5, 1, 0, 7, 19, 0.2, 0.0, 1
1, 0, 1, 0.22606377946578962, 17, 1.6451612903225805, 0.22727272727272727, 0.9999957079999149, 2, 15, 0.0967741935483871, 0.1, 565, 5, 1, 0, 1, 109, 0.0, 0.0, 1
0, 0, 1, 0.2569203765436005, 29, 1.8709677419354838, 0.01818181818181818, 0.9999999993924229, 1, 15, 0.06451612903225806, 0.1, 566, 5, 1, 0, 7, 53, 0.0, 0.0, 1
1, 0, 1, 0.22606377946578962, 17, 1.6451612903225805, 0.22727272727272727, 0.9999957079999149, 2, 15, 0.0967741935483871, 0.1, 567, 1, 0, 0, 6, 69, 0.0, 0.0, 1
1, 0, 1, 0.22606377946578962, 17, 1.6451612903225805, 0.22727272727272727, 0.9999957079999149, 2, 15, 0.0967741935483871, 0.1, 568, 45, 8, 0, 6, 150, 0.0, 0.06666666666666667, 1
1, 0, 1, 0.22606377946578962, 17, 1.6451612903225805, 0.22727272727272727, 0.9999957079999149, 2, 15, 0.0967741935483871, 0.1, 567, 19, 2, 0, 6, 71, 0.0, 0.0, 1
1, 0, 1, 0.22606377946578962, 17, 1.6451612903225805, 0.22727272727272727, 0.9999957079999149, 2, 15, 0.0967741935483871, 0.1, 569, 107, 1, 0, 83, 99, 0.0, 0.102803738317757, 1
1, 0, 1, 0.22606377946578962, 17, 1.6451612903225805, 0.22727272727272727, 0.9999957079999149, 2, 15, 0.0967741935483871, 0.1, 570, 45, 1, 0, 6, 89, 0.0, 0.1111111111111111, 1
0, 0, 1, 0.2569213686487818, 30, 0.967741935483871, 0.00909090909090909, 0.9999999995343387, 1, 15, 0.03225806451612903, 0.05, 571, 45, 1, 0, 84, 83, 0.0, 0.044444444444444446, 1
0, 0, 1, 0.2569213686487818, 30, 0.967741935483871, 0.02727272727272727, 0.9999999995343387, 1, 15, 0.03225806451612903, 0.05, 567, 5, 1, 0, 6, 70, 0.0, 0.0, 1
0, 0, 1, 0.2569213686487818, 30, 0.967741935483871, 0.02727272727272727, 0.9999999995343387, 1, 15, 0.03225806451612903, 0.05, 318, 49, 1, 0, 6, 85, 0.0, 0.16326530612244897, 1
1, 0, 1, 0.22606377946578962, 17, 2.193548387096774, 0.22727272727272727, 0.9999957078880444, 2, 15, 0.12903225806451613, 0.1, 567, 43, 1, 0, 6, 104, 0.0, 0.13953488372093023, 1
1, 0, 1, 0.22606377946578962, 17, 1.6451612903225805, 0.22727272727272727, 0.9999957079999149, 2, 15, 0.0967741935483871, 0.1, 565, 7, 1, 0, 1, 131, 0.0, 0.0, 1
1, 0, 1, 0.22606377946578962, 17, 2.7419354838709675, 0.22727272727272727, 0.9999957068301117, 2, 15, 0.16129032258064516, 0.1, 567, 7, 1, 0, 6, 70, 0.0, 0.2857142857142857, 1
1, 1, 1, 0.21952375124606638, 12, 1.5483870967741935, 0.22727272727272727, 0.9999119517271047, 2, 15, 0.12903225806451613, 0.15, 567, 15, 1, 0, 6, 89, 0.0, 0.06666666666666667, 1
0, 0, 1, 0.2569213686487818, 30, 0.967741935483871, 0.01818181818181818, 0.9999999995343387, 1, 15, 0.03225806451612903, 0.05, 564, 5, 1, 0, 7, 20, 0.2, 0.0, 1
1, 0, 1, 0.22606377946578962, 17, 1.6451612903225805, 0.22727272727272727, 0.9999957079999149, 2, 15, 0.0967741935483871, 0.1, 565, 5, 1, 0, 1, 191, 0.0, 0.2, 1
1, 0, 1, 0.22606377946578962, 17, 2.193548387096774, 0.22727272727272727, 0.9999957079398296, 2, 15, 0.12903225806451613, 0.1, 567, 103, 3, 0, 6, 111, 0.009708737864077669, 0.11650485436893204, 1
1, 0, 1, 0.22606377946578962, 17, 1.6451612903225805, 0.22727272727272727, 0.9999957079999149, 2, 15, 0.0967741935483871, 0.1, 567, 29, 1, 0, 6, 71, 0.0, 0.13793103448275862, 1
1, 0, 1, 0.22606377946578962, 17, 1.6451612903225805, 0.22727272727272727, 0.9999957079999149, 2, 15, 0.0967741935483871, 0.1, 565, 5, 1, 0, 1, 191, 0.0, 0.2, 1
1, 1, 1, 0.2143358206591306, 10, 1.6129032258064515, 0.22727272727272727, 0.9998703311602666, 2, 6, 0.16129032258064516, 0.2, 141, 89, 2, 0, 6, 114, 0.056179775280898875, 0.12359550561797752, 1
0, 0, 1, 0.2569213686487818, 30, 0.967741935483871, 0.01818181818181818, 0.9999999995343387, 1, 15, 0.03225806451612903, 0.05, 564, 5, 1, 0, 7, 20, 0.2, 0.0, 1
1, 0, 1, 0.22606377946578962, 17, 2.193548387096774, 0.22727272727272727, 0.9999957073070855, 2, 15, 0.12903225806451613, 0.1, 567, 13, 2, 0, 6, 149, 0.0, 0.0, 1
0, 0, 1, 0.2569213686487818, 30, 0.967741935483871, 0.01818181818181818, 0.9999999995343387, 1, 15, 0.03225806451612903, 0.05, 564, 5, 1, 0, 7, 20, 0.2, 0.0, 1
1, 0, 1, 0.22606377946578962, 17, 1.6451612903225805, 0.22727272727272727, 0.9999957079999149, 2, 15, 0.0967741935483871, 0.1, 567, 5, 1, 0, 6, 71, 0.0, 0.0, 1
1, 0, 1, 0.22606377946578962, 17, 2.193548387096774, 0.22727272727272727, 0.9999957076373063, 2, 15, 0.12903225806451613, 0.1, 567, 25, 3, 0, 6, 71, 0.0, 0.0, 1
1, 0, 1, 0.22606377946578962, 17, 1.6451612903225805, 0.22727272727272727, 0.9999957079999149, 2, 15, 0.0967741935483871, 0.1, 140, 35, 1, 0, 6, 115, 0.0, 0.08571428571428572, 1
1, 0, 1, 0.22606377946578962, 17, 1.6451612903225805, 0.22727272727272727, 0.9999957079999149, 2, 15, 0.0967741935483871, 0.1, 565, 5, 1, 0, 1, 141, 0.0, 0.0, 1
1, 0, 1, 0.22606377946578962, 17, 2.193548387096774, 0.22727272727272727, 0.9999957075626161, 2, 15, 0.12903225806451613, 0.1, 567, 23, 3, 0, 6, 70, 0.0, 0.08695652173913043, 1
1, 0, 1, 0.22606377946578962, 17, 1.6451612903225805, 0.22727272727272727, 0.9999957079999149, 2, 15, 0.0967741935483871, 0.1, 336, 31, 2, 0, 42, 160, 0.0, 0.06451612903225806, 1
1, 0, 1, 0.22606377946578962, 17, 2.193548387096774, 0.22727272727272727, 0.9999957078571835, 2, 15, 0.12903225806451613, 0.1, 567, 35, 4, 0, 6, 105, 0.0, 0.0, 1
1, 0, 1, 0.22606377946578962, 17, 2.193548387096774, 0.22727272727272727, 0.9999957077714599, 2, 15, 0.12903225806451613, 0.1, 567, 25, 3, 0, 6, 71, 0.0, 0.0, 1
1, 0, 1, 0.22606377946578962, 17, 2.193548387096774, 0.22727272727272727, 0.9999957074964972, 2, 15, 0.12903225806451613, 0.1, 567, 21, 2, 0, 6, 99, 0.0, 0.0, 1
1, 0, 1, 0.22606377946578962, 17, 2.193548387096774, 0.22727272727272727, 0.9999957067611437, 2, 15, 0.12903225806451613, 0.1, 567, 53, 10, 0, 6, 70, 0.0, 0.0, 1
1, 0, 1, 0.22606377946578962, 17, 1.6451612903225805, 0.22727272727272727, 0.9999957079999149, 2, 15, 0.0967741935483871, 0.1, 565, 5, 1, 0, 1, 150, 0.0, 0.0, 1
1, 0, 1, 0.22606377946578962, 17, 1.6451612903225805, 0.22727272727272727, 0.9999957079999149, 2, 15, 0.0967741935483871, 0.1, 280, 27, 1, 0, 6, 81, 0.0, 0.18518518518518517, 1
1, 0, 1, 0.22606377946578962, 17, 2.193548387096774, 0.22727272727272727, 0.9999957077821526, 2, 15, 0.12903225806451613, 0.1, 567, 21, 2, 0, 6, 95, 0.0, 0.0, 1
1, 0, 1, 0.22606377946578962, 17, 1.6451612903225805, 0.22727272727272727, 0.9999957079999149, 2, 15, 0.0967741935483871, 0.1, 565, 5, 1, 0, 1, 116, 0.0, 0.0, 1
1, 0, 1, 0.22606377946578962, 17, 1.6451612903225805, 0.22727272727272727, 0.9999957079999149, 2, 15, 0.0967741935483871, 0.1, 316, 39, 1, 0, 6, 74, 0.0, 0.1794871794871795, 1
1, 0, 1, 0.22606377946578962, 17, 1.6451612903225805, 0.22727272727272727, 0.9999957079999149, 2, 15, 0.0967741935483871, 0.1, 567, 29, 1, 0, 6, 95, 0.0, 0.27586206896551724, 1
0, 0, 1, 0.2569213686487818, 30, 0.967741935483871, 0.01818181818181818, 0.9999999995343387, 1, 15, 0.03225806451612903, 0.05, 564, 5, 1, 0, 7, 20, 0.2, 0.0, 1
1, 0, 1, 0.22606377946578962, 17, 1.6451612903225805, 0.22727272727272727, 0.9999957079999149, 2, 15, 0.0967741935483871, 0.1, 565, 5, 1, 0, 1, 109, 0.0, 0.0, 1
1, 0, 1, 0.22606377946578962, 17, 2.193548387096774, 0.22727272727272727, 0.9999957077122477, 2, 15, 0.12903225806451613, 0.1, 567, 29, 1, 0, 6, 70, 0.0, 0.06896551724137931, 1
0, 0, 1, 0.2569203765436005, 29, 0.9666666666666667, 0.00909090909090909, 0.9999999990686774, 1, 15, 0.03333333333333333, 0.05, 572, 47, 1, 0, 85, 83, 0.0, 0.0425531914893617, 1
1, 0, 1, 0.22606377946578962, 17, 2.3448275862068964, 0.20909090909090908, 0.9999957066015699, 2, 15, 0.13793103448275862, 0.1, 573, 45, 1, 0, 85, 83, 0.0, 0.044444444444444446, 1
1, 0, 1, 0.22606377946578962, 17, 1.8214285714285714, 0.2, 0.9999957047402859, 2, 15, 0.10714285714285714, 0.1, 567, 5, 1, 0, 6, 70, 0.0, 0.0, 1
1, 0, 1, 0.22606377946578962, 17, 1.8214285714285714, 0.2, 0.9999957047402859, 2, 15, 0.10714285714285714, 0.1, 318, 49, 1, 0, 6, 85, 0.0, 0.16326530612244897, 1
1, 0, 1, 0.22606377946578962, 17, 1.8888888888888888, 0.19090909090909092, 0.9999957010149956, 2, 15, 0.1111111111111111, 0.1, 574, 17, 2, 0, 6, 111, 0.0, 0.058823529411764705, 1
1, 0, 1, 0.22606377946578962, 17, 1.8888888888888888, 0.19090909090909092, 0.9999957010149956, 2, 15, 0.1111111111111111, 0.1, 575, 31, 1, 0, 6, 64, 0.0967741935483871, 0.12903225806451613, 1
1, 1, 1, 0.21952375124606638, 12, 1.7777777777777777, 0.19090909090909092, 0.9999895882375867, 2, 15, 0.14814814814814814, 0.15, 576, 91, 2, 0, 59, 100, 0.01098901098901099, 0.0989010989010989, 1
1, 0, 1, 0.22606377946578962, 17, 1.8888888888888888, 0.19090909090909092, 0.9999957010149956, 2, 15, 0.1111111111111111, 0.1, 565, 5, 1, 0, 1, 138, 0.0, 0.2, 1
1, 0, 1, 0.22606377946578962, 17, 1.8888888888888888, 0.19090909090909092, 0.9999957010149956, 2, 15, 0.1111111111111111, 0.1, 577, 87, 0, 0, 2, 117, 0.09195402298850575, 0.022988505747126436, 1
1, 0, 1, 0.22606377946578962, 17, 1.8888888888888888, 0.19090909090909092, 0.9999957010149956, 2, 15, 0.1111111111111111, 0.1, 204, 33, 1, 0, 23, 74, 0.030303030303030304, 0.21212121212121213, 1
1, 0, 1, 0.22606377946578962, 17, 1.8888888888888888, 0.19090909090909092, 0.9999957010149956, 2, 15, 0.1111111111111111, 0.1, 203, 31, 1, 0, 23, 74, 0.03225806451612903, 0.22580645161290322, 1
1, 0, 1, 0.22606377946578962, 17, 1.8888888888888888, 0.19090909090909092, 0.9999957010149956, 2, 15, 0.1111111111111111, 0.1, 249, 43, 1, 0, 6, 118, 0.0, 0.16279069767441862, 1
1, 0, 1, 0.22606377946578962, 17, 1.8888888888888888, 0.19090909090909092, 0.9999957010149956, 2, 15, 0.1111111111111111, 0.1, 578, 17, 2, 0, 6, 103, 0.0, 0.11764705882352941, 1
1, 0, 1, 0.22606377946578962, 17, 1.8888888888888888, 0.19090909090909092, 0.9999957010149956, 2, 15, 0.1111111111111111, 0.1, 339, 7, 1, 0, 6, 116, 0.0, 0.14285714285714285, 1
1, 0, 1, 0.005724021708111742, 5, 0.7894736842105263, 0.14545454545454545, 0.9843578338623047, 3, 19, 0.15789473684210525, 0.15, 579, 43, 0, 0, 2, 114, 0.06976744186046512, 0.06976744186046512, 11
1, 1, 0, 0.005724021708111742, 5, 0.8333333333333333, 0.16363636363636364, 0.9999001299748655, 2, 19, 0.16666666666666666, 0.15, 580, 27, 0, 0, 2, 120, 0.0, 0.0, 10
1, 0, 0, 0.2143358206591306, 10, 0.9090909090909092, 0.1, 0.99951171875, 1, 6, 0.09090909090909091, 0.05, 469, 13, 2, 0, 6, 108, 0.0, 0.0, 1
1, 0, 1, 0.20471119570146337, 6, 0.8571428571428571, 0.00909090909090909, 0.9921875, 1, 15, 0.14285714285714285, 0.05, 581, 5, 1, 0, 1, 35, 0.0, 0.0, 10
1, 0, 1, 0.20471119570146337, 6, 0.8571428571428571, 0.00909090909090909, 0.9921875, 1, 15, 0.14285714285714285, 0.05, 582, 7, 1, 0, 57, 74, 0.0, 0.14285714285714285, 10
1, 0, 1, 0.20471119570146337, 6, 0.8571428571428571, 0.00909090909090909, 0.9921875, 1, 15, 0.14285714285714285, 0.05, 581, 11, 2, 0, 1, 42, 0.0, 0.09090909090909091, 10
1, 0, 1, 0.20471119570146337, 6, 0.8571428571428571, 0.00909090909090909, 0.9921875, 1, 15, 0.14285714285714285, 0.05, 583, 9, 0, 0, 2, 63, 0.0, 0.0, 4
1, 0, 1, 0.20471119570146337, 6, 0.8571428571428571, 0.00909090909090909, 0.9921875, 1, 15, 0.14285714285714285, 0.05, 584, 37, 0, 0, 2, 141, 0.0, 0.10810810810810811, 4
1, 0, 1, 0.20471119570146337, 6, 0.8571428571428571, 0.00909090909090909, 0.9921875, 1, 15, 0.14285714285714285, 0.05, 585, 7, 0, 0, 2, 67, 0.14285714285714285, 0.0, 4
1, 0, 1, 0.20471119570146337, 6, 0.8571428571428571, 0.00909090909090909, 0.9921875, 1, 15, 0.14285714285714285, 0.05, 579, 47, 0, 0, 2, 105, 0.06382978723404255, 0.06382978723404255, 4
