0, 0, 0, 1.0, 109, 0.9909090909090909, 1.0, 1.0, 1, 6, 0.00909090909090909, 0.0, 4, 11, 1, 0, 3, 93, 0.0, 0.0, 0
0, 1, 0, 0.03471531733358755, 3, 0.1909090909090909, 1.0, 0.9964915614665713, 2, 6, 0.06363636363636363, 0.2, 305, 159, 0, 0, 2, 215, 0.09433962264150944, 0.08176100628930817, 0
0, 1, 0, 0.03478181081531972, 4, 0.14545454545454545, 1.0, 0.9904583125623131, 1, 6, 0.03636363636363636, 0.15, 9, 23, 0, 0, 2, 133, 0.0, 0.043478260869565216, 0
0, 0, 0, 1.0, 109, 0.9909090909090909, 1.0, 1.0, 1, 6, 0.00909090909090909, 0.0, 1, 19, 1, 0, 1, 81, 0.0, 0.15789473684210525, 0
0, 0, 0, 1.0, 109, 0.9909090909090909, 1.0, 1.0, 1, 6, 0.00909090909090909, 0.0, 192, 13, 0, 0, 2, 76, 0.0, 0.07692307692307693, 0
0, 0, 0, 0.9987225625014895, 102, 1.8545454545454545, 1.0, 1.0, 2, 15, 0.01818181818181818, 0.0, 5, 11, 1, 0, 0, 97, 0.0, 0.0, 0
0, 0, 1, 0.6855237255416001, 69, 1.2545454545454544, 0.5, 1.0, 1, 6, 0.01818181818181818, 0.05, 347, 9, 1, 0, 1, 88, 0.0, 0.3333333333333333, 0
0, 0, 0, 1.0, 109, 0.9909090909090909, 1.0, 1.0, 1, 6, 0.00909090909090909, 0.0, 284, 5, 0, 0, 2, 73, 0.0, 0.0, 0
0, 0, 0, 1.0, 109, 0.9909090909090909, 1.0, 1.0, 1, 6, 0.00909090909090909, 0.0, 395, 5, 1, 0, 1, 38, 0.0, 0.2, 0
0, 0, 0, 1.0, 109, 0.9909090909090909, 1.0, 1.0, 1, 6, 0.00909090909090909, 0.0, 6, 11, 1, 0, 4, 112, 0.0, 0.0, 0
1, 0, 1, 0.07762935246311876, 5, 0.09090909090909091, 0.9454545454545454, 0.984375, 1, 6, 0.01818181818181818, 0.05, 0, 5, 1, 0, 0, 66, 0.0, 0.0, 0
0, 0, 1, 0.4740468075978932, 62, 1.1272727272727272, 0.5, 1.0, 2, 15, 0.01818181818181818, 0.05, 346, 25, 2, 0, 6, 106, 0.0, 0.16, 0
0, 0, 0, 1.0, 109, 0.9909090909090909, 1.0, 1.0, 1, 6, 0.00909090909090909, 0.0, 343, 7, 0, 0, 2, 132, 0.0, 0.0, 0
0, 0, 0, 1.0, 109, 0.9909090909090909, 1.0, 1.0, 1, 6, 0.00909090909090909, 0.0, 104, 23, 0, 0, 2, 112, 0.0, 0.043478260869565216, 0
0, 0, 0, 1.0, 109, 0.9909090909090909, 1.0, 1.0, 1, 6, 0.00909090909090909, 0.0, 94, 53, 0, 0, 2, 122, 0.0, 0.0, 0
0, 0, 0, 1.0, 109, 0.9909090909090909, 1.0, 1.0, 1, 6, 0.00909090909090909, 0.0, 119, 13, 0, 0, 2, 52, 0.0, 0.0, 0
0, 0, 0, 1.0, 109, 0.9909090909090909, 1.0, 1.0, 1, 6, 0.00909090909090909, 0.0, 121, 5, 1, 0, 6, 58, 0.0, 0.0, 0
0, 0, 0, 1.0, 109, 0.9909090909090909, 1.0, 1.0, 1, 6, 0.00909090909090909, 0.0, 96, 15, 0, 0, 2, 137, 0.2, 0.0, 0
0, 0, 0, 1.0, 109, 0.9909090909090909, 1.0, 1.0, 1, 6, 0.00909090909090909, 0.0, 97, 5, 0, 0, 2, 46, 0.0, 0.0, 0
0, 0, 0, 1.0, 109, 0.9909090909090909, 1.0, 1.0, 1, 6, 0.00909090909090909, 0.0, 286, 3, 0, 0, 2, 58, 0.0, 0.0, 0
0, 0, 0, 1.0, 109, 0.9909090909090909, 1.0, 1.0, 1, 6, 0.00909090909090909, 0.0, 376, 13, 0, 0, 2, 115, 0.0, 0.0, 0
0, 0, 0, 1.0, 109, 0.9909090909090909, 1.0, 1.0, 1, 6, 0.00909090909090909, 0.0, 287, 17, 0, 0, 2, 89, 0.0, 0.11764705882352941, 0
0, 0, 0, 1.0, 109, 0.9909090909090909, 1.0, 1.0, 1, 6, 0.00909090909090909, 0.0, 122, 5, 1, 0, 6, 61, 0.0, 0.0, 0
0, 0, 0, 1.0, 109, 0.9909090909090909, 1.0, 1.0, 1, 6, 0.00909090909090909, 0.0, 111, 5, 0, 0, 2, 56, 0.0, 0.0, 0
0, 0, 0, 1.0, 109, 0.9909090909090909, 1.0, 1.0, 1, 6, 0.00909090909090909, 0.0, 418, 21, 2, 0, 49, 126, 0.0, 0.0, 0
0, 0, 0, 1.0, 109, 0.9909090909090909, 1.0, 1.0, 1, 6, 0.00909090909090909, 0.0, 108, 17, 0, 0, 2, 70, 0.0, 0.058823529411764705, 0
0, 0, 0, 1.0, 109, 0.9909090909090909, 1.0, 1.0, 1, 6, 0.00909090909090909, 0.0, 118, 5, 1, 0, 6, 65, 0.0, 0.0, 0
0, 0, 0, 1.0, 109, 0.9909090909090909, 1.0, 1.0, 1, 6, 0.00909090909090909, 0.0, 285, 5, 0, 0, 2, 50, 0.0, 0.0, 0
0, 1, 0, 0.0, 0, 0.0, 13.0, 0.9989304577347089, 4, 6, 1.709090909090909, 0.1, 219, 5, 1, 0, 1, 34, 0.0, 0.0, 0
0, 0, 0, 1.0, 109, 0.9909090909090909, 1.0, 1.0, 1, 6, 0.00909090909090909, 0.0, 251, 5, 0, 0, 2, 106, 0.0, 0.0, 11
0, 0, 0, 1.0, 109, 0.9909090909090909, 1.0, 1.0, 1, 6, 0.00909090909090909, 0.0, 250, 5, 0, 0, 2, 108, 0.0, 0.0, 11
0, 0, 0, 1.0, 109, 0.9909090909090909, 1.0, 1.0, 1, 6, 0.00909090909090909, 0.0, 378, 5, 0, 0, 2, 36, 0.0, 0.0, 11
0, 0, 0, 1.0, 109, 0.9909090909090909, 1.0, 1.0, 1, 6, 0.00909090909090909, 0.0, 379, 5, 1, 0, 50, 41, 0.0, 0.0, 11
0, 0, 0, 1.0, 109, 0.9909090909090909, 1.0, 1.0, 1, 6, 0.00909090909090909, 0.0, 253, 5, 0, 0, 2, 106, 0.0, 0.0, 11
0, 0, 0, 1.0, 109, 0.9909090909090909, 1.0, 1.0, 1, 6, 0.00909090909090909, 0.0, 255, 15, 0, 0, 2, 106, 0.0, 0.06666666666666667, 11
0, 0, 0, 1.0, 109, 0.9909090909090909, 1.0, 1.0, 1, 6, 0.00909090909090909, 0.0, 256, 5, 0, 0, 2, 106, 0.0, 0.0, 11
0, 0, 0, 1.0, 109, 0.9909090909090909, 1.0, 1.0, 1, 6, 0.00909090909090909, 0.0, 254, 5, 0, 0, 2, 116, 0.0, 0.0, 11
0, 0, 0, 1.0, 109, 0.9909090909090909, 1.0, 1.0, 1, 6, 0.00909090909090909, 0.0, 252, 5, 0, 0, 2, 105, 0.0, 0.0, 11
0, 0, 0, 1.0, 109, 0.9909090909090909, 1.0, 1.0, 1, 6, 0.00909090909090909, 0.0, 380, 5, 0, 0, 2, 58, 0.0, 0.0, 11
0, 0, 0, 1.0, 109, 0.9909090909090909, 1.0, 1.0, 1, 6, 0.00909090909090909, 0.0, 320, 7, 1, 0, 38, 64, 0.0, 0.14285714285714285, 11
0, 0, 0, 1.0, 109, 0.9909090909090909, 1.0, 1.0, 1, 6, 0.00909090909090909, 0.0, 381, 5, 1, 0, 6, 23, 0.0, 0.0, 11
0, 0, 0, 1.0, 109, 0.9909090909090909, 1.0, 1.0, 1, 6, 0.00909090909090909, 0.0, 309, 7, 1, 0, 38, 45, 0.0, 0.14285714285714285, 11
0, 0, 0, 1.0, 109, 0.9909090909090909, 1.0, 1.0, 1, 6, 0.00909090909090909, 0.0, 387, 5, 1, 0, 1, 28, 0.0, 0.0, 11
0, 0, 0, 1.0, 109, 0.9909090909090909, 1.0, 1.0, 1, 6, 0.00909090909090909, 0.0, 315, 7, 1, 0, 38, 61, 0.0, 0.0, 11
0, 0, 0, 1.0, 109, 0.9909090909090909, 1.0, 1.0, 1, 6, 0.00909090909090909, 0.0, 385, 13, 0, 0, 2, 54, 0.0, 0.07692307692307693, 11
0, 0, 0, 1.0, 109, 0.9909090909090909, 1.0, 1.0, 1, 6, 0.00909090909090909, 0.0, 110, 7, 1, 0, 38, 32, 0.0, 0.14285714285714285, 11
0, 0, 0, 1.0, 109, 0.9909090909090909, 1.0, 1.0, 1, 6, 0.00909090909090909, 0.0, 384, 5, 1, 0, 1, 30, 0.0, 0.0, 11
0, 0, 0, 1.0, 109, 0.9909090909090909, 1.0, 1.0, 1, 6, 0.00909090909090909, 0.0, 386, 5, 1, 0, 52, 39, 0.0, 0.0, 11
0, 0, 0, 1.0, 109, 0.9909090909090909, 1.0, 1.0, 1, 6, 0.00909090909090909, 0.0, 388, 7, 1, 0, 38, 30, 0.0, 0.14285714285714285, 11
0, 0, 0, 1.0, 109, 0.9909090909090909, 1.0, 1.0, 1, 6, 0.00909090909090909, 0.0, 311, 7, 1, 0, 38, 67, 0.0, 0.0, 11
0, 0, 0, 1.0, 109, 0.9909090909090909, 1.0, 1.0, 1, 6, 0.00909090909090909, 0.0, 383, 5, 1, 0, 51, 26, 0.0, 0.0, 11
0, 0, 0, 1.0, 109, 0.9909090909090909, 1.0, 1.0, 1, 6, 0.00909090909090909, 0.0, 308, 7, 1, 0, 38, 48, 0.0, 0.14285714285714285, 11
0, 0, 0, 1.0, 109, 0.9909090909090909, 1.0, 1.0, 1, 6, 0.00909090909090909, 0.0, 382, 5, 1, 0, 15, 37, 0.0, 0.0, 11
0, 0, 0, 1.0, 109, 0.9909090909090909, 1.0, 1.0, 1, 6, 0.00909090909090909, 0.0, 396, 79, 0, 0, 2, 163, 0.02531645569620253, 0.16455696202531644, 11
0, 0, 0, 0.7564479611048881, 75, 2.727272727272727, 1.0, 1.0, 1, 6, 0.03636363636363636, 0.0, 390, 215, 0, 0, 2, 182, 0.013953488372093023, 0.06046511627906977, 11
0, 0, 0, 1.0, 109, 0.9909090909090909, 1.0, 1.0, 1, 6, 0.00909090909090909, 0.0, 116, 19, 1, 0, 53, 165, 0.0, 0.3157894736842105, 11
0, 0, 0, 1.0, 109, 0.9909090909090909, 1.0, 1.0, 1, 6, 0.00909090909090909, 0.0, 398, 17, 0, 0, 2, 91, 0.0, 0.058823529411764705, 11
0, 0, 0, 1.0, 109, 0.9909090909090909, 1.0, 1.0, 1, 6, 0.00909090909090909, 0.0, 397, 15, 1, 0, 40, 140, 0.0, 0.13333333333333333, 11
0, 0, 0, 1.0, 109, 0.9909090909090909, 1.0, 1.0, 1, 6, 0.00909090909090909, 0.0, 408, 21, 0, 0, 2, 121, 0.0, 0.047619047619047616, 11
0, 0, 1, 1.0, 109, 0.9909090909090909, 0.3090909090909091, 1.0, 1, 6, 0.00909090909090909, 0.0, 98, 15, 0, 0, 2, 91, 0.0, 0.06666666666666667, 11
0, 0, 0, 1.0, 109, 0.9909090909090909, 1.0, 1.0, 1, 6, 0.00909090909090909, 0.0, 322, 5, 1, 1, 23, 100, 0.2, 0.0, 11
0, 0, 0, 1.0, 109, 0.9909090909090909, 1.0, 1.0, 1, 6, 0.00909090909090909, 0.0, 389, 5, 1, 0, 1, 23, 0.0, 0.0, 11
0, 1, 0, 0.07854810648490193, 9, 0.4909090909090909, 1.0, 0.9998872900557104, 3, 6, 0.05454545454545454, 0.15, 321, 55, 0, 0, 2, 118, 0.05454545454545454, 0.10909090909090909, 11
0, 0, 0, 1.0, 109, 0.9909090909090909, 1.0, 1.0, 1, 6, 0.00909090909090909, 0.0, 323, 5, 0, 1, 2, 55, 0.0, 0.2, 11
0, 0, 0, 1.0, 109, 0.9909090909090909, 1.0, 1.0, 1, 6, 0.00909090909090909, 0.0, 96, 5, 0, 0, 2, 34, 0.0, 0.2, 11
0, 0, 1, 0.455485116423175, 55, 1.5, 0.4727272727272727, 1.0, 2, 15, 0.02727272727272727, 0.1, 324, 17, 0, 0, 2, 88, 0.0, 0.0, 1
0, 0, 0, 1.0, 109, 0.9909090909090909, 1.0, 1.0, 1, 6, 0.00909090909090909, 0.0, 132, 35, 1, 0, 6, 76, 0.08571428571428572, 0.11428571428571428, 1
0, 0, 0, 1.0, 109, 0.9909090909090909, 1.0, 1.0, 1, 6, 0.00909090909090909, 0.0, 130, 43, 1, 0, 6, 89, 0.0, 0.09302325581395349, 1
0, 0, 0, 1.0, 109, 0.9909090909090909, 1.0, 1.0, 1, 6, 0.00909090909090909, 0.0, 131, 45, 8, 0, 6, 104, 0.0, 0.06666666666666667, 1
0, 0, 0, 1.0, 109, 0.9909090909090909, 1.0, 1.0, 1, 6, 0.00909090909090909, 0.0, 133, 19, 2, 0, 6, 110, 0.0, 0.10526315789473684, 1
0, 0, 0, 1.0, 109, 0.9909090909090909, 1.0, 1.0, 1, 6, 0.00909090909090909, 0.0, 134, 5, 1, 0, 6, 47, 0.0, 0.0, 1
0, 0, 0, 1.0, 109, 0.9909090909090909, 1.0, 1.0, 1, 6, 0.00909090909090909, 0.0, 222, 5, 1, 0, 26, 56, 0.0, 0.0, 1
0, 0, 0, 1.0, 109, 0.9909090909090909, 1.0, 1.0, 1, 6, 0.00909090909090909, 0.0, 318, 49, 1, 0, 6, 86, 0.0, 0.16326530612244897, 1
0, 0, 0, 1.0, 109, 0.9909090909090909, 1.0, 1.0, 1, 6, 0.00909090909090909, 0.0, 280, 27, 1, 0, 6, 82, 0.0, 0.18518518518518517, 1
0, 0, 0, 1.0, 109, 0.9909090909090909, 1.0, 1.0, 1, 6, 0.00909090909090909, 0.0, 118, 5, 1, 0, 6, 58, 0.0, 0.0, 1
0, 0, 0, 1.0, 109, 0.9909090909090909, 1.0, 1.0, 1, 6, 0.00909090909090909, 0.0, 122, 5, 1, 0, 6, 47, 0.0, 0.0, 1
0, 0, 0, 0.9998162491956434, 107, 1.9454545454545453, 1.0, 1.0, 1, 6, 0.01818181818181818, 0.0, 336, 31, 2, 0, 42, 160, 0.0, 0.0967741935483871, 1
0, 0, 0, 1.0, 109, 0.9909090909090909, 1.0, 1.0, 1, 6, 0.00909090909090909, 0.0, 285, 5, 0, 0, 2, 34, 0.0, 0.0, 1
0, 1, 0, 0.07878953263900475, 10, 0.5454545454545454, 1.0, 0.9999999132778618, 2, 6, 0.05454545454545454, 0.2, 392, 755, 1, 0, 12, 192, 0.0, 0.019867549668874173, 1
0, 0, 0, 1.0, 109, 0.9909090909090909, 1.0, 1.0, 1, 6, 0.00909090909090909, 0.0, 316, 39, 1, 0, 6, 75, 0.0, 0.1794871794871795, 1
0, 0, 0, 1.0, 109, 0.9909090909090909, 1.0, 1.0, 1, 6, 0.00909090909090909, 0.0, 121, 5, 1, 0, 6, 44, 0.0, 0.0, 1
0, 0, 0, 1.0, 109, 0.9909090909090909, 1.0, 1.0, 1, 6, 0.00909090909090909, 0.0, 138, 45, 1, 0, 6, 100, 0.0, 0.13333333333333333, 1
0, 0, 0, 1.0, 109, 0.9909090909090909, 1.0, 1.0, 1, 6, 0.00909090909090909, 0.0, 246, 11, 2, 0, 6, 80, 0.09090909090909091, 0.18181818181818182, 1
0, 0, 0, 1.0, 109, 0.9909090909090909, 1.0, 1.0, 1, 6, 0.00909090909090909, 0.0, 433, 17, 1, 0, 6, 80, 0.0, 0.4117647058823529, 1
0, 0, 0, 1.0, 109, 0.9909090909090909, 1.0, 1.0, 1, 6, 0.00909090909090909, 0.0, 240, 29, 2, 0, 6, 95, 0.034482758620689655, 0.10344827586206896, 1
0, 0, 0, 1.0, 109, 0.9909090909090909, 1.0, 1.0, 1, 6, 0.00909090909090909, 0.0, 242, 11, 2, 0, 6, 83, 0.09090909090909091, 0.18181818181818182, 1
0, 0, 0, 1.0, 109, 0.9909090909090909, 1.0, 1.0, 1, 6, 0.00909090909090909, 0.0, 444, 17, 2, 0, 6, 74, 0.058823529411764705, 0.17647058823529413, 1
0, 0, 0, 1.0, 109, 0.9909090909090909, 1.0, 1.0, 1, 6, 0.00909090909090909, 0.0, 239, 41, 1, 0, 27, 92, 0.0, 0.14634146341463414, 1
0, 0, 0, 1.0, 109, 0.9909090909090909, 1.0, 1.0, 1, 6, 0.00909090909090909, 0.0, 238, 17, 2, 0, 6, 115, 0.0, 0.29411764705882354, 1
0, 0, 0, 1.0, 109, 0.9909090909090909, 1.0, 1.0, 1, 6, 0.00909090909090909, 0.0, 431, 15, 2, 0, 6, 84, 0.06666666666666667, 0.13333333333333333, 1
0, 0, 0, 1.0, 109, 0.9909090909090909, 1.0, 1.0, 1, 6, 0.00909090909090909, 0.0, 132, 31, 1, 0, 6, 75, 0.0967741935483871, 0.12903225806451613, 1
0, 0, 0, 1.0, 109, 0.9909090909090909, 1.0, 1.0, 1, 6, 0.00909090909090909, 0.0, 241, 5, 1, 0, 6, 102, 0.0, 0.2, 1
0, 0, 0, 1.0, 109, 0.9909090909090909, 1.0, 1.0, 1, 6, 0.00909090909090909, 0.0, 445, 17, 2, 0, 6, 73, 0.058823529411764705, 0.17647058823529413, 1
0, 0, 0, 1.0, 109, 0.9909090909090909, 1.0, 1.0, 1, 6, 0.00909090909090909, 0.0, 432, 9, 1, 0, 6, 76, 0.0, 0.1111111111111111, 1
0, 0, 0, 1.0, 109, 0.9909090909090909, 1.0, 1.0, 1, 6, 0.00909090909090909, 0.0, 434, 27, 5, 0, 6, 48, 0.2962962962962963, 0.0, 1
0, 0, 0, 1.0, 109, 0.9909090909090909, 1.0, 1.0, 1, 6, 0.00909090909090909, 0.0, 247, 17, 2, 0, 6, 88, 0.058823529411764705, 0.17647058823529413, 1
0, 0, 0, 1.0, 109, 0.9909090909090909, 1.0, 1.0, 1, 6, 0.00909090909090909, 0.0, 244, 45, 1, 0, 6, 113, 0.15555555555555556, 0.13333333333333333, 1
0, 1, 0, 0.07878953263900475, 10, 0.5454545454545454, 1.0, 0.9999593958087932, 2, 6, 0.05454545454545454, 0.2, 419, 103, 3, 0, 6, 111, 0.019417475728155338, 0.11650485436893204, 1
0, 0, 0, 0.4531278152482185, 54, 3.436363636363636, 1.0, 1.0, 2, 15, 0.06363636363636363, 0.0, 140, 35, 1, 0, 6, 116, 0.0, 0.08571428571428572, 1
0, 1, 0, 0.07878953263900475, 10, 1.0909090909090908, 1.0, 0.9999931987870394, 2, 6, 0.10909090909090909, 0.2, 420, 127, 2, 0, 6, 116, 0.05511811023622047, 0.09448818897637795, 1
0, 0, 1, 0.455485116423175, 55, 2.0, 0.4727272727272727, 1.0, 2, 15, 0.03636363636363636, 0.1, 338, 37, 2, 0, 43, 165, 0.08108108108108109, 0.08108108108108109, 1
0, 0, 0, 0.4531278152482185, 54, 3.436363636363636, 1.0, 1.0, 2, 15, 0.06363636363636363, 0.0, 142, 5, 1, 0, 6, 114, 0.0, 0.0, 1
0, 0, 0, 1.0, 109, 0.9909090909090909, 1.0, 1.0, 1, 6, 0.00909090909090909, 0.0, 435, 127, 1, 0, 6, 108, 0.09448818897637795, 0.07086614173228346, 1
0, 0, 0, 1.0, 109, 0.9909090909090909, 1.0, 1.0, 1, 6, 0.00909090909090909, 0.0, 437, 67, 2, 0, 6, 101, 0.029850746268656716, 0.13432835820895522, 1
0, 0, 0, 1.0, 109, 0.9909090909090909, 1.0, 1.0, 1, 6, 0.00909090909090909, 0.0, 436, 51, 5, 0, 14, 66, 0.0784313725490196, 0.0196078431372549, 1
0, 0, 0, 1.0, 109, 0.9909090909090909, 1.0, 1.0, 1, 6, 0.00909090909090909, 0.0, 146, 5, 1, 0, 6, 55, 0.0, 0.0, 1
0, 0, 0, 1.0, 109, 0.9909090909090909, 1.0, 1.0, 1, 6, 0.00909090909090909, 0.0, 248, 57, 1, 0, 6, 80, 0.017543859649122806, 0.10526315789473684, 1
0, 0, 0, 1.0, 109, 0.9909090909090909, 1.0, 1.0, 1, 6, 0.00909090909090909, 0.0, 147, 47, 1, 0, 6, 97, 0.02127659574468085, 0.06382978723404255, 1
0, 1, 0, 0.21169498796444147, 12, 0.5454545454545454, 1.0, 0.9999435197061567, 2, 6, 0.045454545454545456, 0.15, 359, 49, 2, 0, 6, 122, 0.02040816326530612, 0.10204081632653061, 1
0, 0, 0, 0.9998162491956434, 107, 1.9454545454545453, 1.0, 1.0, 1, 6, 0.01818181818181818, 0.0, 360, 45, 1, 0, 6, 122, 0.0, 0.1111111111111111, 1
0, 0, 0, 0.9998162491956434, 107, 1.9454545454545453, 1.0, 1.0, 1, 6, 0.01818181818181818, 0.0, 361, 39, 1, 0, 6, 122, 0.0, 0.1282051282051282, 1
0, 1, 0, 0.21169498796444147, 12, 0.43636363636363634, 1.0, 0.9999983704205856, 2, 6, 0.03636363636363636, 0.15, 148, 21, 3, 0, 1, 68, 0.0, 0.0, 1
0, 0, 0, 1.0, 109, 0.9909090909090909, 1.0, 1.0, 1, 6, 0.00909090909090909, 0.0, 152, 15, 2, 0, 1, 77, 0.0, 0.0, 1
0, 1, 0, 0.07878953263900475, 10, 0.6363636363636362, 1.0, 0.9999709158647943, 2, 6, 0.06363636363636363, 0.25, 362, 81, 1, 0, 6, 171, 0.0, 0.12345679012345678, 1
0, 0, 0, 1.0, 109, 0.9909090909090909, 1.0, 1.0, 1, 6, 0.00909090909090909, 0.0, 153, 27, 1, 0, 6, 95, 0.0, 0.25925925925925924, 1
0, 0, 0, 1.0, 109, 0.9909090909090909, 1.0, 1.0, 1, 6, 0.00909090909090909, 0.0, 60, 5, 1, 0, 7, 34, 0.0, 0.0, 10
1, 0, 1, 0.21169498796444147, 12, 0.32727272727272727, 0.8545454545454545, 0.9998741149902344, 2, 6, 0.02727272727272727, 0.1, 50, 7, 1, 0, 0, 59, 0.0, 0.14285714285714285, 10
0, 0, 0, 1.0, 109, 0.9909090909090909, 1.0, 1.0, 1, 6, 0.00909090909090909, 0.0, 39, 5, 1, 0, 9, 40, 0.0, 0.0, 10
1, 0, 1, 0.21169498796444147, 12, 0.32727272727272727, 0.8545454545454545, 0.9998741149902344, 2, 6, 0.02727272727272727, 0.1, 335, 7, 1, 0, 0, 73, 0.0, 0.14285714285714285, 10
1, 0, 1, 0.23058271169474964, 16, 0.43636363636363634, 0.8909090909090909, 0.9999918937683105, 3, 14, 0.02727272727272727, 0.1, 24, 5, 1, 0, 1, 42, 0.0, 0.0, 10
1, 0, 1, 0.21169498796444147, 12, 0.32727272727272727, 0.8545454545454545, 0.9998741149902344, 2, 6, 0.02727272727272727, 0.1, 29, 7, 1, 0, 0, 60, 0.0, 0.14285714285714285, 10
0, 0, 0, 1.0, 109, 0.9909090909090909, 1.0, 1.0, 1, 6, 0.00909090909090909, 0.0, 70, 5, 1, 0, 7, 33, 0.0, 0.0, 10
0, 0, 1, 0.9987225625014895, 102, 1.8545454545454545, 0.08181818181818182, 1.0, 2, 15, 0.01818181818181818, 0.1, 34, 7, 1, 0, 0, 82, 0.0, 0.14285714285714285, 10
1, 0, 1, 0.21169498796444147, 12, 0.32727272727272727, 0.8545454545454545, 0.9998741149902344, 2, 6, 0.02727272727272727, 0.1, 228, 7, 1, 0, 0, 53, 0.0, 0.14285714285714285, 10
1, 0, 1, 0.21169498796444147, 12, 0.5454545454545454, 0.8545454545454545, 0.9998741149902344, 2, 6, 0.045454545454545456, 0.1, 353, 5, 0, 0, 2, 112, 0.0, 0.2, 10
1, 0, 1, 0.21169498796444147, 12, 0.5454545454545454, 0.8545454545454545, 0.9998741149902334, 2, 6, 0.045454545454545456, 0.1, 75, 5, 1, 0, 11, 76, 0.0, 0.0, 10
0, 0, 0, 1.0, 109, 0.9909090909090909, 1.0, 1.0, 1, 6, 0.00909090909090909, 0.0, 297, 5, 1, 0, 7, 43, 0.0, 0.0, 10
1, 0, 1, 0.21169498796444147, 12, 0.32727272727272727, 0.8545454545454545, 0.9998741149902344, 2, 6, 0.02727272727272727, 0.1, 21, 7, 1, 0, 0, 90, 0.0, 0.14285714285714285, 10
0, 0, 0, 1.0, 109, 0.9909090909090909, 1.0, 1.0, 1, 6, 0.00909090909090909, 0.0, 40, 5, 1, 0, 6, 23, 0.0, 0.0, 10
1, 0, 1, 0.21169498796444147, 12, 0.32727272727272727, 0.8545454545454545, 0.9998741149902344, 2, 6, 0.02727272727272727, 0.1, 43, 7, 1, 0, 0, 58, 0.0, 0.14285714285714285, 10
1, 0, 1, 0.21169498796444147, 12, 0.32727272727272727, 0.8545454545454545, 0.9998741149902344, 2, 6, 0.02727272727272727, 0.1, 73, 7, 1, 0, 0, 58, 0.0, 0.14285714285714285, 10
0, 1, 0, 0.07878953263900475, 10, 0.6363636363636362, 1.0, 0.9998543185572439, 2, 6, 0.06363636363636363, 0.2, 276, 5, 1, 0, 61, 45, 0.0, 0.0, 10
1, 0, 1, 0.21169498796444147, 12, 0.32727272727272727, 0.8545454545454545, 0.9998741149902344, 2, 6, 0.02727272727272727, 0.1, 278, 9, 1, 0, 0, 72, 0.0, 0.0, 10
0, 0, 0, 1.0, 109, 0.9909090909090909, 1.0, 1.0, 1, 6, 0.00909090909090909, 0.0, 47, 5, 1, 0, 7, 28, 0.0, 0.0, 10
1, 0, 1, 0.21169498796444147, 12, 0.5454545454545454, 0.8545454545454545, 0.9998741149902344, 2, 6, 0.045454545454545456, 0.1, 31, 7, 1, 0, 0, 97, 0.0, 0.14285714285714285, 10
1, 0, 1, 0.21169498796444147, 12, 0.32727272727272727, 0.8545454545454545, 0.9998741149902344, 2, 6, 0.02727272727272727, 0.1, 283, 5, 0, 0, 2, 88, 0.0, 0.0, 10
1, 0, 1, 0.21169498796444147, 12, 0.6545454545454545, 0.8545454545454545, 0.9998741149902339, 2, 6, 0.05454545454545454, 0.1, 19, 7, 1, 0, 0, 90, 0.0, 0.14285714285714285, 10
1, 0, 1, 0.21169498796444147, 12, 0.32727272727272727, 0.8545454545454545, 0.9998741149902344, 2, 6, 0.02727272727272727, 0.1, 55, 7, 1, 0, 0, 59, 0.0, 0.14285714285714285, 10
0, 0, 1, 1.0, 109, 0.9909090909090909, 0.08181818181818182, 1.0, 1, 6, 0.00909090909090909, 0.05, 33, 7, 1, 0, 0, 90, 0.0, 0.14285714285714285, 10
1, 0, 1, 0.21169498796444147, 12, 0.32727272727272727, 0.8545454545454545, 0.9998741149902344, 2, 6, 0.02727272727272727, 0.1, 77, 7, 1, 0, 0, 84, 0.0, 0.14285714285714285, 10
1, 0, 1, 0.21169498796444147, 12, 0.5454545454545454, 0.8545454545454545, 0.9998741149902344, 2, 6, 0.045454545454545456, 0.1, 236, 7, 1, 0, 0, 97, 0.0, 0.14285714285714285, 10
1, 0, 1, 0.21169498796444147, 12, 0.5454545454545454, 0.8545454545454545, 0.9998741149902344, 2, 6, 0.045454545454545456, 0.1, 42, 7, 1, 0, 0, 115, 0.0, 0.14285714285714285, 10
0, 0, 0, 1.0, 109, 0.9909090909090909, 1.0, 1.0, 1, 6, 0.00909090909090909, 0.0, 67, 5, 1, 0, 6, 22, 0.0, 0.0, 10
1, 0, 1, 0.21169498796444147, 12, 0.32727272727272727, 0.8545454545454545, 0.9998741149902344, 2, 6, 0.02727272727272727, 0.1, 48, 7, 1, 0, 0, 65, 0.0, 0.14285714285714285, 10
0, 0, 0, 1.0, 109, 0.9909090909090909, 1.0, 1.0, 1, 6, 0.00909090909090909, 0.0, 38, 5, 1, 0, 7, 30, 0.0, 0.0, 10
0, 0, 0, 1.0, 109, 0.9909090909090909, 1.0, 1.0, 1, 6, 0.00909090909090909, 0.0, 53, 5, 1, 0, 7, 28, 0.0, 0.0, 10
1, 0, 1, 0.21169498796444147, 12, 0.32727272727272727, 0.8545454545454545, 0.9998741149902344, 2, 6, 0.02727272727272727, 0.1, 16, 7, 1, 0, 0, 81, 0.0, 0.14285714285714285, 10
0, 0, 1, 1.0, 109, 0.9909090909090909, 0.08181818181818182, 1.0, 1, 6, 0.00909090909090909, 0.05, 72, 7, 1, 0, 0, 124, 0.0, 0.14285714285714285, 10
1, 0, 1, 0.21169498796444147, 12, 0.32727272727272727, 0.8545454545454545, 0.9998741149902344, 2, 6, 0.02727272727272727, 0.1, 62, 7, 1, 0, 0, 57, 0.0, 0.14285714285714285, 10
0, 0, 0, 1.0, 109, 0.9909090909090909, 1.0, 1.0, 1, 6, 0.00909090909090909, 0.0, 17, 5, 1, 0, 7, 40, 0.0, 0.0, 10
0, 0, 1, 1.0, 109, 0.9909090909090909, 0.08181818181818182, 1.0, 1, 6, 0.00909090909090909, 0.05, 44, 7, 1, 0, 0, 90, 0.0, 0.14285714285714285, 10
0, 0, 1, 0.9987225625014895, 102, 1.8545454545454545, 0.08181818181818182, 1.0, 2, 15, 0.01818181818181818, 0.1, 22, 7, 1, 0, 0, 68, 0.0, 0.14285714285714285, 10
1, 0, 1, 0.21169498796444147, 12, 0.32727272727272727, 0.8545454545454545, 0.9998741149902344, 2, 6, 0.02727272727272727, 0.1, 59, 7, 1, 0, 0, 73, 0.0, 0.14285714285714285, 10
0, 0, 0, 1.0, 109, 0.9909090909090909, 1.0, 1.0, 1, 6, 0.00909090909090909, 0.0, 56, 5, 1, 0, 1, 40, 0.0, 0.0, 10
1, 0, 1, 0.21169498796444147, 12, 0.32727272727272727, 0.8545454545454545, 0.9998741149902344, 2, 6, 0.02727272727272727, 0.1, 35, 7, 1, 0, 0, 61, 0.0, 0.14285714285714285, 10
1, 0, 1, 0.21169498796444147, 12, 0.32727272727272727, 0.8545454545454545, 0.9998741149902344, 2, 6, 0.02727272727272727, 0.1, 80, 7, 1, 0, 0, 57, 0.0, 0.14285714285714285, 10
1, 0, 1, 0.21169498796444147, 12, 0.32727272727272727, 0.8545454545454545, 0.9998741149902344, 2, 6, 0.02727272727272727, 0.1, 54, 7, 1, 0, 0, 75, 0.0, 0.14285714285714285, 10
0, 0, 1, 1.0, 109, 0.9909090909090909, 0.08181818181818182, 1.0, 1, 6, 0.00909090909090909, 0.05, 82, 7, 1, 0, 0, 122, 0.0, 0.14285714285714285, 10
1, 0, 1, 0.21169498796444147, 12, 0.32727272727272727, 0.8545454545454545, 0.9998741149902344, 2, 6, 0.02727272727272727, 0.1, 18, 7, 1, 0, 0, 54, 0.0, 0.14285714285714285, 10
0, 0, 0, 1.0, 109, 0.9909090909090909, 1.0, 1.0, 1, 6, 0.00909090909090909, 0.0, 49, 5, 1, 0, 6, 37, 0.0, 0.0, 10
1, 0, 1, 0.21169498796444147, 12, 0.32727272727272727, 0.8545454545454545, 0.9998741149902344, 2, 6, 0.02727272727272727, 0.1, 68, 5, 1, 0, 10, 64, 0.0, 0.0, 10
0, 1, 0, 0.07878953263900475, 10, 0.6363636363636362, 1.0, 0.9999158486076023, 2, 6, 0.06363636363636363, 0.2, 64, 5, 1, 0, 62, 52, 0.0, 0.0, 10
0, 0, 1, 0.9987225625014895, 102, 1.8545454545454545, 0.08181818181818182, 1.0, 2, 15, 0.01818181818181818, 0.1, 28, 7, 1, 0, 0, 70, 0.0, 0.14285714285714285, 10
0, 0, 1, 0.9987225625014895, 102, 1.8545454545454545, 0.08181818181818182, 1.0, 2, 15, 0.01818181818181818, 0.1, 304, 7, 1, 0, 0, 84, 0.0, 0.14285714285714285, 10
1, 0, 1, 0.21169498796444147, 12, 0.32727272727272727, 0.8545454545454545, 0.9998741149902344, 2, 6, 0.02727272727272727, 0.1, 299, 7, 1, 0, 0, 72, 0.0, 0.14285714285714285, 10
0, 0, 1, 1.0, 109, 0.9909090909090909, 0.08181818181818182, 1.0, 1, 6, 0.00909090909090909, 0.05, 10, 7, 1, 0, 0, 82, 0.0, 0.14285714285714285, 10
0, 1, 0, 0.07878953263900475, 10, 0.6363636363636362, 1.0, 0.999904812359419, 2, 6, 0.06363636363636363, 0.2, 58, 5, 1, 0, 62, 46, 0.0, 0.0, 10
0, 1, 0, 0.07878953263900475, 10, 0.5454545454545454, 1.0, 0.9998681929803663, 2, 6, 0.05454545454545454, 0.2, 277, 5, 1, 0, 63, 47, 0.0, 0.0, 10
1, 0, 1, 0.21169498796444147, 12, 0.32727272727272727, 0.8545454545454545, 0.9998741149902344, 2, 6, 0.02727272727272727, 0.1, 63, 7, 1, 0, 0, 67, 0.0, 0.14285714285714285, 10
0, 0, 0, 1.0, 109, 0.9909090909090909, 1.0, 1.0, 1, 6, 0.00909090909090909, 0.0, 79, 5, 1, 0, 1, 57, 0.0, 0.0, 10
0, 0, 0, 1.0, 109, 0.9909090909090909, 1.0, 1.0, 1, 6, 0.00909090909090909, 0.0, 12, 5, 1, 0, 1, 56, 0.0, 0.0, 10
1, 0, 1, 0.21169498796444147, 12, 0.32727272727272727, 0.8545454545454545, 0.9998741149902344, 2, 6, 0.02727272727272727, 0.1, 74, 7, 1, 0, 0, 56, 0.0, 0.14285714285714285, 10
0, 1, 0, 0.07878953263900475, 10, 0.6363636363636362, 1.0, 0.9998904444136709, 2, 6, 0.06363636363636363, 0.2, 65, 5, 1, 0, 62, 40, 0.0, 0.0, 10
0, 0, 1, 1.0, 109, 0.9909090909090909, 0.08181818181818182, 1.0, 1, 6, 0.00909090909090909, 0.05, 37, 7, 1, 0, 0, 94, 0.0, 0.14285714285714285, 10
0, 0, 1, 1.0, 109, 0.9909090909090909, 0.08181818181818182, 1.0, 1, 6, 0.00909090909090909, 0.05, 57, 7, 1, 0, 0, 76, 0.0, 0.14285714285714285, 10
1, 0, 1, 0.21169498796444147, 12, 0.32727272727272727, 0.8545454545454545, 0.9998741149902344, 2, 6, 0.02727272727272727, 0.1, 230, 7, 1, 0, 0, 61, 0.0, 0.14285714285714285, 10
0, 0, 0, 1.0, 109, 0.9909090909090909, 1.0, 1.0, 1, 6, 0.00909090909090909, 0.0, 51, 5, 1, 0, 6, 40, 0.0, 0.0, 10
1, 0, 1, 0.21169498796444147, 12, 0.32727272727272727, 0.8545454545454545, 0.9998741149902344, 2, 6, 0.02727272727272727, 0.1, 81, 9, 1, 0, 0, 101, 0.0, 0.1111111111111111, 10
1, 0, 1, 0.21169498796444147, 12, 0.32727272727272727, 0.8545454545454545, 0.9998741149902344, 2, 6, 0.02727272727272727, 0.1, 69, 7, 1, 0, 0, 63, 0.0, 0.14285714285714285, 10
1, 0, 1, 0.21169498796444147, 12, 0.32727272727272727, 0.8545454545454545, 0.9998741149902344, 2, 6, 0.02727272727272727, 0.1, 298, 7, 1, 0, 0, 72, 0.0, 0.14285714285714285, 10
1, 0, 1, 0.21169498796444147, 12, 0.32727272727272727, 0.8545454545454545, 0.9998741149902344, 2, 6, 0.02727272727272727, 0.1, 45, 7, 1, 0, 0, 77, 0.0, 0.14285714285714285, 10
1, 0, 1, 0.21169498796444147, 12, 0.32727272727272727, 0.8545454545454545, 0.9998741149902344, 2, 6, 0.02727272727272727, 0.1, 329, 7, 1, 0, 0, 107, 0.0, 0.14285714285714285, 10
1, 0, 1, 0.21169498796444147, 12, 0.5454545454545454, 0.8545454545454545, 0.9998741149902344, 2, 6, 0.045454545454545456, 0.1, 11, 7, 1, 0, 0, 85, 0.0, 0.14285714285714285, 10
0, 0, 0, 1.0, 109, 0.9909090909090909, 1.0, 1.0, 1, 6, 0.00909090909090909, 0.0, 41, 5, 1, 0, 6, 34, 0.0, 0.0, 10
0, 0, 0, 1.0, 109, 0.9909090909090909, 1.0, 1.0, 1, 6, 0.00909090909090909, 0.0, 296, 5, 1, 0, 7, 43, 0.0, 0.0, 10
0, 0, 1, 1.0, 109, 0.9909090909090909, 0.01818181818181818, 1.0, 1, 6, 0.00909090909090909, 0.05, 425, 9, 1, 0, 48, 106, 0.2222222222222222, 0.1111111111111111, 10
0, 1, 0, 0.07878953263900475, 10, 0.6363636363636362, 1.0, 0.9999283154805501, 2, 6, 0.06363636363636363, 0.2, 36, 5, 1, 0, 62, 61, 0.0, 0.0, 10
0, 0, 0, 1.0, 109, 0.9909090909090909, 1.0, 1.0, 1, 6, 0.00909090909090909, 0.0, 13, 5, 1, 0, 6, 37, 0.0, 0.0, 10
0, 0, 0, 1.0, 109, 0.9909090909090909, 1.0, 1.0, 1, 6, 0.00909090909090909, 0.0, 14, 5, 1, 0, 7, 36, 0.0, 0.0, 10
0, 0, 0, 1.0, 109, 0.9909090909090909, 1.0, 1.0, 1, 6, 0.00909090909090909, 0.0, 78, 5, 1, 0, 7, 37, 0.0, 0.0, 10
0, 0, 0, 1.0, 109, 0.9909090909090909, 1.0, 1.0, 1, 6, 0.00909090909090909, 0.0, 227, 5, 1, 0, 28, 26, 0.0, 0.0, 10
0, 0, 0, 1.0, 109, 0.9909090909090909, 1.0, 1.0, 1, 6, 0.00909090909090909, 0.0, 66, 5, 1, 0, 7, 29, 0.0, 0.0, 10
0, 0, 1, 1.0, 109, 0.9909090909090909, 0.01818181818181818, 1.0, 1, 6, 0.00909090909090909, 0.05, 424, 9, 1, 0, 11, 68, 0.2222222222222222, 0.1111111111111111, 10
1, 0, 1, 0.07762935246311876, 5, 0.13636363636363635, 0.9454545454545454, 0.984375, 2, 6, 0.02727272727272727, 0.05, 2, 55, 0, 0, 2, 194, 0.0, 0.0, 10
0, 1, 0, 0.07878953263900475, 10, 0.6363636363636362, 1.0, 0.9999158486076023, 2, 6, 0.06363636363636363, 0.2, 237, 5, 1, 0, 62, 52, 0.0, 0.0, 10
0, 1, 0, 0.07878953263900475, 10, 0.6363636363636362, 1.0, 0.9999337667748049, 2, 6, 0.06363636363636363, 0.2, 354, 5, 1, 0, 64, 81, 0.0, 0.0, 10
0, 0, 0, 1.0, 109, 0.9909090909090909, 1.0, 1.0, 1, 6, 0.00909090909090909, 0.0, 61, 5, 1, 0, 7, 38, 0.0, 0.0, 10
0, 0, 1, 1.0, 109, 0.9909090909090909, 0.11818181818181818, 1.0, 1, 6, 0.00909090909090909, 0.05, 303, 5, 1, 0, 1, 37, 0.0, 0.0, 10
0, 0, 0, 1.0, 109, 0.9909090909090909, 1.0, 1.0, 1, 6, 0.00909090909090909, 0.0, 46, 5, 1, 0, 7, 39, 0.0, 0.0, 10
0, 0, 0, 1.0, 109, 0.9909090909090909, 1.0, 1.0, 1, 6, 0.00909090909090909, 0.0, 15, 5, 1, 0, 7, 29, 0.0, 0.0, 10
0, 0, 0, 1.0, 109, 0.9909090909090909, 1.0, 1.0, 1, 6, 0.00909090909090909, 0.0, 20, 5, 1, 0, 7, 29, 0.0, 0.0, 10
0, 0, 0, 1.0, 109, 0.9909090909090909, 1.0, 1.0, 1, 6, 0.00909090909090909, 0.0, 334, 5, 1, 0, 41, 32, 0.0, 0.0, 10
0, 0, 0, 1.0, 109, 0.9909090909090909, 1.0, 1.0, 1, 6, 0.00909090909090909, 0.0, 32, 5, 1, 0, 7, 29, 0.0, 0.0, 10
0, 0, 0, 1.0, 109, 0.9909090909090909, 1.0, 1.0, 1, 6, 0.00909090909090909, 0.0, 27, 5, 1, 0, 1, 36, 0.0, 0.0, 10
0, 0, 0, 1.0, 109, 0.9909090909090909, 1.0, 1.0, 1, 6, 0.00909090909090909, 0.0, 393, 5, 1, 0, 55, 51, 0.0, 0.0, 10
0, 0, 0, 1.0, 109, 0.9909090909090909, 1.0, 1.0, 1, 6, 0.00909090909090909, 0.0, 229, 5, 1, 0, 25, 26, 0.0, 0.0, 10
0, 0, 1, 0.34614742963369005, 35, 0.6363636363636364, 0.7545454545454545, 0.9999999999854481, 2, 15, 0.01818181818181818, 0.05, 438, 5, 1, 0, 58, 35, 0.0, 0.0, 10
0, 0, 0, 1.0, 109, 0.9909090909090909, 1.0, 1.0, 1, 6, 0.00909090909090909, 0.0, 71, 5, 1, 0, 7, 28, 0.0, 0.0, 10
0, 0, 0, 1.0, 109, 0.9909090909090909, 1.0, 1.0, 1, 6, 0.00909090909090909, 0.0, 23, 5, 1, 0, 1, 33, 0.0, 0.0, 10
0, 0, 0, 1.0, 109, 0.9909090909090909, 1.0, 1.0, 1, 6, 0.00909090909090909, 0.0, 328, 5, 1, 0, 39, 60, 0.0, 0.0, 10
0, 0, 0, 1.0, 109, 0.9909090909090909, 1.0, 1.0, 1, 6, 0.00909090909090909, 0.0, 26, 5, 1, 0, 7, 32, 0.0, 0.0, 10
0, 0, 1, 1.0, 109, 0.9909090909090909, 0.01818181818181818, 1.0, 1, 6, 0.00909090909090909, 0.05, 423, 9, 1, 0, 8, 62, 0.2222222222222222, 0.1111111111111111, 10
1, 0, 1, 0.07762935246311876, 5, 0.09090909090909091, 0.9454545454545454, 0.984375, 1, 6, 0.01818181818181818, 0.05, 366, 5, 1, 0, 0, 53, 0.0, 0.0, 10
0, 0, 1, 0.34400438523320387, 32, 0.5818181818181818, 0.7, 0.9999999998835847, 1, 6, 0.01818181818181818, 0.05, 31, 7, 1, 0, 57, 100, 0.0, 0.14285714285714285, 10
0, 0, 1, 1.0, 109, 0.9909090909090909, 0.08181818181818182, 1.0, 1, 6, 0.00909090909090909, 0.05, 82, 7, 1, 0, 57, 125, 0.0, 0.14285714285714285, 10
0, 0, 1, 0.34614742963369005, 35, 0.6363636363636364, 0.7545454545454545, 0.9999999999854481, 2, 15, 0.01818181818181818, 0.05, 438, 5, 1, 0, 58, 35, 0.0, 0.0, 10
0, 0, 1, 1.0, 109, 0.9909090909090909, 0.08181818181818182, 1.0, 1, 6, 0.00909090909090909, 0.05, 57, 7, 1, 0, 57, 79, 0.0, 0.14285714285714285, 10
0, 0, 0, 1.0, 109, 0.9909090909090909, 1.0, 1.0, 1, 6, 0.00909090909090909, 0.0, 430, 5, 1, 0, 15, 35, 0.0, 0.0, 10
0, 0, 1, 1.0, 109, 0.9909090909090909, 0.08181818181818182, 1.0, 1, 6, 0.00909090909090909, 0.05, 44, 7, 1, 0, 57, 93, 0.0, 0.14285714285714285, 10
0, 0, 1, 1.0, 109, 0.9909090909090909, 0.08181818181818182, 1.0, 1, 6, 0.00909090909090909, 0.05, 37, 7, 1, 0, 57, 97, 0.0, 0.14285714285714285, 10
0, 0, 1, 1.0, 109, 0.9909090909090909, 0.08181818181818182, 1.0, 1, 6, 0.00909090909090909, 0.05, 72, 7, 1, 0, 57, 127, 0.0, 0.14285714285714285, 10
0, 0, 0, 1.0, 109, 0.9909090909090909, 1.0, 1.0, 1, 6, 0.00909090909090909, 0.0, 77, 7, 1, 0, 57, 87, 0.0, 0.14285714285714285, 10
0, 0, 0, 1.0, 109, 0.9909090909090909, 1.0, 1.0, 1, 6, 0.00909090909090909, 0.0, 21, 7, 1, 0, 57, 93, 0.0, 0.14285714285714285, 10
0, 0, 1, 0.34400438523320387, 32, 0.5818181818181818, 0.7, 0.9999999998835847, 1, 6, 0.01818181818181818, 0.05, 19, 7, 1, 0, 57, 89, 0.0, 0.14285714285714285, 10
0, 0, 0, 1.0, 109, 0.9909090909090909, 1.0, 1.0, 1, 6, 0.00909090909090909, 0.0, 74, 7, 1, 0, 57, 59, 0.0, 0.14285714285714285, 10
0, 0, 1, 0.34400438523320387, 32, 0.5818181818181818, 0.7, 0.9999999998835847, 1, 6, 0.01818181818181818, 0.05, 59, 7, 1, 0, 57, 76, 0.0, 0.14285714285714285, 10
0, 0, 1, 1.0, 109, 0.9909090909090909, 0.08181818181818182, 1.0, 1, 6, 0.00909090909090909, 0.05, 33, 7, 1, 0, 57, 93, 0.0, 0.14285714285714285, 10
0, 0, 0, 1.0, 109, 0.9909090909090909, 1.0, 1.0, 1, 6, 0.00909090909090909, 0.0, 18, 7, 1, 0, 57, 57, 0.0, 0.14285714285714285, 10
0, 0, 0, 0.34614742963369005, 35, 0.6363636363636364, 1.0, 0.9999999999986482, 2, 15, 0.01818181818181818, 0.0, 429, 7, 1, 0, 57, 90, 0.0, 0.14285714285714285, 10
0, 0, 0, 0.34614742963369005, 35, 0.6363636363636364, 1.0, 0.9999999999984823, 2, 15, 0.01818181818181818, 0.0, 81, 7, 1, 0, 57, 70, 0.0, 0.14285714285714285, 10
0, 0, 0, 1.0, 109, 0.9909090909090909, 1.0, 1.0, 1, 6, 0.00909090909090909, 0.0, 299, 7, 1, 0, 57, 75, 0.0, 0.14285714285714285, 10
0, 0, 0, 1.0, 109, 0.9909090909090909, 1.0, 1.0, 1, 6, 0.00909090909090909, 0.0, 329, 7, 1, 0, 57, 110, 0.0, 0.14285714285714285, 10
0, 0, 0, 1.0, 109, 0.9909090909090909, 1.0, 1.0, 1, 6, 0.00909090909090909, 0.0, 48, 7, 1, 0, 57, 68, 0.0, 0.14285714285714285, 10
0, 0, 0, 1.0, 109, 0.9909090909090909, 1.0, 1.0, 1, 6, 0.00909090909090909, 0.0, 298, 7, 1, 0, 57, 75, 0.0, 0.14285714285714285, 10
0, 0, 0, 1.0, 109, 0.9909090909090909, 1.0, 1.0, 1, 6, 0.00909090909090909, 0.0, 29, 7, 1, 0, 57, 63, 0.0, 0.14285714285714285, 10
0, 0, 0, 1.0, 109, 0.9909090909090909, 1.0, 1.0, 1, 6, 0.00909090909090909, 0.0, 63, 7, 1, 0, 57, 70, 0.0, 0.14285714285714285, 10
0, 0, 0, 1.0, 109, 0.9909090909090909, 1.0, 1.0, 1, 6, 0.00909090909090909, 0.0, 35, 7, 1, 0, 57, 64, 0.0, 0.14285714285714285, 10
0, 0, 0, 1.0, 109, 0.9909090909090909, 1.0, 1.0, 1, 6, 0.00909090909090909, 0.0, 43, 7, 1, 0, 57, 61, 0.0, 0.14285714285714285, 10
0, 0, 0, 1.0, 109, 0.9909090909090909, 1.0, 1.0, 1, 6, 0.00909090909090909, 0.0, 50, 7, 1, 0, 57, 62, 0.0, 0.14285714285714285, 10
0, 0, 0, 1.0, 109, 0.9909090909090909, 1.0, 1.0, 1, 6, 0.00909090909090909, 0.0, 55, 7, 1, 0, 57, 62, 0.0, 0.14285714285714285, 10
0, 0, 0, 1.0, 109, 0.9909090909090909, 1.0, 1.0, 1, 6, 0.00909090909090909, 0.0, 62, 7, 1, 0, 57, 60, 0.0, 0.14285714285714285, 10
0, 0, 0, 1.0, 109, 0.9909090909090909, 1.0, 1.0, 1, 6, 0.00909090909090909, 0.0, 69, 7, 1, 0, 57, 66, 0.0, 0.14285714285714285, 10
0, 0, 0, 1.0, 109, 0.9909090909090909, 1.0, 1.0, 1, 6, 0.00909090909090909, 0.0, 73, 7, 1, 0, 57, 61, 0.0, 0.14285714285714285, 10
0, 0, 0, 1.0, 109, 0.9909090909090909, 1.0, 1.0, 1, 6, 0.00909090909090909, 0.0, 80, 7, 1, 0, 57, 60, 0.0, 0.14285714285714285, 10
0, 0, 1, 1.0, 109, 0.9909090909090909, 0.08181818181818182, 1.0, 1, 6, 0.00909090909090909, 0.05, 10, 7, 1, 0, 57, 85, 0.0, 0.14285714285714285, 10
0, 0, 0, 1.0, 109, 0.9909090909090909, 1.0, 1.0, 1, 6, 0.00909090909090909, 0.0, 16, 7, 1, 0, 57, 84, 0.0, 0.14285714285714285, 10
0, 0, 1, 1.0, 109, 0.9909090909090909, 0.08181818181818182, 1.0, 1, 6, 0.00909090909090909, 0.05, 22, 7, 1, 0, 57, 71, 0.0, 0.14285714285714285, 10
0, 0, 1, 1.0, 109, 0.9909090909090909, 0.08181818181818182, 1.0, 1, 6, 0.00909090909090909, 0.05, 28, 7, 1, 0, 57, 73, 0.0, 0.14285714285714285, 10
0, 0, 1, 0.34400438523320387, 32, 0.5818181818181818, 0.7, 0.9999999998835847, 1, 6, 0.01818181818181818, 0.05, 42, 7, 1, 0, 57, 118, 0.0, 0.14285714285714285, 10
0, 0, 1, 1.0, 109, 0.9909090909090909, 0.08181818181818182, 1.0, 1, 6, 0.00909090909090909, 0.05, 34, 7, 1, 0, 57, 85, 0.0, 0.14285714285714285, 10
0, 0, 1, 1.0, 109, 0.9909090909090909, 0.08181818181818182, 1.0, 1, 6, 0.00909090909090909, 0.05, 304, 7, 1, 0, 57, 87, 0.0, 0.14285714285714285, 10
0, 0, 0, 1.0, 109, 0.9909090909090909, 1.0, 1.0, 1, 6, 0.00909090909090909, 0.0, 14, 11, 2, 0, 7, 43, 0.0, 0.09090909090909091, 10
0, 0, 1, 0.34400438523320387, 32, 0.5818181818181818, 0.7, 0.9999999998835847, 1, 6, 0.01818181818181818, 0.05, 236, 7, 1, 0, 57, 100, 0.0, 0.14285714285714285, 10
0, 0, 0, 1.0, 109, 0.9909090909090909, 1.0, 1.0, 1, 6, 0.00909090909090909, 0.0, 20, 11, 2, 0, 7, 36, 0.0, 0.09090909090909091, 10
0, 0, 0, 1.0, 109, 0.9909090909090909, 1.0, 1.0, 1, 6, 0.00909090909090909, 0.0, 335, 7, 1, 0, 57, 76, 0.0, 0.14285714285714285, 10
0, 0, 0, 1.0, 109, 0.9909090909090909, 1.0, 1.0, 1, 6, 0.00909090909090909, 0.0, 54, 7, 1, 0, 57, 78, 0.0, 0.14285714285714285, 10
0, 0, 0, 1.0, 109, 0.9909090909090909, 1.0, 1.0, 1, 6, 0.00909090909090909, 0.0, 278, 9, 1, 0, 57, 75, 0.0, 0.0, 10
0, 0, 0, 1.0, 109, 0.9909090909090909, 1.0, 1.0, 1, 6, 0.00909090909090909, 0.0, 45, 7, 1, 0, 57, 80, 0.0, 0.14285714285714285, 10
0, 0, 0, 1.0, 109, 0.9909090909090909, 1.0, 1.0, 1, 6, 0.00909090909090909, 0.0, 26, 11, 2, 0, 7, 39, 0.0, 0.09090909090909091, 10
0, 0, 0, 1.0, 109, 0.9909090909090909, 1.0, 1.0, 1, 6, 0.00909090909090909, 0.0, 230, 7, 1, 0, 57, 64, 0.0, 0.14285714285714285, 10
0, 0, 0, 1.0, 109, 0.9909090909090909, 1.0, 1.0, 1, 6, 0.00909090909090909, 0.0, 32, 11, 2, 0, 7, 36, 0.0, 0.09090909090909091, 10
0, 0, 0, 1.0, 109, 0.9909090909090909, 1.0, 1.0, 1, 6, 0.00909090909090909, 0.0, 228, 7, 1, 0, 57, 56, 0.0, 0.14285714285714285, 10
0, 0, 0, 1.0, 109, 0.9909090909090909, 1.0, 1.0, 1, 6, 0.00909090909090909, 0.0, 38, 11, 2, 0, 7, 37, 0.0, 0.09090909090909091, 10
0, 0, 1, 0.34614742963369005, 35, 0.9545454545454545, 0.7545454545454545, 0.9999999999854481, 2, 15, 0.02727272727272727, 0.05, 439, 7, 1, 0, 57, 74, 0.0, 0.14285714285714285, 10
0, 0, 1, 0.34400438523320387, 32, 0.8727272727272727, 0.7, 0.9999999998835847, 2, 6, 0.02727272727272727, 0.05, 353, 7, 1, 0, 57, 128, 0.0, 0.14285714285714285, 10
0, 0, 0, 1.0, 109, 0.9909090909090909, 1.0, 1.0, 1, 6, 0.00909090909090909, 0.0, 47, 11, 2, 0, 7, 41, 0.0, 0.09090909090909091, 10
0, 0, 0, 1.0, 109, 0.9909090909090909, 1.0, 1.0, 1, 6, 0.00909090909090909, 0.0, 58, 11, 2, 0, 8, 44, 0.09090909090909091, 0.09090909090909091, 10
0, 0, 0, 1.0, 109, 0.9909090909090909, 1.0, 1.0, 1, 6, 0.00909090909090909, 0.0, 53, 11, 2, 0, 7, 35, 0.0, 0.09090909090909091, 10
0, 0, 0, 1.0, 109, 0.9909090909090909, 1.0, 1.0, 1, 6, 0.00909090909090909, 0.0, 60, 11, 2, 0, 7, 41, 0.0, 0.09090909090909091, 10
0, 0, 0, 0.9573111847279487, 84, 1.5272727272727271, 1.0, 1.0, 2, 15, 0.01818181818181818, 0.0, 426, 7, 1, 0, 57, 101, 0.0, 0.14285714285714285, 10
0, 0, 0, 1.0, 109, 0.9909090909090909, 1.0, 1.0, 1, 6, 0.00909090909090909, 0.0, 66, 11, 2, 0, 7, 36, 0.0, 0.09090909090909091, 10
0, 0, 1, 0.34400438523320387, 32, 0.5818181818181818, 0.7, 0.9999999998835847, 1, 6, 0.01818181818181818, 0.05, 11, 7, 1, 0, 57, 88, 0.0, 0.14285714285714285, 10
0, 0, 0, 1.0, 109, 0.9909090909090909, 1.0, 1.0, 1, 6, 0.00909090909090909, 0.0, 64, 11, 2, 0, 8, 50, 0.09090909090909091, 0.09090909090909091, 10
0, 0, 0, 1.0, 109, 0.9909090909090909, 1.0, 1.0, 1, 6, 0.00909090909090909, 0.0, 68, 5, 1, 0, 10, 64, 0.0, 0.0, 10
0, 0, 0, 1.0, 109, 0.9909090909090909, 1.0, 1.0, 1, 6, 0.00909090909090909, 0.0, 70, 11, 2, 0, 7, 42, 0.0, 0.09090909090909091, 10
0, 0, 0, 1.0, 109, 0.9909090909090909, 1.0, 1.0, 1, 6, 0.00909090909090909, 0.0, 71, 11, 2, 0, 7, 35, 0.0, 0.09090909090909091, 10
0, 0, 0, 1.0, 109, 0.9909090909090909, 1.0, 1.0, 1, 6, 0.00909090909090909, 0.0, 78, 11, 2, 0, 7, 47, 0.0, 0.09090909090909091, 10
0, 0, 1, 0.45050692342524845, 47, 1.2818181818181817, 0.5818181818181818, 0.999999999999996, 2, 15, 0.02727272727272727, 0.1, 75, 11, 2, 0, 11, 42, 0.09090909090909091, 0.09090909090909091, 10
0, 0, 0, 1.0, 109, 0.9909090909090909, 1.0, 1.0, 1, 6, 0.00909090909090909, 0.0, 79, 11, 2, 0, 1, 70, 0.0, 0.09090909090909091, 10
0, 0, 0, 1.0, 109, 0.9909090909090909, 1.0, 1.0, 1, 6, 0.00909090909090909, 0.0, 13, 13, 2, 0, 6, 44, 0.0, 0.07692307692307693, 10
0, 0, 0, 1.0, 109, 0.9909090909090909, 1.0, 1.0, 1, 6, 0.00909090909090909, 0.0, 12, 11, 2, 0, 1, 70, 0.0, 0.09090909090909091, 10
0, 0, 0, 1.0, 109, 0.9909090909090909, 1.0, 1.0, 1, 6, 0.00909090909090909, 0.0, 15, 11, 2, 0, 7, 38, 0.0, 0.09090909090909091, 10
0, 0, 0, 1.0, 109, 0.9909090909090909, 1.0, 1.0, 1, 6, 0.00909090909090909, 0.0, 17, 11, 2, 0, 7, 50, 0.0, 0.09090909090909091, 10
0, 0, 0, 1.0, 109, 0.9909090909090909, 1.0, 1.0, 1, 6, 0.00909090909090909, 0.0, 23, 11, 2, 0, 1, 44, 0.0, 0.09090909090909091, 10
1, 0, 1, 0.23058271169474964, 16, 0.43636363636363634, 0.8909090909090909, 0.9999918937683105, 3, 14, 0.02727272727272727, 0.1, 24, 11, 2, 0, 1, 54, 0.0, 0.09090909090909091, 10
0, 0, 0, 1.0, 109, 0.9909090909090909, 1.0, 1.0, 1, 6, 0.00909090909090909, 0.0, 27, 11, 2, 0, 1, 48, 0.0, 0.09090909090909091, 10
0, 0, 0, 1.0, 109, 0.9909090909090909, 1.0, 1.0, 1, 6, 0.00909090909090909, 0.0, 40, 11, 2, 0, 6, 36, 0.0, 0.09090909090909091, 10
0, 0, 1, 1.0, 109, 0.9909090909090909, 0.11818181818181818, 1.0, 1, 6, 0.00909090909090909, 0.05, 303, 11, 2, 0, 1, 48, 0.0, 0.09090909090909091, 10
0, 0, 0, 1.0, 109, 0.9909090909090909, 1.0, 1.0, 1, 6, 0.00909090909090909, 0.0, 49, 11, 2, 0, 6, 44, 0.0, 0.09090909090909091, 10
0, 0, 0, 1.0, 109, 0.9909090909090909, 1.0, 1.0, 1, 6, 0.00909090909090909, 0.0, 36, 11, 2, 0, 8, 59, 0.09090909090909091, 0.09090909090909091, 10
0, 0, 0, 1.0, 109, 0.9909090909090909, 1.0, 1.0, 1, 6, 0.00909090909090909, 0.0, 51, 11, 2, 0, 6, 47, 0.0, 0.09090909090909091, 10
0, 0, 0, 1.0, 109, 0.9909090909090909, 1.0, 1.0, 1, 6, 0.00909090909090909, 0.0, 237, 11, 2, 0, 8, 50, 0.09090909090909091, 0.09090909090909091, 10
0, 0, 0, 1.0, 109, 0.9909090909090909, 1.0, 1.0, 1, 6, 0.00909090909090909, 0.0, 334, 5, 1, 0, 41, 32, 0.0, 0.0, 10
0, 0, 0, 1.0, 109, 0.9909090909090909, 1.0, 1.0, 1, 6, 0.00909090909090909, 0.0, 56, 11, 2, 0, 1, 51, 0.0, 0.09090909090909091, 10
0, 1, 0, 0.03478181081531972, 4, 0.14545454545454545, 1.0, 0.9494252573734001, 1, 6, 0.03636363636363636, 0.15, 427, 53, 1, 0, 0, 223, 0.0, 0.0, 10
0, 0, 0, 1.0, 109, 0.9909090909090909, 1.0, 1.0, 1, 6, 0.00909090909090909, 0.0, 41, 11, 2, 0, 6, 43, 0.0, 0.09090909090909091, 10
0, 0, 0, 0.45051026001572964, 49, 0.8909090909090909, 1.0, 1.0, 2, 15, 0.01818181818181818, 0.0, 65, 11, 2, 0, 8, 88, 0.0, 0.09090909090909091, 10
0, 0, 0, 1.0, 109, 0.9909090909090909, 1.0, 1.0, 1, 6, 0.00909090909090909, 0.0, 67, 11, 2, 0, 6, 36, 0.0, 0.09090909090909091, 10
0, 0, 0, 1.0, 109, 0.9909090909090909, 1.0, 1.0, 1, 6, 0.00909090909090909, 0.0, 46, 11, 2, 0, 7, 49, 0.0, 0.09090909090909091, 10
0, 0, 0, 1.0, 109, 0.9909090909090909, 1.0, 1.0, 1, 6, 0.00909090909090909, 0.0, 297, 11, 2, 0, 7, 50, 0.0, 0.09090909090909091, 10
0, 0, 0, 1.0, 109, 0.9909090909090909, 1.0, 1.0, 1, 6, 0.00909090909090909, 0.0, 428, 11, 2, 0, 9, 53, 0.0, 0.09090909090909091, 10
0, 0, 0, 1.0, 109, 0.9909090909090909, 1.0, 1.0, 1, 6, 0.00909090909090909, 0.0, 328, 11, 2, 0, 39, 60, 0.0, 0.09090909090909091, 10
0, 0, 0, 1.0, 109, 0.9909090909090909, 1.0, 1.0, 1, 6, 0.00909090909090909, 0.0, 393, 11, 2, 0, 55, 51, 0.0, 0.09090909090909091, 10
0, 0, 0, 1.0, 109, 0.9909090909090909, 1.0, 1.0, 1, 6, 0.00909090909090909, 0.0, 229, 11, 2, 0, 25, 33, 0.0, 0.09090909090909091, 10
0, 0, 0, 1.0, 109, 0.9909090909090909, 1.0, 1.0, 1, 6, 0.00909090909090909, 0.0, 296, 11, 2, 0, 7, 50, 0.0, 0.09090909090909091, 10
0, 0, 0, 1.0, 109, 0.9909090909090909, 1.0, 1.0, 1, 6, 0.00909090909090909, 0.0, 227, 11, 2, 0, 28, 33, 0.0, 0.09090909090909091, 10
0, 0, 0, 1.0, 109, 0.9909090909090909, 1.0, 1.0, 1, 6, 0.00909090909090909, 0.0, 61, 11, 2, 0, 7, 45, 0.0, 0.09090909090909091, 10
0, 0, 0, 0.45051026001572964, 49, 0.8909090909090909, 1.0, 1.0, 2, 15, 0.01818181818181818, 0.0, 354, 13, 2, 0, 48, 69, 0.0, 0.07692307692307693, 10
0, 0, 0, 1.0, 109, 0.9909090909090909, 1.0, 1.0, 1, 6, 0.00909090909090909, 0.0, 270, 5, 0, 0, 2, 79, 0.2, 0.0, 9
0, 0, 0, 0.673008174646679, 67, 3.6545454545454543, 1.0, 1.0, 2, 6, 0.05454545454545454, 0.0, 84, 53, 0, 0, 2, 130, 0.0, 0.1509433962264151, 9
0, 0, 0, 1.0, 109, 0.9909090909090909, 1.0, 1.0, 1, 6, 0.00909090909090909, 0.0, 330, 43, 0, 0, 2, 103, 0.023255813953488372, 0.11627906976744186, 9
0, 0, 0, 1.0, 109, 0.9909090909090909, 1.0, 1.0, 1, 6, 0.00909090909090909, 0.0, 272, 5, 0, 0, 2, 40, 0.0, 0.0, 9
0, 0, 1, 0.9998162491956434, 107, 1.9454545454545453, 0.03636363636363636, 1.0, 1, 6, 0.01818181818181818, 0.1, 341, 37, 1, 0, 44, 125, 0.0, 0.10810810810810811, 9
0, 0, 0, 0.999655377868872, 105, 1.909090909090909, 1.0, 1.0, 1, 6, 0.01818181818181818, 0.0, 344, 15, 1, 0, 32, 62, 0.0, 0.2, 9
0, 0, 0, 1.0, 109, 0.9909090909090909, 1.0, 1.0, 1, 6, 0.00909090909090909, 0.0, 340, 5, 0, 0, 2, 39, 0.0, 0.0, 9
0, 0, 1, 0.9998162491956434, 107, 1.9454545454545453, 0.03636363636363636, 1.0, 1, 6, 0.01818181818181818, 0.1, 345, 27, 1, 0, 44, 125, 0.037037037037037035, 0.1111111111111111, 9
0, 0, 1, 0.6855837841702614, 70, 1.909090909090909, 0.35454545454545455, 1.0, 1, 6, 0.02727272727272727, 0.05, 84, 17, 0, 0, 2, 102, 0.0, 0.11764705882352941, 9
0, 0, 0, 1.0, 109, 0.9909090909090909, 1.0, 1.0, 1, 6, 0.00909090909090909, 0.0, 273, 45, 0, 0, 2, 103, 0.0, 0.15555555555555556, 9
0, 0, 0, 1.0, 109, 0.9909090909090909, 1.0, 1.0, 1, 6, 0.00909090909090909, 0.0, 342, 5, 1, 0, 45, 25, 0.0, 0.0, 9
0, 0, 0, 1.0, 109, 0.9909090909090909, 1.0, 1.0, 1, 6, 0.00909090909090909, 0.0, 213, 17, 0, 0, 2, 84, 0.0, 0.23529411764705882, 9
0, 0, 0, 0.4510717605281346, 51, 4.636363636363637, 1.0, 1.0, 2, 6, 0.09090909090909091, 0.0, 343, 37, 0, 0, 2, 93, 0.0, 0.16216216216216217, 9
0, 0, 0, 0.4510717605281346, 51, 3.709090909090909, 1.0, 1.0, 2, 6, 0.07272727272727272, 0.0, 269, 73, 1, 0, 32, 121, 0.0, 0.1780821917808219, 9
0, 0, 0, 1.0, 109, 0.9909090909090909, 1.0, 1.0, 1, 6, 0.00909090909090909, 0.0, 410, 21, 0, 0, 2, 114, 0.047619047619047616, 0.09523809523809523, 12
0, 0, 0, 1.0, 109, 0.9909090909090909, 1.0, 1.0, 1, 6, 0.00909090909090909, 0.0, 86, 5, 1, 0, 1, 98, 0.0, 0.0, 12
0, 0, 0, 1.0, 109, 0.9909090909090909, 1.0, 1.0, 1, 6, 0.00909090909090909, 0.0, 87, 5, 1, 0, 1, 68, 0.0, 0.0, 12
0, 0, 0, 1.0, 109, 0.9909090909090909, 1.0, 1.0, 1, 6, 0.00909090909090909, 0.0, 399, 45, 0, 0, 2, 99, 0.1111111111111111, 0.13333333333333333, 12
0, 0, 0, 0.4531278152482185, 54, 3.436363636363636, 1.0, 1.0, 2, 15, 0.06363636363636363, 0.0, 92, 335, 1, 0, 12, 128, 0.13432835820895522, 0.18507462686567164, 12
0, 0, 0, 1.0, 109, 0.9909090909090909, 1.0, 1.0, 1, 6, 0.00909090909090909, 0.0, 91, 77, 0, 0, 2, 85, 0.15584415584415584, 0.1038961038961039, 12
0, 0, 0, 1.0, 109, 0.9909090909090909, 1.0, 1.0, 1, 6, 0.00909090909090909, 0.0, 400, 19, 1, 0, 12, 116, 0.15789473684210525, 0.10526315789473684, 12
0, 0, 0, 1.0, 109, 0.9909090909090909, 1.0, 1.0, 1, 6, 0.00909090909090909, 0.0, 411, 5, 1, 0, 7, 63, 0.0, 0.0, 12
0, 0, 0, 1.0, 109, 0.9909090909090909, 1.0, 1.0, 1, 6, 0.00909090909090909, 0.0, 402, 13, 2, 0, 56, 65, 0.07692307692307693, 0.07692307692307693, 12
0, 0, 0, 1.0, 109, 0.9909090909090909, 1.0, 1.0, 1, 6, 0.00909090909090909, 0.0, 401, 5, 1, 0, 53, 74, 0.0, 0.0, 12
0, 0, 0, 1.0, 109, 0.9909090909090909, 1.0, 1.0, 1, 6, 0.00909090909090909, 0.0, 404, 15, 2, 0, 56, 63, 0.06666666666666667, 0.06666666666666667, 12
0, 0, 0, 1.0, 109, 0.9909090909090909, 1.0, 1.0, 1, 6, 0.00909090909090909, 0.0, 403, 5, 1, 0, 53, 76, 0.0, 0.0, 12
0, 0, 0, 1.0, 109, 0.9909090909090909, 1.0, 1.0, 1, 6, 0.00909090909090909, 0.0, 88, 35, 3, 0, 56, 152, 0.05714285714285714, 0.08571428571428572, 13
0, 0, 0, 1.0, 109, 0.9909090909090909, 1.0, 1.0, 1, 6, 0.00909090909090909, 0.0, 409, 39, 0, 0, 2, 121, 0.0, 0.05128205128205128, 13
0, 0, 0, 1.0, 109, 0.9909090909090909, 1.0, 1.0, 1, 6, 0.00909090909090909, 0.0, 160, 5, 1, 0, 7, 34, 0.0, 0.0, 2
0, 0, 0, 1.0, 109, 0.9909090909090909, 1.0, 1.0, 1, 6, 0.00909090909090909, 0.0, 157, 5, 1, 0, 7, 32, 0.0, 0.0, 2
0, 0, 0, 1.0, 109, 0.9909090909090909, 1.0, 1.0, 1, 6, 0.00909090909090909, 0.0, 163, 5, 1, 0, 7, 32, 0.0, 0.0, 2
0, 0, 0, 1.0, 109, 0.9909090909090909, 1.0, 1.0, 1, 6, 0.00909090909090909, 0.0, 158, 5, 1, 0, 7, 32, 0.0, 0.0, 2
0, 0, 0, 1.0, 109, 0.9909090909090909, 1.0, 1.0, 1, 6, 0.00909090909090909, 0.0, 162, 5, 1, 0, 7, 32, 0.0, 0.0, 2
0, 0, 0, 1.0, 109, 0.9909090909090909, 1.0, 1.0, 1, 6, 0.00909090909090909, 0.0, 165, 5, 1, 0, 7, 46, 0.0, 0.0, 2
0, 0, 0, 1.0, 109, 0.9909090909090909, 1.0, 1.0, 1, 6, 0.00909090909090909, 0.0, 155, 5, 1, 0, 7, 46, 0.0, 0.0, 2
0, 0, 0, 1.0, 109, 0.9909090909090909, 1.0, 1.0, 1, 6, 0.00909090909090909, 0.0, 154, 5, 1, 0, 7, 46, 0.0, 0.0, 2
0, 0, 0, 1.0, 109, 0.9909090909090909, 1.0, 1.0, 1, 6, 0.00909090909090909, 0.0, 161, 5, 1, 0, 7, 32, 0.0, 0.0, 2
0, 0, 0, 1.0, 109, 0.9909090909090909, 1.0, 1.0, 1, 6, 0.00909090909090909, 0.0, 159, 5, 1, 0, 7, 46, 0.0, 0.0, 2
0, 0, 0, 1.0, 109, 0.9909090909090909, 1.0, 1.0, 1, 6, 0.00909090909090909, 0.0, 156, 5, 1, 0, 6, 44, 0.0, 0.0, 2
0, 0, 0, 1.0, 109, 0.9909090909090909, 1.0, 1.0, 1, 6, 0.00909090909090909, 0.0, 164, 5, 1, 0, 7, 46, 0.0, 0.0, 2
0, 0, 0, 1.0, 109, 0.9909090909090909, 1.0, 1.0, 1, 6, 0.00909090909090909, 0.0, 158, 5, 1, 0, 7, 31, 0.2, 0.0, 2
0, 0, 0, 1.0, 109, 0.9909090909090909, 1.0, 1.0, 1, 6, 0.00909090909090909, 0.0, 156, 5, 1, 0, 6, 42, 0.0, 0.0, 2
0, 0, 0, 1.0, 109, 0.9909090909090909, 1.0, 1.0, 1, 6, 0.00909090909090909, 0.0, 162, 5, 1, 0, 7, 31, 0.2, 0.0, 2
0, 0, 0, 1.0, 109, 0.9909090909090909, 1.0, 1.0, 1, 6, 0.00909090909090909, 0.0, 160, 5, 1, 0, 7, 33, 0.2, 0.0, 2
0, 0, 0, 1.0, 109, 0.9909090909090909, 1.0, 1.0, 1, 6, 0.00909090909090909, 0.0, 163, 5, 1, 0, 7, 31, 0.2, 0.0, 2
0, 0, 0, 1.0, 109, 0.9909090909090909, 1.0, 1.0, 1, 6, 0.00909090909090909, 0.0, 165, 5, 1, 0, 7, 45, 0.2, 0.0, 2
0, 0, 0, 1.0, 109, 0.9909090909090909, 1.0, 1.0, 1, 6, 0.00909090909090909, 0.0, 164, 5, 1, 0, 7, 45, 0.2, 0.0, 2
0, 0, 0, 1.0, 109, 0.9909090909090909, 1.0, 1.0, 1, 6, 0.00909090909090909, 0.0, 159, 5, 1, 0, 7, 45, 0.2, 0.0, 2
0, 0, 0, 1.0, 109, 0.9909090909090909, 1.0, 1.0, 1, 6, 0.00909090909090909, 0.0, 157, 5, 1, 0, 7, 31, 0.2, 0.0, 2
0, 0, 0, 1.0, 109, 0.9909090909090909, 1.0, 1.0, 1, 6, 0.00909090909090909, 0.0, 155, 5, 1, 0, 7, 45, 0.2, 0.0, 2
0, 0, 0, 1.0, 109, 0.9909090909090909, 1.0, 1.0, 1, 6, 0.00909090909090909, 0.0, 161, 5, 1, 0, 7, 31, 0.2, 0.0, 2
0, 0, 0, 1.0, 109, 0.9909090909090909, 1.0, 1.0, 1, 6, 0.00909090909090909, 0.0, 154, 5, 1, 0, 7, 45, 0.2, 0.0, 2
0, 0, 0, 1.0, 109, 0.9909090909090909, 1.0, 1.0, 1, 6, 0.00909090909090909, 0.0, 414, 13, 0, 0, 2, 71, 0.0, 0.07692307692307693, 14
0, 0, 0, 1.0, 109, 0.9909090909090909, 1.0, 1.0, 1, 6, 0.00909090909090909, 0.0, 365, 19, 2, 0, 4, 112, 0.0, 0.0, 14
0, 0, 0, 0.23865726065921494, 22, 0.7999999999999999, 1.0, 0.9999999892426334, 2, 6, 0.03636363636363636, 0.0, 440, 15, 2, 0, 59, 87, 0.0, 0.0, 15
0, 0, 0, 1.0, 109, 0.9909090909090909, 1.0, 1.0, 1, 6, 0.00909090909090909, 0.0, 440, 1, 0, 0, 59, 53, 0.0, 0.0, 15
0, 0, 0, 0.23865726065921494, 22, 1.0, 1.0, 0.9999999577135052, 2, 6, 0.045454545454545456, 0.0, 292, 61, 2, 0, 35, 112, 0.0, 0.09836065573770492, 15
0, 0, 0, 0.23865726065921494, 22, 0.7999999999999999, 1.0, 0.9999999933635376, 2, 6, 0.03636363636363636, 0.0, 440, 15, 2, 0, 59, 68, 0.0, 0.0, 15
0, 0, 0, 1.0, 109, 0.9909090909090909, 1.0, 1.0, 1, 6, 0.00909090909090909, 0.0, 440, 5, 1, 0, 59, 62, 0.0, 0.0, 15
0, 0, 0, 1.0, 109, 0.9909090909090909, 1.0, 1.0, 1, 6, 0.00909090909090909, 0.0, 421, 49, 4, 0, 47, 287, 0.0, 0.061224489795918366, 3
0, 0, 0, 0.9987058795490836, 101, 1.8363636363636362, 1.0, 1.0, 2, 15, 0.01818181818181818, 0.0, 291, 23, 0, 0, 2, 106, 0.0, 0.13043478260869565, 3
0, 1, 0, 0.021487166043042016, 2, 0.03636363636363636, 1.0, 0.9829343971631206, 2, 15, 0.01818181818181818, 0.05, 167, 27, 1, 0, 6, 94, 0.037037037037037035, 0.14814814814814814, 3
0, 0, 0, 0.9981837031387784, 99, 1.7999999999999998, 1.0, 1.0, 2, 15, 0.01818181818181818, 0.0, 421, 5, 1, 0, 47, 82, 0.0, 0.0, 3
0, 1, 0, 0.0, 0, 0.0, 3.0, 0.6482834157193395, 4, 6, 2.0090909090909093, 0.7, 231, 5, 1, 0, 6, 59, 0.0, 0.0, 3
0, 0, 0, 1.0, 109, 0.9909090909090909, 1.0, 1.0, 1, 6, 0.00909090909090909, 0.0, 291, 97, 0, 0, 2, 153, 0.0, 0.10309278350515463, 3
0, 0, 0, 1.0, 109, 0.9909090909090909, 1.0, 1.0, 1, 6, 0.00909090909090909, 0.0, 169, 5, 1, 0, 1, 75, 0.0, 0.0, 3
0, 0, 0, 1.0, 109, 0.9909090909090909, 1.0, 1.0, 1, 6, 0.00909090909090909, 0.0, 281, 7, 0, 0, 2, 73, 0.0, 0.2857142857142857, 3
0, 1, 0, 0.021487166043042016, 2, 0.03636363636363636, 1.0, 0.9902031930333817, 2, 15, 0.01818181818181818, 0.05, 168, 33, 1, 0, 15, 91, 0.030303030303030304, 0.09090909090909091, 3
0, 0, 0, 1.0, 109, 0.9909090909090909, 1.0, 1.0, 1, 6, 0.00909090909090909, 0.0, 421, 5, 1, 0, 47, 86, 0.0, 0.0, 3
0, 0, 0, 1.0, 109, 0.9909090909090909, 1.0, 1.0, 1, 6, 0.00909090909090909, 0.0, 291, 5, 0, 0, 2, 157, 0.0, 0.0, 3
0, 0, 0, 1.0, 109, 0.9909090909090909, 1.0, 1.0, 1, 6, 0.00909090909090909, 0.0, 125, 63, 0, 0, 2, 126, 0.0, 0.1111111111111111, 3
0, 0, 0, 1.0, 109, 0.9909090909090909, 1.0, 1.0, 1, 6, 0.00909090909090909, 0.0, 3, 15, 2, 0, 1, 118, 0.13333333333333333, 0.06666666666666667, 3
0, 0, 0, 1.0, 109, 0.9909090909090909, 1.0, 1.0, 1, 6, 0.00909090909090909, 0.0, 406, 41, 0, 0, 2, 94, 0.0, 0.04878048780487805, 3
0, 0, 0, 1.0, 109, 0.9909090909090909, 1.0, 1.0, 1, 6, 0.00909090909090909, 0.0, 405, 11, 0, 0, 2, 75, 0.0, 0.09090909090909091, 3
0, 0, 0, 1.0, 109, 0.9909090909090909, 1.0, 1.0, 1, 6, 0.00909090909090909, 0.0, 407, 19, 0, 0, 2, 113, 0.0, 0.05263157894736842, 3
0, 0, 0, 1.0, 109, 0.9909090909090909, 1.0, 1.0, 1, 6, 0.00909090909090909, 0.0, 352, 87, 0, 0, 2, 184, 0.011494252873563218, 0.11494252873563218, 3
0, 0, 0, 0.9987225625014895, 102, 1.8545454545454545, 1.0, 1.0, 2, 15, 0.01818181818181818, 0.0, 422, 29, 1, 0, 46, 142, 0.0, 0.10344827586206896, 3
0, 1, 0, 0.07878953263900475, 10, 0.6363636363636362, 1.0, 0.9999931511605621, 2, 6, 0.06363636363636363, 0.2, 364, 21, 0, 0, 2, 159, 0.0, 0.047619047619047616, 3
0, 0, 0, 1.0, 109, 0.9909090909090909, 1.0, 1.0, 1, 6, 0.00909090909090909, 0.0, 417, 5, 0, 0, 2, 63, 0.2, 0.0, 4
0, 0, 0, 0.7564479611048881, 75, 1.3636363636363635, 1.0, 1.0, 1, 6, 0.01818181818181818, 0.0, 416, 35, 0, 0, 2, 106, 0.02857142857142857, 0.08571428571428572, 4
0, 0, 1, 1.0, 109, 0.9909090909090909, 0.3090909090909091, 1.0, 1, 6, 0.00909090909090909, 0.0, 415, 21, 2, 0, 1, 89, 0.0, 0.14285714285714285, 4
0, 0, 0, 1.0, 109, 0.9909090909090909, 1.0, 1.0, 1, 6, 0.00909090909090909, 0.0, 412, 9, 1, 0, 7, 95, 0.1111111111111111, 0.2222222222222222, 4
0, 0, 0, 1.0, 109, 0.9909090909090909, 1.0, 1.0, 1, 6, 0.00909090909090909, 0.0, 413, 29, 0, 0, 2, 95, 0.10344827586206896, 0.1724137931034483, 4
0, 0, 0, 1.0, 109, 0.9909090909090909, 1.0, 1.0, 1, 6, 0.00909090909090909, 0.0, 446, 7, 1, 0, 1, 26, 0.0, 0.0, 4
0, 0, 0, 1.0, 109, 0.9909090909090909, 1.0, 1.0, 1, 6, 0.00909090909090909, 0.0, 172, 31, 1, 0, 1, 74, 0.0967741935483871, 0.1935483870967742, 4
0, 0, 0, 1.0, 109, 0.9909090909090909, 1.0, 1.0, 1, 6, 0.00909090909090909, 0.0, 175, 5, 0, 0, 2, 25, 0.0, 0.0, 4
0, 0, 0, 1.0, 109, 0.9909090909090909, 1.0, 1.0, 1, 6, 0.00909090909090909, 0.0, 447, 5, 1, 0, 1, 23, 0.0, 0.0, 4
0, 0, 0, 1.0, 109, 0.9909090909090909, 1.0, 1.0, 1, 6, 0.00909090909090909, 0.0, 448, 5, 1, 0, 1, 25, 0.0, 0.0, 4
0, 0, 0, 1.0, 109, 0.9909090909090909, 1.0, 1.0, 1, 6, 0.00909090909090909, 0.0, 170, 13, 1, 0, 6, 58, 0.0, 0.07692307692307693, 4
0, 0, 0, 1.0, 109, 0.9909090909090909, 1.0, 1.0, 1, 6, 0.00909090909090909, 0.0, 449, 5, 0, 0, 2, 17, 0.0, 0.0, 4
0, 0, 0, 1.0, 109, 0.9909090909090909, 1.0, 1.0, 1, 6, 0.00909090909090909, 0.0, 176, 23, 2, 0, 1, 67, 0.08695652173913043, 0.08695652173913043, 4
0, 0, 0, 1.0, 109, 0.9909090909090909, 1.0, 1.0, 1, 6, 0.00909090909090909, 0.0, 174, 11, 0, 0, 2, 37, 0.0, 0.0, 4
0, 0, 0, 1.0, 109, 0.9909090909090909, 1.0, 1.0, 1, 6, 0.00909090909090909, 0.0, 171, 11, 1, 0, 1, 34, 0.0, 0.0, 4
0, 0, 0, 1.0, 109, 0.9909090909090909, 1.0, 1.0, 1, 6, 0.00909090909090909, 0.0, 173, 7, 0, 0, 2, 51, 0.0, 0.0, 4
0, 0, 0, 1.0, 109, 0.9909090909090909, 1.0, 1.0, 1, 6, 0.00909090909090909, 0.0, 189, 5, 0, 0, 2, 52, 0.0, 0.2, 4
0, 0, 0, 1.0, 109, 0.9909090909090909, 1.0, 1.0, 1, 6, 0.00909090909090909, 0.0, 187, 5, 0, 0, 2, 40, 0.0, 0.2, 4
0, 0, 0, 0.23865726065921494, 22, 1.0, 1.0, 0.9999999999182833, 2, 6, 0.045454545454545456, 0.0, 232, 31, 1, 0, 6, 98, 0.0967741935483871, 0.16129032258064516, 4
0, 1, 0, 0.09234586143616387, 11, 1.4, 1.0, 0.9999943044366563, 3, 6, 0.12727272727272726, 0.15, 294, 175, 0, 0, 2, 169, 0.08, 0.13142857142857142, 4
0, 0, 0, 1.0, 109, 0.9909090909090909, 1.0, 1.0, 1, 6, 0.00909090909090909, 0.0, 190, 5, 0, 0, 2, 44, 0.0, 0.2, 4
0, 0, 0, 1.0, 109, 0.9909090909090909, 1.0, 1.0, 1, 6, 0.00909090909090909, 0.0, 275, 5, 0, 0, 2, 57, 0.0, 0.2, 4
0, 0, 0, 1.0, 109, 0.9909090909090909, 1.0, 1.0, 1, 6, 0.00909090909090909, 0.0, 184, 5, 0, 0, 2, 46, 0.0, 0.2, 4
0, 0, 0, 1.0, 109, 0.9909090909090909, 1.0, 1.0, 1, 6, 0.00909090909090909, 0.0, 197, 35, 3, 0, 6, 108, 0.0, 0.05714285714285714, 4
0, 0, 0, 1.0, 109, 0.9909090909090909, 1.0, 1.0, 1, 6, 0.00909090909090909, 0.0, 196, 17, 0, 0, 2, 76, 0.0, 0.11764705882352941, 4
0, 0, 0, 1.0, 109, 0.9909090909090909, 1.0, 1.0, 1, 6, 0.00909090909090909, 0.0, 195, 19, 1, 0, 6, 77, 0.0, 0.10526315789473684, 4
0, 0, 0, 1.0, 109, 0.9909090909090909, 1.0, 1.0, 1, 6, 0.00909090909090909, 0.0, 224, 31, 4, 0, 27, 124, 0.3548387096774194, 0.03225806451612903, 4
0, 0, 0, 1.0, 109, 0.9909090909090909, 1.0, 1.0, 1, 6, 0.00909090909090909, 0.0, 226, 71, 0, 0, 2, 113, 0.07042253521126761, 0.15492957746478872, 4
0, 0, 0, 1.0, 109, 0.9909090909090909, 1.0, 1.0, 1, 6, 0.00909090909090909, 0.0, 267, 37, 0, 0, 2, 112, 0.10810810810810811, 0.1891891891891892, 4
0, 0, 0, 0.4531278152482185, 54, 3.436363636363636, 1.0, 1.0, 2, 15, 0.06363636363636363, 0.0, 223, 63, 1, 0, 26, 168, 0.031746031746031744, 0.1111111111111111, 4
0, 0, 0, 1.0, 109, 0.9909090909090909, 1.0, 1.0, 1, 6, 0.00909090909090909, 0.0, 201, 27, 3, 0, 1, 129, 0.0, 0.037037037037037035, 4
0, 0, 0, 1.0, 109, 0.9909090909090909, 1.0, 1.0, 1, 6, 0.00909090909090909, 0.0, 202, 33, 4, 0, 22, 129, 0.030303030303030304, 0.030303030303030304, 4
0, 0, 0, 1.0, 109, 0.9909090909090909, 1.0, 1.0, 1, 6, 0.00909090909090909, 0.0, 339, 7, 1, 0, 6, 117, 0.0, 0.14285714285714285, 4
0, 0, 0, 1.0, 109, 0.9909090909090909, 1.0, 1.0, 1, 6, 0.00909090909090909, 0.0, 207, 17, 2, 0, 6, 112, 0.0, 0.058823529411764705, 4
0, 0, 0, 1.0, 109, 0.9909090909090909, 1.0, 1.0, 1, 6, 0.00909090909090909, 0.0, 249, 43, 1, 0, 6, 119, 0.0, 0.16279069767441862, 4
0, 0, 0, 1.0, 109, 0.9909090909090909, 1.0, 1.0, 1, 6, 0.00909090909090909, 0.0, 206, 17, 2, 0, 6, 104, 0.0, 0.11764705882352941, 4
0, 0, 0, 1.0, 109, 0.9909090909090909, 1.0, 1.0, 1, 6, 0.00909090909090909, 0.0, 204, 33, 1, 0, 23, 75, 0.030303030303030304, 0.21212121212121213, 4
0, 0, 0, 1.0, 109, 0.9909090909090909, 1.0, 1.0, 1, 6, 0.00909090909090909, 0.0, 203, 31, 1, 0, 23, 75, 0.03225806451612903, 0.22580645161290322, 4
0, 0, 0, 1.0, 109, 0.9909090909090909, 1.0, 1.0, 1, 6, 0.00909090909090909, 0.0, 441, 13, 0, 0, 2, 120, 0.15384615384615385, 0.15384615384615385, 4
0, 0, 0, 1.0, 109, 0.9909090909090909, 1.0, 1.0, 1, 6, 0.00909090909090909, 0.0, 160, 13, 1, 0, 7, 43, 0.07692307692307693, 0.07692307692307693, 5
0, 0, 0, 1.0, 109, 0.9909090909090909, 1.0, 1.0, 1, 6, 0.00909090909090909, 0.0, 162, 11, 1, 0, 7, 44, 0.09090909090909091, 0.09090909090909091, 5
0, 0, 0, 1.0, 109, 0.9909090909090909, 1.0, 1.0, 1, 6, 0.00909090909090909, 0.0, 164, 13, 1, 0, 7, 55, 0.07692307692307693, 0.07692307692307693, 5
0, 0, 0, 1.0, 109, 0.9909090909090909, 1.0, 1.0, 1, 6, 0.00909090909090909, 0.0, 155, 13, 1, 0, 7, 55, 0.07692307692307693, 0.07692307692307693, 5
0, 0, 0, 1.0, 109, 0.9909090909090909, 1.0, 1.0, 1, 6, 0.00909090909090909, 0.0, 159, 13, 1, 0, 7, 55, 0.07692307692307693, 0.07692307692307693, 5
0, 0, 0, 1.0, 109, 0.9909090909090909, 1.0, 1.0, 1, 6, 0.00909090909090909, 0.0, 163, 11, 1, 0, 7, 44, 0.09090909090909091, 0.09090909090909091, 5
0, 0, 0, 1.0, 109, 0.9909090909090909, 1.0, 1.0, 1, 6, 0.00909090909090909, 0.0, 156, 31, 1, 0, 6, 75, 0.0, 0.1935483870967742, 5
0, 0, 0, 1.0, 109, 0.9909090909090909, 1.0, 1.0, 1, 6, 0.00909090909090909, 0.0, 165, 13, 1, 0, 7, 55, 0.07692307692307693, 0.07692307692307693, 5
0, 0, 0, 1.0, 109, 0.9909090909090909, 1.0, 1.0, 1, 6, 0.00909090909090909, 0.0, 161, 11, 1, 0, 7, 44, 0.09090909090909091, 0.09090909090909091, 5
0, 0, 0, 1.0, 109, 0.9909090909090909, 1.0, 1.0, 1, 6, 0.00909090909090909, 0.0, 154, 13, 1, 0, 7, 55, 0.07692307692307693, 0.07692307692307693, 5
0, 0, 0, 1.0, 109, 0.9909090909090909, 1.0, 1.0, 1, 6, 0.00909090909090909, 0.0, 210, 5, 0, 0, 2, 34, 0.0, 0.2, 5
0, 0, 0, 1.0, 109, 0.9909090909090909, 1.0, 1.0, 1, 6, 0.00909090909090909, 0.0, 157, 11, 1, 0, 7, 44, 0.09090909090909091, 0.09090909090909091, 5
0, 0, 0, 1.0, 109, 0.9909090909090909, 1.0, 1.0, 1, 6, 0.00909090909090909, 0.0, 158, 11, 1, 0, 7, 44, 0.09090909090909091, 0.09090909090909091, 5
0, 0, 0, 0.9998162491956434, 107, 0.9907407407407407, 0.9818181818181818, 1.0, 1, 6, 0.009259259259259259, 0.0, 443, 33, 0, 0, 2, 139, 0.0, 0.030303030303030304, 11
1, 0, 1, 0.21169498796444147, 12, 0.3333333333333333, 0.8363636363636363, 0.9998741149902344, 2, 6, 0.027777777777777776, 0.1, 442, 17, 2, 0, 60, 98, 0.11764705882352941, 0.11764705882352941, 10
0, 0, 0, 0.6732019352224791, 68, 2.5660377358490565, 0.9636363636363636, 1.0, 2, 6, 0.03773584905660377, 0.0, 5, 5, 1, 0, 0, 31, 0.0, 0.0, 9
0, 0, 0, 0.6732019352224791, 68, 2.5660377358490565, 0.9636363636363636, 1.0, 2, 6, 0.03773584905660377, 0.0, 383, 5, 1, 0, 51, 26, 0.0, 0.0, 9
0, 0, 0, 0.999655377868872, 105, 0.9905660377358491, 0.9636363636363636, 1.0, 1, 6, 0.009433962264150943, 0.0, 452, 25, 1, 0, 44, 108, 0.0, 0.12, 9
0, 0, 0, 0.999655377868872, 105, 0.9905660377358491, 0.9636363636363636, 1.0, 1, 6, 0.009433962264150943, 0.0, 450, 17, 2, 0, 32, 73, 0.0, 0.17647058823529413, 9
0, 0, 0, 0.999655377868872, 105, 0.9905660377358491, 0.9636363636363636, 1.0, 1, 6, 0.009433962264150943, 0.0, 451, 15, 1, 0, 44, 64, 0.06666666666666667, 0.13333333333333333, 9
0, 0, 0, 0.4510717605281346, 51, 2.8867924528301887, 0.9636363636363636, 1.0, 2, 6, 0.05660377358490566, 0.0, 453, 17, 2, 0, 32, 69, 0.0, 0.17647058823529413, 9
1, 0, 1, 0.21169498796444147, 12, 0.3564356435643564, 0.7727272727272727, 0.9998741149902344, 2, 6, 0.0297029702970297, 0.1, 454, 7, 1, 0, 0, 73, 0.0, 0.14285714285714285, 10
1, 0, 1, 0.21169498796444147, 12, 0.3564356435643564, 0.7727272727272727, 0.9998741149902344, 2, 6, 0.0297029702970297, 0.1, 455, 7, 1, 0, 0, 113, 0.0, 0.14285714285714285, 10
1, 0, 1, 0.21169498796444147, 12, 0.3564356435643564, 0.7727272727272727, 0.9998741149902344, 2, 6, 0.0297029702970297, 0.1, 456, 7, 1, 0, 0, 55, 0.0, 0.14285714285714285, 10
1, 0, 1, 0.21169498796444147, 12, 0.3564356435643564, 0.7727272727272727, 0.9998741149902344, 2, 6, 0.0297029702970297, 0.1, 457, 7, 1, 0, 0, 61, 0.0, 0.14285714285714285, 10
1, 0, 1, 0.21169498796444147, 12, 0.4752475247524752, 0.7727272727272727, 0.9998741149902344, 2, 6, 0.039603960396039604, 0.1, 458, 5, 1, 0, 0, 75, 0.0, 0.0, 10
1, 0, 1, 0.21169498796444147, 12, 0.3564356435643564, 0.7727272727272727, 0.9998741149902344, 2, 6, 0.0297029702970297, 0.1, 459, 7, 1, 0, 0, 69, 0.0, 0.14285714285714285, 10
1, 1, 1, 0.21169498796444147, 12, 0.5940594059405941, 0.7727272727272727, 0.9998732364829945, 3, 6, 0.04950495049504951, 0.2, 460, 7, 1, 0, 0, 85, 0.0, 0.14285714285714285, 10
1, 0, 1, 0.21169498796444147, 12, 0.3564356435643564, 0.7727272727272727, 0.9998741149902344, 2, 6, 0.0297029702970297, 0.1, 461, 7, 1, 0, 0, 81, 0.0, 0.14285714285714285, 10
1, 0, 1, 0.21169498796444147, 12, 0.3564356435643564, 0.7727272727272727, 0.9998741149902344, 2, 6, 0.0297029702970297, 0.1, 462, 7, 1, 0, 0, 77, 0.0, 0.14285714285714285, 10
1, 0, 1, 0.21169498796444147, 12, 0.3564356435643564, 0.7727272727272727, 0.9998741149902344, 2, 6, 0.0297029702970297, 0.1, 463, 7, 1, 0, 0, 63, 0.0, 0.14285714285714285, 10
1, 0, 1, 0.21169498796444147, 12, 0.3564356435643564, 0.7727272727272727, 0.9998741149902344, 2, 6, 0.0297029702970297, 0.1, 464, 7, 1, 0, 0, 115, 0.0, 0.14285714285714285, 10
0, 0, 0, 0.9982158774041326, 100, 0.9900990099009901, 0.9181818181818182, 1.0, 1, 15, 0.009900990099009901, 0.0, 462, 7, 1, 0, 57, 80, 0.0, 0.14285714285714285, 10
1, 0, 1, 0.23058271169474964, 16, 0.4752475247524752, 0.8090909090909091, 0.9999918937683105, 2, 14, 0.0297029702970297, 0.1, 460, 7, 1, 0, 57, 88, 0.0, 0.14285714285714285, 10
0, 0, 0, 0.9982158774041326, 100, 0.9900990099009901, 0.9181818181818182, 1.0, 1, 15, 0.009900990099009901, 0.0, 455, 7, 1, 0, 57, 116, 0.0, 0.14285714285714285, 10
0, 0, 0, 0.9982158774041326, 100, 0.9900990099009901, 0.9181818181818182, 1.0, 1, 15, 0.009900990099009901, 0.0, 464, 7, 1, 0, 57, 118, 0.0, 0.14285714285714285, 10
0, 0, 0, 0.9982158774041326, 100, 0.9900990099009901, 0.9181818181818182, 1.0, 1, 15, 0.009900990099009901, 0.0, 463, 7, 1, 0, 57, 66, 0.0, 0.14285714285714285, 10
0, 0, 0, 0.9982158774041326, 100, 0.9900990099009901, 0.9181818181818182, 1.0, 1, 15, 0.009900990099009901, 0.0, 461, 7, 1, 0, 57, 84, 0.0, 0.14285714285714285, 10
0, 0, 0, 0.9982158774041326, 100, 0.9900990099009901, 0.9181818181818182, 1.0, 1, 15, 0.009900990099009901, 0.0, 459, 7, 1, 0, 57, 72, 0.0, 0.14285714285714285, 10
0, 0, 0, 0.9982158774041326, 100, 0.9900990099009901, 0.9181818181818182, 1.0, 1, 15, 0.009900990099009901, 0.0, 456, 7, 1, 0, 57, 58, 0.0, 0.14285714285714285, 10
0, 0, 0, 0.9982158774041326, 100, 0.9900990099009901, 0.9181818181818182, 1.0, 1, 15, 0.009900990099009901, 0.0, 457, 7, 1, 0, 57, 64, 0.0, 0.14285714285714285, 10
0, 0, 0, 0.962131366333802, 96, 1.900990099009901, 0.9181818181818182, 1.0, 2, 6, 0.019801980198019802, 0.0, 458, 5, 1, 0, 57, 78, 0.0, 0.0, 10
0, 0, 0, 0.9982158774041326, 100, 0.9900990099009901, 0.9181818181818182, 1.0, 1, 15, 0.009900990099009901, 0.0, 454, 7, 1, 0, 57, 76, 0.0, 0.14285714285714285, 10
0, 0, 0, 0.7564479611048881, 75, 0.9868421052631579, 0.6909090909090909, 1.0, 1, 6, 0.013157894736842105, 0.0, 465, 15, 0, 0, 2, 91, 0.0, 0.06666666666666667, 11
0, 0, 0, 0.7564479611048881, 75, 0.9868421052631579, 0.6909090909090909, 1.0, 1, 6, 0.013157894736842105, 0.0, 466, 17, 2, 0, 1, 89, 0.0, 0.058823529411764705, 4
0, 0, 0, 0.6732019352224791, 68, 1.8630136986301369, 0.6454545454545455, 1.0, 2, 6, 0.0273972602739726, 0.0, 467, 3, 0, 0, 2, 48, 0.0, 0.0, 9
0, 0, 0, 0.31590886341428537, 30, 1.2328767123287672, 0.6454545454545455, 0.9999999999042676, 2, 15, 0.0410958904109589, 0.0, 467, 17, 0, 0, 2, 102, 0.0, 0.23529411764705882, 9
0, 0, 1, 0.4716756834052289, 60, 0.9836065573770493, 0.00909090909090909, 1.0, 1, 15, 0.01639344262295082, 0.05, 468, 5, 1, 0, 6, 70, 0.0, 0.0, 1
0, 0, 1, 0.4716756834052289, 60, 0.9836065573770493, 0.00909090909090909, 1.0, 1, 15, 0.01639344262295082, 0.05, 469, 31, 1, 0, 6, 118, 0.0, 0.16129032258064516, 1
0, 0, 1, 0.4716756834052289, 60, 0.9836065573770493, 0.00909090909090909, 1.0, 1, 15, 0.01639344262295082, 0.05, 470, 5, 1, 0, 1, 25, 0.0, 0.0, 1
0, 0, 1, 0.4716756834052289, 60, 0.9836065573770493, 0.00909090909090909, 1.0, 1, 15, 0.01639344262295082, 0.05, 471, 5, 1, 0, 6, 96, 0.0, 0.0, 1
0, 0, 1, 0.4716756834052289, 60, 0.9836065573770493, 0.00909090909090909, 1.0, 1, 15, 0.01639344262295082, 0.05, 472, 17, 0, 0, 2, 88, 0.0, 0.0, 1
0, 0, 1, 0.4716756834052289, 60, 0.9836065573770493, 0.00909090909090909, 1.0, 1, 15, 0.01639344262295082, 0.05, 473, 5, 1, 0, 6, 81, 0.0, 0.0, 1
0, 0, 0, 0.4531278152482185, 54, 2.6557377049180326, 0.5272727272727272, 1.0, 2, 15, 0.04918032786885246, 0.0, 474, 37, 2, 0, 59, 94, 0.02702702702702703, 0.08108108108108109, 1
0, 0, 0, 0.4531278152482185, 54, 2.7, 0.5181818181818182, 1.0, 2, 15, 0.05, 0.0, 471, 5, 1, 0, 6, 96, 0.0, 0.0, 4
0, 0, 0, 0.4531278152482185, 54, 2.7, 0.5181818181818182, 1.0, 2, 15, 0.05, 0.0, 468, 5, 1, 0, 6, 70, 0.0, 0.0, 4
0, 0, 0, 0.4531278152482185, 54, 2.7, 0.5181818181818182, 1.0, 2, 15, 0.05, 0.0, 472, 17, 0, 0, 2, 88, 0.0, 0.0, 4
0, 0, 0, 0.4531278152482185, 54, 2.7, 0.5181818181818182, 1.0, 2, 15, 0.05, 0.0, 470, 5, 1, 0, 1, 25, 0.0, 0.0, 4
0, 0, 0, 0.4531278152482185, 54, 2.7, 0.5181818181818182, 1.0, 2, 15, 0.05, 0.0, 469, 31, 1, 0, 6, 118, 0.0, 0.16129032258064516, 4
0, 0, 0, 0.4531278152482185, 54, 2.7, 0.5181818181818182, 1.0, 2, 15, 0.05, 0.0, 473, 5, 1, 0, 6, 81, 0.0, 0.0, 4
0, 0, 0, 0.453127576920327, 53, 1.9272727272727272, 0.5, 1.0, 1, 15, 0.03636363636363636, 0.0, 475, 11, 1, 0, 1, 112, 0.0, 0.2727272727272727, 0
0, 0, 0, 0.4350639910388713, 41, 1.4909090909090907, 0.5, 0.9999999999999647, 2, 16, 0.03636363636363636, 0.0, 476, 13, 2, 0, 6, 93, 0.0, 0.0, 0
0, 0, 0, 0.45050716175314, 48, 0.9795918367346939, 0.44545454545454544, 0.9999999999999982, 1, 15, 0.02040816326530612, 0.0, 477, 7, 1, 0, 57, 81, 0.0, 0.0, 10
0, 0, 0, 0.44959079101027194, 43, 2.6875, 0.43636363636363634, 0.9999999999999934, 2, 6, 0.0625, 0.0, 478, 45, 1, 0, 65, 90, 0.0, 0.044444444444444446, 10
0, 0, 0, 0.23865726065921494, 22, 1.1, 0.24545454545454545, 0.999999880789801, 2, 6, 0.05, 0.0, 479, 5, 1, 0, 66, 57, 0.0, 0.0, 10
0, 0, 0, 0.23865726065921494, 22, 1.1, 0.24545454545454545, 0.999999880789801, 2, 6, 0.05, 0.0, 480, 7, 1, 0, 57, 100, 0.0, 0.14285714285714285, 10
0, 0, 0, 0.23865726065921494, 22, 1.65, 0.24545454545454545, 0.9999998807886042, 2, 6, 0.075, 0.0, 479, 11, 2, 0, 66, 57, 0.0, 0.09090909090909091, 10
0, 0, 1, 0.35428918706356205, 39, 0.9750000000000001, 0.01818181818181818, 0.9999999999990905, 1, 15, 0.025, 0.05, 481, 25, 2, 0, 35, 96, 0.0, 0.08, 4
0, 0, 0, 0.23865726065921494, 22, 1.1578947368421053, 0.22727272727272727, 0.9999998807870725, 2, 6, 0.05263157894736842, 0.0, 482, 5, 1, 0, 7, 30, 0.0, 0.0, 10
0, 0, 0, 0.23865726065921494, 22, 1.1578947368421053, 0.22727272727272727, 0.9999998807870725, 2, 6, 0.05263157894736842, 0.0, 483, 5, 1, 0, 6, 31, 0.0, 0.0, 10
0, 0, 0, 0.23865726065921494, 22, 1.1578947368421053, 0.22727272727272727, 0.9999998807870725, 2, 6, 0.05263157894736842, 0.0, 484, 5, 1, 0, 6, 31, 0.0, 0.0, 10
0, 0, 0, 0.23865726065921494, 22, 1.1578947368421053, 0.22727272727272727, 0.9999998807870725, 2, 6, 0.05263157894736842, 0.0, 483, 11, 2, 0, 6, 36, 0.0, 0.09090909090909091, 10
0, 0, 0, 0.23865726065921494, 22, 1.1578947368421053, 0.22727272727272727, 0.9999998807870725, 2, 6, 0.05263157894736842, 0.0, 485, 7, 1, 0, 57, 63, 0.0, 0.14285714285714285, 10
0, 0, 0, 0.23865726065921494, 22, 1.1578947368421053, 0.22727272727272727, 0.9999998807870725, 2, 6, 0.05263157894736842, 0.0, 486, 7, 1, 0, 57, 64, 0.0, 0.14285714285714285, 10
0, 0, 0, 0.23865726065921494, 22, 1.1578947368421053, 0.22727272727272727, 0.9999998807870725, 2, 6, 0.05263157894736842, 0.0, 487, 7, 1, 0, 57, 70, 0.0, 0.14285714285714285, 10
0, 0, 0, 0.23865726065921494, 22, 1.1578947368421053, 0.22727272727272727, 0.9999998807870725, 2, 6, 0.05263157894736842, 0.0, 482, 11, 2, 0, 7, 35, 0.0, 0.09090909090909091, 10
0, 0, 0, 0.23865726065921494, 22, 1.1578947368421053, 0.22727272727272727, 0.9999998807870725, 2, 6, 0.05263157894736842, 0.0, 484, 11, 2, 0, 6, 40, 0.0, 0.09090909090909091, 10
0, 0, 0, 0.23865726065921494, 22, 1.1578947368421053, 0.22727272727272727, 0.9999998807870725, 2, 6, 0.05263157894736842, 0.0, 481, 53, 1, 0, 35, 139, 0.0, 0.18867924528301888, 15
0, 0, 0, 0.23865726065921494, 22, 1.1578947368421053, 0.22727272727272727, 0.9999998807870725, 2, 6, 0.05263157894736842, 0.0, 292, 5, 1, 0, 35, 43, 0.0, 0.0, 15
0, 0, 0, 0.23865726065921494, 22, 1.1891891891891893, 0.21818181818181817, 0.9999998807834345, 2, 6, 0.05405405405405406, 0.0, 488, 5, 1, 0, 67, 22, 0.0, 0.0, 15
0, 0, 0, 0.23865726065921494, 22, 1.1891891891891893, 0.21818181818181817, 0.9999998807834345, 2, 6, 0.05405405405405406, 0.0, 489, 5, 1, 0, 6, 41, 0.0, 0.0, 15
0, 0, 0, 0.23865726065921494, 22, 1.1891891891891893, 0.21818181818181817, 0.9999998807834345, 2, 6, 0.05405405405405406, 0.0, 490, 5, 1, 0, 28, 32, 0.0, 0.0, 15
0, 0, 0, 0.33208584570652305, 31, 1.8235294117647058, 0.3, 0.9999999997089617, 2, 6, 0.058823529411764705, 0.0, 491, 7, 1, 0, 57, 119, 0.0, 0.14285714285714285, 10
0, 0, 0, 0.33208584570652305, 31, 1.8235294117647058, 0.3, 0.9999999997089617, 2, 6, 0.058823529411764705, 0.0, 492, 7, 1, 0, 57, 90, 0.0, 0.14285714285714285, 10
0, 0, 0, 0.33208584570652305, 31, 1.8235294117647058, 0.3, 0.9999999997089617, 2, 6, 0.058823529411764705, 0.0, 493, 7, 1, 0, 57, 101, 0.0, 0.14285714285714285, 10
0, 0, 0, 0.33208584570652305, 31, 1.8235294117647058, 0.3, 0.9999999997089617, 2, 6, 0.058823529411764705, 0.0, 494, 7, 1, 0, 57, 89, 0.0, 0.14285714285714285, 10
0, 0, 0, 0.33208584570652305, 31, 1.8235294117647058, 0.3, 0.9999999997089617, 2, 6, 0.058823529411764705, 0.0, 495, 7, 1, 0, 57, 101, 0.0, 0.14285714285714285, 10
0, 0, 0, 0.33208584570652305, 31, 1.8235294117647058, 0.3, 0.9999999997089617, 2, 6, 0.058823529411764705, 0.0, 496, 7, 1, 0, 57, 129, 0.0, 0.14285714285714285, 10
0, 0, 0, 0.33208584570652305, 31, 1.8235294117647058, 0.3, 0.9999999997089617, 2, 6, 0.058823529411764705, 0.0, 497, 7, 1, 0, 57, 77, 0.0, 0.14285714285714285, 10
0, 0, 0, 0.31590886341428537, 30, 0.967741935483871, 0.2818181818181818, 0.9999999995343387, 1, 15, 0.03225806451612903, 0.0, 498, 5, 1, 0, 7, 30, 0.0, 0.0, 10
0, 0, 0, 0.31590886341428537, 30, 0.967741935483871, 0.2818181818181818, 0.9999999995343387, 1, 15, 0.03225806451612903, 0.0, 499, 7, 1, 0, 57, 61, 0.0, 0.14285714285714285, 10
0, 0, 0, 0.31590886341428537, 30, 0.967741935483871, 0.2818181818181818, 0.9999999995343387, 1, 15, 0.03225806451612903, 0.0, 498, 11, 2, 0, 7, 37, 0.0, 0.09090909090909091, 10
0, 0, 1, 0.23472318215400748, 21, 0.9545454545454546, 0.00909090909090909, 0.9999997615814209, 1, 15, 0.045454545454545456, 0.05, 500, 5, 1, 0, 1, 34, 0.0, 0.0, 10
0, 0, 1, 0.23472318215400748, 21, 0.9545454545454546, 0.00909090909090909, 0.9999997615814209, 1, 15, 0.045454545454545456, 0.05, 501, 7, 1, 0, 57, 72, 0.0, 0.14285714285714285, 10
0, 0, 1, 0.23472318215400748, 21, 0.9545454545454546, 0.00909090909090909, 0.9999997615814209, 1, 15, 0.045454545454545456, 0.05, 500, 11, 2, 0, 1, 41, 0.0, 0.09090909090909091, 10
1, 0, 1, 0.07878953263900475, 10, 1.4285714285714284, 0.14545454545454545, 0.9994807243347168, 2, 6, 0.14285714285714285, 0.15, 502, 5, 1, 0, 7, 37, 0.0, 0.0, 4
1, 0, 1, 0.07878953263900475, 10, 1.4285714285714284, 0.14545454545454545, 0.9994807243347168, 2, 6, 0.14285714285714285, 0.15, 503, 5, 1, 0, 7, 41, 0.0, 0.0, 4
1, 0, 1, 0.07878953263900475, 10, 1.4285714285714284, 0.14545454545454545, 0.9994807243347168, 2, 6, 0.14285714285714285, 0.15, 504, 5, 1, 0, 68, 84, 0.0, 0.0, 4
1, 0, 1, 0.07878953263900475, 10, 1.4285714285714284, 0.14545454545454545, 0.9994807243347168, 2, 6, 0.14285714285714285, 0.15, 505, 7, 1, 0, 60, 44, 0.0, 0.0, 4
1, 0, 1, 0.07878953263900475, 10, 1.4285714285714284, 0.14545454545454545, 0.9994807243347168, 2, 6, 0.14285714285714285, 0.15, 172, 5, 0, 0, 1, 61, 0.0, 0.0, 4
1, 0, 1, 0.07878953263900475, 10, 1.4285714285714284, 0.14545454545454545, 0.9994807243347168, 2, 6, 0.14285714285714285, 0.15, 506, 5, 1, 0, 7, 28, 0.0, 0.0, 4
1, 0, 1, 0.07878953263900475, 10, 1.4285714285714284, 0.14545454545454545, 0.9994807243347168, 2, 6, 0.14285714285714285, 0.15, 507, 5, 1, 0, 1, 31, 0.0, 0.0, 4
1, 0, 1, 0.07878953263900475, 10, 1.4285714285714284, 0.14545454545454545, 0.9994807243347168, 2, 6, 0.14285714285714285, 0.15, 508, 5, 0, 0, 1, 54, 0.0, 0.0, 4
1, 0, 1, 0.07878953263900475, 10, 1.4285714285714284, 0.14545454545454545, 0.9994807243347168, 2, 6, 0.14285714285714285, 0.15, 509, 5, 1, 0, 69, 68, 0.0, 0.0, 4
1, 0, 1, 0.07878953263900475, 10, 1.4285714285714284, 0.14545454545454545, 0.9994807243347168, 2, 6, 0.14285714285714285, 0.15, 174, 5, 0, 0, 2, 50, 0.0, 0.0, 4
1, 0, 1, 0.07878953263900475, 10, 1.4285714285714284, 0.14545454545454545, 0.9994807243347168, 2, 6, 0.14285714285714285, 0.15, 171, 5, 0, 0, 1, 50, 0.0, 0.0, 4
1, 0, 1, 0.07878953263900475, 10, 1.4285714285714284, 0.14545454545454545, 0.9994807243347168, 2, 6, 0.14285714285714285, 0.15, 510, 5, 0, 0, 1, 50, 0.0, 0.0, 4
1, 0, 1, 0.07878953263900475, 10, 1.4285714285714284, 0.14545454545454545, 0.9994807243347168, 2, 6, 0.14285714285714285, 0.15, 511, 5, 1, 0, 1, 38, 0.0, 0.0, 4
1, 0, 1, 0.07878953263900475, 10, 1.4285714285714284, 0.14545454545454545, 0.9994807243347168, 2, 6, 0.14285714285714285, 0.15, 512, 5, 0, 0, 2, 50, 0.0, 0.0, 4
1, 0, 1, 0.07878953263900475, 10, 1.4285714285714284, 0.14545454545454545, 0.9994807243347168, 2, 6, 0.14285714285714285, 0.15, 176, 5, 0, 0, 1, 75, 0.0, 0.0, 4
1, 0, 1, 0.07878953263900475, 10, 1.4285714285714284, 0.14545454545454545, 0.9994807243347168, 2, 6, 0.14285714285714285, 0.15, 513, 5, 1, 0, 30, 31, 0.0, 0.0, 4
1, 0, 1, 0.07878953263900475, 10, 1.4285714285714284, 0.14545454545454545, 0.9994807243347168, 2, 6, 0.14285714285714285, 0.15, 514, 5, 0, 0, 70, 50, 0.0, 0.0, 4
1, 0, 1, 0.07878953263900475, 10, 1.4285714285714284, 0.14545454545454545, 0.9994807243347168, 2, 6, 0.14285714285714285, 0.15, 515, 5, 1, 0, 68, 76, 0.0, 0.0, 4
1, 0, 1, 0.07878953263900475, 10, 1.4285714285714284, 0.14545454545454545, 0.9994807243347168, 2, 6, 0.14285714285714285, 0.15, 516, 5, 0, 0, 71, 50, 0.0, 0.0, 4
1, 0, 1, 0.07878953263900475, 10, 1.4285714285714284, 0.14545454545454545, 0.9994807243347168, 2, 6, 0.14285714285714285, 0.15, 517, 5, 1, 0, 71, 35, 0.0, 0.0, 4
1, 0, 1, 0.07878953263900475, 10, 1.4285714285714284, 0.14545454545454545, 0.9994807243347168, 2, 6, 0.14285714285714285, 0.15, 518, 5, 0, 0, 71, 50, 0.0, 0.0, 4
1, 0, 1, 0.07878953263900475, 10, 1.4285714285714284, 0.14545454545454545, 0.9994807243347168, 2, 6, 0.14285714285714285, 0.15, 519, 5, 0, 0, 1, 54, 0.0, 0.0, 4
1, 0, 1, 0.07878953263900475, 10, 1.4285714285714284, 0.14545454545454545, 0.9994807243347168, 2, 6, 0.14285714285714285, 0.15, 520, 5, 1, 0, 1, 56, 0.0, 0.0, 4
1, 0, 1, 0.07878953263900475, 10, 1.4285714285714284, 0.14545454545454545, 0.9994807243347168, 2, 6, 0.14285714285714285, 0.15, 521, 5, 1, 1, 72, 37, 0.0, 0.0, 4
1, 0, 1, 0.07878953263900475, 10, 1.4285714285714284, 0.14545454545454545, 0.9994807243347168, 2, 6, 0.14285714285714285, 0.15, 522, 5, 1, 0, 73, 50, 0.0, 0.0, 4
1, 0, 1, 0.07878953263900475, 10, 1.4285714285714284, 0.14545454545454545, 0.9994807243347168, 2, 6, 0.14285714285714285, 0.15, 523, 5, 0, 0, 72, 50, 0.0, 0.0, 4
1, 0, 1, 0.07878953263900475, 10, 1.4285714285714284, 0.14545454545454545, 0.9994807243347168, 2, 6, 0.14285714285714285, 0.15, 524, 5, 0, 0, 2, 57, 0.0, 0.0, 4
1, 0, 1, 0.07878953263900475, 10, 1.4285714285714284, 0.14545454545454545, 0.9994807243347168, 2, 6, 0.14285714285714285, 0.15, 525, 5, 1, 0, 74, 51, 0.0, 0.0, 4
1, 0, 1, 0.07878953263900475, 10, 1.4285714285714284, 0.14545454545454545, 0.9994807243347168, 2, 6, 0.14285714285714285, 0.15, 526, 5, 1, 1, 75, 35, 0.0, 0.0, 4
1, 0, 1, 0.07878953263900475, 10, 1.4285714285714284, 0.14545454545454545, 0.9994807243347168, 2, 6, 0.14285714285714285, 0.15, 527, 5, 1, 0, 1, 37, 0.0, 0.0, 4
1, 0, 1, 0.07878953263900475, 10, 1.4285714285714284, 0.14545454545454545, 0.9994807243347168, 2, 6, 0.14285714285714285, 0.15, 528, 5, 1, 0, 72, 29, 0.0, 0.0, 4
1, 0, 1, 0.07878953263900475, 10, 1.4285714285714284, 0.14545454545454545, 0.9994807243347168, 2, 6, 0.14285714285714285, 0.15, 510, 5, 0, 0, 72, 50, 0.0, 0.0, 4
1, 0, 1, 0.07878953263900475, 10, 1.4285714285714284, 0.14545454545454545, 0.9994807243347168, 2, 6, 0.14285714285714285, 0.15, 529, 15, 1, 0, 76, 92, 0.0, 0.13333333333333333, 4
1, 0, 1, 0.07878953263900475, 10, 1.4285714285714284, 0.14545454545454545, 0.9994807243347168, 2, 6, 0.14285714285714285, 0.15, 507, 5, 1, 0, 1, 30, 0.0, 0.0, 4
1, 0, 1, 0.07878953263900475, 10, 1.4285714285714284, 0.14545454545454545, 0.9994807243347168, 2, 6, 0.14285714285714285, 0.15, 512, 5, 0, 0, 2, 50, 0.0, 0.0, 4
1, 0, 1, 0.07878953263900475, 10, 1.4285714285714284, 0.14545454545454545, 0.9994807243347168, 2, 6, 0.14285714285714285, 0.15, 506, 5, 1, 0, 7, 27, 0.0, 0.0, 4
1, 0, 1, 0.07878953263900475, 10, 1.4285714285714284, 0.14545454545454545, 0.9994807243347168, 2, 6, 0.14285714285714285, 0.15, 530, 5, 1, 0, 1, 41, 0.0, 0.0, 4
1, 0, 1, 0.07878953263900475, 10, 1.4285714285714284, 0.14545454545454545, 0.9994807243347168, 2, 6, 0.14285714285714285, 0.15, 531, 5, 0, 1, 72, 54, 0.0, 0.0, 4
1, 0, 1, 0.07878953263900475, 10, 1.4285714285714284, 0.14545454545454545, 0.9994807243347168, 2, 6, 0.14285714285714285, 0.15, 505, 7, 1, 0, 60, 44, 0.0, 0.0, 4
1, 0, 1, 0.07878953263900475, 10, 1.4285714285714284, 0.14545454545454545, 0.9994807243347168, 2, 6, 0.14285714285714285, 0.15, 509, 5, 1, 0, 69, 67, 0.0, 0.0, 4
1, 0, 1, 0.07878953263900475, 10, 1.4285714285714284, 0.14545454545454545, 0.9994807243347168, 2, 6, 0.14285714285714285, 0.15, 512, 5, 0, 0, 2, 50, 0.0, 0.0, 4
1, 0, 1, 0.07878953263900475, 10, 1.4285714285714284, 0.14545454545454545, 0.9994807243347168, 2, 6, 0.14285714285714285, 0.15, 171, 5, 0, 1, 2, 30, 0.0, 0.0, 4
1, 0, 1, 0.07878953263900475, 10, 1.4285714285714284, 0.14545454545454545, 0.9994807243347168, 2, 6, 0.14285714285714285, 0.15, 508, 5, 0, 0, 1, 54, 0.0, 0.0, 4
1, 0, 1, 0.07878953263900475, 10, 1.4285714285714284, 0.14545454545454545, 0.9994807243347168, 2, 6, 0.14285714285714285, 0.15, 513, 5, 1, 0, 30, 30, 0.0, 0.0, 4
1, 0, 1, 0.07878953263900475, 10, 1.4285714285714284, 0.14545454545454545, 0.9994807243347168, 2, 6, 0.14285714285714285, 0.15, 171, 5, 0, 0, 1, 50, 0.0, 0.0, 4
1, 0, 1, 0.07878953263900475, 10, 1.4285714285714284, 0.14545454545454545, 0.9994807243347168, 2, 6, 0.14285714285714285, 0.15, 507, 5, 1, 0, 1, 30, 0.0, 0.0, 4
1, 0, 1, 0.07878953263900475, 10, 1.4285714285714284, 0.14545454545454545, 0.9994807243347168, 2, 6, 0.14285714285714285, 0.15, 427, 5, 1, 1, 77, 45, 0.0, 0.0, 4
1, 0, 1, 0.07878953263900475, 10, 1.4285714285714284, 0.14545454545454545, 0.9994807243347168, 2, 6, 0.14285714285714285, 0.15, 520, 5, 1, 0, 1, 56, 0.0, 0.0, 4
1, 0, 1, 0.07878953263900475, 10, 1.4285714285714284, 0.14545454545454545, 0.9994807243347168, 2, 6, 0.14285714285714285, 0.15, 510, 5, 0, 0, 1, 50, 0.0, 0.0, 4
1, 0, 1, 0.07878953263900475, 10, 1.4285714285714284, 0.14545454545454545, 0.9994807243347168, 2, 6, 0.14285714285714285, 0.15, 506, 5, 1, 0, 7, 27, 0.0, 0.0, 4
1, 0, 1, 0.07878953263900475, 10, 1.4285714285714284, 0.14545454545454545, 0.9994807243347168, 2, 6, 0.14285714285714285, 0.15, 519, 5, 0, 0, 1, 54, 0.0, 0.0, 4
1, 0, 1, 0.07878953263900475, 10, 1.4285714285714284, 0.14545454545454545, 0.9994807243347168, 2, 6, 0.14285714285714285, 0.15, 172, 5, 0, 0, 1, 61, 0.0, 0.0, 4
1, 0, 1, 0.07878953263900475, 10, 1.4285714285714284, 0.14545454545454545, 0.9994807243347168, 2, 6, 0.14285714285714285, 0.15, 511, 5, 1, 0, 1, 37, 0.0, 0.0, 4
1, 0, 1, 0.07878953263900475, 10, 1.4285714285714284, 0.14545454545454545, 0.9994807243347168, 2, 6, 0.14285714285714285, 0.15, 532, 5, 0, 0, 2, 50, 0.0, 0.0, 4
1, 0, 1, 0.07878953263900475, 10, 1.4285714285714284, 0.14545454545454545, 0.9994807243347168, 2, 6, 0.14285714285714285, 0.15, 533, 5, 1, 0, 71, 32, 0.0, 0.0, 4
1, 0, 1, 0.07878953263900475, 10, 1.4285714285714284, 0.14545454545454545, 0.9994807243347168, 2, 6, 0.14285714285714285, 0.15, 534, 5, 1, 0, 1, 35, 0.0, 0.0, 4
1, 0, 1, 0.07878953263900475, 10, 1.4285714285714284, 0.14545454545454545, 0.9994807243347168, 2, 6, 0.14285714285714285, 0.15, 535, 5, 0, 0, 2, 50, 0.0, 0.0, 4
1, 0, 1, 0.07878953263900475, 10, 1.4285714285714284, 0.14545454545454545, 0.9994807243347168, 2, 6, 0.14285714285714285, 0.15, 171, 5, 0, 0, 2, 50, 0.0, 0.0, 4
1, 0, 1, 0.07878953263900475, 10, 1.4285714285714284, 0.14545454545454545, 0.9994807243347168, 2, 6, 0.14285714285714285, 0.15, 532, 5, 0, 0, 2, 50, 0.0, 0.0, 4
1, 0, 1, 0.07878953263900475, 10, 1.4285714285714284, 0.14545454545454545, 0.9994807243347168, 2, 6, 0.14285714285714285, 0.15, 536, 5, 1, 0, 7, 37, 0.0, 0.0, 4
1, 0, 1, 0.07878953263900475, 10, 1.4285714285714284, 0.14545454545454545, 0.9994807243347168, 2, 6, 0.14285714285714285, 0.15, 537, 5, 1, 0, 1, 39, 0.0, 0.0, 4
1, 0, 1, 0.07878953263900475, 10, 1.4285714285714284, 0.14545454545454545, 0.9994807243347168, 2, 6, 0.14285714285714285, 0.15, 538, 5, 1, 0, 7, 41, 0.0, 0.0, 4
1, 0, 1, 0.07878953263900475, 10, 1.4285714285714284, 0.14545454545454545, 0.9994807243347168, 2, 6, 0.14285714285714285, 0.15, 533, 5, 1, 0, 71, 32, 0.0, 0.0, 4
1, 0, 1, 0.07878953263900475, 10, 1.4285714285714284, 0.14545454545454545, 0.9994807243347168, 2, 6, 0.14285714285714285, 0.15, 539, 5, 1, 0, 71, 36, 0.0, 0.0, 4
1, 0, 1, 0.07878953263900475, 10, 1.4285714285714284, 0.14545454545454545, 0.9994807243347168, 2, 6, 0.14285714285714285, 0.15, 534, 5, 1, 0, 1, 35, 0.0, 0.0, 4
1, 0, 1, 0.07854810648490193, 9, 1.0, 0.1, 0.9990196228027344, 2, 6, 0.1111111111111111, 0.1, 540, 5, 1, 0, 1, 44, 0.0, 0.0, 10
1, 0, 1, 0.07854810648490193, 9, 1.0, 0.1, 0.9990196228027344, 2, 6, 0.1111111111111111, 0.1, 541, 7, 1, 0, 57, 92, 0.0, 0.14285714285714285, 10
1, 0, 1, 0.07854810648490193, 9, 1.0, 0.1, 0.9990196228027344, 2, 6, 0.1111111111111111, 0.1, 540, 11, 2, 0, 1, 51, 0.0, 0.09090909090909091, 10
1, 0, 0, 0.03478181081531972, 4, 0.8, 0.045454545454545456, 0.96875, 1, 6, 0.2, 0.05, 542, 13, 0, 0, 2, 117, 0.0, 0.0, 0
1, 0, 0, 0.03478181081531972, 4, 0.8, 0.045454545454545456, 0.96875, 1, 6, 0.2, 0.05, 543, 5, 0, 0, 2, 77, 0.0, 0.0, 0
