1, 0.1442, 0.8558
1, 0.1849, 0.8151
1, 0.1361, 0.8639
1, 0.1858, 0.8142
1, 0.1911, 0.8089
1, 0.1599, 0.8401
1, 0.1605, 0.8395
1, 0.1347, 0.8653
1, 0.1323, 0.8677
1, 0.1842, 0.8158
1, 0.1831, 0.8169
1, 0.1866, 0.8134
1, 0.1858, 0.8142
1, 0.1309, 0.8691
1, 0.1831, 0.8169
1, 0.1306, 0.8694
1, 0.1852, 0.8148
1, 0.1584, 0.8416
1, 0.1799, 0.8201
1, 0.1845, 0.8155
1, 0.2004, 0.7996
1, 0.1833, 0.8167
1, 0.1842, 0.8158
1, 0.1464, 0.8536
1, 0.1861, 0.8139
1, 0.1601, 0.8399
1, 0.1841, 0.8159
1, 0.1997, 0.8003
1, 0.1582, 0.8418
1, 0.1219, 0.8781
1, 0.1873, 0.8127
1, 0.1205, 0.8795
1, 0.1278, 0.8722
1, 0.192, 0.808
1, 0.1248, 0.8752
1, 0.1064, 0.8936
1, 0.1062, 0.8938
1, 0.1013, 0.8987
1, 0.1027, 0.8973
1, 0.1009, 0.8991
1, 0.108, 0.892
1, 0.1074, 0.8926
1, 0.1027, 0.8973
1, 0.1077, 0.8923
1, 0.1017, 0.8983
1, 0.1078, 0.8922
1, 0.1075, 0.8925
1, 0.1013, 0.8987
1, 0.1067, 0.8933
1, 0.1067, 0.8933
1, 0.1052, 0.8948
1, 0.1013, 0.8987
1, 0.1052, 0.8948
1, 0.1012, 0.8988
1, 0.1039, 0.8961
1, 0.102, 0.898
1, 0.1032, 0.8968
1, 0.1134, 0.8866
1, 0.1038, 0.8962
1, 0.1033, 0.8967
1, 0.1075, 0.8925
1, 0.1057, 0.8943
1, 0.1055, 0.8945
1, 0.1037, 0.8963
1, 0.1043, 0.8957
1, 0.1029, 0.8971
1, 0.1044, 0.8956
1, 0.1069, 0.8931
1, 0.1083, 0.8917
1, 0.1041, 0.8959
1, 0.1034, 0.8966
1, 0.1073, 0.8927
1, 0.1083, 0.8917
1, 0.1032, 0.8968
1, 0.1049, 0.8951
1, 0.105, 0.895
1, 0.1031, 0.8969
1, 0.105, 0.895
1, 0.1049, 0.8951
1, 0.1047, 0.8953
1, 0.1047, 0.8953
1, 0.105, 0.895
1, 0.1051, 0.8949
1, 0.1149, 0.8851
1, 0.1052, 0.8948
1, 0.1052, 0.8948
1, 0.1049, 0.8951
1, 0.1034, 0.8966
1, 0.1047, 0.8953
1, 0.1062, 0.8938
1, 0.1048, 0.8952
1, 0.105, 0.895
1, 0.1104, 0.8896
1, 0.105, 0.895
1, 0.1033, 0.8967
1, 0.1047, 0.8953
1, 0.1049, 0.8951
1, 0.1047, 0.8953
1, 0.1048, 0.8952
1, 0.1033, 0.8967
1, 0.1017, 0.8983
1, 0.1005, 0.8995
1, 0.1058, 0.8942
1, 0.1053, 0.8947
1, 0.1016, 0.8984
1, 0.101, 0.899
1, 0.1071, 0.8929
1, 0.1053, 0.8947
1, 0.107, 0.893
1, 0.1006, 0.8994
1, 0.0997, 0.9003
1, 0.1031, 0.8969
1, 0.0996, 0.9004
1, 0.1008, 0.8992
1, 0.1036, 0.8964
1, 0.1002, 0.8998
1, 0.1066, 0.8934
1, 0.1046, 0.8954
1, 0.101, 0.899
1, 0.1018, 0.8982
1, 0.1051, 0.8949
1, 0.0979, 0.9021
1, 0.1069, 0.8931
1, 0.111, 0.889
1, 0.0964, 0.9036
1, 0.1074, 0.8926
1, 0.0983, 0.9017
1, 0.0994, 0.9006
1, 0.0978, 0.9022
1, 0.1004, 0.8996
1, 0.0959, 0.9041
1, 0.1041, 0.8959
1, 0.0953, 0.9047
1, 0.0942, 0.9058
1, 0.0977, 0.9023
1, 0.0942, 0.9058
1, 0.0985, 0.9015
1, 0.0986, 0.9014
1, 0.1017, 0.8983
1, 0.0953, 0.9047
1, 0.0981, 0.9019
1, 0.1016, 0.8984
1, 0.0991, 0.9009
1, 0.0953, 0.9047
1, 0.0953, 0.9047
1, 0.0952, 0.9048
1, 0.0952, 0.9048
1, 0.0977, 0.9023
1, 0.0956, 0.9044
1, 0.095, 0.905
1, 0.1011, 0.8989
1, 0.0981, 0.9019
1, 0.0934, 0.9066
1, 0.0952, 0.9048
1, 0.0952, 0.9048
1, 0.0952, 0.9048
1, 0.0952, 0.9048
1, 0.0975, 0.9025
1, 0.0996, 0.9004
1, 0.0953, 0.9047
1, 0.0952, 0.9048
1, 0.0956, 0.9044
1, 0.0963, 0.9037
1, 0.0953, 0.9047
1, 0.0952, 0.9048
1, 0.0952, 0.9048
1, 0.0953, 0.9047
1, 0.0969, 0.9031
1, 0.0952, 0.9048
1, 0.0952, 0.9048
1, 0.0971, 0.9029
1, 0.1021, 0.8979
1, 0.0973, 0.9027
1, 0.0962, 0.9038
1, 0.098, 0.902
1, 0.097, 0.903
1, 0.0978, 0.9022
1, 0.0973, 0.9027
1, 0.0925, 0.9075
1, 0.0951, 0.9049
1, 0.0912, 0.9088
1, 0.1022, 0.8978
1, 0.0969, 0.9031
1, 0.0959, 0.9041
1, 0.0989, 0.9011
1, 0.0948, 0.9052
1, 0.1085, 0.8915
1, 0.0946, 0.9054
1, 0.0926, 0.9074
1, 0.0931, 0.9069
1, 0.0959, 0.9041
1, 0.0913, 0.9087
1, 0.0899, 0.9101
1, 0.0958, 0.9042
1, 0.0976, 0.9024
1, 0.0924, 0.9076
1, 0.104, 0.896
1, 0.0908, 0.9092
1, 0.0974, 0.9026
1, 0.1085, 0.8915
1, 0.0916, 0.9084
1, 0.0966, 0.9034
1, 0.0985, 0.9015
1, 0.0936, 0.9064
1, 0.0976, 0.9024
1, 0.0985, 0.9015
1, 0.0988, 0.9012
1, 0.0918, 0.9082
1, 0.1019, 0.8981
1, 0.0955, 0.9045
1, 0.0962, 0.9038
1, 0.0979, 0.9021
1, 0.0916, 0.9084
1, 0.0959, 0.9041
1, 0.0979, 0.9021
1, 0.0963, 0.9037
1, 0.0923, 0.9077
1, 0.0946, 0.9054
1, 0.0957, 0.9043
1, 0.0971, 0.9029
1, 0.0999, 0.9001
1, 0.0908, 0.9092
1, 0.0916, 0.9084
1, 0.0926, 0.9074
1, 0.0912, 0.9088
1, 0.1049, 0.8951
1, 0.0974, 0.9026
1, 0.0988, 0.9012
1, 0.0925, 0.9075
1, 0.0977, 0.9023
1, 0.0974, 0.9026
1, 0.0948, 0.9052
1, 0.0958, 0.9042
1, 0.0908, 0.9092
1, 0.1004, 0.8996
1, 0.0898, 0.9102
1, 0.1018, 0.8982
1, 0.0944, 0.9056
1, 0.0985, 0.9015
1, 0.0973, 0.9027
1, 0.0919, 0.9081
1, 0.0908, 0.9092
1, 0.096, 0.904
1, 0.0938, 0.9062
1, 0.0959, 0.9041
1, 0.0915, 0.9085
1, 0.0948, 0.9052
1, 0.0974, 0.9026
1, 0.0971, 0.9029
1, 0.0919, 0.9081
1, 0.0926, 0.9074
1, 0.0923, 0.9077
1, 0.0977, 0.9023
1, 0.0988, 0.9012
1, 0.0948, 0.9052
1, 0.1049, 0.8951
1, 0.0954, 0.9046
1, 0.0925, 0.9075
1, 0.0902, 0.9098
1, 0.0975, 0.9025
1, 0.0955, 0.9045
1, 0.0939, 0.9061
1, 0.0949, 0.9051
1, 0.0972, 0.9028
1, 0.0901, 0.9099
1, 0.0964, 0.9036
1, 0.0978, 0.9022
1, 0.0971, 0.9029
1, 0.0907, 0.9093
1, 0.0988, 0.9012
1, 0.0905, 0.9095
1, 0.1047, 0.8953
1, 0.0934, 0.9066
1, 0.0958, 0.9042
1, 0.1048, 0.8952
1, 0.0959, 0.9041
1, 0.09, 0.91
1, 0.0948, 0.9052
1, 0.0985, 0.9015
1, 0.0974, 0.9026
1, 0.0918, 0.9082
1, 0.0952, 0.9048
1, 0.0909, 0.9091
1, 0.0955, 0.9045
1, 0.0963, 0.9037
1, 0.0955, 0.9045
1, 0.0931, 0.9069
1, 0.0908, 0.9092
1, 0.0977, 0.9023
1, 0.0948, 0.9052
1, 0.1021, 0.8979
1, 0.0958, 0.9042
1, 0.0911, 0.9089
1, 0.1019, 0.8981
1, 0.0926, 0.9074
1, 0.0956, 0.9044
1, 0.0916, 0.9084
1, 0.0919, 0.9081
1, 0.092, 0.908
1, 0.0958, 0.9042
1, 0.0959, 0.9041
1, 0.095, 0.905
1, 0.0916, 0.9084
1, 0.0917, 0.9083
1, 0.0963, 0.9037
1, 0.0924, 0.9076
1, 0.0914, 0.9086
1, 0.0974, 0.9026
1, 0.0913, 0.9087
1, 0.0979, 0.9021
1, 0.0962, 0.9038
1, 0.0987, 0.9013
1, 0.0963, 0.9037
1, 0.096, 0.904
1, 0.0909, 0.9091
1, 0.0952, 0.9048
1, 0.0987, 0.9013
1, 0.0946, 0.9054
1, 0.0946, 0.9054
1, 0.0916, 0.9084
1, 0.0948, 0.9052
1, 0.0989, 0.9011
1, 0.0945, 0.9055
1, 0.0952, 0.9048
1, 0.096, 0.904
1, 0.0917, 0.9083
1, 0.1049, 0.8951
1, 0.0908, 0.9092
1, 0.0957, 0.9043
1, 0.0964, 0.9036
1, 0.0918, 0.9082
1, 0.0957, 0.9043
1, 0.0988, 0.9012
1, 0.0968, 0.9032
1, 0.0949, 0.9051
1, 0.097, 0.903
1, 0.0964, 0.9036
1, 0.1008, 0.8992
1, 0.0905, 0.9095
1, 0.0914, 0.9086
1, 0.0977, 0.9023
1, 0.0969, 0.9031
1, 0.1022, 0.8978
1, 0.0916, 0.9084
1, 0.0926, 0.9074
1, 0.0959, 0.9041
1, 0.0909, 0.9091
1, 0.0993, 0.9007
1, 0.095, 0.905
1, 0.1029, 0.8971
1, 0.0959, 0.9041
1, 0.0951, 0.9049
1, 0.0977, 0.9023
1, 0.0909, 0.9091
1, 0.0984, 0.9016
1, 0.0955, 0.9045
1, 0.0985, 0.9015
1, 0.0928, 0.9072
1, 0.0974, 0.9026
1, 0.0924, 0.9076
1, 0.0988, 0.9012
1, 0.0946, 0.9054
1, 0.0919, 0.9081
1, 0.0978, 0.9022
1, 0.0925, 0.9075
1, 0.0974, 0.9026
1, 0.0962, 0.9038
1, 0.0943, 0.9057
1, 0.0972, 0.9028
1, 0.0908, 0.9092
1, 0.0915, 0.9085
1, 0.0934, 0.9066
1, 0.0943, 0.9057
1, 0.0948, 0.9052
1, 0.0921, 0.9079
1, 0.0969, 0.9031
1, 0.0965, 0.9035
1, 0.0964, 0.9036
1, 0.0945, 0.9055
1, 0.0972, 0.9028
1, 0.0972, 0.9028
1, 0.0985, 0.9015
1, 0.0926, 0.9074
1, 0.0943, 0.9057
1, 0.0915, 0.9085
1, 0.0892, 0.9108
1, 0.0949, 0.9051
1, 0.0899, 0.9101
1, 0.0922, 0.9078
1, 0.0927, 0.9073
1, 0.0958, 0.9042
1, 0.0945, 0.9055
1, 0.0918, 0.9082
1, 0.0925, 0.9075
1, 0.0922, 0.9078
1, 0.0959, 0.9041
1, 0.0922, 0.9078
1, 0.0942, 0.9058
1, 0.0959, 0.9041
1, 0.0959, 0.9041
1, 0.0916, 0.9084
1, 0.0974, 0.9026
1, 0.0946, 0.9054
1, 0.0969, 0.9031
1, 0.0926, 0.9074
1, 0.104, 0.896
1, 0.095, 0.905
1, 0.0936, 0.9064
1, 0.1085, 0.8915
1, 0.0989, 0.9011
1, 0.0899, 0.9101
1, 0.0959, 0.9041
1, 0.0931, 0.9069
1, 0.0908, 0.9092
1, 0.0985, 0.9015
1, 0.0912, 0.9088
1, 0.0948, 0.9052
1, 0.0924, 0.9076
1, 0.0976, 0.9024
1, 0.0966, 0.9034
1, 0.0913, 0.9087
1, 0.1085, 0.8915
1, 0.1022, 0.8978
1, 0.0925, 0.9075
1, 0.0958, 0.9042
1, 0.1022, 0.8978
1, 0.0959, 0.9041
1, 0.0957, 0.9043
1, 0.0977, 0.9023
1, 0.0958, 0.9042
1, 0.0918, 0.9082
1, 0.0999, 0.9001
1, 0.0978, 0.9022
1, 0.0916, 0.9084
1, 0.0912, 0.9088
1, 0.0985, 0.9015
1, 0.0977, 0.9023
1, 0.0934, 0.9066
1, 0.0923, 0.9077
1, 0.0908, 0.9092
1, 0.0963, 0.9037
1, 0.0955, 0.9045
1, 0.1008, 0.8992
1, 0.0926, 0.9074
1, 0.0918, 0.9082
1, 0.0908, 0.9092
1, 0.1021, 0.8979
1, 0.0966, 0.9034
1, 0.0948, 0.9052
1, 0.0925, 0.9075
1, 0.0976, 0.9024
1, 0.0974, 0.9026
1, 0.0968, 0.9032
1, 0.0977, 0.9023
1, 0.1006, 0.8994
1, 0.0984, 0.9016
1, 0.1019, 0.8981
1, 0.0939, 0.9061
1, 0.0973, 0.9027
1, 0.1028, 0.8972
1, 0.1039, 0.8961
1, 0.0989, 0.9011
1, 0.0916, 0.9084
1, 0.0935, 0.9065
1, 0.0934, 0.9066
1, 0.0993, 0.9007
1, 0.093, 0.907
1, 0.0993, 0.9007
1, 0.0974, 0.9026
1, 0.0918, 0.9082
1, 0.097, 0.903
1, 0.0956, 0.9044
1, 0.0923, 0.9077
1, 0.0963, 0.9037
1, 0.0917, 0.9083
1, 0.0919, 0.9081
1, 0.0968, 0.9032
1, 0.0982, 0.9018
1, 0.0964, 0.9036
1, 0.0984, 0.9016
1, 0.0954, 0.9046
1, 0.0919, 0.9081
1, 0.0944, 0.9056
1, 0.0986, 0.9014
1, 0.099, 0.901
1, 0.0956, 0.9044
1, 0.0984, 0.9016
1, 0.0974, 0.9026
1, 0.0964, 0.9036
1, 0.1014, 0.8986
1, 0.1039, 0.8961
1, 0.0926, 0.9074
1, 0.0989, 0.9011
1, 0.0984, 0.9016
1, 0.1094, 0.8906
1, 0.0919, 0.9081
1, 0.0921, 0.9079
1, 0.0926, 0.9074
1, 0.0963, 0.9037
1, 0.1036, 0.8964
1, 0.1022, 0.8978
1, 0.0976, 0.9024
1, 0.0991, 0.9009
1, 0.097, 0.903
1, 0.0928, 0.9072
1, 0.094, 0.906
1, 0.0954, 0.9046
1, 0.0972, 0.9028
1, 0.097, 0.903
1, 0.1005, 0.8995
1, 0.0942, 0.9058
1, 0.1025, 0.8975
1, 0.0935, 0.9065
1, 0.0918, 0.9082
1, 0.0919, 0.9081
1, 0.0945, 0.9055
1, 0.0939, 0.9061
1, 0.1028, 0.8972
1, 0.0971, 0.9029
1, 0.0971, 0.9029
1, 0.095, 0.905
1, 0.0984, 0.9016
1, 0.0953, 0.9047
1, 0.0935, 0.9065
1, 0.0935, 0.9065
1, 0.0951, 0.9049
1, 0.0917, 0.9083
1, 0.099, 0.901
1, 0.0975, 0.9025
1, 0.092, 0.908
1, 0.0919, 0.9081
1, 0.0967, 0.9033
1, 0.0938, 0.9062
1, 0.0954, 0.9046
1, 0.0959, 0.9041
1, 0.096, 0.904
1, 0.0984, 0.9016
1, 0.0928, 0.9072
1, 0.0942, 0.9058
1, 0.0919, 0.9081
1, 0.0982, 0.9018
1, 0.0926, 0.9074
1, 0.1046, 0.8954
1, 0.095, 0.905
1, 0.0935, 0.9065
1, 0.0956, 0.9044
1, 0.0935, 0.9065
1, 0.0971, 0.9029
1, 0.1005, 0.8995
1, 0.1014, 0.8986
1, 0.1024, 0.8976
1, 0.097, 0.903
1, 0.099, 0.901
1, 0.0999, 0.9001
1, 0.0978, 0.9022
1, 0.0972, 0.9028
1, 0.0965, 0.9035
1, 0.1102, 0.8898
1, 0.0912, 0.9088
1, 0.0973, 0.9027
1, 0.096, 0.904
1, 0.0919, 0.9081
1, 0.0923, 0.9077
1, 0.0956, 0.9044
1, 0.0971, 0.9029
1, 0.0919, 0.9081
1, 0.0944, 0.9056
1, 0.0962, 0.9038
1, 0.0916, 0.9084
1, 0.0968, 0.9032
1, 0.0969, 0.9031
1, 0.0941, 0.9059
1, 0.0968, 0.9032
1, 0.0954, 0.9046
1, 0.0935, 0.9065
1, 0.0966, 0.9034
1, 0.0942, 0.9058
1, 0.0948, 0.9052
1, 0.0916, 0.9084
1, 0.0985, 0.9015
1, 0.0934, 0.9066
1, 0.0948, 0.9052
1, 0.0984, 0.9016
1, 0.1053, 0.8947
1, 0.094, 0.906
1, 0.097, 0.903
1, 0.0942, 0.9058
1, 0.098, 0.902
1, 0.099, 0.901
1, 0.1036, 0.8964
1, 0.1036, 0.8964
1, 0.0971, 0.9029
1, 0.0991, 0.9009
1, 0.0931, 0.9069
1, 0.0984, 0.9016
1, 0.0939, 0.9061
1, 0.0935, 0.9065
1, 0.0931, 0.9069
1, 0.0919, 0.9081
1, 0.0948, 0.9052
1, 0.0944, 0.9056
1, 0.099, 0.901
1, 0.0974, 0.9026
1, 0.0944, 0.9056
1, 0.097, 0.903
1, 0.0934, 0.9066
1, 0.1046, 0.8954
1, 0.0922, 0.9078
1, 0.091, 0.909
1, 0.0918, 0.9082
1, 0.098, 0.902
1, 0.0939, 0.9061
1, 0.096, 0.904
1, 0.092, 0.908
1, 0.095, 0.905
1, 0.0983, 0.9017
1, 0.1102, 0.8898
1, 0.1039, 0.8961
1, 0.0971, 0.9029
1, 0.0968, 0.9032
1, 0.0966, 0.9034
1, 0.0911, 0.9089
1, 0.0931, 0.9069
1, 0.0956, 0.9044
1, 0.098, 0.902
1, 0.0954, 0.9046
1, 0.0985, 0.9015
1, 0.099, 0.901
1, 0.097, 0.903
1, 0.0954, 0.9046
1, 0.0925, 0.9075
1, 0.0956, 0.9044
1, 0.0971, 0.9029
1, 0.0935, 0.9065
1, 0.0933, 0.9067
1, 0.0919, 0.9081
1, 0.0926, 0.9074
1, 0.0935, 0.9065
1, 0.1041, 0.8959
1, 0.0993, 0.9007
1, 0.0978, 0.9022
1, 0.0934, 0.9066
1, 0.0943, 0.9057
1, 0.099, 0.901
1, 0.0943, 0.9057
1, 0.0916, 0.9084
1, 0.0963, 0.9037
1, 0.0919, 0.9081
1, 0.0935, 0.9065
1, 0.096, 0.904
1, 0.0984, 0.9016
1, 0.0935, 0.9065
1, 0.0956, 0.9044
1, 0.0956, 0.9044
1, 0.0962, 0.9038
1, 0.0935, 0.9065
1, 0.0912, 0.9088
1, 0.093, 0.907
1, 0.102, 0.898
1, 0.0967, 0.9033
1, 0.0971, 0.9029
1, 0.0983, 0.9017
1, 0.0942, 0.9058
1, 0.094, 0.906
1, 0.0934, 0.9066
1, 0.0965, 0.9035
1, 0.1005, 0.8995
1, 0.099, 0.901
1, 0.092, 0.908
1, 0.1046, 0.8954
1, 0.0919, 0.9081
1, 0.0964, 0.9036
1, 0.0923, 0.9077
1, 0.0984, 0.9016
1, 0.0939, 0.9061
1, 0.095, 0.905
1, 0.0962, 0.9038
1, 0.0994, 0.9006
1, 0.0919, 0.9081
1, 0.1102, 0.8898
1, 0.0954, 0.9046
1, 0.1039, 0.8961
1, 0.0919, 0.9081
1, 0.0989, 0.9011
1, 0.0954, 0.9046
1, 0.0983, 0.9017
1, 0.0956, 0.9044
1, 0.095, 0.905
1, 0.0924, 0.9076
1, 0.0978, 0.9022
1, 0.0923, 0.9077
1, 0.0919, 0.9081
1, 0.0921, 0.9079
1, 0.0935, 0.9065
1, 0.0924, 0.9076
1, 0.0985, 0.9015
1, 0.0971, 0.9029
1, 0.0976, 0.9024
1, 0.1046, 0.8954
1, 0.0935, 0.9065
1, 0.0978, 0.9022
1, 0.0933, 0.9067
1, 0.0984, 0.9016
1, 0.0991, 0.9009
1, 0.1036, 0.8964
1, 0.0935, 0.9065
1, 0.1053, 0.8947
1, 0.0965, 0.9035
1, 0.1048, 0.8952
1, 0.0917, 0.9083
1, 0.0978, 0.9022
1, 0.0925, 0.9075
1, 0.0959, 0.9041
1, 0.0948, 0.9052
1, 0.0988, 0.9012
1, 0.0988, 0.9012
1, 0.0951, 0.9049
1, 0.0985, 0.9015
1, 0.0918, 0.9082
1, 0.0969, 0.9031
1, 0.0913, 0.9087
1, 0.0935, 0.9065
1, 0.0955, 0.9045
1, 0.0919, 0.9081
1, 0.0964, 0.9036
1, 0.0926, 0.9074
1, 0.0957, 0.9043
1, 0.0956, 0.9044
1, 0.0974, 0.9026
1, 0.0958, 0.9042
1, 0.0941, 0.9059
1, 0.1003, 0.8997
1, 0.1018, 0.8982
1, 0.0908, 0.9092
1, 0.0908, 0.9092
1, 0.0959, 0.9041
1, 0.097, 0.903
1, 0.0947, 0.9053
1, 0.0914, 0.9086
1, 0.0972, 0.9028
1, 0.091, 0.909
1, 0.0973, 0.9027
1, 0.0961, 0.9039
1, 0.0918, 0.9082
1, 0.0955, 0.9045
1, 0.0964, 0.9036
1, 0.093, 0.907
1, 0.0915, 0.9085
1, 0.0961, 0.9039
1, 0.0951, 0.9049
1, 0.0931, 0.9069
1, 0.096, 0.904
1, 0.0938, 0.9062
1, 0.0972, 0.9028
1, 0.0926, 0.9074
1, 0.0995, 0.9005
1, 0.0974, 0.9026
1, 0.0912, 0.9088
1, 0.0957, 0.9043
1, 0.0935, 0.9065
1, 0.0917, 0.9083
1, 0.0985, 0.9015
1, 0.0966, 0.9034
1, 0.0941, 0.9059
1, 0.0908, 0.9092
1, 0.0964, 0.9036
1, 0.0959, 0.9041
1, 0.0974, 0.9026
1, 0.0958, 0.9042
1, 0.0948, 0.9052
1, 0.0919, 0.9081
1, 0.0948, 0.9052
1, 0.0945, 0.9055
1, 0.0926, 0.9074
1, 0.0917, 0.9083
1, 0.093, 0.907
1, 0.0913, 0.9087
1, 0.0957, 0.9043
1, 0.0964, 0.9036
1, 0.0934, 0.9066
1, 0.0925, 0.9075
1, 0.0972, 0.9028
1, 0.0985, 0.9015
1, 0.0948, 0.9052
1, 0.0908, 0.9092
1, 0.0923, 0.9077
1, 0.0959, 0.9041
1, 0.0974, 0.9026
1, 0.0921, 0.9079
1, 0.0972, 0.9028
1, 0.0925, 0.9075
1, 0.093, 0.907
1, 0.0927, 0.9073
1, 0.0892, 0.9108
1, 0.0961, 0.9039
1, 0.0962, 0.9038
1, 0.0915, 0.9085
1, 0.0907, 0.9093
1, 0.095, 0.905
1, 0.0963, 0.9037
1, 0.0912, 0.9088
1, 0.0979, 0.9021
1, 0.0988, 0.9012
1, 0.0913, 0.9087
1, 0.1024, 0.8976
1, 0.096, 0.904
1, 0.0916, 0.9084
1, 0.0988, 0.9012
1, 0.1016, 0.8984
1, 0.0978, 0.9022
1, 0.0929, 0.9071
1, 0.0961, 0.9039
1, 0.0918, 0.9082
1, 0.1029, 0.8971
1, 0.0958, 0.9042
1, 0.0968, 0.9032
1, 0.097, 0.903
1, 0.0985, 0.9015
1, 0.0954, 0.9046
1, 0.0908, 0.9092
1, 0.0926, 0.9074
1, 0.0909, 0.9091
1, 0.0939, 0.9061
1, 0.0959, 0.9041
1, 0.1019, 0.8981
1, 0.0974, 0.9026
1, 0.0925, 0.9075
1, 0.0946, 0.9054
1, 0.0948, 0.9052
1, 0.097, 0.903
1, 0.0973, 0.9027
1, 0.0899, 0.9101
1, 0.0916, 0.9084
1, 0.0963, 0.9037
1, 0.0952, 0.9048
1, 0.0979, 0.9021
1, 0.0955, 0.9045
1, 0.0988, 0.9012
1, 0.0914, 0.9086
1, 0.0957, 0.9043
1, 0.0995, 0.9005
1, 0.0978, 0.9022
1, 0.0943, 0.9057
1, 0.0908, 0.9092
1, 0.0976, 0.9024
1, 0.0966, 0.9034
1, 0.091, 0.909
1, 0.0985, 0.9015
1, 0.0953, 0.9047
1, 0.0974, 0.9026
1, 0.0965, 0.9035
1, 0.1019, 0.8981
1, 0.0981, 0.9019
1, 0.0965, 0.9035
1, 0.0965, 0.9035
1, 0.0971, 0.9029
1, 0.0927, 0.9073
1, 0.0987, 0.9013
1, 0.0918, 0.9082
1, 0.0961, 0.9039
1, 0.1018, 0.8982
1, 0.1019, 0.8981
1, 0.0959, 0.9041
1, 0.1048, 0.8952
1, 0.0964, 0.9036
1, 0.0956, 0.9044
1, 0.0929, 0.9071
1, 0.0952, 0.9048
1, 0.0987, 0.9013
1, 0.0989, 0.9011
1, 0.095, 0.905
1, 0.0926, 0.9074
1, 0.1093, 0.8907
1, 0.096, 0.904
1, 0.0971, 0.9029
1, 0.0948, 0.9052
1, 0.0908, 0.9092
1, 0.0978, 0.9022
1, 0.1012, 0.8988
1, 0.098, 0.902
1, 0.0913, 0.9087
1, 0.091, 0.909
1, 0.0917, 0.9083
1, 0.0962, 0.9038
1, 0.096, 0.904
1, 0.0989, 0.9011
1, 0.1048, 0.8952
1, 0.1043, 0.8957
1, 0.1019, 0.8981
1, 0.0916, 0.9084
1, 0.0957, 0.9043
1, 0.0923, 0.9077
1, 0.0974, 0.9026
1, 0.0979, 0.9021
1, 0.1004, 0.8996
1, 0.0985, 0.9015
1, 0.0963, 0.9037
1, 0.0978, 0.9022
1, 0.0908, 0.9092
1, 0.0926, 0.9074
1, 0.0993, 0.9007
1, 0.0968, 0.9032
1, 0.0979, 0.9021
1, 0.0962, 0.9038
1, 0.1009, 0.8991
1, 0.0908, 0.9092
1, 0.0962, 0.9038
1, 0.1024, 0.8976
1, 0.0955, 0.9045
1, 0.093, 0.907
1, 0.0959, 0.9041
1, 0.0958, 0.9042
1, 0.0976, 0.9024
1, 0.0925, 0.9075
1, 0.0912, 0.9088
1, 0.0948, 0.9052
1, 0.0916, 0.9084
1, 0.0918, 0.9082
1, 0.0976, 0.9024
1, 0.0911, 0.9089
1, 0.0972, 0.9028
1, 0.0948, 0.9052
1, 0.0892, 0.9108
1, 0.0901, 0.9099
1, 0.0925, 0.9075
1, 0.0921, 0.9079
1, 0.0965, 0.9035
1, 0.0924, 0.9076
1, 0.0972, 0.9028
1, 0.0966, 0.9034
1, 0.0955, 0.9045
1, 0.0921, 0.9079
1, 0.0943, 0.9057
1, 0.0921, 0.9079
1, 0.094, 0.906
1, 0.0972, 0.9028
1, 0.0934, 0.9066
1, 0.0925, 0.9075
1, 0.0972, 0.9028
1, 0.096, 0.904
1, 0.0908, 0.9092
1, 0.094, 0.906
1, 0.092, 0.908
1, 0.0954, 0.9046
1, 0.0921, 0.9079
1, 0.0985, 0.9015
1, 0.0971, 0.9029
1, 0.0942, 0.9058
1, 0.0958, 0.9042
1, 0.0972, 0.9028
1, 0.0957, 0.9043
1, 0.0982, 0.9018
1, 0.0941, 0.9059
1, 0.0919, 0.9081
1, 0.0926, 0.9074
1, 0.0921, 0.9079
1, 0.0954, 0.9046
1, 0.0921, 0.9079
1, 0.0945, 0.9055
1, 0.0974, 0.9026
1, 0.0954, 0.9046
1, 0.0915, 0.9085
1, 0.0956, 0.9044
1, 0.0959, 0.9041
1, 0.0922, 0.9078
1, 0.0942, 0.9058
1, 0.0972, 0.9028
1, 0.096, 0.904
1, 0.097, 0.903
1, 0.094, 0.906
1, 0.0955, 0.9045
1, 0.0969, 0.9031
1, 0.092, 0.908
1, 0.0908, 0.9092
1, 0.0913, 0.9087
1, 0.0959, 0.9041
1, 0.1085, 0.8915
1, 0.0976, 0.9024
1, 0.0912, 0.9088
1, 0.0974, 0.9026
1, 0.0924, 0.9076
1, 0.0948, 0.9052
1, 0.1022, 0.8978
1, 0.104, 0.896
1, 0.0926, 0.9074
1, 0.0945, 0.9055
1, 0.0929, 0.9071
1, 0.0969, 0.9031
1, 0.0898, 0.9102
1, 0.0946, 0.9054
1, 0.0966, 0.9034
1, 0.0948, 0.9052
1, 0.1085, 0.8915
1, 0.0989, 0.9011
1, 0.0985, 0.9015
1, 0.0936, 0.9064
1, 0.0925, 0.9075
1, 0.0915, 0.9085
1, 0.0959, 0.9041
1, 0.0968, 0.9032
1, 0.0975, 0.9025
1, 0.0902, 0.9098
1, 0.1018, 0.8982
1, 0.0915, 0.9085
1, 0.1003, 0.8997
1, 0.0957, 0.9043
1, 0.0921, 0.9079
1, 0.0926, 0.9074
1, 0.0962, 0.9038
1, 0.0988, 0.9012
1, 0.0959, 0.9041
1, 0.097, 0.903
1, 0.0977, 0.9023
1, 0.0916, 0.9084
1, 0.0948, 0.9052
1, 0.0959, 0.9041
1, 0.0967, 0.9033
1, 0.0937, 0.9063
1, 0.0925, 0.9075
1, 0.0961, 0.9039
1, 0.0974, 0.9026
1, 0.0918, 0.9082
1, 0.0985, 0.9015
1, 0.0964, 0.9036
1, 0.0987, 0.9013
1, 0.0925, 0.9075
1, 0.097, 0.903
1, 0.0955, 0.9045
1, 0.0914, 0.9086
1, 0.0976, 0.9024
1, 0.1022, 0.8978
1, 0.0908, 0.9092
1, 0.091, 0.909
1, 0.0948, 0.9052
1, 0.0924, 0.9076
1, 0.0968, 0.9032
1, 0.0942, 0.9058
1, 0.0914, 0.9086
1, 0.0915, 0.9085
1, 0.0942, 0.9058
1, 0.0971, 0.9029
1, 0.1003, 0.8997
1, 0.0942, 0.9058
1, 0.0892, 0.9108
1, 0.092, 0.908
1, 0.0944, 0.9056
1, 0.0942, 0.9058
1, 0.092, 0.908
1, 0.0992, 0.9008
1, 0.0939, 0.9061
1, 0.0926, 0.9074
1, 0.0993, 0.9007
1, 0.0953, 0.9047
1, 0.0923, 0.9077
1, 0.0953, 0.9047
1, 0.0925, 0.9075
1, 0.096, 0.904
1, 0.0919, 0.9081
1, 0.0946, 0.9054
1, 0.0971, 0.9029
1, 0.0919, 0.9081
1, 0.0942, 0.9058
1, 0.0953, 0.9047
1, 0.0957, 0.9043
1, 0.0913, 0.9087
1, 0.0946, 0.9054
1, 0.0985, 0.9015
1, 0.0992, 0.9008
1, 0.0908, 0.9092
1, 0.0946, 0.9054
1, 0.0945, 0.9055
1, 0.0959, 0.9041
1, 0.09, 0.91
1, 0.0915, 0.9085
1, 0.0967, 0.9033
1, 0.0906, 0.9094
1, 0.0974, 0.9026
1, 0.0921, 0.9079
1, 0.0934, 0.9066
1, 0.0966, 0.9034
1, 0.0985, 0.9015
1, 0.0926, 0.9074
1, 0.0902, 0.9098
1, 0.0911, 0.9089
1, 0.0973, 0.9027
1, 0.0917, 0.9083
1, 0.0922, 0.9078
1, 0.0971, 0.9029
1, 0.0964, 0.9036
1, 0.0932, 0.9068
1, 0.0948, 0.9052
1, 0.0954, 0.9046
1, 0.0958, 0.9042
1, 0.0912, 0.9088
1, 0.0973, 0.9027
1, 0.0959, 0.9041
1, 0.0966, 0.9034
1, 0.0974, 0.9026
1, 0.0951, 0.9049
1, 0.0908, 0.9092
1, 0.0915, 0.9085
1, 0.0946, 0.9054
1, 0.0959, 0.9041
1, 0.0951, 0.9049
1, 0.0933, 0.9067
1, 0.0962, 0.9038
1, 0.092, 0.908
1, 0.0931, 0.9069
1, 0.0954, 0.9046
1, 0.1064, 0.8936
1, 0.094, 0.906
1, 0.0954, 0.9046
1, 0.1615, 0.8385
1, 0.1504, 0.8496
1, 0.0954, 0.9046
1, 0.0964, 0.9036
1, 0.0935, 0.9065
1, 0.093, 0.907
1, 0.0978, 0.9022
1, 0.0935, 0.9065
1, 0.0935, 0.9065
1, 0.0984, 0.9016
1, 0.0968, 0.9032
1, 0.0919, 0.9081
1, 0.0956, 0.9044
1, 0.0935, 0.9065
1, 0.0948, 0.9052
1, 0.0935, 0.9065
1, 0.0935, 0.9065
1, 0.0971, 0.9029
1, 0.0923, 0.9077
1, 0.1053, 0.8947
1, 0.1039, 0.8961
1, 0.1552, 0.8448
1, 0.099, 0.901
1, 0.0966, 0.9034
1, 0.1011, 0.8989
1, 0.1015, 0.8985
1, 0.0985, 0.9015
1, 0.0978, 0.9022
1, 0.0984, 0.9016
1, 0.1008, 0.8992
1, 0.0913, 0.9087
1, 0.0984, 0.9016
1, 0.0984, 0.9016
1, 0.0942, 0.9058
1, 0.092, 0.908
1, 0.0919, 0.9081
1, 0.0919, 0.9081
1, 0.095, 0.905
1, 0.0954, 0.9046
1, 0.1037, 0.8963
1, 0.0924, 0.9076
1, 0.0971, 0.9029
1, 0.0971, 0.9029
1, 0.0935, 0.9065
1, 0.1004, 0.8996
1, 0.1531, 0.8469
1, 0.0956, 0.9044
1, 0.099, 0.901
1, 0.1064, 0.8936
1, 0.099, 0.901
1, 0.092, 0.908
1, 0.0962, 0.9038
1, 0.0984, 0.9016
1, 0.0935, 0.9065
1, 0.0985, 0.9015
1, 0.0927, 0.9073
1, 0.0954, 0.9046
1, 0.1053, 0.8947
1, 0.0934, 0.9066
1, 0.1025, 0.8975
1, 0.0954, 0.9046
1, 0.0985, 0.9015
1, 0.0965, 0.9035
1, 0.0927, 0.9073
1, 0.0993, 0.9007
1, 0.0968, 0.9032
1, 0.0984, 0.9016
1, 0.0932, 0.9068
1, 0.1039, 0.8961
1, 0.0935, 0.9065
1, 0.0919, 0.9081
1, 0.098, 0.902
1, 0.0948, 0.9052
1, 0.0976, 0.9024
1, 0.0971, 0.9029
1, 0.0935, 0.9065
1, 0.095, 0.905
1, 0.0935, 0.9065
1, 0.0968, 0.9032
1, 0.099, 0.901
1, 0.1039, 0.8961
1, 0.097, 0.903
1, 0.1557, 0.8443
1, 0.0965, 0.9035
1, 0.0931, 0.9069
1, 0.0962, 0.9038
1, 0.0917, 0.9083
1, 0.0953, 0.9047
1, 0.1518, 0.8482
1, 0.0936, 0.9064
1, 0.0978, 0.9022
1, 0.0942, 0.9058
1, 0.098, 0.902
1, 0.0984, 0.9016
1, 0.0939, 0.9061
1, 0.0919, 0.9081
1, 0.095, 0.905
1, 0.0956, 0.9044
1, 0.0968, 0.9032
1, 0.0971, 0.9029
1, 0.092, 0.908
1, 0.0966, 0.9034
1, 0.0948, 0.9052
1, 0.099, 0.901
1, 0.0956, 0.9044
1, 0.0927, 0.9073
1, 0.1588, 0.8412
1, 0.0923, 0.9077
1, 0.0925, 0.9075
1, 0.0966, 0.9034
1, 0.0984, 0.9016
1, 0.0917, 0.9083
1, 0.0934, 0.9066
1, 0.0951, 0.9049
1, 0.1046, 0.8954
1, 0.0951, 0.9049
1, 0.094, 0.906
1, 0.1022, 0.8978
1, 0.0947, 0.9053
1, 0.0984, 0.9016
1, 0.093, 0.907
1, 0.097, 0.903
1, 0.0956, 0.9044
1, 0.0926, 0.9074
1, 0.1046, 0.8954
1, 0.1488, 0.8512
1, 0.0919, 0.9081
1, 0.0919, 0.9081
1, 0.096, 0.904
1, 0.099, 0.901
1, 0.1102, 0.8898
1, 0.0925, 0.9075
1, 0.0953, 0.9047
1, 0.1005, 0.8995
1, 0.098, 0.902
1, 0.0978, 0.9022
1, 0.0983, 0.9017
1, 0.0954, 0.9046
1, 0.0935, 0.9065
1, 0.096, 0.904
1, 0.1039, 0.8961
1, 0.0956, 0.9044
1, 0.0935, 0.9065
1, 0.0918, 0.9082
1, 0.0954, 0.9046
1, 0.0939, 0.9061
1, 0.0947, 0.9053
1, 0.0919, 0.9081
1, 0.0965, 0.9035
1, 0.0928, 0.9072
1, 0.094, 0.906
1, 0.0927, 0.9073
1, 0.0935, 0.9065
1, 0.0935, 0.9065
1, 0.098, 0.902
1, 0.0947, 0.9053
1, 0.0954, 0.9046
1, 0.1102, 0.8898
1, 0.0918, 0.9082
1, 0.095, 0.905
1, 0.092, 0.908
1, 0.0966, 0.9034
1, 0.0956, 0.9044
1, 0.0935, 0.9065
1, 0.0931, 0.9069
1, 0.0928, 0.9072
1, 0.0923, 0.9077
1, 0.0968, 0.9032
1, 0.1102, 0.8898
1, 0.0966, 0.9034
1, 0.096, 0.904
1, 0.0935, 0.9065
1, 0.0956, 0.9044
1, 0.0947, 0.9053
1, 0.0942, 0.9058
1, 0.0917, 0.9083
1, 0.0943, 0.9057
1, 0.0943, 0.9057
1, 0.0978, 0.9022
1, 0.096, 0.904
1, 0.0919, 0.9081
1, 0.0984, 0.9016
1, 0.0928, 0.9072
1, 0.0939, 0.9061
1, 0.0935, 0.9065
1, 0.0919, 0.9081
1, 0.1102, 0.8898
1, 0.096, 0.904
1, 0.0947, 0.9053
1, 0.0971, 0.9029
1, 0.0956, 0.9044
1, 0.0978, 0.9022
1, 0.0917, 0.9083
1, 0.099, 0.901
1, 0.0912, 0.9088
1, 0.0931, 0.9069
1, 0.0935, 0.9065
1, 0.0956, 0.9044
1, 0.0948, 0.9052
1, 0.0984, 0.9016
1, 0.0919, 0.9081
1, 0.1046, 0.8954
1, 0.096, 0.904
1, 0.0923, 0.9077
1, 0.0924, 0.9076
1, 0.0947, 0.9053
1, 0.0971, 0.9029
1, 0.0971, 0.9029
1, 0.095, 0.905
1, 0.0985, 0.9015
1, 0.099, 0.901
1, 0.0954, 0.9046
1, 0.0931, 0.9069
1, 0.0965, 0.9035
1, 0.1046, 0.8954
1, 0.0955, 0.9045
1, 0.0919, 0.9081
1, 0.096, 0.904
1, 0.1046, 0.8954
1, 0.1005, 0.8995
1, 0.0947, 0.9053
1, 0.1102, 0.8898
1, 0.0968, 0.9032
1, 0.0954, 0.9046
1, 0.0983, 0.9017
1, 0.099, 0.901
1, 0.0924, 0.9076
1, 0.1005, 0.8995
1, 0.0983, 0.9017
1, 0.0935, 0.9065
1, 0.0928, 0.9072
1, 0.1046, 0.8954
1, 0.096, 0.904
1, 0.105, 0.895
1, 0.0954, 0.9046
1, 0.0965, 0.9035
1, 0.0984, 0.9016
1, 0.1014, 0.8986
1, 0.0984, 0.9016
1, 0.0931, 0.9069
1, 0.0919, 0.9081
1, 0.1569, 0.8431
1, 0.1012, 0.8988
1, 0.0978, 0.9022
1, 0.0955, 0.9045
1, 0.0955, 0.9045
1, 0.097, 0.903
1, 0.0971, 0.9029
1, 0.0942, 0.9058
1, 0.1022, 0.8978
1, 0.098, 0.902
1, 0.0944, 0.9056
1, 0.0934, 0.9066
1, 0.0984, 0.9016
1, 0.0935, 0.9065
1, 0.0984, 0.9016
1, 0.099, 0.901
1, 0.0951, 0.9049
1, 0.0919, 0.9081
1, 0.095, 0.905
1, 0.0916, 0.9084
1, 0.0935, 0.9065
1, 0.0931, 0.9069
1, 0.0971, 0.9029
1, 0.0984, 0.9016
1, 0.0951, 0.9049
1, 0.0929, 0.9071
1, 0.0919, 0.9081
1, 0.0961, 0.9039
1, 0.0916, 0.9084
1, 0.099, 0.901
1, 0.0919, 0.9081
1, 0.0958, 0.9042
1, 0.0919, 0.9081
1, 0.099, 0.901
1, 0.0919, 0.9081
1, 0.0941, 0.9059
1, 0.0959, 0.9041
1, 0.0925, 0.9075
1, 0.1025, 0.8975
1, 0.0914, 0.9086
1, 0.1008, 0.8992
1, 0.0931, 0.9069
1, 0.1037, 0.8963
1, 0.0993, 0.9007
1, 0.0917, 0.9083
1, 0.095, 0.905
1, 0.0931, 0.9069
1, 0.0923, 0.9077
1, 0.1039, 0.8961
1, 0.0916, 0.9084
1, 0.1008, 0.8992
1, 0.0955, 0.9045
1, 0.1037, 0.8963
1, 0.0941, 0.9059
1, 0.0955, 0.9045
1, 0.0976, 0.9024
1, 0.0955, 0.9045
1, 0.0984, 0.9016
1, 0.1004, 0.8996
1, 0.099, 0.901
1, 0.0939, 0.9061
1, 0.0922, 0.9078
1, 0.1064, 0.8936
1, 0.0971, 0.9029
1, 0.0919, 0.9081
1, 0.0971, 0.9029
1, 0.0956, 0.9044
1, 0.1026, 0.8974
1, 0.0972, 0.9028
1, 0.0982, 0.9018
1, 0.0971, 0.9029
1, 0.1057, 0.8943
1, 0.0985, 0.9015
1, 0.0956, 0.9044
1, 0.0965, 0.9035
1, 0.0923, 0.9077
1, 0.0958, 0.9042
1, 0.099, 0.901
1, 0.0999, 0.9001
1, 0.0913, 0.9087
1, 0.1094, 0.8906
1, 0.1012, 0.8988
1, 0.0975, 0.9025
1, 0.095, 0.905
1, 0.1008, 0.8992
1, 0.16, 0.84
1, 0.092, 0.908
1, 0.1005, 0.8995
1, 0.0984, 0.9016
1, 0.0916, 0.9084
1, 0.0954, 0.9046
1, 0.0954, 0.9046
1, 0.0962, 0.9038
1, 0.1037, 0.8963
1, 0.1032, 0.8968
1, 0.098, 0.902
1, 0.098, 0.902
1, 0.0924, 0.9076
1, 0.0915, 0.9085
1, 0.0954, 0.9046
1, 0.1094, 0.8906
1, 0.1004, 0.8996
1, 0.0935, 0.9065
1, 0.0935, 0.9065
1, 0.0964, 0.9036
1, 0.0963, 0.9037
1, 0.0965, 0.9035
1, 0.1064, 0.8936
1, 0.091, 0.909
1, 0.0923, 0.9077
1, 0.0952, 0.9048
1, 0.1032, 0.8968
1, 0.0935, 0.9065
1, 0.0985, 0.9015
1, 0.0935, 0.9065
1, 0.0989, 0.9011
1, 0.0938, 0.9062
1, 0.0985, 0.9015
1, 0.1102, 0.8898
1, 0.092, 0.908
1, 0.0963, 0.9037
1, 0.0961, 0.9039
1, 0.0999, 0.9001
1, 0.0935, 0.9065
1, 0.097, 0.903
1, 0.0956, 0.9044
1, 0.0914, 0.9086
1, 0.0916, 0.9084
1, 0.0978, 0.9022
1, 0.0975, 0.9025
1, 0.0939, 0.9061
1, 0.0952, 0.9048
1, 0.1043, 0.8957
1, 0.0959, 0.9041
1, 0.0994, 0.9006
1, 0.1064, 0.8936
1, 0.0917, 0.9083
1, 0.0935, 0.9065
1, 0.0924, 0.9076
1, 0.0919, 0.9081
1, 0.095, 0.905
1, 0.0955, 0.9045
1, 0.0973, 0.9027
1, 0.1032, 0.8968
1, 0.0949, 0.9051
1, 0.0939, 0.9061
1, 0.098, 0.902
1, 0.0971, 0.9029
1, 0.0916, 0.9084
1, 0.0939, 0.9061
1, 0.0953, 0.9047
1, 0.093, 0.907
1, 0.0965, 0.9035
1, 0.0977, 0.9023
1, 0.099, 0.901
1, 0.0937, 0.9063
1, 0.0956, 0.9044
1, 0.1012, 0.8988
1, 0.1004, 0.8996
1, 0.1032, 0.8968
1, 0.1053, 0.8947
1, 0.1013, 0.8987
1, 0.0954, 0.9046
1, 0.0985, 0.9015
1, 0.1004, 0.8996
1, 0.1039, 0.8961
1, 0.0985, 0.9015
1, 0.0956, 0.9044
1, 0.0935, 0.9065
1, 0.1061, 0.8939
1, 0.0935, 0.9065
1, 0.0984, 0.9016
1, 0.0993, 0.9007
1, 0.1043, 0.8957
1, 0.0993, 0.9007
1, 0.0919, 0.9081
1, 0.098, 0.902
1, 0.0985, 0.9015
1, 0.0983, 0.9017
1, 0.0973, 0.9027
1, 0.0919, 0.9081
1, 0.099, 0.901
1, 0.1024, 0.8976
1, 0.0985, 0.9015
1, 0.0973, 0.9027
1, 0.0935, 0.9065
1, 0.0957, 0.9043
1, 0.0971, 0.9029
1, 0.095, 0.905
1, 0.0954, 0.9046
1, 0.0937, 0.9063
1, 0.0933, 0.9067
1, 0.1044, 0.8956
1, 0.099, 0.901
1, 0.1034, 0.8966
1, 0.1043, 0.8957
1, 0.0966, 0.9034
1, 0.0994, 0.9006
1, 0.0935, 0.9065
1, 0.0918, 0.9082
1, 0.1517, 0.8483
1, 0.0963, 0.9037
1, 0.0962, 0.9038
1, 0.097, 0.903
1, 0.0965, 0.9035
1, 0.0962, 0.9038
1, 0.0917, 0.9083
1, 0.0978, 0.9022
1, 0.0943, 0.9057
1, 0.0989, 0.9011
1, 0.1043, 0.8957
1, 0.0984, 0.9016
1, 0.0994, 0.9006
1, 0.0935, 0.9065
1, 0.098, 0.902
1, 0.0919, 0.9081
1, 0.0919, 0.9081
1, 0.0939, 0.9061
1, 0.0963, 0.9037
1, 0.1094, 0.8906
1, 0.0978, 0.9022
1, 0.0964, 0.9036
1, 0.095, 0.905
1, 0.0971, 0.9029
1, 0.0984, 0.9016
1, 0.0963, 0.9037
1, 0.0968, 0.9032
1, 0.0978, 0.9022
1, 0.0961, 0.9039
1, 0.099, 0.901
1, 0.0989, 0.9011
1, 0.0961, 0.9039
1, 0.0948, 0.9052
1, 0.0963, 0.9037
1, 0.0984, 0.9016
1, 0.0962, 0.9038
1, 0.092, 0.908
1, 0.0956, 0.9044
1, 0.0963, 0.9037
1, 0.0919, 0.9081
1, 0.0926, 0.9074
1, 0.0963, 0.9037
1, 0.0937, 0.9063
1, 0.0982, 0.9018
1, 0.0938, 0.9062
1, 0.0984, 0.9016
1, 0.0971, 0.9029
1, 0.0959, 0.9041
1, 0.0923, 0.9077
1, 0.0938, 0.9062
1, 0.0928, 0.9072
1, 0.0952, 0.9048
1, 0.1026, 0.8974
1, 0.0981, 0.9019
1, 0.096, 0.904
1, 0.099, 0.901
1, 0.0913, 0.9087
1, 0.0951, 0.9049
1, 0.0942, 0.9058
1, 0.1094, 0.8906
1, 0.0919, 0.9081
1, 0.0953, 0.9047
1, 0.094, 0.906
1, 0.0982, 0.9018
1, 0.093, 0.907
1, 0.1005, 0.8995
1, 0.0956, 0.9044
1, 0.0954, 0.9046
1, 0.1754, 0.8246
1, 0.0984, 0.9016
1, 0.0933, 0.9067
1, 0.0956, 0.9044
1, 0.1026, 0.8974
1, 0.0956, 0.9044
1, 0.0923, 0.9077
1, 0.0935, 0.9065
1, 0.0919, 0.9081
1, 0.092, 0.908
1, 0.0974, 0.9026
1, 0.0954, 0.9046
1, 0.1896, 0.8104
1, 0.1094, 0.8906
1, 0.0954, 0.9046
1, 0.092, 0.908
1, 0.1013, 0.8987
1, 0.0971, 0.9029
1, 0.1005, 0.8995
1, 0.1004, 0.8996
1, 0.0935, 0.9065
1, 0.0956, 0.9044
1, 0.0984, 0.9016
1, 0.0935, 0.9065
1, 0.0954, 0.9046
1, 0.1061, 0.8939
1, 0.0938, 0.9062
1, 0.0919, 0.9081
1, 0.0918, 0.9082
1, 0.0934, 0.9066
1, 0.1022, 0.8978
1, 0.0919, 0.9081
1, 0.0954, 0.9046
1, 0.0953, 0.9047
1, 0.0924, 0.9076
1, 0.097, 0.903
1, 0.0983, 0.9017
1, 0.0925, 0.9075
1, 0.0929, 0.9071
1, 0.0965, 0.9035
1, 0.0935, 0.9065
1, 0.0935, 0.9065
1, 0.0935, 0.9065
1, 0.0919, 0.9081
1, 0.097, 0.903
1, 0.0921, 0.9079
1, 0.098, 0.902
1, 0.0966, 0.9034
1, 0.0935, 0.9065
1, 0.0935, 0.9065
1, 0.0971, 0.9029
1, 0.1053, 0.8947
1, 0.095, 0.905
1, 0.0956, 0.9044
1, 0.0935, 0.9065
1, 0.099, 0.901
1, 0.0922, 0.9078
1, 0.0989, 0.9011
1, 0.0919, 0.9081
1, 0.0956, 0.9044
1, 0.0952, 0.9048
1, 0.095, 0.905
1, 0.1004, 0.8996
1, 0.1022, 0.8978
1, 0.0993, 0.9007
1, 0.0935, 0.9065
1, 0.1636, 0.8364
1, 0.0985, 0.9015
1, 0.0962, 0.9038
1, 0.1022, 0.8978
1, 0.0976, 0.9024
1, 0.0959, 0.9041
1, 0.097, 0.903
1, 0.1468, 0.8532
1, 0.0952, 0.9048
1, 0.0954, 0.9046
1, 0.0984, 0.9016
1, 0.097, 0.903
1, 0.1026, 0.8974
1, 0.0976, 0.9024
1, 0.0982, 0.9018
1, 0.0919, 0.9081
1, 0.1578, 0.8422
1, 0.1017, 0.8983
1, 0.0935, 0.9065
1, 0.0923, 0.9077
1, 0.0984, 0.9016
1, 0.0971, 0.9029
1, 0.0919, 0.9081
1, 0.1043, 0.8957
1, 0.0994, 0.9006
1, 0.099, 0.901
1, 0.0971, 0.9029
1, 0.1094, 0.8906
1, 0.0937, 0.9063
1, 0.0956, 0.9044
1, 0.0935, 0.9065
1, 0.0978, 0.9022
1, 0.099, 0.901
1, 0.0985, 0.9015
1, 0.1005, 0.8995
1, 0.0984, 0.9016
1, 0.0926, 0.9074
1, 0.0964, 0.9036
1, 0.0923, 0.9077
1, 0.1032, 0.8968
1, 0.0979, 0.9021
1, 0.0964, 0.9036
1, 0.1022, 0.8978
1, 0.0917, 0.9083
1, 0.0927, 0.9073
1, 0.0989, 0.9011
1, 0.1043, 0.8957
1, 0.0933, 0.9067
1, 0.092, 0.908
1, 0.0993, 0.9007
1, 0.1039, 0.8961
1, 0.0989, 0.9011
1, 0.093, 0.907
1, 0.0963, 0.9037
1, 0.0993, 0.9007
1, 0.0973, 0.9027
1, 0.0963, 0.9037
1, 0.0921, 0.9079
1, 0.0993, 0.9007
1, 0.0976, 0.9024
1, 0.0968, 0.9032
1, 0.0927, 0.9073
1, 0.0912, 0.9088
1, 0.094, 0.906
1, 0.1026, 0.8974
1, 0.0959, 0.9041
1, 0.0951, 0.9049
1, 0.0982, 0.9018
1, 0.0987, 0.9013
1, 0.0951, 0.9049
1, 0.0926, 0.9074
1, 0.0936, 0.9064
1, 0.094, 0.906
1, 0.0933, 0.9067
1, 0.094, 0.906
1, 0.0925, 0.9075
1, 0.093, 0.907
1, 0.0935, 0.9065
1, 0.093, 0.907
1, 0.1029, 0.8971
1, 0.1094, 0.8906
1, 0.0917, 0.9083
1, 0.092, 0.908
1, 0.098, 0.902
1, 0.105, 0.895
1, 0.1005, 0.8995
1, 0.0941, 0.9059
1, 0.1005, 0.8995
1, 0.0984, 0.9016
1, 0.1039, 0.8961
1, 0.0912, 0.9088
1, 0.0976, 0.9024
1, 0.0987, 0.9013
1, 0.0926, 0.9074
1, 0.0939, 0.9061
1, 0.0956, 0.9044
1, 0.0965, 0.9035
1, 0.0964, 0.9036
1, 0.0956, 0.9044
1, 0.0925, 0.9075
1, 0.0919, 0.9081
1, 0.0917, 0.9083
1, 0.0964, 0.9036
1, 0.0919, 0.9081
1, 0.0984, 0.9016
1, 0.0989, 0.9011
1, 0.094, 0.906
1, 0.0913, 0.9087
1, 0.0989, 0.9011
1, 0.0963, 0.9037
1, 0.1025, 0.8975
1, 0.0921, 0.9079
1, 0.0927, 0.9073
1, 0.0935, 0.9065
1, 0.0931, 0.9069
1, 0.0926, 0.9074
1, 0.0963, 0.9037
1, 0.0918, 0.9082
1, 0.0939, 0.9061
1, 0.0959, 0.9041
1, 0.0928, 0.9072
1, 0.0921, 0.9079
1, 0.1064, 0.8936
1, 0.1004, 0.8996
1, 0.0982, 0.9018
1, 0.0984, 0.9016
1, 0.0969, 0.9031
1, 0.097, 0.903
1, 0.1061, 0.8939
1, 0.0978, 0.9022
1, 0.0913, 0.9087
1, 0.1026, 0.8974
1, 0.0916, 0.9084
1, 0.0949, 0.9051
1, 0.0951, 0.9049
1, 0.0942, 0.9058
1, 0.0984, 0.9016
1, 0.0919, 0.9081
1, 0.0983, 0.9017
1, 0.0954, 0.9046
1, 0.0919, 0.9081
1, 0.094, 0.906
1, 0.0918, 0.9082
1, 0.0922, 0.9078
1, 0.0954, 0.9046
1, 0.1094, 0.8906
1, 0.093, 0.907
1, 0.0939, 0.9061
1, 0.0927, 0.9073
1, 0.0971, 0.9029
1, 0.0935, 0.9065
1, 0.1005, 0.8995
1, 0.0956, 0.9044
1, 0.0937, 0.9063
1, 0.0966, 0.9034
1, 0.0984, 0.9016
1, 0.099, 0.901
1, 0.092, 0.908
1, 0.0935, 0.9065
1, 0.0929, 0.9071
1, 0.0989, 0.9011
1, 0.1008, 0.8992
1, 0.0935, 0.9065
1, 0.0956, 0.9044
1, 0.0965, 0.9035
1, 0.0954, 0.9046
1, 0.0954, 0.9046
1, 0.1094, 0.8906
1, 0.0963, 0.9037
1, 0.0923, 0.9077
1, 0.0956, 0.9044
1, 0.0935, 0.9065
1, 0.0935, 0.9065
1, 0.1037, 0.8963
1, 0.0956, 0.9044
1, 0.0978, 0.9022
1, 0.098, 0.902
1, 0.0919, 0.9081
1, 0.0927, 0.9073
1, 0.1102, 0.8898
1, 0.0952, 0.9048
1, 0.1004, 0.8996
1, 0.0932, 0.9068
1, 0.0955, 0.9045
1, 0.0984, 0.9016
1, 0.095, 0.905
1, 0.0954, 0.9046
1, 0.1064, 0.8936
1, 0.0935, 0.9065
1, 0.0978, 0.9022
1, 0.0935, 0.9065
1, 0.1806, 0.8194
1, 0.0919, 0.9081
1, 0.092, 0.908
1, 0.0984, 0.9016
1, 0.1044, 0.8956
1, 0.1774, 0.8226
1, 0.0985, 0.9015
1, 0.0971, 0.9029
1, 0.097, 0.903
1, 0.093, 0.907
1, 0.0954, 0.9046
1, 0.0921, 0.9079
1, 0.1009, 0.8991
1, 0.0938, 0.9062
1, 0.0916, 0.9084
1, 0.0935, 0.9065
1, 0.097, 0.903
1, 0.099, 0.901
1, 0.0949, 0.9051
1, 0.0935, 0.9065
1, 0.1039, 0.8961
1, 0.0971, 0.9029
1, 0.0936, 0.9064
1, 0.0984, 0.9016
1, 0.0965, 0.9035
1, 0.0952, 0.9048
1, 0.099, 0.901
1, 0.0939, 0.9061
1, 0.0978, 0.9022
1, 0.0919, 0.9081
1, 0.0935, 0.9065
1, 0.0982, 0.9018
1, 0.0935, 0.9065
1, 0.0984, 0.9016
1, 0.1046, 0.8954
1, 0.0971, 0.9029
1, 0.098, 0.902
1, 0.1022, 0.8978
1, 0.1026, 0.8974
1, 0.0919, 0.9081
1, 0.0956, 0.9044
1, 0.099, 0.901
1, 0.095, 0.905
1, 0.0971, 0.9029
1, 0.0935, 0.9065
1, 0.097, 0.903
1, 0.0971, 0.9029
1, 0.0919, 0.9081
1, 0.0956, 0.9044
1, 0.1053, 0.8947
1, 0.1094, 0.8906
1, 0.0919, 0.9081
1, 0.1046, 0.8954
1, 0.0984, 0.9016
1, 0.099, 0.901
1, 0.0969, 0.9031
1, 0.0923, 0.9077
1, 0.0958, 0.9042
1, 0.0984, 0.9016
1, 0.1005, 0.8995
1, 0.0919, 0.9081
1, 0.0985, 0.9015
1, 0.0917, 0.9083
1, 0.0984, 0.9016
1, 0.1102, 0.8898
1, 0.0936, 0.9064
1, 0.1005, 0.8995
1, 0.1033, 0.8967
1, 0.0954, 0.9046
1, 0.0971, 0.9029
1, 0.0918, 0.9082
1, 0.0984, 0.9016
1, 0.0987, 0.9013
1, 0.0983, 0.9017
1, 0.0919, 0.9081
1, 0.0939, 0.9061
1, 0.099, 0.901
1, 0.1016, 0.8984
1, 0.0965, 0.9035
1, 0.092, 0.908
1, 0.1094, 0.8906
1, 0.0922, 0.9078
1, 0.0971, 0.9029
1, 0.0954, 0.9046
1, 0.1008, 0.8992
1, 0.0965, 0.9035
1, 0.1005, 0.8995
1, 0.0935, 0.9065
1, 0.0933, 0.9067
1, 0.0984, 0.9016
1, 0.098, 0.902
1, 0.099, 0.901
1, 0.1039, 0.8961
1, 0.0935, 0.9065
1, 0.0993, 0.9007
1, 0.0956, 0.9044
1, 0.095, 0.905
1, 0.1037, 0.8963
1, 0.1013, 0.8987
1, 0.0962, 0.9038
1, 0.0976, 0.9024
1, 0.098, 0.902
1, 0.0974, 0.9026
1, 0.0935, 0.9065
1, 0.0923, 0.9077
1, 0.0966, 0.9034
1, 0.0935, 0.9065
1, 0.1064, 0.8936
1, 0.0963, 0.9037
1, 0.095, 0.905
1, 0.0931, 0.9069
1, 0.0926, 0.9074
1, 0.0984, 0.9016
1, 0.0944, 0.9056
1, 0.0984, 0.9016
1, 0.1032, 0.8968
1, 0.092, 0.908
1, 0.099, 0.901
1, 0.0966, 0.9034
1, 0.0985, 0.9015
1, 0.0978, 0.9022
1, 0.0938, 0.9062
1, 0.0931, 0.9069
1, 0.0917, 0.9083
1, 0.0924, 0.9076
1, 0.0956, 0.9044
1, 0.0923, 0.9077
1, 0.1022, 0.8978
1, 0.0943, 0.9057
1, 0.0942, 0.9058
1, 0.0923, 0.9077
1, 0.0956, 0.9044
1, 0.0926, 0.9074
1, 0.0944, 0.9056
1, 0.1043, 0.8957
1, 0.0934, 0.9066
1, 0.0994, 0.9006
1, 0.1039, 0.8961
1, 0.0939, 0.9061
1, 0.0931, 0.9069
1, 0.0993, 0.9007
1, 0.0977, 0.9023
1, 0.0927, 0.9073
1, 0.0973, 0.9027
1, 0.0956, 0.9044
1, 0.0937, 0.9063
1, 0.0928, 0.9072
1, 0.0965, 0.9035
1, 0.0976, 0.9024
1, 0.092, 0.908
1, 0.0923, 0.9077
1, 0.0937, 0.9063
1, 0.096, 0.904
1, 0.0977, 0.9023
1, 0.1032, 0.8968
1, 0.1026, 0.8974
1, 0.0954, 0.9046
1, 0.0982, 0.9018
1, 0.0956, 0.9044
1, 0.0947, 0.9053
1, 0.1012, 0.8988
1, 0.0916, 0.9084
1, 0.0915, 0.9085
1, 0.1039, 0.8961
1, 0.0923, 0.9077
1, 0.1039, 0.8961
1, 0.0935, 0.9065
1, 0.0993, 0.9007
1, 0.092, 0.908
1, 0.0939, 0.9061
1, 0.0993, 0.9007
1, 0.0976, 0.9024
1, 0.0925, 0.9075
1, 0.096, 0.904
1, 0.0978, 0.9022
1, 0.0947, 0.9053
1, 0.0954, 0.9046
1, 0.1094, 0.8906
1, 0.0973, 0.9027
1, 0.0935, 0.9065
1, 0.0917, 0.9083
1, 0.0965, 0.9035
1, 0.1005, 0.8995
1, 0.0919, 0.9081
1, 0.1064, 0.8936
1, 0.0935, 0.9065
1, 0.0984, 0.9016
1, 0.0919, 0.9081
1, 0.0965, 0.9035
1, 0.0924, 0.9076
1, 0.0931, 0.9069
1, 0.0954, 0.9046
1, 0.0972, 0.9028
1, 0.0932, 0.9068
1, 0.0924, 0.9076
1, 0.0962, 0.9038
1, 0.0978, 0.9022
1, 0.0942, 0.9058
1, 0.095, 0.905
1, 0.0935, 0.9065
1, 0.095, 0.905
1, 0.1469, 0.8531
1, 0.0935, 0.9065
1, 0.0984, 0.9016
1, 0.1039, 0.8961
1, 0.098, 0.902
1, 0.0964, 0.9036
1, 0.0925, 0.9075
1, 0.1102, 0.8898
1, 0.0984, 0.9016
1, 0.0919, 0.9081
1, 0.0954, 0.9046
1, 0.095, 0.905
1, 0.0919, 0.9081
1, 0.0931, 0.9069
1, 0.0954, 0.9046
1, 0.0971, 0.9029
1, 0.0989, 0.9011
1, 0.0959, 0.9041
1, 0.0971, 0.9029
1, 0.0978, 0.9022
1, 0.0935, 0.9065
1, 0.0935, 0.9065
1, 0.1022, 0.8978
1, 0.0936, 0.9064
1, 0.0966, 0.9034
1, 0.0963, 0.9037
1, 0.0947, 0.9053
1, 0.099, 0.901
1, 0.0984, 0.9016
1, 0.0968, 0.9032
1, 0.0953, 0.9047
1, 0.0935, 0.9065
1, 0.0919, 0.9081
1, 0.0966, 0.9034
1, 0.0919, 0.9081
1, 0.0926, 0.9074
1, 0.097, 0.903
1, 0.0939, 0.9061
1, 0.0938, 0.9062
1, 0.0951, 0.9049
1, 0.1008, 0.8992
1, 0.0968, 0.9032
1, 0.0911, 0.9089
1, 0.0947, 0.9053
1, 0.0934, 0.9066
1, 0.0971, 0.9029
1, 0.0917, 0.9083
1, 0.0931, 0.9069
1, 0.0984, 0.9016
1, 0.0942, 0.9058
1, 0.0951, 0.9049
1, 0.0919, 0.9081
1, 0.099, 0.901
1, 0.1037, 0.8963
1, 0.0957, 0.9043
1, 0.094, 0.906
1, 0.0971, 0.9029
1, 0.0934, 0.9066
1, 0.0938, 0.9062
1, 0.0928, 0.9072
1, 0.1004, 0.8996
1, 0.1046, 0.8954
1, 0.0956, 0.9044
1, 0.093, 0.907
1, 0.099, 0.901
1, 0.1064, 0.8936
1, 0.0914, 0.9086
1, 0.0947, 0.9053
1, 0.0956, 0.9044
1, 0.0943, 0.9057
1, 0.0953, 0.9047
1, 0.0985, 0.9015
1, 0.0923, 0.9077
1, 0.0929, 0.9071
1, 0.1046, 0.8954
1, 0.0983, 0.9017
1, 0.0978, 0.9022
1, 0.0931, 0.9069
1, 0.1022, 0.8978
1, 0.0933, 0.9067
1, 0.1102, 0.8898
1, 0.0956, 0.9044
1, 0.0946, 0.9054
1, 0.0965, 0.9035
1, 0.1005, 0.8995
1, 0.098, 0.902
1, 0.0926, 0.9074
1, 0.0947, 0.9053
1, 0.092, 0.908
1, 0.0919, 0.9081
1, 0.1039, 0.8961
1, 0.0956, 0.9044
1, 0.0954, 0.9046
1, 0.1064, 0.8936
1, 0.0919, 0.9081
1, 0.0978, 0.9022
1, 0.0935, 0.9065
1, 0.0921, 0.9079
1, 0.0984, 0.9016
1, 0.0919, 0.9081
1, 0.0954, 0.9046
1, 0.0935, 0.9065
1, 0.0923, 0.9077
1, 0.0971, 0.9029
1, 0.1094, 0.8906
1, 0.0935, 0.9065
1, 0.0925, 0.9075
1, 0.099, 0.901
1, 0.0955, 0.9045
1, 0.0978, 0.9022
1, 0.1009, 0.8991
1, 0.0935, 0.9065
1, 0.0984, 0.9016
1, 0.1039, 0.8961
1, 0.0937, 0.9063
1, 0.0919, 0.9081
1, 0.0954, 0.9046
1, 0.1041, 0.8959
1, 0.0954, 0.9046
1, 0.0971, 0.9029
1, 0.0978, 0.9022
1, 0.0935, 0.9065
1, 0.1005, 0.8995
1, 0.099, 0.901
1, 0.0984, 0.9016
1, 0.1068, 0.8932
1, 0.0919, 0.9081
1, 0.097, 0.903
1, 0.0935, 0.9065
1, 0.0985, 0.9015
1, 0.0971, 0.9029
1, 0.0982, 0.9018
1, 0.1044, 0.8956
1, 0.099, 0.901
1, 0.1026, 0.8974
1, 0.0954, 0.9046
1, 0.097, 0.903
1, 0.0965, 0.9035
1, 0.0984, 0.9016
1, 0.0984, 0.9016
1, 0.1094, 0.8906
1, 0.0919, 0.9081
1, 0.098, 0.902
1, 0.1005, 0.8995
1, 0.1025, 0.8975
1, 0.0984, 0.9016
1, 0.0971, 0.9029
1, 0.095, 0.905
1, 0.0993, 0.9007
1, 0.099, 0.901
1, 0.1039, 0.8961
1, 0.0965, 0.9035
1, 0.0959, 0.9041
1, 0.0916, 0.9084
1, 0.0976, 0.9024
1, 0.0935, 0.9065
1, 0.0984, 0.9016
1, 0.098, 0.902
1, 0.1033, 0.8967
1, 0.0939, 0.9061
1, 0.095, 0.905
1, 0.0965, 0.9035
1, 0.1094, 0.8906
1, 0.0953, 0.9047
1, 0.098, 0.902
1, 0.1005, 0.8995
1, 0.0915, 0.9085
1, 0.0984, 0.9016
1, 0.0948, 0.9052
1, 0.0956, 0.9044
1, 0.095, 0.905
1, 0.0923, 0.9077
1, 0.0939, 0.9061
1, 0.0974, 0.9026
1, 0.0912, 0.9088
1, 0.1085, 0.8915
1, 0.0959, 0.9041
1, 0.0966, 0.9034
1, 0.0985, 0.9015
1, 0.0969, 0.9031
1, 0.0908, 0.9092
1, 0.0913, 0.9087
1, 0.0946, 0.9054
1, 0.0959, 0.9041
1, 0.0924, 0.9076
1, 0.0974, 0.9026
1, 0.0925, 0.9075
1, 0.0961, 0.9039
1, 0.0926, 0.9074
1, 0.09, 0.91
1, 0.104, 0.896
1, 0.0931, 0.9069
1, 0.0936, 0.9064
1, 0.0925, 0.9075
1, 0.1022, 0.8978
1, 0.1085, 0.8915
1, 0.0989, 0.9011
1, 0.0976, 0.9024
1, 0.0948, 0.9052
1, 0.0955, 0.9045
1, 0.0959, 0.9041
1, 0.0922, 0.9078
1, 0.0974, 0.9026
1, 0.0942, 0.9058
1, 0.0926, 0.9074
1, 0.0957, 0.9043
1, 0.0925, 0.9075
1, 0.0963, 0.9037
1, 0.0945, 0.9055
1, 0.0969, 0.9031
1, 0.0951, 0.9049
1, 0.0964, 0.9036
1, 0.1056, 0.8944
1, 0.0988, 0.9012
1, 0.0977, 0.9023
1, 0.0901, 0.9099
1, 0.0938, 0.9062
1, 0.0985, 0.9015
1, 0.0948, 0.9052
1, 0.0915, 0.9085
1, 0.0908, 0.9092
1, 0.0971, 0.9029
1, 0.0915, 0.9085
1, 0.0927, 0.9073
1, 0.0909, 0.9091
1, 0.1022, 0.8978
1, 0.0951, 0.9049
1, 0.0981, 0.9019
1, 0.0964, 0.9036
1, 0.0932, 0.9068
1, 0.0962, 0.9038
1, 0.0926, 0.9074
1, 0.0954, 0.9046
1, 0.0967, 0.9033
1, 0.0956, 0.9044
1, 0.0972, 0.9028
1, 0.0992, 0.9008
1, 0.0953, 0.9047
1, 0.0917, 0.9083
1, 0.0958, 0.9042
1, 0.0965, 0.9035
1, 0.0948, 0.9052
1, 0.0985, 0.9015
1, 0.0929, 0.9071
1, 0.0908, 0.9092
1, 0.0956, 0.9044
1, 0.0901, 0.9099
1, 0.0951, 0.9049
1, 0.0959, 0.9041
1, 0.0952, 0.9048
1, 0.0959, 0.9041
1, 0.0974, 0.9026
1, 0.0903, 0.9097
1, 0.0958, 0.9042
1, 0.0973, 0.9027
1, 0.0907, 0.9093
1, 0.0915, 0.9085
1, 0.0947, 0.9053
1, 0.0977, 0.9023
1, 0.0992, 0.9008
1, 0.0958, 0.9042
1, 0.0966, 0.9034
1, 0.0957, 0.9043
1, 0.0987, 0.9013
1, 0.0948, 0.9052
1, 0.0976, 0.9024
1, 0.0985, 0.9015
1, 0.0908, 0.9092
1, 0.0955, 0.9045
1, 0.1011, 0.8989
1, 0.0965, 0.9035
1, 0.0962, 0.9038
1, 0.0951, 0.9049
1, 0.0957, 0.9043
1, 0.0974, 0.9026
1, 0.1022, 0.8978
1, 0.0916, 0.9084
1, 0.1005, 0.8995
1, 0.0922, 0.9078
1, 0.093, 0.907
1, 0.0989, 0.9011
1, 0.0914, 0.9086
1, 0.1053, 0.8947
1, 0.0926, 0.9074
1, 0.0959, 0.9041
1, 0.0902, 0.9098
1, 0.0979, 0.9021
1, 0.0925, 0.9075
1, 0.0908, 0.9092
1, 0.0963, 0.9037
1, 0.0977, 0.9023
1, 0.0959, 0.9041
1, 0.0974, 0.9026
1, 0.0948, 0.9052
1, 0.0958, 0.9042
1, 0.0908, 0.9092
1, 0.0965, 0.9035
1, 0.0989, 0.9011
1, 0.0976, 0.9024
1, 0.0918, 0.9082
1, 0.1023, 0.8977
1, 0.0955, 0.9045
1, 0.0983, 0.9017
1, 0.0916, 0.9084
1, 0.0966, 0.9034
1, 0.0964, 0.9036
1, 0.0944, 0.9056
1, 0.0964, 0.9036
1, 0.0922, 0.9078
1, 0.0971, 0.9029
1, 0.1004, 0.8996
1, 0.0919, 0.9081
1, 0.0999, 0.9001
1, 0.0926, 0.9074
1, 0.0957, 0.9043
1, 0.0909, 0.9091
1, 0.1049, 0.8951
1, 0.0985, 0.9015
1, 0.0988, 0.9012
1, 0.0925, 0.9075
1, 0.0908, 0.9092
1, 0.0908, 0.9092
1, 0.0972, 0.9028
1, 0.0957, 0.9043
1, 0.0933, 0.9067
1, 0.0959, 0.9041
1, 0.0918, 0.9082
1, 0.0974, 0.9026
1, 0.0948, 0.9052
1, 0.0984, 0.9016
1, 0.0929, 0.9071
1, 0.0926, 0.9074
1, 0.0923, 0.9077
1, 0.0988, 0.9012
1, 0.0948, 0.9052
1, 0.0957, 0.9043
1, 0.0925, 0.9075
1, 0.0973, 0.9027
1, 0.1049, 0.8951
1, 0.0901, 0.9099
1, 0.0977, 0.9023
1, 0.0952, 0.9048
1, 0.0948, 0.9052
1, 0.0944, 0.9056
1, 0.0987, 0.9013
1, 0.0902, 0.9098
1, 0.0964, 0.9036
1, 0.0969, 0.9031
1, 0.0907, 0.9093
1, 0.0988, 0.9012
1, 0.0911, 0.9089
1, 0.1022, 0.8978
1, 0.1015, 0.8985
1, 0.0937, 0.9063
1, 0.096, 0.904
1, 0.1048, 0.8952
1, 0.0978, 0.9022
1, 0.0916, 0.9084
1, 0.0958, 0.9042
1, 0.0962, 0.9038
1, 0.0902, 0.9098
1, 0.0919, 0.9081
1, 0.0985, 0.9015
1, 0.0959, 0.9041
1, 0.0972, 0.9028
1, 0.0955, 0.9045
1, 0.0992, 0.9008
1, 0.0957, 0.9043
1, 0.0977, 0.9023
1, 0.1011, 0.8989
1, 0.093, 0.907
1, 0.0902, 0.9098
1, 0.0971, 0.9029
1, 0.1049, 0.8951
1, 0.0914, 0.9086
1, 0.0948, 0.9052
1, 0.0955, 0.9045
1, 0.0925, 0.9075
1, 0.095, 0.905
1, 0.096, 0.904
1, 0.0908, 0.9092
1, 0.0916, 0.9084
1, 0.0974, 0.9026
1, 0.0988, 0.9012
1, 0.096, 0.904
1, 0.0926, 0.9074
1, 0.0962, 0.9038
1, 0.0965, 0.9035
1, 0.0999, 0.9001
1, 0.0922, 0.9078
1, 0.0976, 0.9024
1, 0.0908, 0.9092
1, 0.0985, 0.9015
1, 0.0918, 0.9082
1, 0.1052, 0.8948
1, 0.0966, 0.9034
1, 0.0973, 0.9027
1, 0.0979, 0.9021
1, 0.0994, 0.9006
1, 0.0974, 0.9026
1, 0.1053, 0.8947
1, 0.1002, 0.8998
1, 0.0989, 0.9011
1, 0.0952, 0.9048
1, 0.1016, 0.8984
1, 0.0981, 0.9019
1, 0.0961, 0.9039
1, 0.0908, 0.9092
1, 0.0972, 0.9028
1, 0.0973, 0.9027
1, 0.0939, 0.9061
1, 0.0924, 0.9076
1, 0.0919, 0.9081
1, 0.0918, 0.9082
1, 0.0909, 0.9091
1, 0.0925, 0.9075
1, 0.0909, 0.9091
1, 0.0959, 0.9041
1, 0.1023, 0.8977
1, 0.0917, 0.9083
1, 0.092, 0.908
1, 0.0948, 0.9052
1, 0.0942, 0.9058
1, 0.0985, 0.9015
1, 0.0926, 0.9074
1, 0.0929, 0.9071
1, 0.0954, 0.9046
1, 0.0964, 0.9036
1, 0.0958, 0.9042
1, 0.0955, 0.9045
1, 0.0983, 0.9017
1, 0.0973, 0.9027
1, 0.0907, 0.9093
1, 0.0911, 0.9089
1, 0.0989, 0.9011
1, 0.0959, 0.9041
1, 0.0917, 0.9083
1, 0.0964, 0.9036
1, 0.0965, 0.9035
1, 0.0974, 0.9026
1, 0.1022, 0.8978
1, 0.101, 0.899
1, 0.0958, 0.9042
1, 0.0981, 0.9019
1, 0.091, 0.909
1, 0.092, 0.908
1, 0.0974, 0.9026
1, 0.0909, 0.9091
1, 0.0999, 0.9001
1, 0.0957, 0.9043
1, 0.0918, 0.9082
1, 0.0973, 0.9027
1, 0.0903, 0.9097
1, 0.0914, 0.9086
1, 0.0962, 0.9038
1, 0.0955, 0.9045
1, 0.0948, 0.9052
1, 0.0985, 0.9015
1, 0.0966, 0.9034
1, 0.0964, 0.9036
1, 0.0961, 0.9039
1, 0.0918, 0.9082
1, 0.099, 0.901
1, 0.0941, 0.9059
1, 0.0935, 0.9065
1, 0.0926, 0.9074
1, 0.0959, 0.9041
1, 0.0908, 0.9092
1, 0.0961, 0.9039
1, 0.0912, 0.9088
1, 0.0912, 0.9088
1, 0.0966, 0.9034
1, 0.0948, 0.9052
1, 0.0959, 0.9041
1, 0.1518, 0.8482
1, 0.0969, 0.9031
1, 0.0913, 0.9087
1, 0.0908, 0.9092
1, 0.1501, 0.8499
1, 0.0946, 0.9054
1, 0.1018, 0.8982
1, 0.0925, 0.9075
1, 0.0931, 0.9069
1, 0.1597, 0.8403
1, 0.0961, 0.9039
1, 0.0926, 0.9074
1, 0.1552, 0.8448
1, 0.0985, 0.9015
1, 0.0974, 0.9026
1, 0.1606, 0.8394
1, 0.1523, 0.8477
1, 0.154, 0.846
1, 0.1018, 0.8982
1, 0.0925, 0.9075
1, 0.0903, 0.9097
1, 0.0948, 0.9052
1, 0.0952, 0.9048
1, 0.1096, 0.8904
1, 0.113, 0.887
1, 0.0978, 0.9022
1, 0.096, 0.904
1, 0.0949, 0.9051
1, 0.0965, 0.9035
1, 0.1118, 0.8882
1, 0.1169, 0.8831
1, 0.1112, 0.8888
1, 0.0971, 0.9029
1, 0.1101, 0.8899
1, 0.0951, 0.9049
1, 0.1133, 0.8867
1, 0.1232, 0.8768
1, 0.0924, 0.9076
1, 0.0985, 0.9015
1, 0.0947, 0.9053
1, 0.0964, 0.9036
1, 0.0908, 0.9092
1, 0.0926, 0.9074
1, 0.0929, 0.9071
1, 0.0959, 0.9041
1, 0.095, 0.905
1, 0.118, 0.882
1, 0.0961, 0.9039
1, 0.0974, 0.9026
1, 0.0917, 0.9083
1, 0.0967, 0.9033
1, 0.0972, 0.9028
1, 0.1048, 0.8952
1, 0.1252, 0.8748
1, 0.0948, 0.9052
1, 0.0965, 0.9035
1, 0.1019, 0.8981
1, 0.0929, 0.9071
1, 0.1235, 0.8765
1, 0.1087, 0.8913
1, 0.0989, 0.9011
1, 0.0951, 0.9049
1, 0.1093, 0.8907
1, 0.0957, 0.9043
1, 0.0958, 0.9042
1, 0.0912, 0.9088
1, 0.1019, 0.8981
1, 0.0915, 0.9085
1, 0.0998, 0.9002
1, 0.0964, 0.9036
1, 0.092, 0.908
1, 0.0952, 0.9048
1, 0.1048, 0.8952
1, 0.0957, 0.9043
1, 0.0989, 0.9011
1, 0.0949, 0.9051
1, 0.0989, 0.9011
1, 0.0985, 0.9015
1, 0.0961, 0.9039
1, 0.094, 0.906
1, 0.0948, 0.9052
1, 0.1093, 0.8907
1, 0.0989, 0.9011
1, 0.0908, 0.9092
1, 0.0926, 0.9074
1, 0.0918, 0.9082
1, 0.09, 0.91
1, 0.0959, 0.9041
1, 0.0978, 0.9022
1, 0.1026, 0.8974
1, 0.0978, 0.9022
1, 0.0989, 0.9011
1, 0.0974, 0.9026
1, 0.0917, 0.9083
1, 0.1053, 0.8947
1, 0.0969, 0.9031
1, 0.0965, 0.9035
1, 0.0914, 0.9086
1, 0.0979, 0.9021
1, 0.0971, 0.9029
1, 0.104, 0.896
1, 0.0919, 0.9081
1, 0.1022, 0.8978
1, 0.0903, 0.9097
1, 0.1005, 0.8995
1, 0.0955, 0.9045
1, 0.0964, 0.9036
1, 0.0929, 0.9071
1, 0.1029, 0.8971
1, 0.0989, 0.9011
1, 0.1053, 0.8947
1, 0.095, 0.905
1, 0.1085, 0.8915
1, 0.0929, 0.9071
1, 0.099, 0.901
1, 0.0979, 0.9021
1, 0.0956, 0.9044
1, 0.0976, 0.9024
1, 0.0916, 0.9084
1, 0.1091, 0.8909
1, 0.1612, 0.8388
1, 0.1093, 0.8907
1, 0.0978, 0.9022
1, 0.0948, 0.9052
1, 0.095, 0.905
1, 0.0989, 0.9011
1, 0.0959, 0.9041
1, 0.0967, 0.9033
1, 0.1048, 0.8952
1, 0.0971, 0.9029
1, 0.0972, 0.9028
1, 0.0908, 0.9092
1, 0.0985, 0.9015
1, 0.0989, 0.9011
1, 0.099, 0.901
1, 0.0965, 0.9035
1, 0.0926, 0.9074
1, 0.0974, 0.9026
1, 0.0953, 0.9047
1, 0.0909, 0.9091
1, 0.0971, 0.9029
1, 0.0964, 0.9036
1, 0.1005, 0.8995
1, 0.0917, 0.9083
1, 0.0973, 0.9027
1, 0.0932, 0.9068
1, 0.0959, 0.9041
1, 0.0929, 0.9071
1, 0.0926, 0.9074
1, 0.096, 0.904
1, 0.0965, 0.9035
1, 0.1053, 0.8947
1, 0.1085, 0.8915
1, 0.1029, 0.8971
1, 0.0949, 0.9051
1, 0.0956, 0.9044
1, 0.0913, 0.9087
1, 0.0976, 0.9024
1, 0.0918, 0.9082
1, 0.0954, 0.9046
1, 0.0985, 0.9015
1, 0.0911, 0.9089
1, 0.0966, 0.9034
1, 0.0915, 0.9085
1, 0.0926, 0.9074
1, 0.104, 0.896
1, 0.0957, 0.9043
1, 0.1022, 0.8978
1, 0.0974, 0.9026
1, 0.0933, 0.9067
1, 0.0979, 0.9021
1, 0.0965, 0.9035
1, 0.1019, 0.8981
1, 0.0956, 0.9044
1, 0.0951, 0.9049
1, 0.0929, 0.9071
1, 0.0965, 0.9035
1, 0.0983, 0.9017
1, 0.0996, 0.9004
1, 0.0991, 0.9009
1, 0.096, 0.904
1, 0.1055, 0.8945
1, 0.0981, 0.9019
1, 0.0981, 0.9019
1, 0.1795, 0.8205
1, 0.0911, 0.9089
1, 0.048, 0.952
1, 0.1143, 0.8857
1, 0.0922, 0.9078
1, 0.0915, 0.9085
1, 0.0972, 0.9028
1, 0.0943, 0.9057
1, 0.0918, 0.9082
1, 0.0911, 0.9089
1, 0.093, 0.907
1, 0.0959, 0.9041
1, 0.091, 0.909
1, 0.0909, 0.9091
1, 0.0938, 0.9062
1, 0.0911, 0.9089
1, 0.0915, 0.9085
1, 0.0911, 0.9089
1, 0.0907, 0.9093
1, 0.0913, 0.9087
1, 0.0979, 0.9021
1, 0.0922, 0.9078
1, 0.0938, 0.9062
1, 0.0937, 0.9063
1, 0.0986, 0.9014
1, 0.0929, 0.9071
1, 0.0947, 0.9053
1, 0.0934, 0.9066
1, 0.0938, 0.9062
1, 0.0946, 0.9054
1, 0.0985, 0.9015
1, 0.0943, 0.9057
1, 0.1045, 0.8955
1, 0.105, 0.895
1, 0.0973, 0.9027
1, 0.1039, 0.8961
1, 0.1047, 0.8953
1, 0.0944, 0.9056
1, 0.0948, 0.9052
1, 0.095, 0.905
1, 0.0981, 0.9019
1, 0.0989, 0.9011
1, 0.0978, 0.9022
1, 0.0914, 0.9086
1, 0.1097, 0.8903
1, 0.0949, 0.9051
1, 0.0948, 0.9052
1, 0.0936, 0.9064
1, 0.1016, 0.8984
1, 0.0904, 0.9096
1, 0.1042, 0.8958
1, 0.0914, 0.9086
1, 0.096, 0.904
1, 0.0935, 0.9065
1, 0.1552, 0.8448
1, 0.1533, 0.8467
1, 0.1528, 0.8472
1, 0.1187, 0.8813
1, 0.1088, 0.8912
1, 0.0943, 0.9057
1, 0.0936, 0.9064
1, 0.0945, 0.9055
1, 0.0929, 0.9071
1, 0.0954, 0.9046
1, 0.0962, 0.9038
1, 0.0966, 0.9034
1, 0.0957, 0.9043
1, 0.1037, 0.8963
1, 0.1074, 0.8926
1, 0.1046, 0.8954
1, 0.0981, 0.9019
1, 0.0978, 0.9022
1, 0.0957, 0.9043
1, 0.0979, 0.9021
1, 0.5068, 0.4932
1, 0.0941, 0.9059
1, 0.0965, 0.9035
1, 0.0941, 0.9059
1, 0.1022, 0.8978
1, 0.101, 0.899
1, 0.108, 0.892
1, 0.1076, 0.8924
1, 0.0949, 0.9051
1, 0.1077, 0.8923
1, 0.107, 0.893
1, 0.1607, 0.8393
1, 0.1605, 0.8395
1, 0.0974, 0.9026
1, 0.0969, 0.9031
1, 0.1076, 0.8924
1, 0.0984, 0.9016
1, 0.0941, 0.9059
1, 0.0943, 0.9057
1, 0.0981, 0.9019
1, 0.0989, 0.9011
1, 0.1018, 0.8982
1, 0.1077, 0.8923
1, 0.1569, 0.8431
1, 0.1624, 0.8376
1, 0.0978, 0.9022
1, 0.0965, 0.9035
1, 0.0951, 0.9049
1, 0.0947, 0.9053
1, 0.1001, 0.8999
1, 0.0971, 0.9029
1, 0.0962, 0.9038
1, 0.0958, 0.9042
1, 0.0935, 0.9065
1, 0.0961, 0.9039
1, 0.0961, 0.9039
1, 0.093, 0.907
1, 0.0932, 0.9068
1, 0.0981, 0.9019
1, 0.0972, 0.9028
1, 0.093, 0.907
1, 0.0926, 0.9074
1, 0.0936, 0.9064
1, 0.0921, 0.9079
1, 0.0952, 0.9048
1, 0.0936, 0.9064
1, 0.0989, 0.9011
1, 0.1006, 0.8994
1, 0.0948, 0.9052
1, 0.0957, 0.9043
1, 0.0994, 0.9006
1, 0.0955, 0.9045
1, 0.094, 0.906
1, 0.0942, 0.9058
1, 0.0956, 0.9044
1, 0.0961, 0.9039
1, 0.0953, 0.9047
1, 0.0959, 0.9041
1, 0.0934, 0.9066
1, 0.0957, 0.9043
1, 0.1002, 0.8998
1, 0.094, 0.906
1, 0.092, 0.908
1, 0.0949, 0.9051
1, 0.1001, 0.8999
1, 0.0749, 0.9251
1, 0.095, 0.905
1, 0.1051, 0.8949
1, 0.0993, 0.9007
1, 0.0951, 0.9049
1, 0.0933, 0.9067
1, 0.0956, 0.9044
1, 0.0941, 0.9059
1, 0.1021, 0.8979
1, 0.0986, 0.9014
1, 0.098, 0.902
1, 0.0974, 0.9026
1, 0.0926, 0.9074
1, 0.099, 0.901
1, 0.0964, 0.9036
1, 0.0952, 0.9048
1, 0.0925, 0.9075
1, 0.0927, 0.9073
1, 0.0993, 0.9007
1, 0.0979, 0.9021
1, 0.0941, 0.9059
1, 0.0951, 0.9049
1, 0.092, 0.908
1, 0.1027, 0.8973
1, 0.0975, 0.9025
1, 0.0976, 0.9024
1, 0.0986, 0.9014
1, 0.0926, 0.9074
1, 0.1008, 0.8992
1, 0.095, 0.905
1, 0.0943, 0.9057
1, 0.0924, 0.9076
1, 0.0924, 0.9076
1, 0.0978, 0.9022
1, 0.0968, 0.9032
1, 0.1018, 0.8982
1, 0.1, 0.9
1, 0.0977, 0.9023
1, 0.0987, 0.9013
1, 0.0945, 0.9055
1, 0.0934, 0.9066
1, 0.0922, 0.9078
1, 0.0945, 0.9055
1, 0.0915, 0.9085
1, 0.0927, 0.9073
1, 0.0945, 0.9055
1, 0.0951, 0.9049
1, 0.1087, 0.8913
1, 0.1079, 0.8921
1, 0.1095, 0.8905
1, 0.1064, 0.8936
1, 0.1102, 0.8898
1, 0.1109, 0.8891
1, 0.1092, 0.8908
1, 0.1078, 0.8922
1, 0.0963, 0.9037
1, 0.0945, 0.9055
1, 0.099, 0.901
1, 0.0968, 0.9032
1, 0.099, 0.901
1, 0.0945, 0.9055
1, 0.0964, 0.9036
1, 0.0968, 0.9032
1, 0.0964, 0.9036
1, 0.0964, 0.9036
1, 0.0951, 0.9049
1, 0.0955, 0.9045
1, 0.0945, 0.9055
1, 0.0917, 0.9083
1, 0.097, 0.903
1, 0.1018, 0.8982
1, 0.1068, 0.8932
1, 0.0983, 0.9017
1, 0.093, 0.907
1, 0.0964, 0.9036
1, 0.1004, 0.8996
1, 0.0942, 0.9058
1, 0.1061, 0.8939
1, 0.096, 0.904
1, 0.0953, 0.9047
1, 0.095, 0.905
1, 0.097, 0.903
1, 0.106, 0.894
1, 0.0971, 0.9029
1, 0.1064, 0.8936
1, 0.0967, 0.9033
1, 0.0953, 0.9047
1, 0.0945, 0.9055
1, 0.0947, 0.9053
1, 0.0969, 0.9031
1, 0.0945, 0.9055
1, 0.0963, 0.9037
1, 0.0955, 0.9045
1, 0.0945, 0.9055
1, 0.0963, 0.9037
1, 0.0952, 0.9048
1, 0.0963, 0.9037
1, 0.0917, 0.9083
1, 0.0998, 0.9002
1, 0.0912, 0.9088
1, 0.096, 0.904
1, 0.0935, 0.9065
1, 0.0918, 0.9082
1, 0.0989, 0.9011
1, 0.0916, 0.9084
1, 0.0997, 0.9003
1, 0.1066, 0.8934
1, 0.0934, 0.9066
1, 0.1066, 0.8934
1, 0.0914, 0.9086
1, 0.0951, 0.9049
1, 0.1008, 0.8992
1, 0.0947, 0.9053
1, 0.1164, 0.8836
1, 0.1089, 0.8911
1, 0.0956, 0.9044
1, 0.1071, 0.8929
1, 0.159, 0.841
1, 0.1073, 0.8927
1, 0.0996, 0.9004
1, 0.1526, 0.8474
1, 0.1029, 0.8971
1, 0.1019, 0.8981
1, 0.1033, 0.8967
1, 0.0928, 0.9072
1, 0.0989, 0.9011
1, 0.0926, 0.9074
1, 0.0917, 0.9083
1, 0.0973, 0.9027
1, 0.098, 0.902
1, 0.0935, 0.9065
1, 0.0917, 0.9083
1, 0.1066, 0.8934
1, 0.1066, 0.8934
1, 0.1008, 0.8992
1, 0.0912, 0.9088
1, 0.0989, 0.9011
1, 0.092, 0.908
1, 0.0919, 0.9081
1, 0.0934, 0.9066
1, 0.0916, 0.9084
1, 0.0998, 0.9002
1, 0.0914, 0.9086
1, 0.0945, 0.9055
1, 0.0948, 0.9052
1, 0.0955, 0.9045
1, 0.0984, 0.9016
1, 0.0931, 0.9069
1, 0.1003, 0.8997
1, 0.0935, 0.9065
1, 0.0925, 0.9075
1, 0.0924, 0.9076
1, 0.0949, 0.9051
1, 0.0991, 0.9009
1, 0.0945, 0.9055
1, 0.0941, 0.9059
1, 0.1057, 0.8943
1, 0.0945, 0.9055
1, 0.0938, 0.9062
1, 0.0951, 0.9049
1, 0.0926, 0.9074
1, 0.0945, 0.9055
1, 0.0986, 0.9014
1, 0.1057, 0.8943
1, 0.0931, 0.9069
1, 0.0946, 0.9054
1, 0.0945, 0.9055
1, 0.0958, 0.9042
1, 0.1568, 0.8432
1, 0.0945, 0.9055
1, 0.0937, 0.9063
1, 0.099, 0.901
1, 0.0928, 0.9072
1, 0.1003, 0.8997
1, 0.0988, 0.9012
1, 0.0927, 0.9073
1, 0.0938, 0.9062
1, 0.0945, 0.9055
1, 0.1068, 0.8932
1, 0.0972, 0.9028
1, 0.103, 0.897
1, 0.0917, 0.9083
1, 0.0931, 0.9069
1, 0.0984, 0.9016
1, 0.1057, 0.8943
1, 0.0945, 0.9055
1, 0.1068, 0.8932
1, 0.1008, 0.8992
1, 0.0964, 0.9036
1, 0.0942, 0.9058
1, 0.0997, 0.9003
1, 0.0929, 0.9071
1, 0.0945, 0.9055
1, 0.0932, 0.9068
1, 0.0944, 0.9056
1, 0.0923, 0.9077
1, 0.0915, 0.9085
1, 0.0951, 0.9049
1, 0.1052, 0.8948
1, 0.095, 0.905
1, 0.0942, 0.9058
1, 0.0954, 0.9046
1, 0.0942, 0.9058
1, 0.0943, 0.9057
1, 0.0928, 0.9072
1, 0.127, 0.873
1, 0.0928, 0.9072
1, 0.1, 0.9
1, 0.0952, 0.9048
1, 0.0916, 0.9084
1, 0.0946, 0.9054
1, 0.5094, 0.4906
1, 0.0952, 0.9048
1, 0.0961, 0.9039
1, 0.0947, 0.9053
1, 0.0936, 0.9064
1, 0.095, 0.905
1, 0.1043, 0.8957
1, 0.0994, 0.9006
1, 0.0982, 0.9018
1, 0.0961, 0.9039
1, 0.1011, 0.8989
1, 0.0965, 0.9035
1, 0.0948, 0.9052
1, 0.0931, 0.9069
1, 0.095, 0.905
1, 0.0976, 0.9024
1, 0.0969, 0.9031
1, 0.0935, 0.9065
1, 0.0938, 0.9062
1, 0.0971, 0.9029
1, 0.0931, 0.9069
1, 0.0939, 0.9061
1, 0.0936, 0.9064
1, 0.0938, 0.9062
1, 0.0948, 0.9052
1, 0.0946, 0.9054
1, 0.0952, 0.9048
1, 0.0945, 0.9055
1, 0.0947, 0.9053
1, 0.0945, 0.9055
1, 0.0932, 0.9068
1, 0.0946, 0.9054
1, 0.0931, 0.9069
1, 0.0927, 0.9073
1, 0.0939, 0.9061
1, 0.0925, 0.9075
1, 0.0944, 0.9056
1, 0.0921, 0.9079
1, 0.0945, 0.9055
1, 0.0931, 0.9069
1, 0.0944, 0.9056
1, 0.099, 0.901
1, 0.0933, 0.9067
1, 0.0946, 0.9054
1, 0.0945, 0.9055
1, 0.0945, 0.9055
1, 0.1047, 0.8953
1, 0.0952, 0.9048
1, 0.0945, 0.9055
1, 0.1047, 0.8953
1, 0.1055, 0.8945
1, 0.0999, 0.9001
1, 0.1056, 0.8944
1, 0.0988, 0.9012
1, 0.1059, 0.8941
1, 0.0944, 0.9056
1, 0.0962, 0.9038
1, 0.0978, 0.9022
1, 0.096, 0.904
1, 0.0912, 0.9088
1, 0.0987, 0.9013
1, 0.0914, 0.9086
1, 0.0933, 0.9067
1, 0.0949, 0.9051
1, 0.094, 0.906
1, 0.0962, 0.9038
1, 0.0929, 0.9071
1, 0.0931, 0.9069
1, 0.0972, 0.9028
1, 0.0952, 0.9048
1, 0.0941, 0.9059
1, 0.0932, 0.9068
1, 0.1054, 0.8946
1, 0.1028, 0.8972
1, 0.0972, 0.9028
1, 0.0923, 0.9077
1, 0.0926, 0.9074
1, 0.0949, 0.9051
1, 0.094, 0.906
1, 0.0952, 0.9048
1, 0.0942, 0.9058
1, 0.0937, 0.9063
1, 0.0953, 0.9047
1, 0.0952, 0.9048
1, 0.0956, 0.9044
1, 0.0937, 0.9063
1, 0.0952, 0.9048
1, 0.0953, 0.9047
1, 0.0932, 0.9068
1, 0.0937, 0.9063
1, 0.0966, 0.9034
1, 0.0952, 0.9048
1, 0.0912, 0.9088
1, 0.0942, 0.9058
1, 0.0952, 0.9048
1, 0.0947, 0.9053
1, 0.0937, 0.9063
1, 0.0953, 0.9047
1, 0.0952, 0.9048
1, 0.0953, 0.9047
1, 0.0952, 0.9048
1, 0.0913, 0.9087
1, 0.0937, 0.9063
1, 0.0953, 0.9047
1, 0.0952, 0.9048
1, 0.0914, 0.9086
1, 0.0928, 0.9072
1, 0.0952, 0.9048
1, 0.0952, 0.9048
1, 0.0912, 0.9088
1, 0.0987, 0.9013
1, 0.0929, 0.9071
1, 0.0946, 0.9054
1, 0.098, 0.902
1, 0.0897, 0.9103
1, 0.0976, 0.9024
1, 0.0964, 0.9036
1, 0.0999, 0.9001
1, 0.0937, 0.9063
1, 0.0937, 0.9063
1, 0.0897, 0.9103
1, 0.0981, 0.9019
1, 0.0929, 0.9071
1, 0.0937, 0.9063
1, 0.0898, 0.9102
1, 0.0946, 0.9054
1, 0.0936, 0.9064
1, 0.0898, 0.9102
1, 0.0976, 0.9024
1, 0.1034, 0.8966
1, 0.0937, 0.9063
1, 0.0924, 0.9076
1, 0.0948, 0.9052
1, 0.0934, 0.9066
1, 0.0911, 0.9089
1, 0.0949, 0.9051
1, 0.0963, 0.9037
1, 0.0959, 0.9041
1, 0.0953, 0.9047
1, 0.098, 0.902
1, 0.0966, 0.9034
1, 0.0956, 0.9044
1, 0.0987, 0.9013
1, 0.0926, 0.9074
1, 0.0902, 0.9098
1, 0.0968, 0.9032
1, 0.0903, 0.9097
1, 0.0988, 0.9012
1, 0.0939, 0.9061
1, 0.0938, 0.9062
1, 0.0943, 0.9057
1, 0.0963, 0.9037
1, 0.1632, 0.8368
1, 0.0987, 0.9013
1, 0.097, 0.903
1, 0.0945, 0.9055
1, 0.0984, 0.9016
1, 0.0961, 0.9039
1, 0.0962, 0.9038
1, 0.0937, 0.9063
1, 0.095, 0.905
1, 0.0958, 0.9042
1, 0.0968, 0.9032
1, 0.093, 0.907
1, 0.0967, 0.9033
1, 0.0982, 0.9018
1, 0.0933, 0.9067
1, 0.0938, 0.9062
1, 0.0949, 0.9051
1, 0.0964, 0.9036
1, 0.095, 0.905
1, 0.1033, 0.8967
1, 0.1017, 0.8983
1, 0.0946, 0.9054
1, 0.0989, 0.9011
1, 0.096, 0.904
1, 0.1004, 0.8996
1, 0.0983, 0.9017
1, 0.0998, 0.9002
1, 0.0963, 0.9037
1, 0.0987, 0.9013
1, 0.0969, 0.9031
1, 0.0924, 0.9076
1, 0.096, 0.904
1, 0.0944, 0.9056
1, 0.0999, 0.9001
1, 0.0976, 0.9024
1, 0.0963, 0.9037
1, 0.096, 0.904
0, 0.5932, 0.4068
1, 0.0964, 0.9036
1, 0.0956, 0.9044
1, 0.0955, 0.9045
1, 0.0941, 0.9059
1, 0.0975, 0.9025
1, 0.0953, 0.9047
1, 0.096, 0.904
1, 0.0994, 0.9006
1, 0.0975, 0.9025
1, 0.1008, 0.8992
1, 0.0959, 0.9041
1, 0.0995, 0.9005
1, 0.0975, 0.9025
1, 0.0966, 0.9034
1, 0.0976, 0.9024
1, 0.1037, 0.8963
1, 0.0972, 0.9028
1, 0.099, 0.901
1, 0.0976, 0.9024
1, 0.0988, 0.9012
1, 0.0939, 0.9061
1, 0.0986, 0.9014
1, 0.0967, 0.9033
1, 0.0999, 0.9001
1, 0.0963, 0.9037
1, 0.1626, 0.8374
1, 0.0972, 0.9028
1, 0.0982, 0.9018
1, 0.1025, 0.8975
1, 0.0963, 0.9037
1, 0.0979, 0.9021
0, 0.601, 0.399
1, 0.0991, 0.9009
1, 0.0969, 0.9031
1, 0.1015, 0.8985
1, 0.0983, 0.9017
1, 0.0982, 0.9018
1, 0.1122, 0.8878
1, 0.0919, 0.9081
1, 0.1039, 0.8961
1, 0.1045, 0.8955
1, 0.1087, 0.8913
1, 0.0957, 0.9043
1, 0.0988, 0.9012
1, 0.0969, 0.9031
1, 0.0955, 0.9045
1, 0.0916, 0.9084
1, 0.1027, 0.8973
1, 0.0983, 0.9017
1, 0.1012, 0.8988
1, 0.1029, 0.8971
1, 0.0966, 0.9034
1, 0.0982, 0.9018
1, 0.0956, 0.9044
1, 0.0968, 0.9032
1, 0.1011, 0.8989
1, 0.0979, 0.9021
1, 0.0987, 0.9013
1, 0.0998, 0.9002
1, 0.0984, 0.9016
1, 0.1003, 0.8997
1, 0.096, 0.904
1, 0.0973, 0.9027
1, 0.1036, 0.8964
1, 0.0977, 0.9023
1, 0.0961, 0.9039
1, 0.0961, 0.9039
1, 0.0968, 0.9032
1, 0.0979, 0.9021
1, 0.0977, 0.9023
1, 0.1005, 0.8995
1, 0.0989, 0.9011
1, 0.0983, 0.9017
1, 0.0968, 0.9032
1, 0.0962, 0.9038
1, 0.1002, 0.8998
1, 0.0979, 0.9021
1, 0.0958, 0.9042
1, 0.0994, 0.9006
1, 0.1007, 0.8993
1, 0.0966, 0.9034
1, 0.0954, 0.9046
1, 0.1008, 0.8992
1, 0.0993, 0.9007
1, 0.0937, 0.9063
1, 0.0997, 0.9003
1, 0.0983, 0.9017
1, 0.0991, 0.9009
1, 0.0996, 0.9004
1, 0.1006, 0.8994
1, 0.0999, 0.9001
1, 0.0982, 0.9018
1, 0.0991, 0.9009
1, 0.0969, 0.9031
1, 0.0973, 0.9027
1, 0.0989, 0.9011
1, 0.0967, 0.9033
1, 0.0984, 0.9016
1, 0.0971, 0.9029
1, 0.1, 0.9
1, 0.097, 0.903
1, 0.0985, 0.9015
1, 0.1027, 0.8973
1, 0.0998, 0.9002
1, 0.0996, 0.9004
1, 0.0986, 0.9014
1, 0.0991, 0.9009
1, 0.0991, 0.9009
1, 0.098, 0.902
1, 0.1031, 0.8969
1, 0.0979, 0.9021
1, 0.0961, 0.9039
1, 0.0987, 0.9013
1, 0.0957, 0.9043
1, 0.0991, 0.9009
1, 0.1004, 0.8996
1, 0.0995, 0.9005
1, 0.1093, 0.8907
1, 0.1091, 0.8909
1, 0.1084, 0.8916
1, 0.1675, 0.8325
1, 0.0988, 0.9012
1, 0.1613, 0.8387
1, 0.1084, 0.8916
1, 0.1057, 0.8943
1, 0.1087, 0.8913
1, 0.0992, 0.9008
1, 0.0946, 0.9054
1, 0.1007, 0.8993
1, 0.0961, 0.9039
1, 0.0983, 0.9017
1, 0.1025, 0.8975
1, 0.1092, 0.8908
1, 0.0944, 0.9056
1, 0.0956, 0.9044
1, 0.0981, 0.9019
1, 0.0995, 0.9005
1, 0.1002, 0.8998
1, 0.0999, 0.9001
1, 0.0991, 0.9009
1, 0.1014, 0.8986
1, 0.0983, 0.9017
1, 0.0938, 0.9062
1, 0.0989, 0.9011
1, 0.0949, 0.9051
1, 0.1004, 0.8996
1, 0.106, 0.894
1, 0.0793, 0.9207
1, 0.103, 0.897
1, 0.0963, 0.9037
1, 0.0931, 0.9069
1, 0.0988, 0.9012
1, 0.1006, 0.8994
1, 0.0973, 0.9027
1, 0.1002, 0.8998
1, 0.1, 0.9
1, 0.097, 0.903
1, 0.0944, 0.9056
1, 0.0966, 0.9034
1, 0.0961, 0.9039
1, 0.0989, 0.9011
1, 0.0956, 0.9044
1, 0.0973, 0.9027
1, 0.099, 0.901
1, 0.0965, 0.9035
1, 0.0996, 0.9004
1, 0.0994, 0.9006
1, 0.0948, 0.9052
1, 0.0977, 0.9023
1, 0.1554, 0.8446
1, 0.0971, 0.9029
1, 0.0948, 0.9052
1, 0.0958, 0.9042
1, 0.0974, 0.9026
1, 0.0967, 0.9033
1, 0.0966, 0.9034
1, 0.0966, 0.9034
1, 0.0948, 0.9052
1, 0.0984, 0.9016
1, 0.0944, 0.9056
1, 0.0946, 0.9054
1, 0.0817, 0.9183
1, 0.0984, 0.9016
1, 0.0937, 0.9063
1, 0.0914, 0.9086
1, 0.1006, 0.8994
1, 0.0978, 0.9022
1, 0.0988, 0.9012
1, 0.096, 0.904
1, 0.0958, 0.9042
1, 0.0949, 0.9051
1, 0.0998, 0.9002
1, 0.0937, 0.9063
1, 0.0957, 0.9043
1, 0.0937, 0.9063
1, 0.0969, 0.9031
1, 0.0961, 0.9039
1, 0.1109, 0.8891
1, 0.0969, 0.9031
1, 0.0988, 0.9012
1, 0.098, 0.902
1, 0.097, 0.903
1, 0.0948, 0.9052
1, 0.0957, 0.9043
1, 0.0941, 0.9059
1, 0.0965, 0.9035
1, 0.0965, 0.9035
1, 0.099, 0.901
1, 0.0976, 0.9024
1, 0.0973, 0.9027
1, 0.1003, 0.8997
1, 0.0964, 0.9036
1, 0.0982, 0.9018
1, 0.0973, 0.9027
1, 0.1006, 0.8994
1, 0.1004, 0.8996
1, 0.0997, 0.9003
1, 0.1473, 0.8527
1, 0.1504, 0.8496
1, 0.1559, 0.8441
1, 0.0964, 0.9036
1, 0.0969, 0.9031
1, 0.0965, 0.9035
1, 0.0961, 0.9039
1, 0.0956, 0.9044
1, 0.0952, 0.9048
1, 0.0978, 0.9022
1, 0.0979, 0.9021
1, 0.1011, 0.8989
1, 0.0955, 0.9045
1, 0.0959, 0.9041
1, 0.0969, 0.9031
1, 0.0971, 0.9029
1, 0.0988, 0.9012
1, 0.098, 0.902
1, 0.0985, 0.9015
1, 0.0983, 0.9017
1, 0.0956, 0.9044
1, 0.0954, 0.9046
1, 0.0961, 0.9039
1, 0.1138, 0.8862
1, 0.1118, 0.8882
1, 0.1132, 0.8868
1, 0.1101, 0.8899
1, 0.1317, 0.8683
1, 0.1054, 0.8946
1, 0.1023, 0.8977
1, 0.1119, 0.8881
1, 0.1118, 0.8882
1, 0.1021, 0.8979
1, 0.1105, 0.8895
1, 0.1102, 0.8898
1, 0.1001, 0.8999
1, 0.1102, 0.8898
1, 0.1117, 0.8883
1, 0.0973, 0.9027
1, 0.1023, 0.8977
1, 0.1106, 0.8894
1, 0.1104, 0.8896
1, 0.1122, 0.8878
1, 0.1005, 0.8995
1, 0.1106, 0.8894
1, 0.11, 0.89
1, 0.1141, 0.8859
1, 0.0974, 0.9026
1, 0.1109, 0.8891
1, 0.1112, 0.8888
1, 0.1106, 0.8894
1, 0.11, 0.89
1, 0.1024, 0.8976
1, 0.1024, 0.8976
1, 0.1126, 0.8874
1, 0.1101, 0.8899
1, 0.1011, 0.8989
1, 0.1104, 0.8896
1, 0.1121, 0.8879
1, 0.1106, 0.8894
1, 0.1036, 0.8964
1, 0.1104, 0.8896
1, 0.1534, 0.8466
1, 0.1105, 0.8895
1, 0.1111, 0.8889
1, 0.1105, 0.8895
1, 0.1125, 0.8875
1, 0.1094, 0.8906
1, 0.1105, 0.8895
1, 0.1119, 0.8881
1, 0.1118, 0.8882
1, 0.1101, 0.8899
1, 0.1011, 0.8989
1, 0.1101, 0.8899
1, 0.1025, 0.8975
1, 0.1023, 0.8977
1, 0.1123, 0.8877
1, 0.112, 0.888
1, 0.1139, 0.8861
1, 0.1214, 0.8786
1, 0.1179, 0.8821
1, 0.1162, 0.8838
1, 0.1167, 0.8833
1, 0.1137, 0.8863
1, 0.1163, 0.8837
1, 0.1184, 0.8816
1, 0.1159, 0.8841
1, 0.1138, 0.8862
1, 0.1164, 0.8836
1, 0.1174, 0.8826
1, 0.1163, 0.8837
1, 0.1181, 0.8819
1, 0.117, 0.883
1, 0.118, 0.882
1, 0.1109, 0.8891
1, 0.1175, 0.8825
1, 0.1145, 0.8855
1, 0.1139, 0.8861
1, 0.113, 0.887
1, 0.1141, 0.8859
1, 0.1183, 0.8817
1, 0.1148, 0.8852
1, 0.1143, 0.8857
1, 0.1148, 0.8852
1, 0.1133, 0.8867
1, 0.1192, 0.8808
1, 0.1143, 0.8857
1, 0.1133, 0.8867
1, 0.1135, 0.8865
1, 0.1134, 0.8866
1, 0.1127, 0.8873
1, 0.1108, 0.8892
1, 0.1109, 0.8891
1, 0.1141, 0.8859
1, 0.1159, 0.8841
1, 0.1147, 0.8853
1, 0.1109, 0.8891
1, 0.1126, 0.8874
1, 0.1141, 0.8859
1, 0.1122, 0.8878
1, 0.114, 0.886
1, 0.1147, 0.8853
1, 0.1137, 0.8863
1, 0.1136, 0.8864
1, 0.1137, 0.8863
1, 0.113, 0.887
1, 0.1162, 0.8838
1, 0.1148, 0.8852
1, 0.114, 0.886
1, 0.1208, 0.8792
1, 0.1143, 0.8857
1, 0.1208, 0.8792
1, 0.1137, 0.8863
1, 0.1127, 0.8873
1, 0.1585, 0.8415
1, 0.1584, 0.8416
1, 0.1139, 0.8861
1, 0.1169, 0.8831
1, 0.1143, 0.8857
1, 0.1134, 0.8866
1, 0.1144, 0.8856
1, 0.1125, 0.8875
1, 0.1175, 0.8825
1, 0.1161, 0.8839
1, 0.1221, 0.8779
1, 0.1275, 0.8725
1, 0.1202, 0.8798
1, 0.1014, 0.8986
1, 0.1017, 0.8983
1, 0.1172, 0.8828
1, 0.1152, 0.8848
1, 0.1242, 0.8758
1, 0.1151, 0.8849
1, 0.115, 0.885
1, 0.1235, 0.8765
1, 0.1145, 0.8855
1, 0.1188, 0.8812
1, 0.1152, 0.8848
1, 0.1165, 0.8835
1, 0.1148, 0.8852
1, 0.1144, 0.8856
1, 0.1156, 0.8844
1, 0.1156, 0.8844
1, 0.114, 0.886
1, 0.1105, 0.8895
1, 0.1155, 0.8845
1, 0.1102, 0.8898
1, 0.1106, 0.8894
1, 0.1096, 0.8904
1, 0.1106, 0.8894
1, 0.1525, 0.8475
1, 0.1098, 0.8902
1, 0.1105, 0.8895
1, 0.1114, 0.8886
1, 0.1121, 0.8879
1, 0.1101, 0.8899
1, 0.1102, 0.8898
1, 0.1095, 0.8905
1, 0.1094, 0.8906
1, 0.1083, 0.8917
1, 0.1119, 0.8881
1, 0.1217, 0.8783
1, 0.111, 0.889
1, 0.1221, 0.8779
1, 0.1093, 0.8907
1, 0.1033, 0.8967
1, 0.1123, 0.8877
1, 0.1287, 0.8713
1, 0.1096, 0.8904
1, 0.1202, 0.8798
1, 0.1206, 0.8794
1, 0.1338, 0.8662
1, 0.1341, 0.8659
1, 0.1212, 0.8788
1, 0.1286, 0.8714
1, 0.1279, 0.8721
1, 0.1341, 0.8659
1, 0.1307, 0.8693
1, 0.1286, 0.8714
1, 0.1061, 0.8939
1, 0.1068, 0.8932
1, 0.1288, 0.8712
1, 0.105, 0.895
1, 0.1285, 0.8715
1, 0.1282, 0.8718
1, 0.1248, 0.8752
1, 0.1185, 0.8815
1, 0.1185, 0.8815
1, 0.1286, 0.8714
1, 0.132, 0.868
1, 0.134, 0.866
1, 0.1037, 0.8963
1, 0.132, 0.868
1, 0.1365, 0.8635
1, 0.137, 0.863
1, 0.1533, 0.8467
1, 0.1188, 0.8812
1, 0.1295, 0.8705
1, 0.1405, 0.8595
1, 0.1295, 0.8705
1, 0.1309, 0.8691
1, 0.1294, 0.8706
1, 0.1309, 0.8691
1, 0.1308, 0.8692
1, 0.1298, 0.8702
1, 0.1382, 0.8618
1, 0.134, 0.866
1, 0.1326, 0.8674
1, 0.1127, 0.8873
1, 0.1322, 0.8678
1, 0.1387, 0.8613
1, 0.134, 0.866
1, 0.1295, 0.8705
1, 0.1533, 0.8467
1, 0.1364, 0.8636
1, 0.1352, 0.8648
1, 0.1595, 0.8405
1, 0.1627, 0.8373
1, 0.1144, 0.8856
1, 0.1153, 0.8847
1, 0.1425, 0.8575
1, 0.131, 0.869
1, 0.1309, 0.8691
1, 0.1342, 0.8658
1, 0.129, 0.871
1, 0.1125, 0.8875
1, 0.1314, 0.8686
1, 0.1331, 0.8669
1, 0.109, 0.891
1, 0.131, 0.869
1, 0.1325, 0.8675
1, 0.123, 0.877
1, 0.1391, 0.8609
1, 0.1374, 0.8626
1, 0.1239, 0.8761
1, 0.1325, 0.8675
1, 0.1338, 0.8662
1, 0.123, 0.877
1, 0.1363, 0.8637
1, 0.1329, 0.8671
1, 0.1338, 0.8662
1, 0.1146, 0.8854
1, 0.1349, 0.8651
1, 0.1338, 0.8662
1, 0.112, 0.888
1, 0.1144, 0.8856
1, 0.132, 0.868
1, 0.1192, 0.8808
1, 0.1336, 0.8664
1, 0.1318, 0.8682
1, 0.1338, 0.8662
1, 0.1144, 0.8856
1, 0.1326, 0.8674
1, 0.1256, 0.8744
1, 0.1334, 0.8666
1, 0.1397, 0.8603
1, 0.1293, 0.8707
1, 0.123, 0.877
1, 0.136, 0.864
1, 0.1396, 0.8604
1, 0.1352, 0.8648
1, 0.135, 0.865
1, 0.1767, 0.8233
1, 0.123, 0.877
1, 0.1344, 0.8656
1, 0.1319, 0.8681
1, 0.1311, 0.8689
1, 0.1285, 0.8715
1, 0.1306, 0.8694
1, 0.1312, 0.8688
1, 0.1332, 0.8668
1, 0.1325, 0.8675
1, 0.123, 0.877
1, 0.1338, 0.8662
1, 0.1364, 0.8636
1, 0.1391, 0.8609
1, 0.1374, 0.8626
1, 0.1239, 0.8761
1, 0.114, 0.886
1, 0.1327, 0.8673
1, 0.1327, 0.8673
1, 0.1192, 0.8808
1, 0.1449, 0.8551
1, 0.1334, 0.8666
1, 0.123, 0.877
1, 0.1329, 0.8671
1, 0.1408, 0.8592
1, 0.1174, 0.8826
1, 0.1216, 0.8784
1, 0.1177, 0.8823
1, 0.1169, 0.8831
1, 0.1173, 0.8827
1, 0.1217, 0.8783
1, 0.1359, 0.8641
1, 0.1368, 0.8632
1, 0.1101, 0.8899
1, 0.1075, 0.8925
1, 0.1112, 0.8888
1, 0.1375, 0.8625
1, 0.1357, 0.8643
1, 0.1324, 0.8676
1, 0.1104, 0.8896
1, 0.1389, 0.8611
1, 0.1344, 0.8656
1, 0.1488, 0.8512
1, 0.1344, 0.8656
1, 0.1076, 0.8924
1, 0.1089, 0.8911
1, 0.1335, 0.8665
1, 0.135, 0.865
1, 0.1114, 0.8886
1, 0.1316, 0.8684
1, 0.1331, 0.8669
1, 0.1328, 0.8672
1, 0.1187, 0.8813
1, 0.1469, 0.8531
1, 0.1334, 0.8666
1, 0.1099, 0.8901
1, 0.1362, 0.8638
1, 0.1091, 0.8909
1, 0.1493, 0.8507
1, 0.1133, 0.8867
1, 0.1317, 0.8683
1, 0.1369, 0.8631
1, 0.1469, 0.8531
1, 0.1367, 0.8633
1, 0.1337, 0.8663
1, 0.1493, 0.8507
1, 0.1092, 0.8908
1, 0.1429, 0.8571
1, 0.1099, 0.8901
1, 0.1331, 0.8669
1, 0.1335, 0.8665
1, 0.1469, 0.8531
1, 0.1319, 0.8681
1, 0.1135, 0.8865
1, 0.1334, 0.8666
1, 0.1363, 0.8637
1, 0.1469, 0.8531
1, 0.1314, 0.8686
1, 0.1135, 0.8865
1, 0.1323, 0.8677
1, 0.1351, 0.8649
1, 0.1367, 0.8633
1, 0.1369, 0.8631
1, 0.1227, 0.8773
1, 0.1319, 0.8681
1, 0.1349, 0.8651
1, 0.1493, 0.8507
1, 0.133, 0.867
1, 0.1315, 0.8685
1, 0.1338, 0.8662
1, 0.1469, 0.8531
1, 0.1366, 0.8634
1, 0.1133, 0.8867
1, 0.1404, 0.8596
1, 0.1471, 0.8529
1, 0.1528, 0.8472
1, 0.1426, 0.8574
1, 0.1427, 0.8573
1, 0.1401, 0.8599
1, 0.1479, 0.8521
1, 0.1565, 0.8435
1, 0.1254, 0.8746
1, 0.1133, 0.8867
1, 0.1168, 0.8832
1, 0.1121, 0.8879
1, 0.1564, 0.8436
1, 0.1634, 0.8366
1, 0.1616, 0.8384
1, 0.1621, 0.8379
1, 0.1607, 0.8393
1, 0.0601, 0.9399
1, 0.7095, 0.2905
1, 0.1607, 0.8393
1, 0.1136, 0.8864
1, 0.1636, 0.8364
1, 0.1165, 0.8835
1, 0.1633, 0.8367
1, 0.7149, 0.2851
1, 0.0601, 0.9399
1, 0.1591, 0.8409
1, 0.1154, 0.8846
1, 0.1133, 0.8867
1, 0.5204, 0.4796
1, 0.1591, 0.8409
1, 0.1156, 0.8844
1, 0.059, 0.941
1, 0.1634, 0.8366
1, 0.1133, 0.8867
1, 0.1136, 0.8864
1, 0.5204, 0.4796
1, 0.1607, 0.8393
1, 0.1632, 0.8368
1, 0.1154, 0.8846
1, 0.0571, 0.9429
1, 0.1212, 0.8788
1, 0.1254, 0.8746
1, 0.1616, 0.8384
1, 0.1607, 0.8393
1, 0.1641, 0.8359
1, 0.1254, 0.8746
1, 0.1575, 0.8425
1, 0.1631, 0.8369
1, 0.0601, 0.9399
1, 0.1102, 0.8898
1, 0.158, 0.842
1, 0.1115, 0.8885
1, 0.1147, 0.8853
1, 0.1561, 0.8439
1, 0.1106, 0.8894
1, 0.1617, 0.8383
1, 0.1121, 0.8879
1, 0.1634, 0.8366
1, 0.1114, 0.8886
1, 0.1133, 0.8867
1, 0.1108, 0.8892
1, 0.1117, 0.8883
1, 0.1753, 0.8247
1, 0.1284, 0.8716
1, 0.1106, 0.8894
1, 0.1113, 0.8887
1, 0.1147, 0.8853
1, 0.1186, 0.8814
1, 0.1196, 0.8804
1, 0.1177, 0.8823
1, 0.1144, 0.8856
1, 0.1124, 0.8876
1, 0.1097, 0.8903
1, 0.1133, 0.8867
1, 0.1113, 0.8887
1, 0.118, 0.882
1, 0.1147, 0.8853
1, 0.1102, 0.8898
1, 0.111, 0.889
1, 0.5234, 0.4766
1, 0.5196, 0.4804
1, 0.1381, 0.8619
1, 0.1666, 0.8334
1, 0.145, 0.855
1, 0.1357, 0.8643
1, 0.1442, 0.8558
1, 0.1136, 0.8864
1, 0.1114, 0.8886
1, 0.1152, 0.8848
1, 0.1176, 0.8824
1, 0.1083, 0.8917
1, 0.1654, 0.8346
1, 0.1094, 0.8906
1, 0.1125, 0.8875
1, 0.1561, 0.8439
1, 0.112, 0.888
1, 0.1119, 0.8881
1, 0.1562, 0.8438
1, 0.1923, 0.8077
1, 0.1603, 0.8397
1, 0.1122, 0.8878
1, 0.1923, 0.8077
1, 0.1595, 0.8405
1, 0.1685, 0.8315
1, 0.1631, 0.8369
1, 0.1631, 0.8369
1, 0.1623, 0.8377
1, 0.1122, 0.8878
1, 0.1924, 0.8076
1, 0.191, 0.809
1, 0.165, 0.835
1, 0.1635, 0.8365
1, 0.1606, 0.8394
1, 0.161, 0.839
1, 0.1613, 0.8387
1, 0.1727, 0.8273
1, 0.1621, 0.8379
1, 0.165, 0.835
1, 0.1641, 0.8359
1, 0.159, 0.841
1, 0.1312, 0.8688
1, 0.1376, 0.8624
1, 0.1579, 0.8421
1, 0.1312, 0.8688
1, 0.1376, 0.8624
1, 0.1565, 0.8435
1, 0.1738, 0.8262
1, 0.177, 0.823
1, 0.1707, 0.8293
1, 0.1675, 0.8325
1, 0.1666, 0.8334
1, 0.16, 0.84
1, 0.1656, 0.8344
1, 0.1733, 0.8267
1, 0.1763, 0.8237
1, 0.1851, 0.8149
1, 0.1593, 0.8407
1, 0.1631, 0.8369
1, 0.1666, 0.8334
1, 0.1615, 0.8385
1, 0.1697, 0.8303
1, 0.1707, 0.8293
1, 0.1719, 0.8281
1, 0.1745, 0.8255
1, 0.1649, 0.8351
1, 0.1181, 0.8819
1, 0.1733, 0.8267
1, 0.1625, 0.8375
1, 0.1618, 0.8382
1, 0.1611, 0.8389
1, 0.1648, 0.8352
1, 0.1763, 0.8237
1, 0.1419, 0.8581
1, 0.1466, 0.8534
1, 0.1437, 0.8563
1, 0.1807, 0.8193
1, 0.162, 0.838
1, 0.1326, 0.8674
1, 0.1598, 0.8402
1, 0.1601, 0.8399
1, 0.1692, 0.8308
1, 0.1182, 0.8818
1, 0.1326, 0.8674
1, 0.0675, 0.9325
1, 0.1642, 0.8358
1, 0.1161, 0.8839
1, 0.1636, 0.8364
1, 0.1568, 0.8432
1, 0.1643, 0.8357
1, 0.1842, 0.8158
1, 0.1641, 0.8359
1, 0.1161, 0.8839
1, 0.1191, 0.8809
1, 0.1628, 0.8372
1, 0.1149, 0.8851
1, 0.1817, 0.8183
1, 0.1576, 0.8424
1, 0.1209, 0.8791
1, 0.1822, 0.8178
1, 0.1377, 0.8623
1, 0.161, 0.839
1, 0.1141, 0.8859
1, 0.1182, 0.8818
1, 0.1797, 0.8203
1, 0.1665, 0.8335
1, 0.1736, 0.8264
1, 0.1711, 0.8289
1, 0.1711, 0.8289
1, 0.1654, 0.8346
0, 0.1906, 0.8094
1, 0.1814, 0.8186
1, 0.193, 0.807
1, 0.1777, 0.8223
1, 0.1565, 0.8435
1, 0.1714, 0.8286
1, 0.1763, 0.8237
1, 0.1212, 0.8788
1, 0.1682, 0.8318
1, 0.1778, 0.8222
1, 0.1736, 0.8264
1, 0.193, 0.807
1, 0.1565, 0.8435
1, 0.1212, 0.8788
0, 0.1906, 0.8094
1, 0.1763, 0.8237
1, 0.1714, 0.8286
1, 0.1814, 0.8186
1, 0.1711, 0.8289
1, 0.1778, 0.8222
1, 0.1682, 0.8318
1, 0.1711, 0.8289
1, 0.1777, 0.8223
1, 0.1654, 0.8346
1, 0.1408, 0.8592
1, 0.1415, 0.8585
1, 0.1475, 0.8525
1, 0.1398, 0.8602
1, 0.1154, 0.8846
1, 0.1127, 0.8873
1, 0.1717, 0.8283
1, 0.11, 0.89
1, 0.1627, 0.8373
1, 0.1302, 0.8698
1, 0.1185, 0.8815
1, 0.162, 0.838
1, 0.1153, 0.8847
1, 0.1145, 0.8855
1, 0.1129, 0.8871
1, 0.1255, 0.8745
1, 0.1192, 0.8808
1, 0.137, 0.863
1, 0.1618, 0.8382
1, 0.1114, 0.8886
1, 0.1193, 0.8807
1, 0.1159, 0.8841
1, 0.1169, 0.8831
1, 0.1179, 0.8821
1, 0.1314, 0.8686
1, 0.111, 0.889
1, 0.1124, 0.8876
1, 0.1676, 0.8324
1, 0.12, 0.88
1, 0.1697, 0.8303
1, 0.1117, 0.8883
1, 0.112, 0.888
1, 0.111, 0.889
1, 0.1827, 0.8173
1, 0.111, 0.889
1, 0.1176, 0.8824
1, 0.1133, 0.8867
1, 0.1091, 0.8909
1, 0.1126, 0.8874
1, 0.1099, 0.8901
1, 0.1715, 0.8285
1, 0.1678, 0.8322
1, 0.1228, 0.8772
1, 0.1126, 0.8874
1, 0.1787, 0.8213
1, 0.1201, 0.8799
1, 0.1603, 0.8397
1, 0.1135, 0.8865
1, 0.1106, 0.8894
1, 0.1107, 0.8893
1, 0.1781, 0.8219
1, 0.174, 0.826
1, 0.111, 0.889
1, 0.1097, 0.8903
1, 0.1613, 0.8387
1, 0.1619, 0.8381
1, 0.1747, 0.8253
1, 0.1156, 0.8844
1, 0.1659, 0.8341
1, 0.163, 0.837
1, 0.1092, 0.8908
1, 0.111, 0.889
1, 0.1092, 0.8908
1, 0.1108, 0.8892
1, 0.1107, 0.8893
1, 0.1106, 0.8894
1, 0.1108, 0.8892
1, 0.1106, 0.8894
1, 0.111, 0.889
1, 0.1659, 0.8341
1, 0.1106, 0.8894
1, 0.1131, 0.8869
1, 0.1107, 0.8893
1, 0.1107, 0.8893
1, 0.178, 0.822
1, 0.1106, 0.8894
1, 0.1791, 0.8209
1, 0.1097, 0.8903
1, 0.1106, 0.8894
1, 0.1107, 0.8893
1, 0.1108, 0.8892
1, 0.1137, 0.8863
1, 0.1661, 0.8339
1, 0.118, 0.882
1, 0.1778, 0.8222
1, 0.1826, 0.8174
1, 0.0555, 0.9445
1, 0.1187, 0.8813
1, 0.1824, 0.8176
1, 0.1164, 0.8836
1, 0.1744, 0.8256
1, 0.1734, 0.8266
1, 0.1785, 0.8215
1, 0.0566, 0.9434
1, 0.169, 0.831
1, 0.1689, 0.8311
1, 0.1693, 0.8307
1, 0.1136, 0.8864
1, 0.114, 0.886
1, 0.1169, 0.8831
1, 0.1237, 0.8763
1, 0.1119, 0.8881
1, 0.1217, 0.8783
1, 0.1229, 0.8771
1, 0.1202, 0.8798
1, 0.1138, 0.8862
1, 0.1406, 0.8594
1, 0.119, 0.881
1, 0.1174, 0.8826
1, 0.2015, 0.7985
1, 0.1134, 0.8866
1, 0.1134, 0.8866
1, 0.1666, 0.8334
1, 0.1131, 0.8869
1, 0.1134, 0.8866
1, 0.1191, 0.8809
1, 0.1176, 0.8824
1, 0.1685, 0.8315
1, 0.1686, 0.8314
1, 0.1192, 0.8808
1, 0.1187, 0.8813
1, 0.1652, 0.8348
1, 0.1178, 0.8822
1, 0.1729, 0.8271
1, 0.1177, 0.8823
1, 0.1194, 0.8806
1, 0.118, 0.882
1, 0.1191, 0.8809
1, 0.1662, 0.8338
1, 0.1686, 0.8314
1, 0.1685, 0.8315
1, 0.1188, 0.8812
1, 0.1185, 0.8815
1, 0.1631, 0.8369
1, 0.1202, 0.8798
1, 0.1178, 0.8822
1, 0.1168, 0.8832
1, 0.1622, 0.8378
1, 0.1193, 0.8807
1, 0.2015, 0.7985
1, 0.1195, 0.8805
1, 0.1201, 0.8799
1, 0.1686, 0.8314
1, 0.1193, 0.8807
1, 0.1212, 0.8788
1, 0.122, 0.878
1, 0.1686, 0.8314
1, 0.1196, 0.8804
1, 0.1206, 0.8794
1, 0.118, 0.882
1, 0.1628, 0.8372
1, 0.1673, 0.8327
1, 0.1142, 0.8858
1, 0.1694, 0.8306
1, 0.1104, 0.8896
1, 0.1106, 0.8894
1, 0.1722, 0.8278
1, 0.1729, 0.8271
1, 0.1741, 0.8259
1, 0.1657, 0.8343
1, 0.1653, 0.8347
1, 0.1686, 0.8314
1, 0.1641, 0.8359
1, 0.1657, 0.8343
1, 0.1651, 0.8349
1, 0.1625, 0.8375
1, 0.1614, 0.8386
1, 0.564, 0.436
1, 0.6028, 0.3972
1, 0.6273, 0.3727
1, 0.6336, 0.3664
1, 0.5838, 0.4162
1, 0.6018, 0.3982
1, 0.5962, 0.4038
1, 0.5702, 0.4298
1, 0.6208, 0.3792
1, 0.5606, 0.4394
1, 0.5509, 0.4491
1, 0.5551, 0.4449
1, 0.5632, 0.4368
1, 0.5573, 0.4427
1, 0.5514, 0.4486
1, 0.5622, 0.4378
1, 0.6197, 0.3803
1, 0.5955, 0.4045
1, 0.6078, 0.3922
1, 0.6222, 0.3778
1, 0.5616, 0.4384
1, 0.3792, 0.6208
1, 0.5711, 0.4289
1, 0.5623, 0.4377
1, 0.6137, 0.3863
1, 0.5655, 0.4345
1, 0.5692, 0.4308
1, 0.5711, 0.4289
1, 0.5676, 0.4324
1, 0.6021, 0.3979
1, 0.6129, 0.3871
1, 0.6038, 0.3962
1, 0.5702, 0.4298
1, 0.6044, 0.3956
1, 0.6134, 0.3866
1, 0.6162, 0.3838
1, 0.6123, 0.3877
1, 0.6084, 0.3916
1, 0.6313, 0.3687
1, 0.5758, 0.4242
1, 0.6155, 0.3845
1, 0.6023, 0.3977
1, 0.5752, 0.4248
1, 0.5679, 0.4321
1, 0.5667, 0.4333
1, 0.5597, 0.4403
1, 0.3826, 0.6174
1, 0.5878, 0.4122
1, 0.6167, 0.3833
1, 0.5912, 0.4088
1, 0.6123, 0.3877
1, 0.5994, 0.4006
1, 0.6131, 0.3869
1, 0.5966, 0.4034
1, 0.6132, 0.3868
1, 0.5655, 0.4345
1, 0.618, 0.382
1, 0.6022, 0.3978
1, 0.5492, 0.4508
1, 0.5807, 0.4193
1, 0.5952, 0.4048
1, 0.5972, 0.4028
1, 0.3967, 0.6033
0, 0.9112, 0.0888
1, 0.5505, 0.4495
1, 0.5971, 0.4029
1, 0.5854, 0.4146
1, 0.579, 0.421
1, 0.5743, 0.4257
1, 0.5805, 0.4195
1, 0.5925, 0.4075
1, 0.5438, 0.4562
1, 0.5534, 0.4466
1, 0.5867, 0.4133
1, 0.5591, 0.4409
1, 0.5492, 0.4508
1, 0.5872, 0.4128
1, 0.5957, 0.4043
1, 0.5789, 0.4211
1, 0.5867, 0.4133
1, 0.5925, 0.4075
1, 0.5858, 0.4142
1, 0.5792, 0.4208
1, 0.5743, 0.4257
1, 0.5438, 0.4562
1, 0.5505, 0.4495
1, 0.5534, 0.4466
1, 0.5591, 0.4409
1, 0.5795, 0.4205
1, 0.5505, 0.4495
1, 0.5901, 0.4099
1, 0.7473, 0.2527
1, 0.7473, 0.2527
1, 0.737, 0.263
1, 0.7419, 0.2581
1, 0.7473, 0.2527
1, 0.7416, 0.2584
1, 0.7448, 0.2552
1, 0.0988, 0.9012
1, 0.1314, 0.8686
1, 0.1533, 0.8467
1, 0.1339, 0.8661
1, 0.1446, 0.8554
1, 0.1377, 0.8623
1, 0.1391, 0.8609
1, 0.1337, 0.8663
1, 0.1418, 0.8582
1, 0.1692, 0.8308
1, 0.1537, 0.8463
1, 0.158, 0.842
1, 0.156, 0.844
1, 0.161, 0.839
1, 0.1654, 0.8346
1, 0.1532, 0.8468
1, 0.1662, 0.8338
1, 0.1575, 0.8425
1, 0.1587, 0.8413
1, 0.1613, 0.8387
1, 0.1549, 0.8451
1, 0.155, 0.845
1, 0.1631, 0.8369
1, 0.1567, 0.8433
1, 0.1541, 0.8459
1, 0.1541, 0.8459
1, 0.1584, 0.8416
1, 0.1584, 0.8416
1, 0.4285, 0.5715
1, 0.1549, 0.8451
0, 0.5855, 0.4145
0, 0.5648, 0.4352
0, 0.5593, 0.4407
0, 0.588, 0.412
0, 0.5593, 0.4407
0, 0.5619, 0.4381
0, 0.5633, 0.4367
0, 0.5658, 0.4342
0, 0.5607, 0.4393
0, 0.583, 0.417
0, 0.6288, 0.3712
0, 0.5666, 0.4334
0, 0.5654, 0.4346
0, 0.5667, 0.4333
0, 0.565, 0.435
0, 0.56, 0.44
0, 0.5709, 0.4291
0, 0.5599, 0.4401
0, 0.5651, 0.4349
0, 0.571, 0.429
0, 0.5607, 0.4393
0, 0.5593, 0.4407
0, 0.5823, 0.4177
0, 0.5667, 0.4333
0, 0.5915, 0.4085
0, 0.5874, 0.4126
0, 0.5698, 0.4302
0, 0.5593, 0.4407
0, 0.5667, 0.4333
0, 0.5718, 0.4282
0, 0.571, 0.429
0, 0.5593, 0.4407
0, 0.5663, 0.4337
0, 0.5657, 0.4343
0, 0.5821, 0.4179
0, 0.5685, 0.4315
0, 0.569, 0.431
0, 0.5605, 0.4395
0, 0.5653, 0.4347
0, 0.5607, 0.4393
0, 0.5657, 0.4343
0, 0.5613, 0.4387
0, 0.5688, 0.4312
0, 0.5681, 0.4319
0, 0.5679, 0.4321
0, 0.5825, 0.4175
0, 0.5863, 0.4137
0, 0.5599, 0.4401
0, 0.5593, 0.4407
0, 0.5665, 0.4335
0, 0.5655, 0.4345
0, 0.8359, 0.1641
0, 0.8368, 0.1632
0, 0.8392, 0.1608
0, 0.8411, 0.1589
0, 0.5624, 0.4376
0, 0.561, 0.439
0, 0.8365, 0.1635
0, 0.8411, 0.1589
0, 0.8368, 0.1632
0, 0.8392, 0.1608
0, 0.8421, 0.1579
0, 0.833, 0.167
0, 0.8381, 0.1619
0, 0.8347, 0.1653
0, 0.8413, 0.1587
0, 0.8413, 0.1587
0, 0.8414, 0.1586
0, 0.8392, 0.1608
0, 0.5581, 0.4419
0, 0.5596, 0.4404
0, 0.5587, 0.4413
0, 0.589, 0.411
0, 0.5727, 0.4273
0, 0.5643, 0.4357
0, 0.5705, 0.4295
0, 0.571, 0.429
0, 0.5742, 0.4258
0, 0.622, 0.378
0, 0.6164, 0.3836
0, 0.5713, 0.4287
0, 0.6146, 0.3854
0, 0.6056, 0.3944
0, 0.6179, 0.3821
0, 0.5868, 0.4132
0, 0.5894, 0.4106
0, 0.6741, 0.3259
0, 0.5723, 0.4277
0, 0.5894, 0.4106
1, 0.0993, 0.9007
1, 0.1764, 0.8236
1, 0.1444, 0.8556
1, 0.1557, 0.8443
1, 0.1473, 0.8527
1, 0.1459, 0.8541
1, 0.1043, 0.8957
1, 0.1339, 0.8661
1, 0.1295, 0.8705
0, 0.84, 0.16
0, 0.8424, 0.1576
0, 0.8408, 0.1592
0, 0.8399, 0.1601
0, 0.8228, 0.1772
0, 0.8459, 0.1541
0, 0.8405, 0.1595
0, 0.8395, 0.1605
0, 0.8437, 0.1563
0, 0.8394, 0.1606
0, 0.8469, 0.1531
1, 0.0834, 0.9166
1, 0.0818, 0.9182
1, 0.0853, 0.9147
0, 0.8719, 0.1281
0, 0.8433, 0.1567
0, 0.2102, 0.7898
1, 0.0757, 0.9243
1, 0.0767, 0.9233
0, 0.5081, 0.4919
1, 0.0764, 0.9236
0, 0.5065, 0.4935
1, 0.0731, 0.9269
1, 0.0743, 0.9257
1, 0.0755, 0.9245
1, 0.0741, 0.9259
1, 0.0751, 0.9249
1, 0.0566, 0.9434
1, 0.0823, 0.9177
1, 0.0759, 0.9241
1, 0.0743, 0.9257
1, 0.0566, 0.9434
1, 0.0426, 0.9574
1, 0.0463, 0.9537
1, 0.0434, 0.9566
1, 0.0422, 0.9578
1, 0.0431, 0.9569
1, 0.0456, 0.9544
1, 0.0441, 0.9559
1, 0.043, 0.957
1, 0.0433, 0.9567
1, 0.0443, 0.9557
1, 0.0436, 0.9564
1, 0.0609, 0.9391
1, 0.043, 0.957
1, 0.044, 0.956
1, 0.0434, 0.9566
1, 0.0438, 0.9562
1, 0.0443, 0.9557
1, 0.0564, 0.9436
1, 0.0432, 0.9568
1, 0.0441, 0.9559
1, 0.0432, 0.9568
1, 0.0441, 0.9559
1, 0.0431, 0.9569
0, 0.4833, 0.5167
0, 0.519, 0.481
0, 0.5074, 0.4926
0, 0.503, 0.497
0, 0.5503, 0.4497
0, 0.5354, 0.4646
0, 0.5482, 0.4518
0, 0.5412, 0.4588
0, 0.5267, 0.4733
0, 0.5261, 0.4739
0, 0.5327, 0.4673
0, 0.5074, 0.4926
0, 0.4853, 0.5147
0, 0.5083, 0.4917
0, 0.5421, 0.4579
0, 0.5398, 0.4602
0, 0.5092, 0.4908
0, 0.5082, 0.4918
0, 0.5084, 0.4916
0, 0.4961, 0.5039
0, 0.4513, 0.5487
0, 0.518, 0.482
0, 0.5074, 0.4926
0, 0.4831, 0.5169
0, 0.5458, 0.4542
0, 0.5177, 0.4823
0, 0.5397, 0.4603
0, 0.5107, 0.4893
0, 0.5189, 0.4811
0, 0.5299, 0.4701
0, 0.4803, 0.5197
0, 0.5081, 0.4919
0, 0.5083, 0.4917
0, 0.5083, 0.4917
0, 0.5291, 0.4709
0, 0.5086, 0.4914
0, 0.5419, 0.4581
0, 0.539, 0.461
0, 0.5206, 0.4794
0, 0.5028, 0.4972
0, 0.5134, 0.4866
0, 0.4318, 0.5682
0, 0.5259, 0.4741
0, 0.5351, 0.4649
0, 0.5398, 0.4602
0, 0.5428, 0.4572
0, 0.5585, 0.4415
0, 0.5178, 0.4822
0, 0.5074, 0.4926
0, 0.5412, 0.4588
0, 0.5316, 0.4684
1, 0.0603, 0.9397
1, 0.0602, 0.9398
1, 0.0602, 0.9398
1, 0.0757, 0.9243
1, 0.0941, 0.9059
1, 0.0748, 0.9252
1, 0.0736, 0.9264
1, 0.073, 0.927
1, 0.0737, 0.9263
1, 0.0541, 0.9459
0, 0.5176, 0.4824
1, 0.0541, 0.9459
1, 0.0611, 0.9389
1, 0.0569, 0.9431
1, 0.0864, 0.9136
1, 0.0742, 0.9258
1, 0.0861, 0.9139
1, 0.0748, 0.9252
0, 0.772, 0.228
0, 0.7762, 0.2238
0, 0.7078, 0.2922
0, 0.7762, 0.2238
0, 0.7663, 0.2337
0, 0.7138, 0.2862
0, 0.7748, 0.2252
0, 0.7757, 0.2243
0, 0.7712, 0.2288
0, 0.7322, 0.2678
0, 0.776, 0.224
0, 0.7732, 0.2268
0, 0.771, 0.229
0, 0.7812, 0.2188
0, 0.7579, 0.2421
0, 0.7773, 0.2227
0, 0.7761, 0.2239
0, 0.7758, 0.2242
0, 0.7579, 0.2421
0, 0.6949, 0.3051
0, 0.765, 0.235
0, 0.7762, 0.2238
0, 0.7767, 0.2233
0, 0.7654, 0.2346
0, 0.776, 0.224
0, 0.7721, 0.2279
0, 0.6946, 0.3054
0, 0.7413, 0.2587
0, 0.7162, 0.2838
0, 0.7579, 0.2421
0, 0.7507, 0.2493
0, 0.7725, 0.2275
0, 0.7762, 0.2238
0, 0.7483, 0.2517
0, 0.7037, 0.2963
0, 0.7812, 0.2188
0, 0.7762, 0.2238
0, 0.779, 0.221
0, 0.735, 0.265
0, 0.7757, 0.2243
0, 0.7759, 0.2241
0, 0.6929, 0.3071
0, 0.7493, 0.2507
0, 0.7717, 0.2283
0, 0.7685, 0.2315
0, 0.7379, 0.2621
0, 0.7697, 0.2303
0, 0.7369, 0.2631
0, 0.7507, 0.2493
0, 0.7762, 0.2238
0, 0.776, 0.224
0, 0.712, 0.288
0, 0.7877, 0.2123
0, 0.7709, 0.2291
0, 0.7641, 0.2359
0, 0.7813, 0.2187
0, 0.7583, 0.2417
0, 0.7469, 0.2531
0, 0.7463, 0.2537
0, 0.745, 0.255
0, 0.7751, 0.2249
0, 0.7415, 0.2585
0, 0.763, 0.237
0, 0.7778, 0.2222
0, 0.7768, 0.2232
0, 0.742, 0.258
0, 0.7491, 0.2509
0, 0.7604, 0.2396
0, 0.7813, 0.2187
0, 0.7064, 0.2936
0, 0.7386, 0.2614
0, 0.7656, 0.2344
0, 0.7308, 0.2692
0, 0.7751, 0.2249
0, 0.7116, 0.2884
0, 0.7732, 0.2268
0, 0.7115, 0.2885
0, 0.7338, 0.2662
0, 0.763, 0.237
0, 0.7797, 0.2203
0, 0.7643, 0.2357
0, 0.7813, 0.2187
0, 0.7751, 0.2249
0, 0.7735, 0.2265
0, 0.7813, 0.2187
0, 0.7471, 0.2529
0, 0.7559, 0.2441
0, 0.7331, 0.2669
0, 0.7466, 0.2534
0, 0.7471, 0.2529
0, 0.7985, 0.2015
0, 0.7773, 0.2227
0, 0.7482, 0.2518
0, 0.7883, 0.2117
0, 0.7769, 0.2231
0, 0.8054, 0.1946
0, 0.7732, 0.2268
0, 0.7446, 0.2554
0, 0.7673, 0.2327
0, 0.744, 0.256
0, 0.7427, 0.2573
0, 0.7894, 0.2106
0, 0.7968, 0.2032
0, 0.7563, 0.2437
0, 0.7435, 0.2565
0, 0.7466, 0.2534
0, 0.7708, 0.2292
0, 0.764, 0.236
0, 0.7656, 0.2344
0, 0.7457, 0.2543
0, 0.7454, 0.2546
0, 0.7359, 0.2641
0, 0.7644, 0.2356
0, 0.7333, 0.2667
0, 0.7538, 0.2462
0, 0.762, 0.238
0, 0.7626, 0.2374
0, 0.7431, 0.2569
0, 0.7105, 0.2895
0, 0.803, 0.197
0, 0.8096, 0.1904
0, 0.8068, 0.1932
0, 0.8223, 0.1777
0, 0.7737, 0.2263
0, 0.806, 0.194
0, 0.7402, 0.2598
0, 0.7737, 0.2263
0, 0.7157, 0.2843
0, 0.7325, 0.2675
0, 0.702, 0.298
0, 0.7459, 0.2541
0, 0.7454, 0.2546
0, 0.7292, 0.2708
0, 0.7466, 0.2534
0, 0.6959, 0.3041
0, 0.7366, 0.2634
0, 0.7557, 0.2443
0, 0.741, 0.259
0, 0.7423, 0.2577
0, 0.7266, 0.2734
0, 0.757, 0.243
0, 0.757, 0.243
0, 0.7557, 0.2443
0, 0.7271, 0.2729
0, 0.7038, 0.2962
0, 0.7063, 0.2937
0, 0.6959, 0.3041
0, 0.7325, 0.2675
0, 0.7258, 0.2742
0, 0.7557, 0.2443
0, 0.7266, 0.2734
0, 0.6959, 0.3041
0, 0.757, 0.243
0, 0.757, 0.243
0, 0.7557, 0.2443
0, 0.7271, 0.2729
0, 0.748, 0.252
0, 0.7426, 0.2574
0, 0.7292, 0.2708
0, 0.7366, 0.2634
0, 0.732, 0.268
0, 0.7454, 0.2546
0, 0.7577, 0.2423
0, 0.7696, 0.2304
0, 0.7557, 0.2443
0, 0.6775, 0.3225
0, 0.7401, 0.2599
0, 0.7423, 0.2577
0, 0.6885, 0.3115
0, 0.6712, 0.3288
0, 0.7433, 0.2567
0, 0.757, 0.243
0, 0.7475, 0.2525
0, 0.7031, 0.2969
0, 0.7368, 0.2632
0, 0.7167, 0.2833
0, 0.7415, 0.2585
0, 0.7404, 0.2596
0, 0.7024, 0.2976
0, 0.7293, 0.2707
0, 0.7054, 0.2946
0, 0.7054, 0.2946
0, 0.72, 0.28
0, 0.7031, 0.2969
0, 0.7493, 0.2507
0, 0.7353, 0.2647
0, 0.7192, 0.2808
0, 0.7268, 0.2732
0, 0.7074, 0.2926
0, 0.6993, 0.3007
0, 0.6934, 0.3066
0, 0.7242, 0.2758
0, 0.7439, 0.2561
0, 0.7117, 0.2883
0, 0.7571, 0.2429
0, 0.7339, 0.2661
0, 0.7227, 0.2773
0, 0.6944, 0.3056
0, 0.7299, 0.2701
0, 0.6936, 0.3064
0, 0.7189, 0.2811
0, 0.7414, 0.2586
0, 0.7559, 0.2441
0, 0.7148, 0.2852
0, 0.6887, 0.3113
0, 0.7563, 0.2437
0, 0.7427, 0.2573
0, 0.7323, 0.2677
0, 0.6639, 0.3361
0, 0.7422, 0.2578
0, 0.7475, 0.2525
0, 0.6877, 0.3123
0, 0.7429, 0.2571
0, 0.6633, 0.3367
0, 0.7429, 0.2571
0, 0.7608, 0.2392
0, 0.7011, 0.2989
0, 0.7217, 0.2783
0, 0.7474, 0.2526
0, 0.6829, 0.3171
0, 0.6896, 0.3104
0, 0.7557, 0.2443
0, 0.7456, 0.2544
0, 0.7415, 0.2585
0, 0.686, 0.314
0, 0.6876, 0.3124
0, 0.7169, 0.2831
0, 0.7445, 0.2555
0, 0.6979, 0.3021
0, 0.757, 0.243
0, 0.7095, 0.2905
1, 0.1799, 0.8201
1, 0.1799, 0.8201
0, 0.5158, 0.4842
0, 0.4789, 0.5211
0, 0.4664, 0.5336
0, 0.5348, 0.4652
0, 0.4735, 0.5265
0, 0.4695, 0.5305
0, 0.4703, 0.5297
0, 0.5287, 0.4713
0, 0.4688, 0.5312
0, 0.5267, 0.4733
0, 0.4735, 0.5265
0, 0.4758, 0.5242
0, 0.473, 0.527
0, 0.4769, 0.5231
0, 0.4622, 0.5378
0, 0.5348, 0.4652
0, 0.5285, 0.4715
0, 0.5285, 0.4715
0, 0.4775, 0.5225
0, 0.5199, 0.4801
0, 0.4782, 0.5218
0, 0.4735, 0.5265
0, 0.456, 0.544
0, 0.4654, 0.5346
0, 0.4653, 0.5347
0, 0.456, 0.544
0, 0.4661, 0.5339
0, 0.4727, 0.5273
0, 0.5153, 0.4847
0, 0.5183, 0.4817
0, 0.5038, 0.4962
0, 0.4986, 0.5014
0, 0.5081, 0.4919
0, 0.4668, 0.5332
0, 0.4663, 0.5337
0, 0.4635, 0.5365
0, 0.4544, 0.5456
0, 0.4694, 0.5306
0, 0.5056, 0.4944
0, 0.509, 0.491
0, 0.4546, 0.5454
0, 0.4547, 0.5453
0, 0.4657, 0.5343
0, 0.4539, 0.5461
0, 0.4561, 0.5439
0, 0.4556, 0.5444
0, 0.4677, 0.5323
0, 0.4578, 0.5422
0, 0.466, 0.534
0, 0.4505, 0.5495
0, 0.4675, 0.5325
0, 0.4749, 0.5251
0, 0.4566, 0.5434
0, 0.4689, 0.5311
0, 0.4651, 0.5349
0, 0.4632, 0.5368
0, 0.4313, 0.5687
0, 0.4566, 0.5434
0, 0.4556, 0.5444
0, 0.4602, 0.5398
0, 0.4541, 0.5459
0, 0.437, 0.563
0, 0.4584, 0.5416
0, 0.4602, 0.5398
0, 0.4525, 0.5475
0, 0.4534, 0.5466
0, 0.4516, 0.5484
0, 0.4451, 0.5549
0, 0.4584, 0.5416
0, 0.456, 0.544
0, 0.4564, 0.5436
0, 0.437, 0.563
0, 0.4549, 0.5451
0, 0.4466, 0.5534
0, 0.4504, 0.5496
0, 0.4453, 0.5547
0, 0.4556, 0.5444
0, 0.4568, 0.5432
0, 0.4561, 0.5439
0, 0.4564, 0.5436
0, 0.4516, 0.5484
0, 0.4541, 0.5459
0, 0.4535, 0.5465
0, 0.437, 0.563
0, 0.4602, 0.5398
0, 0.4584, 0.5416
0, 0.4584, 0.5416
0, 0.4602, 0.5398
0, 0.4534, 0.5466
0, 0.4677, 0.5323
0, 0.4544, 0.5456
0, 0.4525, 0.5475
0, 0.4602, 0.5398
0, 0.4175, 0.5825
0, 0.4559, 0.5441
0, 0.4524, 0.5476
0, 0.4584, 0.5416
0, 0.4286, 0.5714
0, 0.4238, 0.5762
0, 0.4536, 0.5464
0, 0.4264, 0.5736
0, 0.4496, 0.5504
0, 0.4518, 0.5482
0, 0.4527, 0.5473
0, 0.4376, 0.5624
0, 0.4267, 0.5733
0, 0.4535, 0.5465
0, 0.4375, 0.5625
0, 0.4595, 0.5405
0, 0.4523, 0.5477
0, 0.4383, 0.5617
0, 0.4368, 0.5632
0, 0.4341, 0.5659
0, 0.4538, 0.5462
0, 0.4582, 0.5418
0, 0.4453, 0.5547
0, 0.4532, 0.5468
0, 0.4512, 0.5488
0, 0.4359, 0.5641
0, 0.4267, 0.5733
0, 0.4601, 0.5399
0, 0.4563, 0.5437
0, 0.4376, 0.5624
0, 0.4074, 0.5926
0, 0.4361, 0.5639
0, 0.4263, 0.5737
0, 0.4529, 0.5471
0, 0.4226, 0.5774
0, 0.4362, 0.5638
0, 0.4601, 0.5399
0, 0.4675, 0.5325
0, 0.4265, 0.5735
0, 0.4569, 0.5431
0, 0.4279, 0.5721
0, 0.4481, 0.5519
0, 0.462, 0.538
0, 0.4593, 0.5407
0, 0.4311, 0.5689
0, 0.4586, 0.5414
0, 0.4362, 0.5638
0, 0.4424, 0.5576
0, 0.4536, 0.5464
0, 0.4536, 0.5464
0, 0.4586, 0.5414
0, 0.4245, 0.5755
0, 0.4617, 0.5383
0, 0.4419, 0.5581
0, 0.4558, 0.5442
0, 0.4386, 0.5614
0, 0.4584, 0.5416
0, 0.4544, 0.5456
0, 0.4465, 0.5535
0, 0.4446, 0.5554
0, 0.4497, 0.5503
0, 0.4464, 0.5536
0, 0.4341, 0.5659
0, 0.4602, 0.5398
0, 0.4511, 0.5489
0, 0.7837, 0.2163
0, 0.7642, 0.2358
1, 0.1366, 0.8634
1, 0.145, 0.855
1, 0.1438, 0.8562
1, 0.1412, 0.8588
1, 0.1615, 0.8385
1, 0.1653, 0.8347
1, 0.163, 0.837
1, 0.1794, 0.8206
