0, 0.9940166666666667, 0.0059833333333333336
1, 0.8649, 0.1351
1, 0.6736641666666665, 0.3263358333333333
0, 0.9848, 0.0152
0, 0.9575, 0.0425
0, 0.97675, 0.02325
0, 0.998, 0.002
0, 0.9542991150442478, 0.04570088495575221
0, 0.951532448377581, 0.04846755162241888
0, 0.9811185714285715, 0.018881428571428573
1, 0.9942, 0.0058
0, 0.9586, 0.0414
0, 0.8712843531394859, 0.1287156468605141
0, 0.8349028571428573, 0.16509714285714286
0, 0.7676578571428572, 0.23234214285714283
0, 0.988, 0.012
0, 0.9997, 0.0003
0, 0.8693128571428571, 0.13068714285714284
0, 0.9916916666666667, 0.008308333333333334
0, 0.9530991150442478, 0.04690088495575221
0, 0.8255691150442479, 0.1744308849557522
0, 0.832107448377581, 0.1678925516224189
0, 0.9999, 0.0001
0, 0.9954416666666666, 0.0045583333333333335
0, 0.915072448377581, 0.08492755162241888
0, 0.9536726190476191, 0.04632738095238095
0, 0.9986, 0.0014
0, 0.9918991150442478, 0.008100884955752213
1, 0.0329, 0.9671
0, 0.5093, 0.4907
0, 0.5301, 0.4699
0, 0.606, 0.394
0, 0.618, 0.382
0, 0.5012, 0.4988
0, 0.3405, 0.6595
0, 0.5085, 0.4915
0, 0.508125, 0.491875
0, 0.5049, 0.4951
0, 0.6079, 0.3921
0, 0.6378833333333334, 0.3621166666666667
0, 0.6463, 0.3537
0, 0.6416833333333334, 0.35831666666666667
0, 0.65485, 0.34515
0, 0.6443, 0.3557
0, 0.527, 0.473
0, 0.6957433333333332, 0.3042566666666666
0, 0.6479333333333333, 0.3520666666666667
0, 0.62, 0.38
0, 0.5665833333333333, 0.4334166666666667
0, 0.6353, 0.3647
0, 0.5651, 0.4349
0, 0.6469833333333334, 0.3530166666666667
0, 0.6719, 0.3281
0, 0.4577, 0.5423
0, 0.747, 0.253
0, 0.6870283333333332, 0.3129716666666666
0, 0.4113, 0.5887
0, 0.5735780952380952, 0.4264219047619047
0, 0.45245, 0.54755
0, 0.93915, 0.06085
0, 0.6974833333333333, 0.30251666666666666
0, 0.65515, 0.34485
1, 0.0549, 0.9451
0, 0.6389, 0.3611
0, 0.7124638095238095, 0.28753619047619045
0, 0.9531, 0.0469
0, 0.9895, 0.0105
0, 0.9917, 0.0083
0, 0.9933, 0.0067
0, 0.9891666666666667, 0.010833333333333334
0, 1.0, 0.0
0, 0.9941, 0.0059
0, 0.9575991150442478, 0.04240088495575221
0, 0.9609991150442478, 0.03900088495575221
0, 0.9998, 0.0002
0, 1.0, 0.0
0, 0.9510407817109141, 0.04895921828908554
0, 0.9891474483775812, 0.010852551622418879
1, 0.044825, 0.955175
0, 0.9632991150442478, 0.03670088495575221
0, 0.9999, 0.0001
0, 0.9846, 0.0154
0, 0.98425, 0.01575
0, 0.9322991150442478, 0.06770088495575222
0, 0.9855666666666668, 0.014433333333333331
0, 0.98625, 0.01375
0, 0.8746991150442478, 0.1253008849557522
0, 0.9753, 0.0247
0, 0.9788983333333333, 0.021101666666666668
0, 0.9033991150442479, 0.09660088495575221
0, 0.9884, 0.0116
0, 0.9843833333333334, 0.015616666666666666
0, 0.8745991150442478, 0.12540088495575222
0, 0.9392100674252001, 0.06078993257479983
0, 0.9321991150442478, 0.06780088495575222
0, 0.9684, 0.0316
0, 0.975, 0.025
1, 0.0174, 0.9826
0, 0.9746, 0.0254
1, 0.0189, 0.9811
0, 0.9398, 0.0602
0, 0.9689666666666668, 0.031033333333333336
0, 0.9181, 0.0819
0, 0.9271991150442478, 0.07280088495575221
0, 0.9263157817109146, 0.07368421828908554
0, 1.0, 0.0
0, 0.9849, 0.0151
0, 0.9925, 0.0075
1, 0.0761, 0.9239
0, 0.9331703055204381, 0.06682969447956175
0, 0.9351469721871049, 0.06485302781289508
1, 0.0868, 0.9132
0, 0.9908, 0.0092
1, 0.0193, 0.9807
0, 0.9898, 0.0102
0, 0.8070166666666667, 0.1929833333333333
1, 0.1901, 0.8099
0, 0.8133, 0.1867
1, 0.186, 0.814
1, 0.194, 0.806
1, 0.19, 0.81
0, 0.8066016666666667, 0.19339833333333337
0, 0.9343, 0.0657
1, 0.1907, 0.8093
1, 0.1395, 0.8605
1, 0.1799, 0.8201
0, 0.7084, 0.2916
1, 0.1833, 0.8167
0, 0.7952833333333333, 0.20471666666666666
1, 0.1904, 0.8096
1, 0.1902, 0.8098
1, 0.0562, 0.9438
1, 0.1896, 0.8104
0, 0.7952833333333333, 0.20471666666666666
1, 0.1631, 0.8369
1, 0.1778, 0.8222
1, 0.1608, 0.8392
1, 0.19, 0.81
0, 0.9668, 0.0332
1, 0.1874, 0.8126
1, 0.1639, 0.8361
1, 0.1599, 0.8401
0, 0.7947599999999999, 0.20523999999999995
1, 0.1894, 0.8106
0, 0.7906833333333334, 0.20931666666666665
0, 0.7952833333333333, 0.20471666666666666
1, 0.1891, 0.8109
0, 0.9545957142857145, 0.04540428571428572
1, 0.1902, 0.8098
0, 0.8132, 0.1868
0, 0.9668, 0.0332
0, 0.9344, 0.0656
1, 0.19, 0.81
0, 0.8148, 0.1852
1, 0.1898, 0.8102
1, 0.1902, 0.8098
1, 0.1909, 0.8091
0, 0.9491757142857142, 0.05082428571428572
1, 0.1906, 0.8094
0, 0.8086833333333333, 0.19131666666666666
1, 0.2009, 0.7991
1, 0.0563, 0.9437
0, 0.9344, 0.0656
0, 0.9239, 0.0761
1, 0.1842, 0.8158
0, 0.9688, 0.0312
1, 0.0563, 0.9437
1, 0.0573, 0.9427
1, 0.189, 0.811
0, 0.8217, 0.1783
0, 0.8214, 0.1786
1, 0.1902, 0.8098
1, 0.0564, 0.9436
0, 0.9697, 0.0303
0, 0.9691, 0.0309
1, 0.1892, 0.8108
0, 0.8132, 0.1868
1, 0.183125, 0.816875
1, 0.1895, 0.8105
1, 0.1842, 0.8158
1, 0.1894, 0.8106
1, 0.1786, 0.8214
1, 0.1667, 0.8333
0, 0.80715, 0.19285
0, 0.7084, 0.2916
0, 0.8914841666666667, 0.10851583333333333
1, 0.0562, 0.9438
0, 0.8085833333333333, 0.19141666666666668
0, 0.8085166666666667, 0.19148333333333334
0, 0.8086166666666667, 0.19138333333333335
0, 0.72, 0.28
0, 0.79036, 0.20963999999999997
0, 0.9145883333333336, 0.08541166666666666
1, 0.7492, 0.2508
1, 0.057, 0.943
1, 0.0557, 0.9443
0, 0.8094166666666666, 0.19058333333333335
0, 0.9334, 0.0666
0, 0.81325, 0.18675
0, 0.7907833333333334, 0.20921666666666666
0, 0.7907833333333334, 0.20921666666666666
0, 0.6151, 0.3849
0, 0.7907833333333334, 0.20921666666666666
0, 0.8091083333333333, 0.1908916666666667
0, 0.6195, 0.3805
0, 0.7213, 0.2787
0, 0.8903, 0.1097
0, 0.7947599999999999, 0.20523999999999995
0, 0.8028483333333334, 0.19715166666666664
0, 0.6462, 0.3538
0, 0.8030516666666665, 0.19694833333333334
0, 0.9165166666666666, 0.08348333333333334
1, 0.6912, 0.3088
0, 0.8832749999999998, 0.11672499999999995
0, 0.905383571428571, 0.09461642857142853
0, 0.8903, 0.1097
0, 0.9178916666666664, 0.08210833333333335
0, 0.6706, 0.3294
0, 0.9220166666666664, 0.07798333333333335
0, 0.9227666666666664, 0.07723333333333336
0, 0.9063669047619042, 0.0936330952380952
0, 0.7051910714285714, 0.2948089285714286
0, 0.7073160714285713, 0.2926839285714286
0, 0.8848583333333332, 0.11514166666666666
0, 0.7141208333333331, 0.2858791666666667
0, 0.8884499999999999, 0.11154999999999998
0, 0.9220166666666664, 0.07798333333333335
0, 0.7128208333333332, 0.2871791666666667
0, 0.8076583333333334, 0.19234166666666666
0, 0.8351833333333332, 0.16481666666666664
0, 0.6467333333333334, 0.3532666666666667
0, 0.6503733333333335, 0.3496266666666667
0, 0.7098708333333332, 0.29012916666666666
0, 0.6461333333333334, 0.3538666666666667
0, 0.7134208333333332, 0.2865791666666667
0, 0.7098708333333332, 0.29012916666666666
0, 0.7106208333333333, 0.28937916666666663
0, 0.7141208333333331, 0.2858791666666667
0, 0.7140208333333331, 0.2859791666666667
0, 0.7140208333333331, 0.2859791666666667
0, 0.7141208333333331, 0.2858791666666667
0, 0.7069208333333332, 0.29307916666666667
0, 0.7141208333333331, 0.2858791666666667
0, 0.7138458333333331, 0.2861541666666667
0, 0.9190499999999996, 0.08095000000000002
0, 0.7076327380952381, 0.2923672619047619
0, 0.9169916666666664, 0.08300833333333334
0, 0.9172916666666664, 0.08270833333333334
0, 0.8789466666666665, 0.1210533333333333
0, 0.9193499999999997, 0.08065000000000003
0, 0.9018083333333334, 0.09819166666666668
0, 0.8057, 0.1943
0, 0.8860583333333334, 0.11394166666666668
0, 0.8063333333333333, 0.19366666666666668
0, 0.6469333333333334, 0.3530666666666667
0, 0.7084708333333332, 0.2915291666666667
0, 0.6142, 0.3858
0, 0.7080708333333332, 0.29192916666666663
0, 0.8088, 0.1912
0, 0.7080166666666667, 0.2919833333333334
0, 0.8063333333333333, 0.19366666666666668
0, 0.7102166666666667, 0.28978333333333334
0, 0.8064, 0.1936
0, 0.9313, 0.0687
0, 0.9159495238095238, 0.08405047619047619
0, 0.8075, 0.1925
0, 0.814, 0.186
0, 0.8052333333333334, 0.19476666666666667
0, 0.8075, 0.1925
0, 0.8606833333333334, 0.13931666666666667
0, 0.8063333333333333, 0.19366666666666668
0, 0.8862583333333333, 0.11374166666666666
0, 0.8199, 0.1801
0, 0.8175, 0.1825
0, 0.8068, 0.1932
0, 0.8052333333333334, 0.19476666666666667
0, 0.811, 0.189
0, 0.9472, 0.0528
0, 0.8052, 0.1948
0, 0.8055, 0.1945
0, 0.8052, 0.1948
0, 0.8071, 0.1929
0, 0.8122, 0.1878
0, 0.8015, 0.1985
1, 0.1926, 0.8074
0, 0.8082, 0.1918
0, 0.8062333333333334, 0.19376666666666667
0, 0.9319, 0.0681
0, 0.8054, 0.1946
0, 0.8189, 0.1811
0, 0.8109, 0.1891
0, 0.8017, 0.1983
0, 0.6151, 0.3849
0, 0.8092, 0.1908
1, 0.6849, 0.3151
0, 0.8056, 0.1944
0, 0.9288285714285713, 0.07117142857142858
0, 0.8062333333333334, 0.19376666666666667
0, 0.8115, 0.1885
0, 0.7043, 0.2957
0, 0.6779, 0.3221
0, 0.6503, 0.3497
0, 0.6247, 0.3753
0, 0.7647333333333334, 0.2352666666666667
0, 0.7043, 0.2957
0, 0.7632, 0.2368
0, 0.8084, 0.1916
0, 0.8806, 0.1194
0, 0.5687, 0.4313
0, 0.687025, 0.312975
0, 0.4334, 0.5666
0, 0.5858, 0.4142
0, 0.9400183333333334, 0.05998166666666667
0, 0.5796, 0.4204
0, 0.605, 0.395
0, 0.9321639285714286, 0.06783607142857143
0, 0.9735, 0.0265
0, 0.4099, 0.5901
0, 0.5704, 0.4296
0, 0.5479, 0.4521
0, 0.5916, 0.4084
0, 0.7362745238095239, 0.2637254761904762
0, 0.4411, 0.5589
0, 0.8092, 0.1908
0, 0.8194, 0.1806
0, 0.4321, 0.5679
0, 0.8109274999999999, 0.18907249999999998
0, 0.6601333333333333, 0.33986666666666665
0, 0.6590783333333333, 0.34092166666666673
0, 0.6901, 0.3099
0, 0.5865, 0.4135
0, 0.6135, 0.3865
0, 0.5621, 0.4379
0, 0.6138, 0.3862
0, 0.7339908333333331, 0.26600916666666663
0, 0.4636833333333334, 0.5363166666666666
0, 1.0, 0.0
0, 0.9999, 0.0001
0, 0.9999, 0.0001
0, 0.9999, 0.0001
0, 0.9999, 0.0001
0, 1.0, 0.0
0, 1.0, 0.0
0, 1.0, 0.0
0, 0.9999, 0.0001
0, 1.0, 0.0
0, 1.0, 0.0
0, 1.0, 0.0
0, 0.9998, 0.0002
0, 1.0, 0.0
0, 0.9998, 0.0002
0, 1.0, 0.0
0, 0.9998, 0.0002
0, 1.0, 0.0
0, 1.0, 0.0
0, 1.0, 0.0
0, 0.9998, 0.0002
0, 1.0, 0.0
0, 0.9998, 0.0002
0, 1.0, 0.0
0, 0.4981, 0.5019
0, 0.6647, 0.3353
0, 0.2543, 0.7457
0, 0.3624, 0.6376
0, 0.2265, 0.7735
0, 0.2573, 0.7427
0, 0.6307, 0.3693
0, 0.9200583333333332, 0.07994166666666666
0, 0.9199991150442478, 0.08000088495575221
1, 0.9905, 0.0095
0, 0.9405991150442478, 0.059400884955752215
1, 0.0053, 0.9947
0, 0.838107448377581, 0.16189255162241886
0, 0.9944, 0.0056
0, 0.9503991150442478, 0.04960088495575221
1, 0.989, 0.011
0, 0.9245491150442479, 0.07545088495575221
0, 0.8994610198061525, 0.10053898019384744
0, 0.8655658333333333, 0.1344341666666667
0, 0.9794, 0.0206
0, 0.8236991150442479, 0.17630088495575222
0, 0.8872991150442479, 0.11270088495575221
0, 0.7843991150442479, 0.2156008849557522
0, 0.8073333333333333, 0.19266666666666665
0, 0.9361041150442477, 0.06389588495575221
1, 0.0148, 0.9852
0, 0.9412991150442478, 0.058700884955752215
0, 0.8872991150442479, 0.11270088495575221
0, 0.9949991150442478, 0.005000884955752212
0, 0.9152107817109145, 0.08478921828908556
0, 0.8283991150442478, 0.1716008849557522
0, 0.9002134007585335, 0.0997865992414665
0, 0.9863, 0.0137
0, 0.994742619047619, 0.005257380952380953
0, 0.8972134007585335, 0.1027865992414665
0, 0.8972134007585335, 0.1027865992414665
0, 0.9999, 0.0001
0, 0.9158800674252003, 0.08411993257479981
0, 0.989, 0.011
0, 0.9903, 0.0097
0, 0.9997, 0.0003
0, 0.9959, 0.0041
0, 0.9974, 0.0026
0, 0.9979, 0.0021
0, 0.4221, 0.5779
1, 0.0347, 0.9653
0, 0.9967, 0.0033
0, 0.9555991150442478, 0.044400884955752215
0, 0.9968, 0.0032
0, 0.9923, 0.0077
0, 0.9406, 0.0594
0, 0.9919, 0.0081
0, 0.98556, 0.01444
0, 0.854, 0.146
0, 0.8200991150442478, 0.1799008849557522
0, 0.9663422619047615, 0.033657738095238095
0, 0.9803, 0.0197
0, 0.988675, 0.011325
0, 0.9535374483775814, 0.04646255162241887
0, 0.9886, 0.0114
0, 0.9784, 0.0216
0, 0.9836, 0.0164
0, 0.9864, 0.0136
0, 0.9869, 0.0131
0, 0.7797424483775811, 0.22025755162241886
0, 0.9999, 0.0001
0, 1.0, 0.0
0, 0.9996, 0.0004
0, 0.9996, 0.0004
0, 0.9996, 0.0004
0, 1.0, 0.0
0, 0.9936, 0.0064
0, 0.9996, 0.0004
0, 1.0, 0.0
0, 0.9996, 0.0004
0, 0.99835, 0.00165
0, 1.0, 0.0
0, 1.0, 0.0
0, 0.46993333333333337, 0.5300666666666666
1, 0.1924, 0.8076
0, 0.9272211904761906, 0.07277880952380952
0, 0.8725, 0.1275
0, 0.5638666666666666, 0.4361333333333334
0, 0.5039, 0.4961
0, 0.4592, 0.5408
0, 0.7673, 0.2327
1, 0.1924, 0.8076
1, 0.1854, 0.8146
1, 0.1925, 0.8075
1, 0.1919, 0.8081
1, 0.1955, 0.8045
1, 0.1916, 0.8084
1, 0.106, 0.894
1, 0.1915, 0.8085
1, 0.1916, 0.8084
1, 0.1918, 0.8082
1, 0.1854, 0.8146
0, 0.74775, 0.25225
1, 0.1749, 0.8251
0, 0.753025, 0.246975
0, 0.7529250000000001, 0.247075
0, 0.74505, 0.25495
0, 0.7483583333333333, 0.25164166666666665
0, 0.74595, 0.25405
0, 0.74735, 0.25265
0, 0.74745, 0.25255
0, 0.8508, 0.1492
0, 0.74675, 0.25325
0, 0.9417, 0.0583
0, 0.9602991150442478, 0.03970088495575221
0, 0.9249, 0.0751
0, 0.8099, 0.1901
0, 0.9326, 0.0674
0, 0.9281, 0.0719
0, 0.9297333333333332, 0.07026666666666666
0, 0.9321666666666668, 0.06783333333333334
0, 0.9273, 0.0727
0, 0.9327, 0.0673
0, 0.9375991150442478, 0.06240088495575221
0, 0.9423991150442478, 0.05760088495575221
0, 0.9434991150442478, 0.056500884955752215
0, 0.9367991150442478, 0.06320088495575221
0, 0.9410134007585335, 0.0589865992414665
0, 0.9323991150442478, 0.06760088495575221
0, 0.9433991150442478, 0.05660088495575221
0, 0.9389241150442478, 0.06107588495575221
0, 0.9444991150442478, 0.055500884955752214
0, 0.9515, 0.0485
0, 0.9515, 0.0485
0, 0.3948, 0.6052
0, 0.36, 0.64
0, 0.3929, 0.6071
0, 0.93, 0.07
0, 0.3802, 0.6198
0, 0.3798, 0.6202
0, 0.3798, 0.6202
0, 0.3717, 0.6283
0, 0.3693, 0.6307
0, 0.3691, 0.6309
0, 0.3686, 0.6314
0, 0.372, 0.628
0, 0.3717, 0.6283
0, 0.3719, 0.6281
0, 0.4182, 0.5818
0, 0.4129, 0.5871
0, 0.3994, 0.6006
0, 0.4003, 0.5997
0, 0.8839395238095238, 0.1160604761904762
0, 0.8887333333333334, 0.11126666666666668
0, 0.8879333333333334, 0.11206666666666668
0, 0.8893333333333334, 0.11066666666666668
0, 0.8879333333333334, 0.11206666666666668
0, 0.8788311904761904, 0.12116880952380953
0, 0.8945, 0.1055
0, 0.9084, 0.0916
0, 0.908, 0.092
0, 0.9072, 0.0928
0, 0.287, 0.713
0, 0.2796, 0.7204
0, 0.2739, 0.7261
1, 0.0115, 0.9885
1, 0.0114, 0.9886
1, 0.0529, 0.9471
1, 0.0529, 0.9471
1, 0.0245, 0.9755
1, 0.0111, 0.9889
1, 0.0108, 0.9892
1, 0.013, 0.987
1, 0.0524, 0.9476
1, 0.0249, 0.9751
1, 0.0247, 0.9753
1, 0.0129, 0.9871
1, 0.0109, 0.9891
1, 0.0131, 0.9869
1, 0.0296, 0.9704
1, 0.0138, 0.9862
1, 0.0544, 0.9456
1, 0.0559, 0.9441
1, 0.0544, 0.9456
1, 0.0537, 0.9463
1, 0.0544, 0.9456
1, 0.013, 0.987
1, 0.0109, 0.9891
1, 0.0624, 0.9376
1, 0.053, 0.947
1, 0.0544, 0.9456
1, 0.0132, 0.9868
1, 0.0531, 0.9469
1, 0.0629, 0.9371
1, 0.0109, 0.9891
1, 0.053, 0.947
1, 0.0544, 0.9456
1, 0.0446, 0.9554
1, 0.0106, 0.9894
1, 0.0131, 0.9869
1, 0.0111, 0.9889
1, 0.0108, 0.9892
1, 0.0635, 0.9365
1, 0.0529, 0.9471
1, 0.0523, 0.9477
1, 0.0131, 0.9869
1, 0.0395, 0.9605
1, 0.013, 0.987
1, 0.0136, 0.9864
1, 0.0247, 0.9753
1, 0.0106, 0.9894
1, 0.0654, 0.9346
1, 0.0109, 0.9891
1, 0.0129, 0.9871
1, 0.0111, 0.9889
1, 0.013, 0.987
1, 0.0245, 0.9755
1, 0.0109, 0.9891
1, 0.0131, 0.9869
1, 0.0533, 0.9467
1, 0.0112, 0.9888
1, 0.0131, 0.9869
1, 0.0249, 0.9751
1, 0.0131, 0.9869
1, 0.0115, 0.9885
1, 0.0109, 0.9891
1, 0.0114, 0.9886
1, 0.0533, 0.9467
1, 0.0533, 0.9467
1, 0.0112, 0.9888
1, 0.2096, 0.7904
1, 0.2086, 0.7914
1, 0.2031, 0.7969
