0, 0.9876, 0.0124
0, 0.981, 0.019
0, 0.9936, 0.0064
0, 0.9667, 0.0333
0, 0.9665, 0.0335
0, 0.9796, 0.0204
0, 0.9809, 0.0191
0, 0.9872, 0.0128
0, 0.9771, 0.0229
0, 0.9798, 0.0202
0, 0.9715, 0.0285
0, 0.9823, 0.0177
0, 0.9665, 0.0335
0, 0.9667, 0.0333
0, 0.9879, 0.0121
0, 0.95, 0.05
0, 0.9808, 0.0192
0, 0.9996, 0.0004
0, 0.9807, 0.0193
0, 0.9836, 0.0164
0, 0.978, 0.022
0, 0.985, 0.015
0, 0.985, 0.015
0, 0.978, 0.022
0, 0.9745, 0.0255
0, 0.9437, 0.0563
0, 0.9969, 0.0031
0, 0.8994, 0.1006
0, 0.9811, 0.0189
0, 0.9997, 0.0003
0, 0.9823, 0.0177
0, 0.9833, 0.0167
0, 0.9822, 0.0178
0, 0.996, 0.004
0, 0.987, 0.013
0, 0.9902, 0.0098
0, 0.9899, 0.0101
0, 0.9998, 0.0002
0, 0.9998, 0.0002
0, 0.9751, 0.0249
0, 0.9003, 0.0997
0, 0.9917, 0.0083
0, 0.9937, 0.0063
0, 0.9971, 0.0029
0, 0.9895, 0.0105
0, 0.9869, 0.0131
0, 0.9991, 0.0009
0, 0.9991, 0.0009
0, 0.9864, 0.0136
0, 0.9863, 0.0137
0, 0.9864, 0.0136
0, 0.9816, 0.0184
0, 0.9864, 0.0136
0, 0.9909, 0.0091
0, 0.9839, 0.0161
0, 0.9854, 0.0146
0, 0.9819, 0.0181
0, 0.9865, 0.0135
0, 0.9912, 0.0088
0, 0.9887, 0.0113
0, 0.9886, 0.0114
0, 0.9703, 0.0297
0, 0.9979, 0.0021
0, 0.9746, 0.0254
0, 0.9912, 0.0088
0, 0.9883, 0.0117
0, 0.9888, 0.0112
0, 0.9874, 0.0126
0, 0.9873, 0.0127
0, 0.9999, 0.0001
0, 0.9947, 0.0053
0, 0.9887, 0.0113
0, 0.9987, 0.0013
0, 0.9991, 0.0009
0, 0.9991, 0.0009
0, 0.9853, 0.0147
0, 0.9997, 0.0003
0, 0.9978, 0.0022
0, 0.8989, 0.1011
0, 0.9983, 0.0017
0, 0.9937, 0.0063
0, 0.998, 0.002
0, 0.9964, 0.0036
0, 0.902, 0.098
0, 0.9995, 0.0005
0, 0.9995, 0.0005
0, 0.9994, 0.0006
0, 0.9945, 0.0055
0, 0.999, 0.001
0, 0.9998, 0.0002
0, 0.9998, 0.0002
0, 0.9987, 0.0013
0, 0.9983, 0.0017
0, 0.9984, 0.0016
0, 0.9974, 0.0026
0, 0.9966, 0.0034
0, 0.9999, 0.0001
0, 0.9725, 0.0275
0, 0.9659, 0.0341
0, 1.0, 0.0
0, 0.9996, 0.0004
0, 1.0, 0.0
0, 0.9996, 0.0004
0, 0.9934, 0.0066
0, 0.9989, 0.0011
0, 1.0, 0.0
0, 0.9911, 0.0089
0, 0.9937, 0.0063
0, 1.0, 0.0
1, 0.0558, 0.9442
0, 0.9915, 0.0085
1, 0.5533, 0.4467
0, 0.9957, 0.0043
0, 0.9905, 0.0095
0, 0.996, 0.004
0, 0.9905, 0.0095
0, 0.8723, 0.1277
1, 0.0679, 0.9321
0, 0.9908, 0.0092
1, 0.9994, 0.0006
0, 0.9964, 0.0036
0, 0.9908, 0.0092
0, 0.9947, 0.0053
0, 0.9978, 0.0022
1, 0.9836, 0.0164
0, 0.9965, 0.0035
0, 0.8963, 0.1037
0, 0.9862, 0.0138
0, 0.9852, 0.0148
0, 0.9929, 0.0071
0, 0.9914, 0.0086
0, 0.991, 0.009
0, 0.9906, 0.0094
0, 0.9942, 0.0058
0, 0.9881, 0.0119
0, 0.9935, 0.0065
1, 0.0532, 0.9468
1, 0.0527, 0.9473
0, 0.9942, 0.0058
0, 0.9932, 0.0068
0, 0.9909, 0.0091
0, 0.9964, 0.0036
0, 1.0, 0.0
1, 0.0532, 0.9468
0, 0.9895, 0.0105
0, 0.9896, 0.0104
1, 0.0531, 0.9469
0, 0.9995, 0.0005
0, 0.9931, 0.0069
0, 0.9993, 0.0007
0, 0.9965, 0.0035
0, 0.9966, 0.0034
0, 0.9965, 0.0035
0, 0.9943, 0.0057
0, 0.9965, 0.0035
0, 0.9953, 0.0047
0, 0.994, 0.006
0, 0.9953, 0.0047
0, 0.9966, 0.0034
0, 0.9961, 0.0039
0, 0.9981, 0.0019
0, 0.9779, 0.0221
0, 0.996, 0.004
0, 0.9992, 0.0008
0, 0.9994, 0.0006
0, 0.9981, 0.0019
0, 0.9871, 0.0129
0, 0.9985, 0.0015
0, 0.9984, 0.0016
0, 0.9933, 0.0067
0, 0.9986, 0.0014
0, 0.9981, 0.0019
0, 0.999, 0.001
0, 0.9879, 0.0121
0, 0.9931, 0.0069
0, 0.9797, 0.0203
1, 0.9923, 0.0077
0, 0.9993, 0.0007
0, 0.9919, 0.0081
1, 0.9994, 0.0006
1, 0.9994, 0.0006
1, 0.9618, 0.0382
0, 0.9988, 0.0012
0, 0.9983, 0.0017
0, 0.9947, 0.0053
1, 0.9906, 0.0094
1, 0.9956, 0.0044
0, 0.9892, 0.0108
1, 0.9887, 0.0113
1, 0.9792, 0.0208
0, 0.9977, 0.0023
1, 0.9803, 0.0197
0, 0.9994, 0.0006
0, 0.9933, 0.0067
0, 0.9988, 0.0012
0, 0.9992, 0.0008
0, 0.998, 0.002
0, 0.9994, 0.0006
0, 0.998, 0.002
0, 0.9994, 0.0006
0, 1.0, 0.0
0, 0.9997, 0.0003
0, 1.0, 0.0
1, 0.9981, 0.0019
1, 0.9981, 0.0019
1, 0.0423, 0.9577
1, 0.0511, 0.9489
0, 0.9999, 0.0001
0, 0.9999, 0.0001
0, 1.0, 0.0
0, 1.0, 0.0
0, 1.0, 0.0
0, 0.9572, 0.0428
0, 1.0, 0.0
0, 0.9993, 0.0007
0, 1.0, 0.0
0, 1.0, 0.0
0, 1.0, 0.0
0, 0.9998, 0.0002
1, 0.1066, 0.8934
1, 0.0735, 0.9265
1, 0.0734, 0.9266
1, 0.0736, 0.9264
0, 0.9969, 0.0031
0, 0.9896, 0.0104
0, 0.9975, 0.0025
0, 0.9871, 0.0129
0, 0.9967, 0.0033
0, 0.9896, 0.0104
0, 0.9813, 0.0187
0, 0.9931, 0.0069
0, 0.9927, 0.0073
0, 0.9951, 0.0049
0, 0.9951, 0.0049
0, 0.9841, 0.0159
0, 0.9833, 0.0167
0, 0.983, 0.017
0, 0.9976, 0.0024
0, 0.9957, 0.0043
0, 0.9944, 0.0056
0, 0.9971, 0.0029
0, 0.9855, 0.0145
0, 0.9882, 0.0118
0, 0.9745, 0.0255
0, 0.6439, 0.3561
0, 0.9673, 0.0327
0, 0.9818, 0.0182
0, 0.9895, 0.0105
0, 0.9913, 0.0087
0, 0.9883, 0.0117
1, 0.9913, 0.0087
0, 0.9947, 0.0053
0, 0.6742, 0.3258
0, 0.7017, 0.2983
0, 0.9832, 0.0168
0, 0.9903, 0.0097
0, 0.9911, 0.0089
0, 0.9673, 0.0327
1, 0.9667, 0.0333
0, 0.7396, 0.2604
0, 0.9372, 0.0628
0, 0.9922, 0.0078
0, 0.9916, 0.0084
0, 0.9513, 0.0487
0, 0.7813, 0.2187
0, 0.9734, 0.0266
0, 0.9975, 0.0025
0, 0.9911, 0.0089
0, 0.9847, 0.0153
0, 0.9913, 0.0087
0, 0.9728, 0.0272
1, 0.2827, 0.7173
0, 0.9964, 0.0036
0, 0.9934, 0.0066
0, 0.9919, 0.0081
0, 0.9942, 0.0058
0, 0.9834, 0.0166
0, 0.9871, 0.0129
0, 0.9941, 0.0059
0, 0.7389, 0.2611
0, 0.9947, 0.0053
0, 0.9698, 0.0302
0, 0.9651, 0.0349
0, 0.7033, 0.2967
0, 0.9916, 0.0084
0, 0.989, 0.011
0, 0.7697, 0.2303
0, 0.9947, 0.0053
0, 0.9947, 0.0053
0, 0.9863, 0.0137
0, 0.9905, 0.0095
0, 0.9948, 0.0052
0, 0.9906, 0.0094
0, 0.9906, 0.0094
0, 0.981, 0.019
0, 0.9842, 0.0158
0, 0.9763, 0.0237
0, 0.9923, 0.0077
0, 0.9918, 0.0082
0, 0.9982, 0.0018
0, 0.9863, 0.0137
0, 0.9982, 0.0018
0, 0.9982, 0.0018
0, 0.9919, 0.0081
0, 0.9925, 0.0075
0, 0.9975, 0.0025
0, 0.9858, 0.0142
0, 0.99, 0.01
0, 0.9819, 0.0181
0, 0.9814, 0.0186
0, 0.9729, 0.0271
0, 0.9712, 0.0288
0, 0.9793, 0.0207
0, 0.9784, 0.0216
0, 0.9844, 0.0156
0, 0.9844, 0.0156
0, 0.998, 0.002
0, 0.9687, 0.0313
0, 0.99, 0.01
0, 0.9819, 0.0181
0, 0.9318, 0.0682
0, 0.9833, 0.0167
0, 0.9888, 0.0112
0, 0.9688, 0.0312
0, 0.9819, 0.0181
0, 0.99, 0.01
0, 0.9812, 0.0188
0, 0.9813, 0.0187
0, 0.8882, 0.1118
0, 0.9721, 0.0279
0, 0.9343, 0.0657
1, 0.0095, 0.9905
0, 0.9592, 0.0408
0, 0.9694, 0.0306
1, 0.2835, 0.7165
0, 0.9327, 0.0673
0, 0.9897, 0.0103
0, 0.9502, 0.0498
0, 0.9548, 0.0452
0, 0.9582, 0.0418
0, 0.8468, 0.1532
0, 0.8596, 0.1404
0, 0.9705, 0.0295
0, 0.909, 0.091
0, 0.9719, 0.0281
0, 0.9518, 0.0482
0, 0.9656, 0.0344
0, 0.9625, 0.0375
0, 0.9665, 0.0335
0, 0.9479, 0.0521
0, 0.9673, 0.0327
0, 0.9532, 0.0468
0, 0.9622, 0.0378
0, 0.9851, 0.0149
0, 1.0, 0.0
0, 0.9996, 0.0004
0, 0.9996, 0.0004
0, 0.9987, 0.0013
0, 0.9932, 0.0068
0, 0.9811, 0.0189
0, 0.9968, 0.0032
0, 0.999, 0.001
0, 0.9925, 0.0075
0, 0.9811, 0.0189
0, 0.9889, 0.0111
0, 0.9985, 0.0015
0, 0.9958, 0.0042
0, 0.9987, 0.0013
0, 0.9987, 0.0013
0, 0.953, 0.047
0, 0.9523, 0.0477
0, 0.9999, 0.0001
0, 0.9906, 0.0094
0, 0.9954, 0.0046
0, 0.9902, 0.0098
0, 0.9962, 0.0038
0, 0.9975, 0.0025
0, 0.9878, 0.0122
0, 0.9987, 0.0013
0, 0.9985, 0.0015
0, 0.9986, 0.0014
0, 0.9991, 0.0009
0, 0.9995, 0.0005
0, 0.9917, 0.0083
0, 0.9905, 0.0095
0, 0.9989, 0.0011
0, 0.9962, 0.0038
0, 0.9997, 0.0003
0, 0.9985, 0.0015
0, 0.9986, 0.0014
0, 0.9966, 0.0034
0, 0.9705, 0.0295
0, 0.9978, 0.0022
0, 0.99, 0.01
0, 0.9901, 0.0099
0, 0.9968, 0.0032
0, 0.9996, 0.0004
0, 0.9981, 0.0019
0, 0.9965, 0.0035
0, 0.9934, 0.0066
0, 0.9983, 0.0017
0, 0.9712, 0.0288
0, 0.9967, 0.0033
0, 0.9903, 0.0097
0, 0.9942, 0.0058
0, 0.9955, 0.0045
0, 0.9971, 0.0029
0, 0.9971, 0.0029
0, 0.9956, 0.0044
0, 0.9973, 0.0027
0, 1.0, 0.0
0, 0.9903, 0.0097
0, 0.9956, 0.0044
0, 0.9903, 0.0097
0, 0.9978, 0.0022
0, 0.9985, 0.0015
0, 0.9984, 0.0016
0, 0.9955, 0.0045
0, 1.0, 0.0
0, 0.9978, 0.0022
0, 0.9954, 0.0046
0, 0.9978, 0.0022
0, 1.0, 0.0
0, 0.9987, 0.0013
0, 0.9967, 0.0033
0, 0.9999, 0.0001
0, 0.9978, 0.0022
0, 1.0, 0.0
0, 0.9973, 0.0027
0, 0.9772, 0.0228
0, 1.0, 0.0
0, 0.9998, 0.0002
0, 0.9974, 0.0026
0, 0.997, 0.003
0, 1.0, 0.0
0, 0.9978, 0.0022
0, 0.9978, 0.0022
0, 0.9998, 0.0002
0, 0.9974, 0.0026
0, 0.9989, 0.0011
0, 1.0, 0.0
0, 0.9987, 0.0013
0, 0.9987, 0.0013
0, 0.9963, 0.0037
0, 0.9998, 0.0002
0, 1.0, 0.0
0, 0.9987, 0.0013
0, 1.0, 0.0
0, 0.9904, 0.0096
0, 0.9987, 0.0013
0, 0.9962, 0.0038
0, 0.9999, 0.0001
0, 0.9992, 0.0008
0, 0.9922, 0.0078
0, 0.9997, 0.0003
0, 0.9991, 0.0009
0, 0.9996, 0.0004
0, 0.9931, 0.0069
0, 0.9997, 0.0003
0, 0.9931, 0.0069
0, 0.9982, 0.0018
0, 0.9922, 0.0078
0, 0.9951, 0.0049
0, 0.9999, 0.0001
0, 0.9999, 0.0001
0, 1.0, 0.0
0, 0.9981, 0.0019
0, 1.0, 0.0
0, 0.9904, 0.0096
0, 0.9981, 0.0019
0, 0.9893, 0.0107
0, 1.0, 0.0
0, 0.9998, 0.0002
0, 0.9986, 0.0014
0, 0.9988, 0.0012
0, 0.9997, 0.0003
0, 0.9976, 0.0024
0, 0.9811, 0.0189
0, 0.9991, 0.0009
0, 0.9984, 0.0016
0, 0.9981, 0.0019
0, 0.9997, 0.0003
0, 0.9987, 0.0013
0, 0.9987, 0.0013
0, 0.9957, 0.0043
0, 0.9967, 0.0033
0, 0.9997, 0.0003
0, 0.997, 0.003
0, 0.9997, 0.0003
0, 0.9987, 0.0013
0, 1.0, 0.0
0, 0.9987, 0.0013
0, 0.9871, 0.0129
0, 0.9902, 0.0098
0, 0.9992, 0.0008
0, 0.9996, 0.0004
0, 0.9996, 0.0004
0, 0.9972, 0.0028
0, 0.9981, 0.0019
0, 0.9963, 0.0037
0, 0.9971, 0.0029
0, 0.9958, 0.0042
0, 0.9996, 0.0004
0, 0.9997, 0.0003
0, 0.9999, 0.0001
0, 0.9982, 0.0018
0, 0.9983, 0.0017
0, 0.9998, 0.0002
0, 0.9866, 0.0134
0, 1.0, 0.0
0, 0.9983, 0.0017
0, 0.9877, 0.0123
0, 0.999, 0.001
0, 0.9972, 0.0028
0, 0.9879, 0.0121
0, 0.9996, 0.0004
0, 0.9999, 0.0001
0, 0.994, 0.006
0, 0.9889, 0.0111
0, 0.9748, 0.0252
0, 0.9992, 0.0008
0, 0.9987, 0.0013
0, 0.9998, 0.0002
0, 0.9992, 0.0008
0, 0.9948, 0.0052
0, 1.0, 0.0
0, 0.9891, 0.0109
0, 0.9992, 0.0008
0, 1.0, 0.0
0, 0.987, 0.013
0, 0.996, 0.004
0, 0.9958, 0.0042
0, 1.0, 0.0
0, 0.9825, 0.0175
0, 0.978, 0.022
0, 0.9992, 0.0008
0, 0.9893, 0.0107
0, 0.9828, 0.0172
0, 0.9836, 0.0164
0, 0.984, 0.016
0, 0.9486, 0.0514
0, 0.9457, 0.0543
0, 0.984, 0.016
0, 0.9919, 0.0081
0, 0.986, 0.014
0, 0.9656, 0.0344
1, 0.9791, 0.0209
0, 0.989, 0.011
0, 0.9412, 0.0588
0, 0.9892, 0.0108
0, 0.9819, 0.0181
0, 0.97, 0.03
0, 0.985, 0.015
1, 0.9544, 0.0456
0, 0.9405, 0.0595
0, 0.9716, 0.0284
0, 0.9959, 0.0041
0, 0.9928, 0.0072
0, 0.9966, 0.0034
0, 0.9899, 0.0101
0, 0.9953, 0.0047
0, 0.9967, 0.0033
0, 0.9966, 0.0034
0, 0.9849, 0.0151
0, 0.9942, 0.0058
0, 0.9942, 0.0058
0, 0.985, 0.015
0, 0.9891, 0.0109
0, 0.9948, 0.0052
0, 0.9742, 0.0258
0, 0.9948, 0.0052
0, 0.9946, 0.0054
0, 0.9923, 0.0077
0, 0.9835, 0.0165
0, 0.9947, 0.0053
0, 0.9923, 0.0077
0, 0.9971, 0.0029
0, 0.9987, 0.0013
0, 0.9995, 0.0005
0, 0.9446, 0.0554
0, 0.9915, 0.0085
0, 0.9932, 0.0068
0, 0.9953, 0.0047
0, 0.9954, 0.0046
0, 0.9888, 0.0112
0, 0.9945, 0.0055
0, 0.9993, 0.0007
0, 0.997, 0.003
0, 0.9715, 0.0285
0, 0.9899, 0.0101
0, 0.994, 0.006
0, 0.9899, 0.0101
0, 0.9969, 0.0031
0, 0.9973, 0.0027
0, 0.9971, 0.0029
0, 0.9997, 0.0003
0, 1.0, 0.0
0, 0.9999, 0.0001
0, 0.6711, 0.3289
0, 0.6739, 0.3261
0, 0.6721, 0.3279
1, 0.6309, 0.3691
0, 0.6709, 0.3291
0, 0.6749, 0.3251
0, 0.6688, 0.3312
1, 0.0441, 0.9559
0, 0.6738, 0.3262
0, 0.5737, 0.4263
0, 0.6518, 0.3482
0, 0.6518, 0.3482
0, 0.5823, 0.4177
0, 0.6709, 0.3291
0, 0.5866, 0.4134
0, 0.6713, 0.3287
0, 0.5866, 0.4134
0, 0.6725, 0.3275
1, 0.0895, 0.9105
1, 0.0891, 0.9109
1, 0.0015, 0.9985
1, 0.0022, 0.9978
1, 0.0012, 0.9988
1, 0.0027, 0.9973
1, 0.003, 0.997
1, 0.0044, 0.9956
1, 0.0153, 0.9847
1, 0.0045, 0.9955
1, 0.0597, 0.9403
1, 0.0062, 0.9938
1, 0.0234, 0.9766
1, 0.0237, 0.9763
