0, 0.7097833333333334, 0.2902166666666667
0, 0.7114833333333334, 0.2885166666666667
0, 0.7466, 0.2534
0, 0.9764, 0.0236
0, 0.8909833333333332, 0.10901666666666665
0, 0.702, 0.298
0, 0.7636, 0.2364
0, 0.7187833333333334, 0.28121666666666667
0, 0.9060833333333332, 0.09391666666666668
0, 0.7381833333333334, 0.2618166666666667
0, 0.8313, 0.1687
0, 0.8941833333333332, 0.10581666666666666
0, 0.6319833333333333, 0.3680166666666667
0, 0.7517, 0.2483
0, 0.7393833333333334, 0.2606166666666667
0, 0.8949833333333332, 0.10501666666666665
0, 0.7208833333333334, 0.2791166666666667
0, 0.8981833333333332, 0.10181666666666667
0, 0.7627833333333334, 0.2372166666666667
0, 0.8917833333333333, 0.10821666666666666
0, 0.7367833333333333, 0.2632166666666667
0, 0.7320833333333334, 0.2679166666666667
0, 0.7663833333333334, 0.2336166666666667
0, 0.9997, 0.0003
0, 0.9474, 0.0526
0, 0.7377833333333333, 0.2622166666666667
0, 0.8419, 0.1581
0, 0.7325833333333334, 0.2674166666666667
0, 0.8299, 0.1701
0, 0.9997, 0.0003
0, 0.9755, 0.0245
0, 0.7571833333333334, 0.2428166666666667
0, 0.7234833333333334, 0.2765166666666667
0, 0.974, 0.026
0, 0.7400833333333334, 0.2599166666666667
0, 0.9785, 0.0215
0, 0.7361833333333334, 0.2638166666666667
0, 0.9381, 0.0619
0, 0.9724, 0.0276
0, 0.8830833333333332, 0.11691666666666665
0, 0.7985, 0.2015
0, 0.672, 0.328
0, 0.8921833333333332, 0.10781666666666666
0, 0.9755, 0.0245
0, 0.8629833333333332, 0.13701666666666665
0, 0.9192833333333332, 0.08071666666666667
0, 0.9724, 0.0276
0, 0.9474, 0.0526
0, 0.7650833333333334, 0.2349166666666667
0, 0.7879833333333334, 0.2120166666666667
0, 0.7710833333333333, 0.22891666666666668
0, 0.757, 0.243
0, 0.7827, 0.2173
0, 0.7707833333333334, 0.2292166666666667
0, 0.7795833333333334, 0.2204166666666667
0, 0.7880833333333334, 0.2119166666666667
0, 0.7634833333333334, 0.2365166666666667
0, 0.7813, 0.2187
0, 0.7733833333333334, 0.2266166666666667
0, 0.7529833333333334, 0.2470166666666667
0, 0.977, 0.023
0, 0.7136, 0.2864
0, 0.7676, 0.2324
0, 0.7224, 0.2776
0, 0.8838, 0.1162
0, 0.7296, 0.2704
0, 0.7608, 0.2392
0, 0.656, 0.344
0, 0.7537, 0.2463
0, 0.7518833333333333, 0.2481166666666667
0, 0.7765833333333334, 0.2234166666666667
0, 0.7861833333333333, 0.2138166666666667
0, 0.7765833333333334, 0.2234166666666667
0, 0.7538, 0.2462
0, 0.7858833333333334, 0.2141166666666667
0, 0.6813, 0.3187
0, 0.7344833333333334, 0.2655166666666667
0, 0.7777, 0.2223
0, 0.7769, 0.2231
0, 0.9798, 0.0202
0, 0.9797, 0.0203
0, 0.7799, 0.2201
0, 0.9792, 0.0208
0, 0.979, 0.021
0, 0.65283125, 0.34716875
0, 0.68, 0.32
0, 0.6847741071428571, 0.31522589285714286
0, 0.6772741071428572, 0.32272589285714287
0, 0.6422741071428572, 0.35772589285714285
0, 0.6792, 0.3208
0, 0.5361741071428572, 0.4638258928571428
0, 0.78, 0.22
0, 0.7763, 0.2237
0, 0.8129741071428571, 0.18702589285714286
0, 0.9143, 0.0857
0, 0.8093, 0.1907
0, 0.8448560119047619, 0.1551439880952381
0, 0.9259428571428573, 0.07405714285714285
0, 0.9193428571428572, 0.08065714285714286
0, 0.9527428571428572, 0.04725714285714286
0, 0.9169428571428573, 0.08305714285714286
0, 0.8748274404761905, 0.1251725595238095
0, 0.9261428571428573, 0.07385714285714286
0, 0.8092026785714286, 0.19079732142857142
0, 0.7124860119047619, 0.2875139880952381
0, 0.9538428571428572, 0.046157142857142855
0, 0.9438428571428572, 0.05615714285714286
0, 0.6595574404761905, 0.3404425595238095
0, 0.6477598214285715, 0.3522401785714286
0, 0.7549598214285714, 0.24504017857142857
0, 0.7521645833333334, 0.2478354166666667
0, 0.7365285714285714, 0.2634714285714286
0, 0.6736931547619048, 0.3263068452380953
0, 0.9727, 0.0273
0, 0.6897560119047619, 0.3102439880952381
0, 0.9742, 0.0258
0, 0.9880428571428572, 0.011957142857142857
0, 0.8967393452380952, 0.10326065476190474
0, 0.8537560119047619, 0.1462439880952381
0, 0.9743, 0.0257
0, 0.5844026785714286, 0.41559732142857136
0, 0.596986011904762, 0.40301398809523814
0, 0.9741, 0.0259
0, 0.9786, 0.0214
0, 0.9794, 0.0206
0, 0.979, 0.021
0, 0.9786, 0.0214
0, 0.9769, 0.0231
0, 0.9791, 0.0209
0, 0.978, 0.022
0, 0.9786, 0.0214
0, 0.9764, 0.0236
0, 0.9792, 0.0208
0, 0.74893125, 0.25106875
0, 0.74853125, 0.25146875
0, 0.9801, 0.0199
0, 0.9797, 0.0203
0, 0.9796, 0.0204
0, 0.9771, 0.0229
0, 0.7448, 0.2552
0, 0.74923125, 0.25076875
0, 0.7448, 0.2552
0, 0.76113125, 0.23886875
0, 0.7482, 0.2518
0, 0.76863125, 0.23136875
0, 0.7822, 0.2178
0, 0.9084741071428573, 0.09152589285714285
0, 0.768, 0.232
0, 0.7448, 0.2552
0, 0.75173125, 0.24826875
0, 0.7303, 0.2697
0, 0.65433125, 0.34566875
0, 0.72283125, 0.27716875
0, 0.9122741071428573, 0.08772589285714286
0, 0.9782, 0.0218
0, 0.98, 0.02
0, 0.7544, 0.2456
0, 0.6215833333333334, 0.3784166666666667
0, 0.7692, 0.2308
0, 0.7516, 0.2484
0, 0.7303, 0.2697
0, 0.7516, 0.2484
0, 0.7449, 0.2551
0, 0.7449, 0.2551
0, 0.7692, 0.2308
0, 0.842, 0.158
0, 0.842, 0.158
0, 0.9397, 0.0603
0, 0.70363125, 0.29636875
0, 0.7789, 0.2211
0, 0.67063125, 0.32936875
0, 0.9065, 0.0935
0, 0.69573125, 0.30426875
0, 0.7343, 0.2657
0, 0.69553125, 0.30446875
0, 0.8725741071428572, 0.12742589285714284
0, 0.69413125, 0.30586875
0, 0.70523125, 0.29476875
0, 0.71243125, 0.28756875
0, 0.9996, 0.0004
0, 0.7512, 0.2488
0, 0.70013125, 0.29986875
0, 0.923, 0.077
0, 0.7683, 0.2317
0, 0.7495, 0.2505
0, 0.7737, 0.2263
0, 0.7437, 0.2563
0, 0.66893125, 0.33106875
0, 0.7399, 0.2601
0, 0.8463741071428572, 0.15362589285714284
0, 0.7696, 0.2304
0, 0.8489741071428573, 0.15102589285714285
0, 0.71213125, 0.28786875
0, 0.7344, 0.2656
0, 0.7587, 0.2413
0, 0.7531, 0.2469
0, 0.6669, 0.3331
0, 0.9449, 0.0551
0, 0.6917, 0.3083
0, 0.7406, 0.2594
0, 0.7733, 0.2267
0, 0.72343125, 0.27656875
0, 0.9990428571428572, 0.0009571428571428571
0, 0.7336, 0.2664
0, 0.8931, 0.1069
0, 0.8475, 0.1525
0, 1.0, 0.0
0, 0.8234, 0.1766
0, 1.0, 0.0
0, 0.9122, 0.0878
0, 0.8674, 0.1326
0, 0.8798, 0.1202
0, 0.8771, 0.1229
0, 0.8771, 0.1229
0, 0.8771, 0.1229
0, 0.8873, 0.1127
0, 0.9853, 0.0147
0, 0.9949, 0.0051
0, 0.9853, 0.0147
0, 0.9795, 0.0205
0, 0.9966, 0.0034
0, 0.9966, 0.0034
0, 0.9829, 0.0171
0, 0.8813333333333332, 0.11866666666666666
0, 0.9829, 0.0171
0, 0.8852333333333332, 0.11476666666666666
0, 0.99, 0.01
0, 0.9895, 0.0105
0, 0.9921, 0.0079
0, 0.9922, 0.0078
0, 0.9774, 0.0226
0, 0.9774, 0.0226
0, 0.9684, 0.0316
0, 0.9689, 0.0311
0, 0.9774, 0.0226
0, 0.9709, 0.0291
0, 0.9429, 0.0571
0, 0.8802, 0.1198
0, 0.9691, 0.0309
0, 0.8987, 0.1013
0, 0.9771727272727272, 0.022827272727272724
0, 0.9835, 0.0165
0, 0.9769, 0.0231
0, 0.9835, 0.0165
0, 0.9766, 0.0234
0, 0.9279, 0.0721
0, 0.9622, 0.0378
0, 0.9622, 0.0378
0, 0.9633, 0.0367
0, 0.9777, 0.0223
0, 0.9825, 0.0175
0, 0.9825, 0.0175
0, 0.8588, 0.1412
0, 0.9837, 0.0163
0, 0.9837, 0.0163
0, 0.9389333333333332, 0.06106666666666667
0, 0.9392333333333333, 0.06076666666666668
0, 0.9557, 0.0443
0, 0.9198, 0.0802
0, 0.9301, 0.0699
0, 0.8726641025641023, 0.1273358974358974
0, 0.9167, 0.0833
0, 0.8751641025641024, 0.12483589743589742
0, 0.935, 0.065
0, 0.8990641025641024, 0.10093589743589744
0, 0.8090641025641025, 0.19093589743589745
0, 0.8575807692307692, 0.14241923076923077
0, 0.9474, 0.0526
0, 0.9474, 0.0526
0, 0.8872, 0.1128
0, 0.8783641025641024, 0.12163589743589741
0, 0.8218141025641026, 0.17818589743589744
0, 0.9448, 0.0552
0, 0.9332, 0.0668
0, 0.9428, 0.0572
0, 0.8677641025641024, 0.13223589743589742
0, 0.9042974358974357, 0.09570256410256411
0, 0.8785, 0.1215
0, 0.9769333333333332, 0.023066666666666666
0, 0.9448, 0.0552
0, 0.9346, 0.0654
0, 0.8522974358974359, 0.14770256410256408
0, 0.9427, 0.0573
0, 0.9173, 0.0827
0, 0.8496641025641025, 0.15033589743589743
0, 0.9137974358974358, 0.0862025641025641
0, 0.9449, 0.0551
0, 0.9098641025641023, 0.09013589743589745
0, 0.9361, 0.0639
0, 0.9209, 0.0791
0, 0.9451, 0.0549
0, 0.9451, 0.0549
0, 0.9318, 0.0682
0, 0.8639, 0.1361
0, 0.9137641025641023, 0.08623589743589745
0, 0.9429, 0.0571
0, 0.7158141025641025, 0.28418589743589745
0, 0.9447, 0.0553
0, 0.9354, 0.0646
0, 0.9358, 0.0642
0, 0.7894641025641025, 0.21053589743589746
0, 0.8249, 0.1751
0, 0.9014, 0.0986
0, 0.9071, 0.0929
0, 0.8325, 0.1675
0, 0.8998641025641023, 0.10013589743589743
0, 0.9017, 0.0983
0, 0.935, 0.065
0, 0.8868641025641023, 0.11313589743589741
0, 0.9358, 0.0642
0, 0.9141, 0.0859
0, 0.7548, 0.2452
0, 0.9896, 0.0104
0, 0.8996, 0.1004
0, 0.9303, 0.0697
0, 0.9447, 0.0553
0, 0.9362, 0.0638
0, 0.9098, 0.0902
0, 0.9362, 0.0638
0, 0.9447, 0.0553
0, 0.9362, 0.0638
0, 0.9311, 0.0689
0, 0.9362, 0.0638
0, 0.9447, 0.0553
0, 0.899, 0.101
0, 0.7384, 0.2616
0, 0.9372833333333332, 0.06271666666666667
0, 0.9314833333333332, 0.06851666666666667
0, 0.9272833333333332, 0.07271666666666668
0, 0.9159833333333333, 0.08401666666666667
0, 0.8579833333333332, 0.14201666666666665
0, 0.9085, 0.0915
0, 0.8984, 0.1016
0, 0.9386833333333332, 0.06131666666666667
0, 0.9478, 0.0522
0, 0.9442, 0.0558
0, 0.945, 0.055
0, 0.8375, 0.1625
0, 0.8885, 0.1115
0, 0.9009, 0.0991
0, 0.9373, 0.0627
0, 0.9465, 0.0535
0, 0.7162, 0.2838
0, 0.9405, 0.0595
0, 0.8073, 0.1927
0, 0.8135, 0.1865
0, 0.9001, 0.0999
0, 0.7533333333333334, 0.2466666666666667
0, 0.9465, 0.0535
0, 0.9315, 0.0685
0, 0.8322, 0.1678
0, 0.8986, 0.1014
0, 0.9336, 0.0664
0, 0.8869, 0.1131
0, 0.9418, 0.0582
0, 0.8995, 0.1005
0, 0.8917, 0.1083
0, 0.9481, 0.0519
0, 0.8279, 0.1721
0, 0.8289, 0.1711
0, 0.9455, 0.0545
0, 0.8932, 0.1068
0, 0.896, 0.104
0, 0.85, 0.15
0, 0.9266, 0.0734
0, 0.9249, 0.0751
0, 0.9249, 0.0751
0, 0.85, 0.15
0, 0.9045, 0.0955
0, 0.8697, 0.1303
0, 0.9249, 0.0751
0, 0.9218, 0.0782
0, 0.9045, 0.0955
0, 0.8697, 0.1303
0, 0.9142, 0.0858
0, 0.9273, 0.0727
0, 0.7626833333333334, 0.2373166666666667
0, 0.9216, 0.0784
0, 0.9384, 0.0616
0, 0.9012, 0.0988
0, 0.8992, 0.1008
0, 0.8991, 0.1009
0, 0.9343, 0.0657
0, 0.9066, 0.0934
0, 0.9216, 0.0784
0, 0.9018, 0.0982
0, 0.9064, 0.0936
0, 0.8968, 0.1032
0, 0.9329, 0.0671
0, 0.8828, 0.1172
0, 0.8683, 0.1317
0, 0.8188, 0.1812
0, 0.7125141025641025, 0.2874858974358975
0, 0.9341, 0.0659
0, 0.9002, 0.0998
0, 0.8686, 0.1314
0, 0.9335, 0.0665
0, 0.9445, 0.0555
0, 0.6535, 0.3465
0, 0.9295, 0.0705
0, 0.9328, 0.0672
0, 0.9512833333333333, 0.04871666666666667
0, 0.9152, 0.0848
0, 0.7859, 0.2141
0, 0.9475833333333332, 0.052416666666666674
0, 0.8715833333333333, 0.12841666666666665
0, 0.9263, 0.0737
0, 0.8649, 0.1351
0, 0.9077, 0.0923
0, 0.8535, 0.1465
0, 0.922, 0.078
0, 0.9243, 0.0757
0, 0.854, 0.146
0, 0.9227, 0.0773
0, 0.9576, 0.0424
0, 0.8862333333333332, 0.11376666666666665
0, 0.8899333333333332, 0.11006666666666665
0, 0.9175, 0.0825
0, 0.9771, 0.0229
0, 0.8648, 0.1352
0, 0.8704333333333332, 0.12956666666666666
0, 0.9788, 0.0212
0, 0.9109, 0.0891
0, 0.9803, 0.0197
0, 0.9667, 0.0333
0, 0.9387, 0.0613
0, 0.957, 0.043
0, 0.9567, 0.0433
0, 0.4485, 0.5515
0, 0.9555, 0.0445
0, 0.9784, 0.0216
1, 0.2607, 0.7393
0, 0.9629, 0.0371
0, 0.9555, 0.0445
0, 0.7816333333333334, 0.2183666666666667
0, 0.4264, 0.5736
0, 0.9754, 0.0246
0, 0.9538, 0.0462
0, 0.9237333333333332, 0.07626666666666668
0, 0.9785, 0.0215
0, 0.978, 0.022
0, 0.8921333333333332, 0.10786666666666665
0, 0.8529, 0.1471
1, 0.0111, 0.9889
0, 0.9479, 0.0521
0, 0.9754, 0.0246
0, 0.4012, 0.5988
0, 0.9228333333333332, 0.07716666666666668
0, 0.9784, 0.0216
0, 0.9804, 0.0196
0, 0.9781, 0.0219
0, 0.9045333333333332, 0.09546666666666667
0, 0.9781, 0.0219
0, 0.79935, 0.20065
0, 0.9804, 0.0196
0, 0.9752, 0.0248
0, 0.8411833333333332, 0.15881666666666666
0, 0.978, 0.022
0, 0.9626, 0.0374
0, 0.9697, 0.0303
0, 0.984, 0.016
0, 0.984, 0.016
0, 0.9779, 0.0221
0, 0.9682, 0.0318
0, 0.9555, 0.0445
0, 0.8900333333333332, 0.10996666666666666
0, 0.8870333333333332, 0.11296666666666665
0, 0.9665, 0.0335
0, 0.8615, 0.1385
0, 0.9653, 0.0347
0, 0.7134, 0.2866
1, 0.0093, 0.9907
0, 0.9805, 0.0195
0, 0.97, 0.03
1, 0.0093, 0.9907
1, 0.3016, 0.6984
0, 0.9803, 0.0197
0, 0.8584, 0.1416
0, 0.9803, 0.0197
0, 0.9563, 0.0437
0, 0.9823, 0.0177
0, 0.96, 0.04
0, 0.8341, 0.1659
0, 0.9563, 0.0437
0, 0.9144, 0.0856
0, 0.9272, 0.0728
0, 0.9718, 0.0282
0, 0.929, 0.071
0, 0.935, 0.065
0, 0.9803, 0.0197
0, 0.9405, 0.0595
0, 0.9823, 0.0177
0, 0.9839, 0.0161
0, 0.9689, 0.0311
0, 0.9607, 0.0393
0, 0.9271, 0.0729
0, 0.9803, 0.0197
0, 0.9823, 0.0177
0, 0.8694, 0.1306
0, 0.8192333333333334, 0.18076666666666666
0, 0.8428333333333332, 0.15716666666666665
0, 0.9026, 0.0974
0, 0.844, 0.156
0, 0.7704833333333334, 0.2295166666666667
0, 0.8868, 0.1132
0, 0.8396333333333332, 0.16036666666666666
1, 0.143, 0.857
0, 0.904, 0.096
0, 0.8209, 0.1791
0, 0.9227, 0.0773
0, 0.3197, 0.6803
0, 0.8937, 0.1063
1, 0.1436, 0.8564
0, 0.68225, 0.31775
0, 0.8969333333333332, 0.10306666666666665
0, 0.8888, 0.1112
0, 0.8544333333333333, 0.14556666666666665
0, 0.8495333333333333, 0.15046666666666667
0, 0.8080833333333334, 0.19191666666666665
0, 0.6345, 0.3655
0, 0.6351833333333334, 0.3648166666666667
0, 0.8969333333333332, 0.10306666666666665
0, 0.9050833333333332, 0.09491666666666668
0, 0.6717, 0.3283
0, 0.3123, 0.6877
1, 0.1828, 0.8172
1, 0.1966, 0.8034
1, 0.1815, 0.8185
1, 0.184, 0.816
1, 0.2033, 0.7967
1, 0.2049, 0.7951
1, 0.2029, 0.7971
1, 0.1939, 0.8061
1, 0.1458, 0.8542
1, 0.0034, 0.9966
1, 0.0009, 0.9991
1, 0.0035, 0.9965
1, 0.0031, 0.9969
1, 0.015, 0.985
1, 0.0205, 0.9795
1, 0.0152, 0.9848
1, 0.0247, 0.9753
1, 0.0137, 0.9863
1, 0.021, 0.979
1, 0.0146, 0.9854
1, 0.0125, 0.9875
1, 0.0151, 0.9849
1, 0.0121, 0.9879
1, 0.0179, 0.9821
1, 0.0111, 0.9889
1, 0.0168, 0.9832
1, 0.0195, 0.9805
1, 0.0179, 0.9821
1, 0.0122, 0.9878
1, 0.0176, 0.9824
1, 0.0186, 0.9814
1, 0.0144, 0.9856
1, 0.0195, 0.9805
1, 0.0163, 0.9837
1, 0.0179, 0.9821
1, 0.0167, 0.9833
1, 0.0228, 0.9772
0, 0.9898, 0.0102
0, 0.8997, 0.1003
0, 0.9122, 0.0878
0, 0.9978, 0.0022
0, 0.9953, 0.0047
0, 0.9961, 0.0039
0, 0.9959, 0.0041
0, 0.9264, 0.0736
0, 0.9264, 0.0736
0, 0.8937, 0.1063
0, 0.8943, 0.1057
0, 0.919, 0.081
0, 0.9042, 0.0958
0, 0.8945, 0.1055
0, 0.9017, 0.0983
0, 0.9947, 0.0053
0, 0.9924, 0.0076
0, 0.9955, 0.0045
0, 0.9967, 0.0033
0, 0.9957, 0.0043
0, 0.9955, 0.0045
0, 0.9793, 0.0207
0, 0.9829, 0.0171
0, 0.9924, 0.0076
0, 0.995, 0.005
0, 0.9941, 0.0059
0, 0.9961, 0.0039
0, 0.9894, 0.0106
0, 0.9957, 0.0043
0, 0.9876, 0.0124
0, 0.9951, 0.0049
0, 0.9992, 0.0008
0, 0.8609, 0.1391
0, 0.9875, 0.0125
0, 0.9947, 0.0053
1, 0.9947, 0.0053
1, 0.9947, 0.0053
0, 0.9822, 0.0178
0, 0.9953, 0.0047
0, 0.9945, 0.0055
0, 0.9957, 0.0043
0, 0.9953, 0.0047
0, 0.9956, 0.0044
0, 0.9049, 0.0951
0, 0.8336, 0.1664
1, 0.9947, 0.0053
0, 0.8569, 0.1431
0, 0.9942, 0.0058
0, 0.9957, 0.0043
0, 0.995, 0.005
0, 0.9937, 0.0063
0, 0.868475, 0.131525
0, 0.9052, 0.0948
0, 0.856, 0.144
0, 0.9561, 0.0439
0, 0.9455, 0.0545
0, 0.9957, 0.0043
0, 0.9147, 0.0853
0, 0.9947, 0.0053
0, 0.9147, 0.0853
0, 0.9956, 0.0044
0, 0.9141, 0.0859
0, 0.9957, 0.0043
0, 0.9951, 0.0049
0, 0.8962, 0.1038
0, 0.9917, 0.0083
0, 0.9421, 0.0579
0, 0.9943, 0.0057
0, 0.9042, 0.0958
1, 0.9957, 0.0043
1, 0.9957, 0.0043
0, 0.8515, 0.1485
0, 0.995, 0.005
0, 0.9957, 0.0043
0, 0.8538, 0.1462
0, 0.9729, 0.0271
0, 0.8755, 0.1245
0, 0.995, 0.005
0, 0.9947, 0.0053
0, 0.9947, 0.0053
0, 0.9779, 0.0221
1, 0.9947, 0.0053
0, 0.8539, 0.1461
0, 0.8395, 0.1605
0, 0.9279, 0.0721
0, 0.9957, 0.0043
0, 0.9263, 0.0737
0, 0.9995, 0.0005
0, 0.7139, 0.2861
0, 0.9505, 0.0495
0, 0.995, 0.005
0, 0.9957, 0.0043
0, 0.9956, 0.0044
0, 0.9315, 0.0685
0, 0.9957, 0.0043
0, 0.9939, 0.0061
0, 0.8281, 0.1719
0, 0.9953, 0.0047
0, 0.9903, 0.0097
0, 0.9467, 0.0533
0, 0.9947, 0.0053
0, 0.8361, 0.1639
0, 0.9071, 0.0929
0, 0.9957, 0.0043
0, 0.985, 0.015
0, 0.9933, 0.0067
0, 0.9957, 0.0043
0, 0.9931, 0.0069
0, 0.9957, 0.0043
0, 0.9947, 0.0053
0, 0.995, 0.005
0, 0.8453, 0.1547
1, 0.0602, 0.9398
1, 0.0197, 0.9803
0, 0.9956, 0.0044
1, 0.0587, 0.9413
1, 0.0612, 0.9388
0, 0.8946, 0.1054
1, 0.0703, 0.9297
1, 0.0603, 0.9397
1, 0.086, 0.914
1, 0.074, 0.926
1, 0.0589, 0.9411
1, 0.0571, 0.9429
0, 0.9955, 0.0045
0, 0.9923, 0.0077
0, 0.9949, 0.0051
0, 0.9892, 0.0108
0, 0.9784, 0.0216
0, 0.9911, 0.0089
0, 0.9906, 0.0094
0, 0.9882, 0.0118
0, 0.9907, 0.0093
0, 0.9944, 0.0056
0, 0.9937, 0.0063
0, 0.9939, 0.0061
0, 0.9881, 0.0119
0, 0.9908, 0.0092
0, 0.9955, 0.0045
0, 0.9949, 0.0051
0, 0.9958, 0.0042
0, 0.9807, 0.0193
0, 0.9864, 0.0136
0, 0.9949, 0.0051
0, 0.9955, 0.0045
0, 0.9908, 0.0092
0, 0.9958, 0.0042
0, 0.9948, 0.0052
0, 0.7789, 0.2211
0, 0.9102, 0.0898
0, 0.9227, 0.0773
0, 0.9226, 0.0774
0, 0.8991, 0.1009
0, 0.9227, 0.0773
0, 0.8995, 0.1005
0, 0.8993, 0.1007
0, 0.9026, 0.0974
1, 0.0371, 0.9629
0, 0.9086, 0.0914
0, 0.9966, 0.0034
0, 0.9574, 0.0426
0, 0.9995, 0.0005
0, 0.9988, 0.0012
0, 1.0, 0.0
0, 0.9109, 0.0891
0, 0.9358, 0.0642
0, 0.9991, 0.0009
0, 0.9851, 0.0149
0, 0.8839, 0.1161
0, 0.9792, 0.0208
0, 0.9624, 0.0376
0, 0.9635, 0.0365
0, 0.9883, 0.0117
0, 0.9526, 0.0474
0, 0.9943, 0.0057
0, 0.9952, 0.0048
0, 0.9888, 0.0112
0, 0.9976, 0.0024
0, 0.9976, 0.0024
0, 0.9977, 0.0023
0, 0.9969, 0.0031
0, 0.9981, 0.0019
0, 0.9965, 0.0035
0, 0.9281, 0.0719
1, 0.9788, 0.0212
0, 0.9843, 0.0157
0, 0.996, 0.004
0, 0.9222, 0.0778
0, 0.9999, 0.0001
0, 0.9999, 0.0001
0, 0.9998, 0.0002
0, 0.9174, 0.0826
0, 0.8804, 0.1196
0, 0.915, 0.085
0, 0.9657, 0.0343
0, 0.9999, 0.0001
0, 0.9999, 0.0001
0, 0.9999, 0.0001
0, 0.7983, 0.2017
0, 0.9273, 0.0727
0, 0.8446166666666668, 0.15538333333333332
0, 0.866375, 0.133625
0, 0.8881, 0.1119
0, 0.871375, 0.128625
0, 0.947675, 0.052325
0, 0.8896, 0.1104
0, 0.8794, 0.1206
0, 0.9245, 0.0755
0, 0.912, 0.088
0, 0.9944, 0.0056
0, 0.8465, 0.1535
0, 0.9779, 0.0221
0, 0.9265, 0.0735
0, 0.9749, 0.0251
0, 0.9758, 0.0242
0, 0.897, 0.103
0, 0.993, 0.007
0, 0.9729, 0.0271
0, 0.8982, 0.1018
0, 0.878675, 0.121325
0, 0.884075, 0.115925
0, 0.955575, 0.044425
0, 0.868875, 0.131125
0, 0.8991, 0.1009
0, 0.862775, 0.137225
0, 0.961475, 0.038525
0, 0.8956, 0.1044
0, 0.9438, 0.0562
0, 0.8853, 0.1147
0, 0.8884, 0.1116
0, 0.8956, 0.1044
0, 0.9263333333333332, 0.07366666666666667
0, 0.9001333333333332, 0.09986666666666667
0, 0.8833333333333332, 0.11666666666666665
0, 0.9095, 0.0905
0, 0.9091, 0.0909
0, 0.9758, 0.0242
0, 0.6045, 0.3955
0, 0.935, 0.065
0, 0.8426, 0.1574
0, 0.8359833333333332, 0.16401666666666664
0, 0.9652, 0.0348
1, 0.0104, 0.9896
1, 0.0104, 0.9896
