0, 0.9233, 0.0767
0, 0.9792, 0.0208
0, 0.9887, 0.0113
0, 0.9874, 0.0126
0, 0.9772, 0.0228
0, 0.9725, 0.0275
0, 0.8502, 0.1498
0, 0.9711, 0.0289
0, 0.9878, 0.0122
0, 0.9585, 0.0415
0, 0.9653, 0.0347
0, 0.9814, 0.0186
0, 0.9764, 0.0236
0, 0.9655, 0.0345
0, 0.9747, 0.0253
0, 0.9706, 0.0294
0, 0.989, 0.011
0, 0.9687, 0.0313
0, 0.9702, 0.0298
0, 0.961, 0.039
0, 0.9747, 0.0253
0, 0.9678, 0.0322
0, 0.9753, 0.0247
0, 0.954, 0.046
0, 0.989, 0.011
0, 0.9749, 0.0251
0, 0.9995, 0.0005
0, 0.989, 0.011
0, 0.9664, 0.0336
0, 0.896, 0.104
0, 0.9742, 0.0258
0, 0.9746, 0.0254
0, 0.9737, 0.0263
0, 0.9673, 0.0327
0, 0.9766, 0.0234
0, 0.9774, 0.0226
0, 0.993, 0.007
0, 0.9753, 0.0247
0, 0.9769, 0.0231
0, 0.9769, 0.0231
0, 0.9749, 0.0251
0, 0.9922, 0.0078
0, 0.9921, 0.0079
0, 0.9927, 0.0073
0, 0.9931, 0.0069
0, 0.9917, 0.0083
0, 0.9924, 0.0076
0, 0.9856, 0.0144
0, 0.9935, 0.0065
0, 0.9855, 0.0145
0, 0.9903, 0.0097
0, 0.9925, 0.0075
0, 0.993, 0.007
0, 0.9742, 0.0258
0, 0.9933, 0.0067
0, 0.963, 0.037
0, 0.9923, 0.0077
0, 0.9322, 0.0678
0, 0.9869, 0.0131
0, 0.9718, 0.0282
0, 0.9159, 0.0841
0, 0.9731, 0.0269
0, 0.9706, 0.0294
0, 0.978, 0.022
0, 0.9752, 0.0248
0, 0.9132, 0.0868
0, 0.9794, 0.0206
0, 0.9679, 0.0321
0, 0.9856, 0.0144
0, 0.9764, 0.0236
0, 0.9781, 0.0219
0, 0.9783, 0.0217
0, 0.9637, 0.0363
0, 0.9829, 0.0171
0, 0.9829, 0.0171
0, 0.9738, 0.0262
0, 0.9771, 0.0229
0, 0.983, 0.017
0, 0.9863, 0.0137
0, 0.9878, 0.0122
0, 0.981, 0.019
0, 0.9914, 0.0086
0, 0.9912, 0.0088
0, 0.9832, 0.0168
0, 0.9889, 0.0111
0, 0.9831, 0.0169
0, 0.9904, 0.0096
0, 0.9907, 0.0093
0, 0.9785, 0.0215
0, 0.9816, 0.0184
0, 0.9737, 0.0263
0, 0.9798, 0.0202
0, 0.9729, 0.0271
0, 0.9729, 0.0271
0, 0.9831, 0.0169
0, 0.9783, 0.0217
0, 0.9827, 0.0173
0, 0.9816, 0.0184
0, 0.984, 0.016
0, 0.9732, 0.0268
0, 0.9781, 0.0219
0, 0.9817, 0.0183
0, 0.987, 0.013
0, 0.984, 0.016
0, 0.9912, 0.0088
0, 0.9909, 0.0091
0, 0.9906, 0.0094
0, 0.9816, 0.0184
0, 0.983, 0.017
0, 0.9812, 0.0188
0, 0.9724, 0.0276
0, 0.9824, 0.0176
0, 0.9903, 0.0097
0, 0.9912, 0.0088
0, 0.9732, 0.0268
0, 0.9906, 0.0094
0, 0.9825, 0.0175
0, 0.9815, 0.0185
0, 0.9732, 0.0268
0, 0.9827, 0.0173
0, 0.984, 0.016
0, 0.9783, 0.0217
0, 0.9875, 0.0125
0, 0.9785, 0.0215
0, 0.983, 0.017
0, 0.9729, 0.0271
0, 0.9737, 0.0263
0, 0.9798, 0.0202
0, 0.9884, 0.0116
0, 0.9912, 0.0088
0, 0.993, 0.007
0, 0.9729, 0.0271
0, 0.9782, 0.0218
0, 0.9912, 0.0088
0, 0.9829, 0.0171
0, 0.9731, 0.0269
0, 0.9831, 0.0169
0, 0.978, 0.022
0, 0.9909, 0.0091
0, 0.9731, 0.0269
0, 0.9731, 0.0269
0, 0.9829, 0.0171
0, 0.9829, 0.0171
0, 0.9912, 0.0088
0, 0.9825, 0.0175
0, 0.8828, 0.1172
0, 0.9856, 0.0144
0, 0.9792, 0.0208
0, 0.9818, 0.0182
0, 0.9934, 0.0066
0, 0.9907, 0.0093
0, 0.9829, 0.0171
0, 0.9896, 0.0104
0, 0.9889, 0.0111
0, 0.9974, 0.0026
0, 0.9974, 0.0026
0, 0.9904, 0.0096
0, 0.9905, 0.0095
0, 0.9828, 0.0172
0, 0.9836, 0.0164
0, 0.9904, 0.0096
0, 0.9742, 0.0258
0, 0.9894, 0.0106
0, 0.9899, 0.0101
0, 0.9876, 0.0124
0, 0.9785, 0.0215
0, 0.9827, 0.0173
0, 0.946, 0.054
0, 0.989, 0.011
0, 0.9889, 0.0111
0, 0.9913, 0.0087
0, 0.9706, 0.0294
0, 0.9915, 0.0085
0, 0.9906, 0.0094
0, 0.9913, 0.0087
0, 0.9925, 0.0075
0, 0.9915, 0.0085
0, 0.9905, 0.0095
0, 0.9927, 0.0073
0, 0.9982, 0.0018
0, 0.9906, 0.0094
0, 0.9817, 0.0183
0, 0.9915, 0.0085
0, 0.96, 0.04
0, 0.9592, 0.0408
0, 0.9896, 0.0104
0, 0.989, 0.011
0, 0.9482, 0.0518
0, 0.9872, 0.0128
0, 0.9584, 0.0416
0, 0.9769, 0.0231
0, 0.9865, 0.0135
0, 0.9913, 0.0087
0, 0.9811, 0.0189
0, 0.9722, 0.0278
0, 0.931, 0.069
0, 0.9892, 0.0108
0, 0.9489, 0.0511
0, 0.9778, 0.0222
0, 0.9841, 0.0159
0, 0.9599, 0.0401
0, 0.9935, 0.0065
0, 0.9593, 0.0407
0, 0.9973, 0.0027
0, 0.9913, 0.0087
0, 0.9927, 0.0073
0, 0.9884, 0.0116
0, 0.993, 0.007
0, 0.9856, 0.0144
0, 0.9947, 0.0053
0, 0.9949, 0.0051
0, 0.9954, 0.0046
0, 0.9893, 0.0107
0, 0.959, 0.041
0, 0.9877, 0.0123
0, 0.9656, 0.0344
0, 0.9778, 0.0222
0, 0.9845, 0.0155
0, 0.9611, 0.0389
0, 0.9853, 0.0147
0, 0.9583, 0.0417
0, 0.9786, 0.0214
0, 0.9891, 0.0109
0, 0.9847, 0.0153
0, 0.9882, 0.0118
0, 0.9607, 0.0393
0, 0.9915, 0.0085
0, 0.9792, 0.0208
0, 0.9905, 0.0095
0, 0.9909, 0.0091
0, 0.9907, 0.0093
0, 0.9817, 0.0183
0, 0.9901, 0.0099
0, 0.993, 0.007
0, 0.9839, 0.0161
0, 0.9931, 0.0069
0, 0.9854, 0.0146
0, 0.9903, 0.0097
0, 0.9942, 0.0058
0, 0.993, 0.007
0, 0.9904, 0.0096
0, 0.9905, 0.0095
0, 0.9933, 0.0067
0, 0.9889, 0.0111
0, 0.9852, 0.0148
0, 0.9898, 0.0102
0, 0.9902, 0.0098
0, 0.9896, 0.0104
0, 0.9828, 0.0172
0, 0.99, 0.01
0, 0.9908, 0.0092
0, 0.9957, 0.0043
0, 0.9898, 0.0102
0, 0.9853, 0.0147
0, 0.9886, 0.0114
0, 0.9931, 0.0069
0, 0.9901, 0.0099
0, 0.9866, 0.0134
0, 0.9928, 0.0072
0, 0.9915, 0.0085
0, 0.9907, 0.0093
0, 0.9896, 0.0104
0, 0.9906, 0.0094
0, 0.9892, 0.0108
0, 0.9902, 0.0098
0, 0.9938, 0.0062
0, 0.9898, 0.0102
0, 0.9896, 0.0104
0, 0.9909, 0.0091
0, 0.9899, 0.0101
0, 0.9928, 0.0072
0, 0.9903, 0.0097
0, 0.9902, 0.0098
0, 0.9886, 0.0114
0, 0.9898, 0.0102
0, 0.9851, 0.0149
0, 0.989, 0.011
0, 0.9942, 0.0058
0, 0.9942, 0.0058
0, 0.9943, 0.0057
0, 0.9963, 0.0037
0, 0.9901, 0.0099
0, 0.9928, 0.0072
0, 0.985, 0.015
0, 0.9881, 0.0119
0, 0.9952, 0.0048
0, 0.9904, 0.0096
0, 0.9902, 0.0098
0, 0.9934, 0.0066
0, 0.9959, 0.0041
0, 0.9895, 0.0105
0, 0.9954, 0.0046
0, 0.9882, 0.0118
0, 0.9902, 0.0098
0, 0.9911, 0.0089
0, 0.9908, 0.0092
0, 0.9934, 0.0066
0, 0.9814, 0.0186
0, 0.9948, 0.0052
0, 0.985, 0.015
0, 0.9909, 0.0091
0, 0.9894, 0.0106
0, 0.9959, 0.0041
0, 0.9934, 0.0066
0, 0.993, 0.007
0, 0.9932, 0.0068
0, 0.9933, 0.0067
0, 0.9953, 0.0047
0, 0.9934, 0.0066
0, 0.9933, 0.0067
0, 0.9927, 0.0073
0, 0.9931, 0.0069
0, 0.9925, 0.0075
0, 0.9874, 0.0126
0, 0.9901, 0.0099
0, 0.9938, 0.0062
0, 0.9924, 0.0076
0, 0.9928, 0.0072
0, 0.9903, 0.0097
0, 0.9959, 0.0041
0, 0.9955, 0.0045
0, 0.9898, 0.0102
0, 0.99, 0.01
0, 0.9899, 0.0101
0, 0.9952, 0.0048
0, 0.9905, 0.0095
0, 0.9903, 0.0097
0, 0.9904, 0.0096
0, 0.9907, 0.0093
0, 0.9924, 0.0076
0, 0.9882, 0.0118
0, 0.9928, 0.0072
0, 0.9895, 0.0105
0, 0.9927, 0.0073
0, 0.986, 0.014
0, 0.9934, 0.0066
0, 0.995, 0.005
0, 0.9905, 0.0095
0, 0.9903, 0.0097
0, 0.9943, 0.0057
0, 0.9829, 0.0171
0, 0.9903, 0.0097
0, 0.9877, 0.0123
0, 0.8639, 0.1361
0, 0.9927, 0.0073
0, 0.9897, 0.0103
0, 0.9877, 0.0123
0, 0.9936, 0.0064
0, 0.9896, 0.0104
0, 0.994, 0.006
0, 0.9933, 0.0067
0, 0.9911, 0.0089
0, 0.9853, 0.0147
0, 0.9943, 0.0057
0, 0.9882, 0.0118
0, 0.9907, 0.0093
0, 0.9928, 0.0072
0, 0.9941, 0.0059
0, 0.9911, 0.0089
0, 0.9946, 0.0054
0, 0.9941, 0.0059
0, 0.9953, 0.0047
0, 0.9933, 0.0067
0, 0.9933, 0.0067
0, 0.9928, 0.0072
0, 0.9927, 0.0073
0, 0.9933, 0.0067
0, 0.9964, 0.0036
0, 0.9715, 0.0285
0, 0.9931, 0.0069
0, 0.9861, 0.0139
0, 0.9884, 0.0116
0, 0.9935, 0.0065
0, 0.9934, 0.0066
0, 0.991, 0.009
0, 0.9913, 0.0087
0, 0.995, 0.005
0, 0.9898, 0.0102
0, 0.9937, 0.0063
0, 0.9945, 0.0055
0, 0.9934, 0.0066
0, 0.9935, 0.0065
0, 0.9934, 0.0066
0, 0.9898, 0.0102
0, 0.993, 0.007
0, 0.9903, 0.0097
0, 0.9885, 0.0115
0, 0.9915, 0.0085
0, 0.99, 0.01
0, 0.9911, 0.0089
0, 0.9843, 0.0157
0, 0.994, 0.006
0, 0.9904, 0.0096
0, 0.9229, 0.0771
0, 0.9911, 0.0089
0, 0.9094, 0.0906
0, 0.9751, 0.0249
0, 0.9555, 0.0445
0, 0.966, 0.034
0, 0.9644, 0.0356
0, 0.9784, 0.0216
0, 0.9707, 0.0293
0, 0.9848, 0.0152
0, 0.9904, 0.0096
0, 0.9673, 0.0327
0, 0.9665, 0.0335
0, 0.9411, 0.0589
0, 0.9532, 0.0468
0, 0.9622, 0.0378
0, 0.9326, 0.0674
0, 0.9277, 0.0723
0, 0.9795, 0.0205
0, 0.9517, 0.0483
0, 0.986, 0.014
0, 0.9876, 0.0124
0, 0.9044, 0.0956
0, 0.9937, 0.0063
0, 0.9812, 0.0188
0, 0.9836, 0.0164
0, 0.9488, 0.0512
0, 0.9941, 0.0059
0, 0.9888, 0.0112
0, 0.982, 0.018
0, 0.9938, 0.0062
0, 0.9777, 0.0223
0, 0.9527, 0.0473
0, 0.9912, 0.0088
0, 0.9908, 0.0092
0, 0.9908, 0.0092
0, 0.9908, 0.0092
0, 0.9908, 0.0092
0, 0.9912, 0.0088
0, 0.9912, 0.0088
0, 0.9908, 0.0092
0, 0.9912, 0.0088
0, 0.9903, 0.0097
0, 0.9912, 0.0088
0, 0.9912, 0.0088
0, 0.9888, 0.0112
0, 0.9885, 0.0115
0, 0.9902, 0.0098
0, 0.9885, 0.0115
0, 0.9884, 0.0116
0, 0.9888, 0.0112
0, 0.9888, 0.0112
0, 0.9888, 0.0112
0, 0.9889, 0.0111
0, 0.9884, 0.0116
0, 0.9884, 0.0116
0, 0.9888, 0.0112
0, 0.976, 0.024
0, 0.9857, 0.0143
0, 0.9948, 0.0052
0, 0.9918, 0.0082
0, 0.9896, 0.0104
0, 0.9856, 0.0144
0, 0.9853, 0.0147
0, 0.9569, 0.0431
0, 0.9943, 0.0057
0, 0.9755, 0.0245
0, 0.9925, 0.0075
0, 0.9935, 0.0065
0, 0.9407, 0.0593
0, 0.9829, 0.0171
0, 0.9074, 0.0926
0, 0.9948, 0.0052
0, 0.9238, 0.0762
0, 0.872, 0.128
0, 0.9187, 0.0813
0, 0.973, 0.027
0, 0.9881, 0.0119
0, 0.9979, 0.0021
0, 0.9701, 0.0299
0, 0.9729, 0.0271
0, 0.9924, 0.0076
0, 0.9819, 0.0181
0, 0.9974, 0.0026
0, 0.9948, 0.0052
0, 0.9569, 0.0431
0, 0.9666, 0.0334
0, 0.9881, 0.0119
0, 0.9727, 0.0273
0, 0.9839, 0.0161
0, 0.9856, 0.0144
0, 0.959, 0.041
0, 0.9364, 0.0636
0, 0.9584, 0.0416
0, 0.9996, 0.0004
0, 0.9996, 0.0004
0, 0.9996, 0.0004
0, 0.9492, 0.0508
0, 0.9996, 0.0004
0, 0.9994, 0.0006
0, 0.9923, 0.0077
0, 0.974, 0.026
0, 0.9824, 0.0176
0, 0.9874, 0.0126
0, 0.99, 0.01
0, 0.9831, 0.0169
0, 0.9901, 0.0099
0, 0.9897, 0.0103
0, 0.9954, 0.0046
0, 0.9927, 0.0073
0, 0.9918, 0.0082
0, 0.9919, 0.0081
0, 0.991, 0.009
0, 0.9797, 0.0203
0, 0.9826, 0.0174
0, 0.966, 0.034
0, 0.9919, 0.0081
0, 0.9956, 0.0044
0, 0.9909, 0.0091
0, 0.9841, 0.0159
0, 0.9437, 0.0563
0, 0.9897, 0.0103
0, 0.9885, 0.0115
0, 0.9897, 0.0103
0, 0.9907, 0.0093
0, 0.9897, 0.0103
0, 0.9885, 0.0115
0, 0.9898, 0.0102
0, 0.9886, 0.0114
0, 0.9885, 0.0115
0, 0.9767, 0.0233
0, 0.9885, 0.0115
0, 0.9898, 0.0102
0, 0.9897, 0.0103
0, 0.9889, 0.0111
0, 0.9922, 0.0078
0, 0.9911, 0.0089
0, 0.9942, 0.0058
0, 0.9953, 0.0047
0, 0.9922, 0.0078
0, 0.9945, 0.0055
0, 0.9966, 0.0034
0, 0.9828, 0.0172
0, 0.9405, 0.0595
0, 0.9395, 0.0605
0, 0.9493, 0.0507
0, 0.9251, 0.0749
0, 0.9496, 0.0504
0, 0.9634, 0.0366
0, 0.9275, 0.0725
0, 0.9656, 0.0344
0, 0.9782, 0.0218
0, 0.9411, 0.0589
0, 0.9797, 0.0203
0, 0.9774, 0.0226
0, 0.9579, 0.0421
0, 0.9147, 0.0853
0, 0.9565, 0.0435
0, 0.9488, 0.0512
0, 0.9822, 0.0178
0, 0.9499, 0.0501
0, 0.9782, 0.0218
0, 0.9913, 0.0087
0, 0.9865, 0.0135
0, 0.989, 0.011
0, 0.9822, 0.0178
0, 0.9745, 0.0255
0, 0.9855, 0.0145
0, 0.9897, 0.0103
0, 0.9898, 0.0102
0, 0.9868, 0.0132
0, 0.976, 0.024
0, 0.9882, 0.0118
0, 0.9882, 0.0118
0, 0.9882, 0.0118
0, 0.983, 0.017
0, 0.9867, 0.0133
0, 0.9923, 0.0077
0, 0.9867, 0.0133
0, 0.9867, 0.0133
0, 0.9922, 0.0078
0, 0.983, 0.017
0, 0.983, 0.017
0, 0.9867, 0.0133
0, 0.9925, 0.0075
0, 0.9866, 0.0134
0, 0.9855, 0.0145
0, 0.9901, 0.0099
0, 0.9337, 0.0663
0, 0.9616, 0.0384
0, 0.9778, 0.0222
0, 0.9543, 0.0457
0, 0.9096, 0.0904
0, 0.908, 0.092
0, 0.9874, 0.0126
0, 0.988, 0.012
0, 0.9865, 0.0135
0, 0.9809, 0.0191
0, 0.9522, 0.0478
0, 0.9141, 0.0859
0, 0.9501, 0.0499
0, 0.978, 0.022
0, 0.9679, 0.0321
0, 0.9745, 0.0255
0, 0.9844, 0.0156
0, 0.9785, 0.0215
0, 0.9375, 0.0625
0, 0.9854, 0.0146
0, 0.9914, 0.0086
0, 0.9475, 0.0525
0, 0.9798, 0.0202
0, 0.9803, 0.0197
0, 0.9806, 0.0194
0, 0.98, 0.02
0, 0.9795, 0.0205
0, 0.9768, 0.0232
0, 0.9744, 0.0256
0, 0.9453, 0.0547
0, 0.9704, 0.0296
0, 0.9393, 0.0607
0, 0.9782, 0.0218
0, 0.7731, 0.2269
0, 0.9798, 0.0202
0, 0.9439, 0.0561
0, 0.923, 0.077
0, 0.9643, 0.0357
0, 0.9943, 0.0057
0, 0.9783, 0.0217
0, 0.9943, 0.0057
0, 0.9885, 0.0115
0, 0.9717, 0.0283
0, 0.9553, 0.0447
0, 0.9953, 0.0047
0, 0.9729, 0.0271
0, 0.9599, 0.0401
0, 0.981, 0.019
0, 0.8978, 0.1022
0, 0.91, 0.09
0, 0.9744, 0.0256
0, 0.9745, 0.0255
0, 0.956, 0.044
0, 0.9776, 0.0224
0, 0.9658, 0.0342
0, 0.9555, 0.0445
0, 0.9712, 0.0288
0, 0.978, 0.022
0, 0.9781, 0.0219
0, 0.9791, 0.0209
0, 0.9788, 0.0212
0, 0.9795, 0.0205
0, 0.9732, 0.0268
0, 0.9746, 0.0254
0, 0.973, 0.027
0, 0.8982, 0.1018
0, 0.9673, 0.0327
0, 0.9569, 0.0431
0, 0.9798, 0.0202
0, 0.9729, 0.0271
0, 0.9763, 0.0237
0, 0.9787, 0.0213
0, 0.9769, 0.0231
0, 0.9736, 0.0264
0, 0.9993, 0.0007
1, 0.997, 0.003
1, 0.9946, 0.0054
1, 0.9867, 0.0133
1, 0.9582, 0.0418
1, 0.9788, 0.0212
1, 0.9872, 0.0128
1, 0.9433, 0.0567
1, 0.9962, 0.0038
1, 0.9915, 0.0085
1, 0.9892, 0.0108
1, 0.9859, 0.0141
1, 0.8498, 0.1502
1, 0.9966, 0.0034
1, 0.9895, 0.0105
1, 0.9953, 0.0047
1, 0.9908, 0.0092
1, 0.9949, 0.0051
1, 0.9875, 0.0125
1, 0.9951, 0.0049
1, 0.979, 0.021
1, 0.9937, 0.0063
1, 0.9917, 0.0083
1, 0.9954, 0.0046
1, 0.981, 0.019
1, 0.9964, 0.0036
1, 0.994, 0.006
1, 0.9829, 0.0171
1, 0.9914, 0.0086
1, 0.1992, 0.8008
1, 0.9971, 0.0029
1, 0.998, 0.002
1, 0.9973, 0.0027
1, 0.9958, 0.0042
1, 0.9959, 0.0041
1, 0.9955, 0.0045
1, 0.9972, 0.0028
1, 0.9946, 0.0054
1, 0.9973, 0.0027
1, 0.9956, 0.0044
1, 0.9965, 0.0035
1, 0.9977, 0.0023
1, 0.9987, 0.0013
1, 0.9989, 0.0011
1, 0.9984, 0.0016
1, 0.998, 0.002
1, 0.998, 0.002
1, 0.998, 0.002
1, 0.9969, 0.0031
1, 0.9969, 0.0031
1, 0.9933, 0.0067
1, 0.9933, 0.0067
1, 0.9985, 0.0015
1, 0.9959, 0.0041
1, 0.9959, 0.0041
1, 0.9845, 0.0155
1, 0.9968, 0.0032
1, 0.9652, 0.0348
1, 0.996, 0.004
1, 0.931, 0.069
1, 0.9983, 0.0017
1, 0.9893, 0.0107
1, 0.9931, 0.0069
1, 0.9857, 0.0143
1, 0.9978, 0.0022
1, 0.9346, 0.0654
1, 0.9894, 0.0106
1, 0.9834, 0.0166
1, 0.9969, 0.0031
1, 0.9756, 0.0244
1, 0.9972, 0.0028
1, 0.9975, 0.0025
1, 0.9975, 0.0025
1, 0.997, 0.003
1, 0.9893, 0.0107
1, 0.9965, 0.0035
1, 0.9966, 0.0034
1, 0.9966, 0.0034
1, 0.996, 0.004
1, 0.9995, 0.0005
1, 0.9979, 0.0021
1, 0.9938, 0.0062
1, 0.9991, 0.0009
1, 0.9971, 0.0029
1, 0.9955, 0.0045
1, 0.9991, 0.0009
1, 0.9995, 0.0005
1, 0.9974, 0.0026
1, 0.9975, 0.0025
1, 0.9974, 0.0026
1, 0.997, 0.003
1, 0.9973, 0.0027
1, 0.9975, 0.0025
1, 0.9979, 0.0021
1, 0.9979, 0.0021
1, 0.9991, 0.0009
1, 0.9958, 0.0042
1, 0.9934, 0.0066
1, 0.997, 0.003
1, 0.9934, 0.0066
1, 0.9978, 0.0022
1, 0.9971, 0.0029
1, 0.9969, 0.0031
1, 0.9938, 0.0062
1, 0.9975, 0.0025
1, 0.9971, 0.0029
1, 0.9995, 0.0005
1, 0.9994, 0.0006
1, 0.9979, 0.0021
1, 0.9995, 0.0005
1, 0.9975, 0.0025
1, 0.9975, 0.0025
1, 0.9995, 0.0005
1, 0.9991, 0.0009
1, 0.9991, 0.0009
1, 0.9995, 0.0005
1, 0.9988, 0.0012
1, 0.997, 0.003
1, 0.9971, 0.0029
1, 0.9938, 0.0062
1, 0.9979, 0.0021
1, 0.9958, 0.0042
1, 0.9974, 0.0026
1, 0.9995, 0.0005
1, 0.9975, 0.0025
1, 0.9972, 0.0028
1, 0.9971, 0.0029
1, 0.9981, 0.0019
1, 0.9984, 0.0016
1, 0.9953, 0.0047
1, 0.9979, 0.0021
1, 0.9975, 0.0025
1, 0.9995, 0.0005
1, 0.9975, 0.0025
1, 0.9979, 0.0021
1, 0.9974, 0.0026
1, 0.9979, 0.0021
1, 0.9934, 0.0066
1, 0.9979, 0.0021
1, 0.9934, 0.0066
1, 0.9975, 0.0025
1, 0.9995, 0.0005
1, 0.9995, 0.0005
1, 0.9975, 0.0025
1, 0.9407, 0.0593
1, 0.9876, 0.0124
1, 0.9931, 0.0069
1, 0.9908, 0.0092
1, 0.996, 0.004
1, 0.6563, 0.3437
1, 0.9915, 0.0085
1, 0.6556, 0.3444
1, 0.9936, 0.0064
1, 0.9891, 0.0109
1, 0.9891, 0.0109
1, 0.9953, 0.0047
1, 0.9891, 0.0109
1, 0.9977, 0.0023
1, 0.6574, 0.3426
1, 0.9935, 0.0065
1, 0.9963, 0.0037
1, 0.9953, 0.0047
1, 0.994, 0.006
1, 0.9953, 0.0047
1, 0.9737, 0.0263
1, 0.9904, 0.0096
1, 0.9883, 0.0117
1, 0.9873, 0.0127
1, 0.6491, 0.3509
1, 0.9881, 0.0119
1, 0.9961, 0.0039
1, 0.9914, 0.0086
1, 0.6205, 0.3795
1, 0.6065, 0.3935
1, 0.9641, 0.0359
1, 0.989, 0.011
1, 0.9819, 0.0181
1, 0.9438, 0.0562
1, 0.6058, 0.3942
1, 0.9696, 0.0304
1, 0.9636, 0.0364
1, 0.9309, 0.0691
1, 0.9884, 0.0116
1, 0.9431, 0.0569
1, 0.9878, 0.0122
1, 0.9862, 0.0138
1, 0.9545, 0.0455
1, 0.9882, 0.0118
1, 0.9873, 0.0127
1, 0.9898, 0.0102
1, 0.9945, 0.0055
1, 0.9912, 0.0088
1, 0.9917, 0.0083
1, 0.6345, 0.3655
1, 0.9578, 0.0422
1, 0.9916, 0.0084
1, 0.9867, 0.0133
1, 0.6252, 0.3748
1, 0.9754, 0.0246
1, 0.9917, 0.0083
1, 0.987, 0.013
1, 0.9968, 0.0032
1, 0.9864, 0.0136
1, 0.9864, 0.0136
1, 0.6679, 0.3321
1, 0.9827, 0.0173
1, 0.9804, 0.0196
1, 0.9979, 0.0021
1, 0.6679, 0.3321
1, 0.9955, 0.0045
1, 0.9915, 0.0085
1, 0.9959, 0.0041
1, 0.9957, 0.0043
1, 0.9943, 0.0057
1, 0.6377, 0.3623
1, 0.6632, 0.3368
1, 0.9977, 0.0023
1, 0.9896, 0.0104
1, 0.987, 0.013
1, 0.6118, 0.3882
1, 0.9858, 0.0142
1, 0.9916, 0.0084
1, 0.9875, 0.0125
1, 0.9891, 0.0109
1, 0.9843, 0.0157
1, 0.6652, 0.3348
1, 0.9931, 0.0069
1, 0.9876, 0.0124
1, 0.6605, 0.3395
1, 0.8862, 0.1138
1, 0.9984, 0.0016
1, 0.9981, 0.0019
1, 0.9989, 0.0011
1, 0.9945, 0.0055
1, 0.9931, 0.0069
1, 0.9804, 0.0196
1, 0.994, 0.006
1, 0.9969, 0.0031
1, 0.9997, 0.0003
1, 0.9806, 0.0194
1, 0.9932, 0.0068
1, 0.9313, 0.0687
1, 0.9943, 0.0057
1, 0.9832, 0.0168
1, 0.998, 0.002
1, 0.9933, 0.0067
1, 0.9928, 0.0072
1, 0.9476, 0.0524
1, 0.9854, 0.0146
1, 0.9974, 0.0026
1, 0.9961, 0.0039
1, 0.9843, 0.0157
1, 0.9981, 0.0019
1, 0.9641, 0.0359
1, 0.9645, 0.0355
1, 0.9844, 0.0156
1, 0.992, 0.008
1, 0.9751, 0.0249
1, 0.9817, 0.0183
1, 0.998, 0.002
1, 0.9985, 0.0015
1, 0.213, 0.787
1, 0.9956, 0.0044
1, 0.6307, 0.3693
1, 0.9953, 0.0047
1, 0.9976, 0.0024
1, 0.9985, 0.0015
1, 0.9985, 0.0015
0, 0.9914, 0.0086
0, 0.9722, 0.0278
0, 0.9641, 0.0359
0, 0.9592, 0.0408
0, 0.984, 0.016
0, 0.9283, 0.0717
0, 0.9793, 0.0207
1, 0.9582, 0.0418
1, 0.6131, 0.3869
1, 0.9587, 0.0413
1, 0.9888, 0.0112
1, 0.9874, 0.0126
1, 0.9953, 0.0047
1, 0.9934, 0.0066
1, 0.9936, 0.0064
1, 0.9938, 0.0062
1, 0.9938, 0.0062
1, 0.9934, 0.0066
1, 0.9934, 0.0066
1, 0.9938, 0.0062
1, 0.9938, 0.0062
1, 0.9934, 0.0066
1, 0.9934, 0.0066
1, 0.9938, 0.0062
1, 0.9933, 0.0067
1, 0.9933, 0.0067
1, 0.9956, 0.0044
1, 0.9932, 0.0068
1, 0.9931, 0.0069
1, 0.9931, 0.0069
1, 0.9931, 0.0069
1, 0.9933, 0.0067
1, 0.9933, 0.0067
1, 0.9931, 0.0069
1, 0.9931, 0.0069
1, 0.9933, 0.0067
1, 0.9873, 0.0127
1, 0.995, 0.005
1, 0.9914, 0.0086
1, 0.9826, 0.0174
1, 0.9914, 0.0086
1, 0.6457, 0.3543
1, 0.9949, 0.0051
1, 0.9873, 0.0127
1, 0.9914, 0.0086
1, 0.9953, 0.0047
1, 0.9914, 0.0086
1, 0.9873, 0.0127
1, 0.9965, 0.0035
1, 0.9958, 0.0042
1, 0.999, 0.001
1, 0.9988, 0.0012
1, 0.9969, 0.0031
1, 0.9961, 0.0039
1, 0.9608, 0.0392
1, 0.9995, 0.0005
1, 0.9988, 0.0012
1, 0.9805, 0.0195
1, 0.998, 0.002
1, 0.9984, 0.0016
1, 0.6232, 0.3768
1, 0.2141, 0.7859
1, 0.9852, 0.0148
1, 0.9949, 0.0051
1, 0.1878, 0.8122
0, 0.9868, 0.0132
1, 0.195, 0.805
1, 0.9912, 0.0088
1, 0.973, 0.027
1, 0.9417, 0.0583
1, 0.986, 0.014
1, 0.9859, 0.0141
1, 0.9981, 0.0019
1, 0.9947, 0.0053
0, 0.9895, 0.0105
1, 0.9949, 0.0051
1, 0.9909, 0.0091
1, 0.9956, 0.0044
1, 0.9855, 0.0145
1, 0.9735, 0.0265
1, 0.9948, 0.0052
1, 0.9839, 0.0161
1, 0.9884, 0.0116
1, 0.9972, 0.0028
1, 0.9852, 0.0148
1, 0.9978, 0.0022
1, 0.9718, 0.0282
1, 0.9277, 0.0723
1, 0.9721, 0.0279
1, 0.9894, 0.0106
1, 0.9954, 0.0046
1, 0.9932, 0.0068
1, 0.9933, 0.0067
1, 0.9894, 0.0106
1, 0.989, 0.011
1, 0.9975, 0.0025
1, 0.9882, 0.0118
1, 0.9959, 0.0041
1, 0.9927, 0.0073
1, 0.9971, 0.0029
1, 0.9741, 0.0259
1, 0.9901, 0.0099
1, 0.6476, 0.3524
1, 0.6472, 0.3528
1, 0.6439, 0.3561
1, 0.9814, 0.0186
1, 0.992, 0.008
1, 0.9927, 0.0073
1, 0.2058, 0.7942
1, 0.2077, 0.7923
1, 0.9735, 0.0265
1, 0.9745, 0.0255
1, 0.9768, 0.0232
1, 0.9577, 0.0423
1, 0.9416, 0.0584
0, 0.976, 0.024
1, 0.6479, 0.3521
1, 0.9162, 0.0838
1, 0.6493, 0.3507
0, 0.9923, 0.0077
1, 0.9292, 0.0708
1, 0.9295, 0.0705
1, 0.9913, 0.0087
1, 0.9886, 0.0114
1, 0.9889, 0.0111
1, 0.9902, 0.0098
1, 0.9913, 0.0087
1, 0.9891, 0.0109
1, 0.9318, 0.0682
1, 0.9895, 0.0105
1, 0.99, 0.01
1, 0.6049, 0.3951
1, 0.981, 0.019
1, 0.9899, 0.0101
1, 0.2164, 0.7836
1, 0.9887, 0.0113
1, 0.9926, 0.0074
1, 0.6482, 0.3518
1, 0.9688, 0.0312
1, 0.9262, 0.0738
1, 0.9864, 0.0136
1, 0.2585, 0.7415
1, 0.9811, 0.0189
1, 0.2721, 0.7279
1, 0.9642, 0.0358
1, 0.92, 0.08
1, 0.2331, 0.7669
1, 0.1895, 0.8105
1, 0.9878, 0.0122
1, 0.9214, 0.0786
1, 0.8644, 0.1356
1, 0.9338, 0.0662
1, 0.95, 0.05
1, 0.9003, 0.0997
1, 0.9613, 0.0387
1, 0.973, 0.027
1, 0.8652, 0.1348
1, 0.9896, 0.0104
1, 0.9741, 0.0259
1, 0.9817, 0.0183
1, 0.9746, 0.0254
1, 0.9609, 0.0391
1, 0.9866, 0.0134
1, 0.9659, 0.0341
1, 0.2474, 0.7526
1, 0.975, 0.025
1, 0.9695, 0.0305
1, 0.1998, 0.8002
1, 0.9341, 0.0659
1, 0.1941, 0.8059
1, 0.9667, 0.0333
1, 0.9524, 0.0476
1, 0.952, 0.048
1, 0.9407, 0.0593
1, 0.9625, 0.0375
1, 0.2131, 0.7869
1, 0.2223, 0.7777
1, 0.9709, 0.0291
1, 0.7172, 0.2828
1, 0.7134, 0.2866
1, 0.2054, 0.7946
1, 0.2119, 0.7881
1, 0.2082, 0.7918
1, 0.2204, 0.7796
1, 0.2189, 0.7811
1, 0.2162, 0.7838
1, 0.2049, 0.7951
1, 0.1929, 0.8071
1, 0.1934, 0.8066
1, 0.1809, 0.8191
1, 0.1957, 0.8043
