1, 0.2467, 0.7533
1, 0.2511, 0.7489
0, 0.3045, 0.6955
1, 0.2487, 0.7513
0, 0.3, 0.7
1, 0.2515, 0.7485
1, 0.2461, 0.7539
1, 0.2391, 0.7609
1, 0.2483, 0.7517
1, 0.2498, 0.7502
1, 0.2526, 0.7474
1, 0.2466, 0.7534
1, 0.2432, 0.7568
1, 0.2533, 0.7467
1, 0.2371, 0.7629
1, 0.2351, 0.7649
1, 0.2206, 0.7794
1, 0.2342, 0.7658
1, 0.2206, 0.7794
1, 0.2341, 0.7659
1, 0.2619, 0.7381
1, 0.214, 0.786
1, 0.2309, 0.7691
1, 0.23, 0.77
1, 0.2263, 0.7737
1, 0.2286, 0.7714
1, 0.2192, 0.7808
1, 0.2166, 0.7834
1, 0.2104, 0.7896
1, 0.2104, 0.7896
1, 0.2104, 0.7896
1, 0.2104, 0.7896
1, 0.2104, 0.7896
1, 0.2224, 0.7776
1, 0.2361, 0.7639
1, 0.2197, 0.7803
1, 0.2277, 0.7723
1, 0.2112, 0.7888
1, 0.2148, 0.7852
1, 0.2142, 0.7858
1, 0.2158, 0.7842
1, 0.216, 0.784
1, 0.2104, 0.7896
1, 0.216, 0.784
1, 0.213, 0.787
1, 0.2115, 0.7885
1, 0.214, 0.786
1, 0.2262, 0.7738
1, 0.2147, 0.7853
1, 0.2226, 0.7774
1, 0.2068, 0.7932
1, 0.2104, 0.7896
1, 0.2126, 0.7874
1, 0.2128, 0.7872
1, 0.2161, 0.7839
1, 0.2206, 0.7794
1, 0.2128, 0.7872
1, 0.2017, 0.7983
1, 0.2159, 0.7841
1, 0.2134, 0.7866
1, 0.216, 0.784
1, 0.2245, 0.7755
1, 0.2102, 0.7898
1, 0.2171, 0.7829
1, 0.2135, 0.7865
1, 0.2086, 0.7914
1, 0.2166, 0.7834
1, 0.214, 0.786
1, 0.2101, 0.7899
1, 0.216, 0.784
1, 0.2244, 0.7756
1, 0.217, 0.783
1, 0.2159, 0.7841
1, 0.2147, 0.7853
1, 0.2104, 0.7896
1, 0.2134, 0.7866
1, 0.2148, 0.7852
1, 0.2134, 0.7866
1, 0.2142, 0.7858
1, 0.2153, 0.7847
1, 0.2076, 0.7924
1, 0.2192, 0.7808
1, 0.2223, 0.7777
1, 0.2046, 0.7954
1, 0.2195, 0.7805
1, 0.2102, 0.7898
1, 0.2126, 0.7874
1, 0.2171, 0.7829
1, 0.2133, 0.7867
1, 0.2155, 0.7845
1, 0.2098, 0.7902
1, 0.2159, 0.7841
1, 0.2167, 0.7833
1, 0.216, 0.784
1, 0.219, 0.781
1, 0.2211, 0.7789
1, 0.2126, 0.7874
1, 0.2076, 0.7924
1, 0.2142, 0.7858
1, 0.216, 0.784
1, 0.216, 0.784
1, 0.2134, 0.7866
1, 0.22, 0.78
1, 0.2167, 0.7833
1, 0.2217, 0.7783
1, 0.2214, 0.7786
1, 0.2149, 0.7851
1, 0.2162, 0.7838
1, 0.2162, 0.7838
1, 0.2124, 0.7876
1, 0.2176, 0.7824
1, 0.2118, 0.7882
1, 0.2154, 0.7846
1, 0.2142, 0.7858
1, 0.2158, 0.7842
1, 0.216, 0.784
1, 0.2115, 0.7885
1, 0.2112, 0.7888
1, 0.2117, 0.7883
1, 0.2172, 0.7828
1, 0.2148, 0.7852
1, 0.216, 0.784
1, 0.2134, 0.7866
1, 0.216, 0.784
1, 0.2141, 0.7859
1, 0.2018, 0.7982
1, 0.1966, 0.8034
1, 0.2037, 0.7963
1, 0.199, 0.801
1, 0.2054, 0.7946
1, 0.2073, 0.7927
1, 0.1989, 0.8011
1, 0.2038, 0.7962
1, 0.204, 0.796
1, 0.2025, 0.7975
1, 0.202, 0.798
1, 0.1993, 0.8007
1, 0.204, 0.796
1, 0.202, 0.798
1, 0.2024, 0.7976
1, 0.2025, 0.7975
1, 0.2044, 0.7956
1, 0.2057, 0.7943
1, 0.1993, 0.8007
1, 0.2002, 0.7998
1, 0.2167, 0.7833
1, 0.2025, 0.7975
1, 0.2183, 0.7817
1, 0.2183, 0.7817
1, 0.2003, 0.7997
1, 0.2167, 0.7833
1, 0.1998, 0.8002
1, 0.2048, 0.7952
1, 0.2017, 0.7983
1, 0.2009, 0.7991
1, 0.2025, 0.7975
1, 0.2049, 0.7951
1, 0.1967, 0.8033
1, 0.2099, 0.7901
1, 0.2013, 0.7987
1, 0.1982, 0.8018
1, 0.2025, 0.7975
1, 0.206, 0.794
1, 0.2032, 0.7968
1, 0.2057, 0.7943
1, 0.2038, 0.7962
1, 0.2147, 0.7853
1, 0.2104, 0.7896
1, 0.2044, 0.7956
1, 0.2044, 0.7956
1, 0.2044, 0.7956
1, 0.2042, 0.7958
1, 0.2136, 0.7864
1, 0.2038, 0.7962
1, 0.2094, 0.7906
1, 0.2086, 0.7914
1, 0.202, 0.798
1, 0.2039, 0.7961
1, 0.2042, 0.7958
1, 0.2042, 0.7958
1, 0.2057, 0.7943
1, 0.2044, 0.7956
1, 0.2073, 0.7927
1, 0.2042, 0.7958
1, 0.2015, 0.7985
1, 0.2027, 0.7973
1, 0.2018, 0.7982
1, 0.2046, 0.7954
1, 0.2042, 0.7958
1, 0.2044, 0.7956
1, 0.2147, 0.7853
1, 0.2193, 0.7807
1, 0.2202, 0.7798
1, 0.207, 0.793
1, 0.2099, 0.7901
1, 0.2098, 0.7902
1, 0.2131, 0.7869
1, 0.2096, 0.7904
1, 0.213, 0.787
1, 0.2193, 0.7807
1, 0.2172, 0.7828
1, 0.2156, 0.7844
1, 0.2154, 0.7846
1, 0.2149, 0.7851
1, 0.208, 0.792
1, 0.2197, 0.7803
1, 0.2207, 0.7793
1, 0.2253, 0.7747
1, 0.223, 0.777
1, 0.2164, 0.7836
1, 0.2136, 0.7864
1, 0.2191, 0.7809
1, 0.217, 0.783
1, 0.2172, 0.7828
1, 0.2175, 0.7825
1, 0.2193, 0.7807
1, 0.2142, 0.7858
1, 0.2059, 0.7941
1, 0.2142, 0.7858
1, 0.2118, 0.7882
1, 0.2149, 0.7851
1, 0.2166, 0.7834
1, 0.2116, 0.7884
1, 0.2177, 0.7823
1, 0.2172, 0.7828
1, 0.2163, 0.7837
1, 0.2153, 0.7847
1, 0.2163, 0.7837
1, 0.2116, 0.7884
1, 0.2179, 0.7821
1, 0.2116, 0.7884
1, 0.2148, 0.7852
1, 0.2156, 0.7844
1, 0.2118, 0.7882
1, 0.2326, 0.7674
1, 0.2148, 0.7852
1, 0.2145, 0.7855
1, 0.2203, 0.7797
1, 0.2115, 0.7885
1, 0.2258, 0.7742
1, 0.2088, 0.7912
1, 0.2067, 0.7933
1, 0.2287, 0.7713
1, 0.2091, 0.7909
1, 0.208, 0.792
1, 0.2141, 0.7859
1, 0.2104, 0.7896
1, 0.2135, 0.7865
1, 0.2135, 0.7865
1, 0.2138, 0.7862
1, 0.2138, 0.7862
1, 0.2167, 0.7833
1, 0.2129, 0.7871
1, 0.2185, 0.7815
1, 0.2176, 0.7824
1, 0.2142, 0.7858
1, 0.215, 0.785
1, 0.2162, 0.7838
1, 0.214, 0.786
1, 0.2194, 0.7806
1, 0.2151, 0.7849
1, 0.2153, 0.7847
1, 0.2159, 0.7841
1, 0.2311, 0.7689
1, 0.216, 0.784
1, 0.2115, 0.7885
1, 0.2154, 0.7846
1, 0.2204, 0.7796
1, 0.2132, 0.7868
1, 0.2236, 0.7764
1, 0.2098, 0.7902
1, 0.2156, 0.7844
1, 0.208, 0.792
1, 0.2153, 0.7847
1, 0.2116, 0.7884
1, 0.2101, 0.7899
1, 0.2157, 0.7843
1, 0.2175, 0.7825
1, 0.2132, 0.7868
1, 0.2157, 0.7843
1, 0.214, 0.786
1, 0.2159, 0.7841
1, 0.2202, 0.7798
1, 0.2137, 0.7863
1, 0.2159, 0.7841
1, 0.2159, 0.7841
1, 0.2162, 0.7838
1, 0.2137, 0.7863
1, 0.21, 0.79
1, 0.2099, 0.7901
1, 0.2205, 0.7795
1, 0.21, 0.79
1, 0.2086, 0.7914
1, 0.2076, 0.7924
1, 0.216, 0.784
1, 0.2132, 0.7868
1, 0.2163, 0.7837
1, 0.207, 0.793
1, 0.2158, 0.7842
1, 0.219, 0.781
1, 0.2142, 0.7858
1, 0.214, 0.786
1, 0.2109, 0.7891
1, 0.216, 0.784
1, 0.2032, 0.7968
1, 0.2025, 0.7975
1, 0.1997, 0.8003
1, 0.202, 0.798
1, 0.2054, 0.7946
1, 0.2032, 0.7968
1, 0.2026, 0.7974
1, 0.2025, 0.7975
1, 0.1999, 0.8001
1, 0.2018, 0.7982
1, 0.205, 0.795
1, 0.2001, 0.7999
1, 0.202, 0.798
1, 0.2032, 0.7968
1, 0.2044, 0.7956
1, 0.2151, 0.7849
1, 0.2027, 0.7973
1, 0.2018, 0.7982
1, 0.2086, 0.7914
1, 0.2001, 0.7999
1, 0.2097, 0.7903
1, 0.2022, 0.7978
1, 0.202, 0.798
1, 0.1989, 0.8011
1, 0.2051, 0.7949
1, 0.2045, 0.7955
1, 0.2049, 0.7951
1, 0.2042, 0.7958
1, 0.2044, 0.7956
1, 0.2099, 0.7901
1, 0.2051, 0.7949
1, 0.2018, 0.7982
1, 0.2018, 0.7982
1, 0.1967, 0.8033
1, 0.2059, 0.7941
1, 0.2167, 0.7833
1, 0.2357, 0.7643
1, 0.2099, 0.7901
1, 0.2019, 0.7981
1, 0.2097, 0.7903
1, 0.2071, 0.7929
1, 0.2036, 0.7964
1, 0.2044, 0.7956
1, 0.2042, 0.7958
1, 0.1998, 0.8002
1, 0.1981, 0.8019
1, 0.202, 0.798
1, 0.1994, 0.8006
1, 0.2068, 0.7932
1, 0.2167, 0.7833
1, 0.2159, 0.7841
1, 0.1995, 0.8005
1, 0.2069, 0.7931
1, 0.201, 0.799
1, 0.2135, 0.7865
1, 0.202, 0.798
1, 0.2079, 0.7921
1, 0.2049, 0.7951
1, 0.1994, 0.8006
1, 0.2065, 0.7935
1, 0.195, 0.805
1, 0.2099, 0.7901
1, 0.208, 0.792
1, 0.2042, 0.7958
1, 0.2167, 0.7833
1, 0.2048, 0.7952
1, 0.1995, 0.8005
1, 0.208, 0.792
1, 0.202, 0.798
1, 0.1997, 0.8003
1, 0.202, 0.798
1, 0.2044, 0.7956
1, 0.204, 0.796
1, 0.2077, 0.7923
1, 0.2053, 0.7947
1, 0.202, 0.798
1, 0.2053, 0.7947
1, 0.2075, 0.7925
1, 0.2025, 0.7975
1, 0.2007, 0.7993
1, 0.2011, 0.7989
1, 0.2042, 0.7958
1, 0.2024, 0.7976
1, 0.2019, 0.7981
1, 0.206, 0.794
1, 0.2021, 0.7979
1, 0.2032, 0.7968
1, 0.202, 0.798
1, 0.2099, 0.7901
1, 0.1965, 0.8035
1, 0.2021, 0.7979
1, 0.1999, 0.8001
1, 0.1967, 0.8033
1, 0.2044, 0.7956
1, 0.2061, 0.7939
1, 0.2025, 0.7975
1, 0.2025, 0.7975
1, 0.2018, 0.7982
1, 0.2036, 0.7964
1, 0.1989, 0.8011
1, 0.208, 0.792
1, 0.2044, 0.7956
1, 0.2014, 0.7986
1, 0.2044, 0.7956
1, 0.2077, 0.7923
1, 0.2086, 0.7914
1, 0.2042, 0.7958
1, 0.1994, 0.8006
1, 0.2042, 0.7958
1, 0.2025, 0.7975
1, 0.2101, 0.7899
1, 0.2155, 0.7845
1, 0.1967, 0.8033
1, 0.2096, 0.7904
1, 0.2044, 0.7956
1, 0.2039, 0.7961
1, 0.205, 0.795
1, 0.202, 0.798
1, 0.2128, 0.7872
1, 0.2044, 0.7956
1, 0.1994, 0.8006
1, 0.1981, 0.8019
1, 0.2001, 0.7999
1, 0.1967, 0.8033
1, 0.2059, 0.7941
1, 0.2042, 0.7958
1, 0.2044, 0.7956
1, 0.1999, 0.8001
1, 0.2025, 0.7975
1, 0.2044, 0.7956
1, 0.2061, 0.7939
1, 0.2069, 0.7931
1, 0.202, 0.798
1, 0.2094, 0.7906
1, 0.2129, 0.7871
1, 0.2014, 0.7986
1, 0.2042, 0.7958
1, 0.2044, 0.7956
1, 0.2044, 0.7956
1, 0.2052, 0.7948
1, 0.2056, 0.7944
1, 0.204, 0.796
1, 0.2018, 0.7982
1, 0.213, 0.787
1, 0.202, 0.798
1, 0.2042, 0.7958
1, 0.2044, 0.7956
1, 0.2018, 0.7982
1, 0.1995, 0.8005
1, 0.1989, 0.8011
1, 0.2049, 0.7951
1, 0.2, 0.8
1, 0.1996, 0.8004
1, 0.2068, 0.7932
1, 0.1965, 0.8035
1, 0.204, 0.796
1, 0.2042, 0.7958
1, 0.202, 0.798
1, 0.1967, 0.8033
1, 0.2099, 0.7901
1, 0.22, 0.78
1, 0.2061, 0.7939
1, 0.2032, 0.7968
1, 0.201, 0.799
1, 0.2044, 0.7956
1, 0.2023, 0.7977
1, 0.2058, 0.7942
1, 0.2025, 0.7975
1, 0.2279, 0.7721
1, 0.2025, 0.7975
1, 0.204, 0.796
1, 0.2044, 0.7956
1, 0.202, 0.798
1, 0.2147, 0.7853
1, 0.2019, 0.7981
1, 0.202, 0.798
1, 0.202, 0.798
1, 0.2001, 0.7999
1, 0.2018, 0.7982
1, 0.2042, 0.7958
1, 0.2018, 0.7982
1, 0.1996, 0.8004
1, 0.1999, 0.8001
1, 0.1967, 0.8033
1, 0.2019, 0.7981
1, 0.202, 0.798
1, 0.2068, 0.7932
1, 0.2167, 0.7833
1, 0.2151, 0.7849
1, 0.2151, 0.7849
1, 0.2096, 0.7904
1, 0.2, 0.8
1, 0.2083, 0.7917
1, 0.2046, 0.7954
1, 0.1994, 0.8006
1, 0.202, 0.798
1, 0.2068, 0.7932
1, 0.202, 0.798
1, 0.2068, 0.7932
1, 0.2044, 0.7956
1, 0.202, 0.798
1, 0.2125, 0.7875
1, 0.207, 0.793
1, 0.2094, 0.7906
1, 0.2099, 0.7901
1, 0.1967, 0.8033
1, 0.2042, 0.7958
1, 0.2125, 0.7875
1, 0.2034, 0.7966
1, 0.2083, 0.7917
1, 0.2069, 0.7931
1, 0.1995, 0.8005
1, 0.2021, 0.7979
1, 0.2001, 0.7999
1, 0.1981, 0.8019
1, 0.2029, 0.7971
1, 0.2025, 0.7975
1, 0.2044, 0.7956
1, 0.1986, 0.8014
1, 0.2021, 0.7979
1, 0.2001, 0.7999
1, 0.2099, 0.7901
1, 0.2044, 0.7956
1, 0.2044, 0.7956
1, 0.2099, 0.7901
1, 0.1986, 0.8014
1, 0.2031, 0.7969
1, 0.2086, 0.7914
1, 0.202, 0.798
1, 0.2025, 0.7975
1, 0.2018, 0.7982
1, 0.2048, 0.7952
1, 0.2044, 0.7956
1, 0.2061, 0.7939
1, 0.2342, 0.7658
1, 0.2407, 0.7593
1, 0.2049, 0.7951
1, 0.2038, 0.7962
1, 0.2044, 0.7956
1, 0.2145, 0.7855
1, 0.2005, 0.7995
1, 0.2042, 0.7958
1, 0.2167, 0.7833
1, 0.2031, 0.7969
1, 0.1981, 0.8019
1, 0.2048, 0.7952
1, 0.1981, 0.8019
1, 0.202, 0.798
1, 0.202, 0.798
1, 0.2042, 0.7958
1, 0.2165, 0.7835
1, 0.2061, 0.7939
1, 0.2051, 0.7949
1, 0.2022, 0.7978
1, 0.2077, 0.7923
1, 0.2049, 0.7951
1, 0.1965, 0.8035
1, 0.2049, 0.7951
1, 0.1967, 0.8033
1, 0.2046, 0.7954
1, 0.1995, 0.8005
1, 0.1981, 0.8019
1, 0.2044, 0.7956
1, 0.2094, 0.7906
1, 0.2042, 0.7958
1, 0.2147, 0.7853
1, 0.2018, 0.7982
1, 0.2003, 0.7997
1, 0.2167, 0.7833
1, 0.2062, 0.7938
1, 0.2049, 0.7951
1, 0.1995, 0.8005
1, 0.2167, 0.7833
1, 0.1996, 0.8004
1, 0.2094, 0.7906
1, 0.2044, 0.7956
1, 0.2044, 0.7956
1, 0.2137, 0.7863
1, 0.2034, 0.7966
1, 0.2054, 0.7946
1, 0.2106, 0.7894
1, 0.2057, 0.7943
1, 0.2049, 0.7951
1, 0.2167, 0.7833
1, 0.2078, 0.7922
1, 0.2042, 0.7958
1, 0.2056, 0.7944
1, 0.2042, 0.7958
1, 0.2044, 0.7956
1, 0.2069, 0.7931
1, 0.2078, 0.7922
1, 0.2057, 0.7943
1, 0.2282, 0.7718
1, 0.202, 0.798
1, 0.1995, 0.8005
1, 0.2101, 0.7899
1, 0.2042, 0.7958
1, 0.204, 0.796
1, 0.2018, 0.7982
1, 0.202, 0.798
1, 0.204, 0.796
1, 0.1999, 0.8001
1, 0.2044, 0.7956
1, 0.2044, 0.7956
1, 0.2032, 0.7968
1, 0.2019, 0.7981
1, 0.2151, 0.7849
1, 0.2001, 0.7999
1, 0.2099, 0.7901
1, 0.2035, 0.7965
1, 0.2077, 0.7923
1, 0.2044, 0.7956
1, 0.2147, 0.7853
1, 0.2126, 0.7874
1, 0.216, 0.784
1, 0.213, 0.787
1, 0.2115, 0.7885
1, 0.216, 0.784
1, 0.2287, 0.7713
1, 0.207, 0.793
1, 0.2158, 0.7842
1, 0.217, 0.783
1, 0.2141, 0.7859
1, 0.2241, 0.7759
1, 0.2146, 0.7854
1, 0.2132, 0.7868
1, 0.2208, 0.7792
1, 0.2272, 0.7728
1, 0.2148, 0.7852
1, 0.2143, 0.7857
1, 0.214, 0.786
1, 0.2158, 0.7842
1, 0.2241, 0.7759
1, 0.2142, 0.7858
1, 0.2029, 0.7971
1, 0.2132, 0.7868
1, 0.22, 0.78
1, 0.214, 0.786
1, 0.2149, 0.7851
1, 0.2173, 0.7827
1, 0.2076, 0.7924
1, 0.216, 0.784
1, 0.2165, 0.7835
1, 0.2222, 0.7778
1, 0.217, 0.783
1, 0.2156, 0.7844
1, 0.2148, 0.7852
1, 0.2176, 0.7824
1, 0.216, 0.784
1, 0.2069, 0.7931
1, 0.214, 0.786
1, 0.2147, 0.7853
1, 0.2141, 0.7859
1, 0.2176, 0.7824
1, 0.2149, 0.7851
1, 0.2181, 0.7819
1, 0.2126, 0.7874
1, 0.214, 0.786
1, 0.2068, 0.7932
1, 0.2172, 0.7828
1, 0.2161, 0.7839
1, 0.2068, 0.7932
1, 0.2138, 0.7862
1, 0.2159, 0.7841
1, 0.2189, 0.7811
1, 0.216, 0.784
1, 0.2159, 0.7841
1, 0.2262, 0.7738
1, 0.224, 0.776
1, 0.212, 0.788
1, 0.2273, 0.7727
1, 0.2148, 0.7852
1, 0.2242, 0.7758
1, 0.2099, 0.7901
1, 0.216, 0.784
1, 0.2148, 0.7852
1, 0.2101, 0.7899
1, 0.2142, 0.7858
1, 0.214, 0.786
1, 0.216, 0.784
1, 0.2068, 0.7932
1, 0.2172, 0.7828
1, 0.216, 0.784
1, 0.2197, 0.7803
1, 0.2203, 0.7797
1, 0.216, 0.784
1, 0.2086, 0.7914
1, 0.2329, 0.7671
1, 0.2224, 0.7776
1, 0.2191, 0.7809
1, 0.2241, 0.7759
1, 0.216, 0.784
1, 0.225, 0.775
1, 0.216, 0.784
1, 0.214, 0.786
1, 0.2153, 0.7847
1, 0.2098, 0.7902
1, 0.2252, 0.7748
1, 0.2174, 0.7826
1, 0.2076, 0.7924
1, 0.2183, 0.7817
1, 0.2057, 0.7943
1, 0.2142, 0.7858
1, 0.216, 0.784
1, 0.2191, 0.7809
1, 0.2118, 0.7882
1, 0.2173, 0.7827
1, 0.2191, 0.7809
1, 0.214, 0.786
1, 0.217, 0.783
1, 0.2172, 0.7828
1, 0.2113, 0.7887
1, 0.2092, 0.7908
1, 0.2254, 0.7746
1, 0.212, 0.788
1, 0.2329, 0.7671
1, 0.2327, 0.7673
1, 0.235, 0.765
1, 0.2189, 0.7811
1, 0.2329, 0.7671
1, 0.2076, 0.7924
1, 0.2339, 0.7661
1, 0.2213, 0.7787
1, 0.2345, 0.7655
1, 0.2103, 0.7897
1, 0.2173, 0.7827
1, 0.2142, 0.7858
1, 0.2189, 0.7811
1, 0.2132, 0.7868
1, 0.2307, 0.7693
1, 0.2148, 0.7852
1, 0.2102, 0.7898
1, 0.2142, 0.7858
1, 0.2132, 0.7868
1, 0.216, 0.784
1, 0.217, 0.783
1, 0.2234, 0.7766
1, 0.235, 0.765
1, 0.2311, 0.7689
1, 0.2193, 0.7807
1, 0.2329, 0.7671
1, 0.2222, 0.7778
1, 0.2329, 0.7671
1, 0.2186, 0.7814
1, 0.2156, 0.7844
1, 0.2191, 0.7809
1, 0.2166, 0.7834
1, 0.2189, 0.7811
1, 0.2376, 0.7624
1, 0.2155, 0.7845
1, 0.4248, 0.5752
1, 0.2491, 0.7509
1, 0.2513, 0.7487
1, 0.2639, 0.7361
1, 0.2437, 0.7563
1, 0.2611, 0.7389
1, 0.2622, 0.7378
0, 0.8201, 0.1799
1, 0.2455, 0.7545
1, 0.2525, 0.7475
1, 0.2507, 0.7493
0, 0.8333, 0.1667
0, 0.8276, 0.1724
0, 0.8269, 0.1731
0, 0.8255, 0.1745
0, 0.8259, 0.1741
0, 0.8202, 0.1798
0, 0.8126, 0.1874
1, 0.255, 0.745
1, 0.2559, 0.7441
1, 0.2567, 0.7433
1, 0.2572, 0.7428
1, 0.228, 0.772
1, 0.2425, 0.7575
1, 0.2593, 0.7407
1, 0.2508, 0.7492
1, 0.2342, 0.7658
1, 0.2294, 0.7706
1, 0.2625, 0.7375
1, 0.2599, 0.7401
1, 0.2625, 0.7375
1, 0.2334, 0.7666
1, 0.2188, 0.7812
1, 0.234, 0.766
1, 0.2257, 0.7743
1, 0.2441, 0.7559
1, 0.238, 0.762
1, 0.2317, 0.7683
1, 0.2341, 0.7659
1, 0.2308, 0.7692
1, 0.2723, 0.7277
1, 0.2348, 0.7652
1, 0.2357, 0.7643
1, 0.2361, 0.7639
1, 0.2269, 0.7731
1, 0.2242, 0.7758
1, 0.238, 0.762
1, 0.2229, 0.7771
1, 0.2288, 0.7712
1, 0.2329, 0.7671
1, 0.2221, 0.7779
1, 0.2361, 0.7639
1, 0.2602, 0.7398
1, 0.2365, 0.7635
1, 0.242, 0.758
1, 0.2384, 0.7616
1, 0.2341, 0.7659
1, 0.2341, 0.7659
1, 0.2384, 0.7616
1, 0.2352, 0.7648
1, 0.2585, 0.7415
1, 0.2334, 0.7666
1, 0.2384, 0.7616
1, 0.2644, 0.7356
1, 0.2379, 0.7621
1, 0.2275, 0.7725
1, 0.2447, 0.7553
1, 0.2308, 0.7692
1, 0.2409, 0.7591
1, 0.2332, 0.7668
1, 0.2386, 0.7614
1, 0.2361, 0.7639
1, 0.2287, 0.7713
1, 0.2258, 0.7742
0, 0.3983, 0.6017
0, 0.2587, 0.7413
1, 0.234, 0.766
1, 0.2351, 0.7649
1, 0.2274, 0.7726
1, 0.2332, 0.7668
1, 0.2347, 0.7653
1, 0.2254, 0.7746
1, 0.2106, 0.7894
1, 0.2381, 0.7619
1, 0.2383, 0.7617
1, 0.2384, 0.7616
1, 0.2201, 0.7799
1, 0.2354, 0.7646
1, 0.2367, 0.7633
1, 0.2304, 0.7696
1, 0.2477, 0.7523
1, 0.2235, 0.7765
1, 0.2384, 0.7616
1, 0.2344, 0.7656
1, 0.2477, 0.7523
1, 0.2356, 0.7644
1, 0.2379, 0.7621
1, 0.2334, 0.7666
1, 0.2305, 0.7695
1, 0.2352, 0.7648
1, 0.2278, 0.7722
1, 0.2282, 0.7718
1, 0.2244, 0.7756
1, 0.2272, 0.7728
1, 0.2302, 0.7698
1, 0.2332, 0.7668
1, 0.2186, 0.7814
1, 0.2338, 0.7662
1, 0.2317, 0.7683
1, 0.2275, 0.7725
1, 0.2377, 0.7623
1, 0.2233, 0.7767
1, 0.241, 0.759
1, 0.2307, 0.7693
1, 0.2233, 0.7767
1, 0.2301, 0.7699
1, 0.2229, 0.7771
1, 0.2361, 0.7639
1, 0.2313, 0.7687
1, 0.2205, 0.7795
1, 0.2198, 0.7802
1, 0.2414, 0.7586
1, 0.2413, 0.7587
1, 0.227, 0.773
1, 0.2451, 0.7549
1, 0.2292, 0.7708
1, 0.2412, 0.7588
1, 0.2217, 0.7783
1, 0.2282, 0.7718
1, 0.2353, 0.7647
1, 0.2371, 0.7629
1, 0.2385, 0.7615
1, 0.2275, 0.7725
1, 0.2315, 0.7685
1, 0.2444, 0.7556
1, 0.241, 0.759
1, 0.2295, 0.7705
1, 0.2335, 0.7665
1, 0.2186, 0.7814
1, 0.2243, 0.7757
1, 0.2301, 0.7699
1, 0.2245, 0.7755
1, 0.231, 0.769
1, 0.2225, 0.7775
1, 0.234, 0.766
1, 0.2203, 0.7797
1, 0.2272, 0.7728
1, 0.2273, 0.7727
1, 0.2349, 0.7651
1, 0.233, 0.767
1, 0.2383, 0.7617
1, 0.2177, 0.7823
1, 0.2333, 0.7667
1, 0.2101, 0.7899
1, 0.2318, 0.7682
1, 0.232, 0.768
1, 0.2373, 0.7627
1, 0.2316, 0.7684
1, 0.2333, 0.7667
1, 0.2318, 0.7682
1, 0.23, 0.77
1, 0.2289, 0.7711
1, 0.2672, 0.7328
1, 0.2292, 0.7708
1, 0.2273, 0.7727
1, 0.257, 0.743
1, 0.255, 0.745
1, 0.2504, 0.7496
1, 0.255, 0.745
1, 0.2634, 0.7366
1, 0.2498, 0.7502
1, 0.2589, 0.7411
1, 0.2628, 0.7372
1, 0.2557, 0.7443
1, 0.2563, 0.7437
1, 0.2581, 0.7419
1, 0.2572, 0.7428
1, 0.2576, 0.7424
1, 0.2568, 0.7432
1, 0.2586, 0.7414
1, 0.2737, 0.7263
1, 0.2555, 0.7445
1, 0.2572, 0.7428
1, 0.2552, 0.7448
1, 0.2348, 0.7652
1, 0.2311, 0.7689
1, 0.2369, 0.7631
1, 0.2276, 0.7724
1, 0.262, 0.738
1, 0.2613, 0.7387
1, 0.2338, 0.7662
1, 0.2411, 0.7589
1, 0.2364, 0.7636
1, 0.2309, 0.7691
1, 0.2284, 0.7716
1, 0.2327, 0.7673
1, 0.2327, 0.7673
1, 0.2479, 0.7521
1, 0.2324, 0.7676
1, 0.2327, 0.7673
1, 0.2377, 0.7623
1, 0.2328, 0.7672
1, 0.2252, 0.7748
1, 0.2312, 0.7688
1, 0.2274, 0.7726
1, 0.2266, 0.7734
1, 0.231, 0.769
1, 0.232, 0.768
1, 0.231, 0.769
1, 0.226, 0.774
1, 0.2322, 0.7678
1, 0.2311, 0.7689
1, 0.2304, 0.7696
1, 0.228, 0.772
1, 0.2328, 0.7672
1, 0.234, 0.766
1, 0.2533, 0.7467
1, 0.2304, 0.7696
1, 0.2485, 0.7515
1, 0.2356, 0.7644
1, 0.2379, 0.7621
1, 0.2655, 0.7345
1, 0.2239, 0.7761
1, 0.2567, 0.7433
1, 0.2655, 0.7345
1, 0.2275, 0.7725
1, 0.2273, 0.7727
1, 0.2368, 0.7632
1, 0.2329, 0.7671
1, 0.2283, 0.7717
1, 0.2215, 0.7785
1, 0.229, 0.771
1, 0.2279, 0.7721
1, 0.2374, 0.7626
1, 0.249, 0.751
1, 0.2363, 0.7637
1, 0.2336, 0.7664
1, 0.2362, 0.7638
1, 0.233, 0.767
1, 0.2357, 0.7643
1, 0.2292, 0.7708
1, 0.2325, 0.7675
1, 0.2238, 0.7762
1, 0.2289, 0.7711
1, 0.2366, 0.7634
1, 0.2325, 0.7675
1, 0.2339, 0.7661
1, 0.2362, 0.7638
1, 0.2011, 0.7989
1, 0.2023, 0.7977
1, 0.2043, 0.7957
0, 0.2462, 0.7538
0, 0.2872, 0.7128
0, 0.4301, 0.5699
0, 0.2327, 0.7673
0, 0.229, 0.771
0, 0.2957, 0.7043
0, 0.3103, 0.6897
0, 0.2367, 0.7633
0, 0.2371, 0.7629
0, 0.2277, 0.7723
0, 0.2279, 0.7721
0, 0.224, 0.776
0, 0.2667, 0.7333
0, 0.2436, 0.7564
0, 0.2257, 0.7743
0, 0.3211, 0.6789
0, 0.2468, 0.7532
0, 0.2306, 0.7694
0, 0.2117, 0.7883
0, 0.2312, 0.7688
0, 0.2336, 0.7664
0, 0.2475, 0.7525
0, 0.2277, 0.7723
0, 0.2206, 0.7794
0, 0.2385, 0.7615
0, 0.3429, 0.6571
0, 0.2305, 0.7695
0, 0.2281, 0.7719
0, 0.2335, 0.7665
0, 0.2831, 0.7169
0, 0.2229, 0.7771
0, 0.2318, 0.7682
0, 0.2478, 0.7522
0, 0.2388, 0.7612
0, 0.23, 0.77
0, 0.2544, 0.7456
0, 0.2395, 0.7605
0, 0.2281, 0.7719
0, 0.233, 0.767
0, 0.2335, 0.7665
0, 0.2222, 0.7778
0, 0.2467, 0.7533
0, 0.2417, 0.7583
0, 0.3656, 0.6344
0, 0.2325, 0.7675
0, 0.2349, 0.7651
0, 0.2775, 0.7225
0, 0.2394, 0.7606
0, 0.2528, 0.7472
0, 0.9288, 0.0712
0, 0.9455, 0.0545
0, 0.9497, 0.0503
0, 0.9474, 0.0526
1, 0.2551, 0.7449
0, 0.947, 0.053
1, 0.256, 0.744
0, 0.9445, 0.0555
0, 0.4217, 0.5783
0, 0.288, 0.712
0, 0.3128, 0.6872
0, 0.2818, 0.7182
0, 0.4425, 0.5575
0, 0.3108, 0.6892
0, 0.2319, 0.7681
0, 0.9479, 0.0521
0, 0.9565, 0.0435
0, 0.947, 0.053
0, 0.9456, 0.0544
0, 0.9583, 0.0417
0, 0.9456, 0.0544
0, 0.2592, 0.7408
0, 0.1015, 0.8985
0, 0.0936, 0.9064
0, 0.1024, 0.8976
0, 0.1048, 0.8952
0, 0.1034, 0.8966
0, 0.1015, 0.8985
0, 0.1068, 0.8932
0, 0.1051, 0.8949
0, 0.0969, 0.9031
0, 0.1019, 0.8981
0, 0.0997, 0.9003
0, 0.0992, 0.9008
0, 0.1006, 0.8994
0, 0.1015, 0.8985
0, 0.1012, 0.8988
0, 0.0982, 0.9018
0, 0.092, 0.908
0, 0.1013, 0.8987
0, 0.1013, 0.8987
0, 0.0992, 0.9008
0, 0.0916, 0.9084
0, 0.1037, 0.8963
0, 0.107, 0.893
0, 0.1069, 0.8931
0, 0.1015, 0.8985
0, 0.0997, 0.9003
0, 0.1015, 0.8985
0, 0.0963, 0.9037
0, 0.1021, 0.8979
0, 0.102, 0.898
0, 0.1044, 0.8956
0, 0.0992, 0.9008
0, 0.0976, 0.9024
0, 0.0975, 0.9025
0, 0.0976, 0.9024
0, 0.0937, 0.9063
0, 0.0989, 0.9011
0, 0.1024, 0.8976
0, 0.1019, 0.8981
0, 0.1031, 0.8969
0, 0.1066, 0.8934
0, 0.0975, 0.9025
0, 0.1063, 0.8937
0, 0.0989, 0.9011
0, 0.1013, 0.8987
0, 0.0944, 0.9056
0, 0.1015, 0.8985
0, 0.1052, 0.8948
0, 0.0939, 0.9061
0, 0.1008, 0.8992
0, 0.098, 0.902
0, 0.104, 0.896
0, 0.0927, 0.9073
0, 0.0995, 0.9005
0, 0.0929, 0.9071
0, 0.1008, 0.8992
0, 0.098, 0.902
0, 0.104, 0.896
0, 0.0924, 0.9076
0, 0.1031, 0.8969
0, 0.098, 0.902
0, 0.104, 0.896
0, 0.0992, 0.9008
0, 0.0982, 0.9018
0, 0.1002, 0.8998
0, 0.0997, 0.9003
0, 0.1016, 0.8984
0, 0.1026, 0.8974
0, 0.104, 0.896
0, 0.0988, 0.9012
0, 0.1009, 0.8991
0, 0.1045, 0.8955
0, 0.1088, 0.8912
0, 0.104, 0.896
0, 0.1266, 0.8734
0, 0.1238, 0.8762
0, 0.0973, 0.9027
0, 0.0981, 0.9019
0, 0.1045, 0.8955
0, 0.1266, 0.8734
0, 0.1056, 0.8944
0, 0.1044, 0.8956
0, 0.1238, 0.8762
0, 0.6208, 0.3792
0, 0.5796, 0.4204
0, 0.6102, 0.3898
0, 0.6072, 0.3928
0, 0.5935, 0.4065
0, 0.5807, 0.4193
0, 0.5508, 0.4492
0, 0.6931, 0.3069
0, 0.5458, 0.4542
0, 0.6104, 0.3896
0, 0.5511, 0.4489
0, 0.5604, 0.4396
0, 0.6054, 0.3946
0, 0.5768, 0.4232
0, 0.6729, 0.3271
0, 0.5796, 0.4204
0, 0.5592, 0.4408
0, 0.5932, 0.4068
0, 0.5498, 0.4502
0, 0.5505, 0.4495
0, 0.628, 0.372
0, 0.6779, 0.3221
0, 0.5386, 0.4614
0, 0.5933, 0.4067
0, 0.5583, 0.4417
0, 0.5932, 0.4068
0, 0.6208, 0.3792
0, 0.6188, 0.3812
0, 0.5824, 0.4176
0, 0.5824, 0.4176
0, 0.579, 0.421
0, 0.579, 0.421
0, 0.5585, 0.4415
0, 0.6326, 0.3674
0, 0.5561, 0.4439
0, 0.5901, 0.4099
0, 0.5975, 0.4025
0, 0.6954, 0.3046
0, 0.5739, 0.4261
0, 0.5554, 0.4446
0, 0.6097, 0.3903
0, 0.582, 0.418
0, 0.5773, 0.4227
0, 0.5821, 0.4179
0, 0.5946, 0.4054
0, 0.6201, 0.3799
0, 0.5741, 0.4259
0, 0.6328, 0.3672
0, 0.5599, 0.4401
0, 0.5574, 0.4426
0, 0.5458, 0.4542
0, 0.5844, 0.4156
0, 0.5768, 0.4232
0, 0.6208, 0.3792
0, 0.6424, 0.3576
0, 0.579, 0.421
0, 0.5508, 0.4492
0, 0.5741, 0.4259
0, 0.5498, 0.4502
0, 0.6208, 0.3792
0, 0.5611, 0.4389
0, 0.5583, 0.4417
0, 0.5924, 0.4076
0, 0.5862, 0.4138
0, 0.625, 0.375
0, 0.5601, 0.4399
0, 0.5855, 0.4145
0, 0.5572, 0.4428
0, 0.5546, 0.4454
0, 0.6199, 0.3801
0, 0.5952, 0.4048
0, 0.5605, 0.4395
0, 0.5689, 0.4311
0, 0.5872, 0.4128
0, 0.5827, 0.4173
0, 0.5741, 0.4259
0, 0.5594, 0.4406
0, 0.556, 0.444
0, 0.5758, 0.4242
0, 0.5477, 0.4523
0, 0.5804, 0.4196
0, 0.6375, 0.3625
0, 0.588, 0.412
0, 0.5573, 0.4427
0, 0.6935, 0.3065
0, 0.5558, 0.4442
0, 0.613, 0.387
0, 0.5628, 0.4372
0, 0.585, 0.415
0, 0.5508, 0.4492
0, 0.5758, 0.4242
0, 0.5791, 0.4209
0, 0.5498, 0.4502
0, 0.6295, 0.3705
0, 0.5812, 0.4188
0, 0.5661, 0.4339
0, 0.5646, 0.4354
0, 0.6205, 0.3795
0, 0.6208, 0.3792
0, 0.5647, 0.4353
0, 0.5529, 0.4471
0, 0.5509, 0.4491
0, 0.5768, 0.4232
0, 0.6344, 0.3656
0, 0.5588, 0.4412
0, 0.5812, 0.4188
0, 0.6214, 0.3786
0, 0.5457, 0.4543
0, 0.5675, 0.4325
0, 0.5583, 0.4417
0, 0.5529, 0.4471
0, 0.5522, 0.4478
0, 0.5741, 0.4259
0, 0.5748, 0.4252
0, 0.5502, 0.4498
0, 0.5458, 0.4542
0, 0.6184, 0.3816
0, 0.5695, 0.4305
0, 0.5917, 0.4083
0, 0.5914, 0.4086
0, 0.5954, 0.4046
0, 0.5693, 0.4307
0, 0.595, 0.405
0, 0.5882, 0.4118
0, 0.5672, 0.4328
0, 0.6443, 0.3557
0, 0.5462, 0.4538
0, 0.6631, 0.3369
0, 0.5993, 0.4007
0, 0.7157, 0.2843
0, 0.5993, 0.4007
0, 0.6025, 0.3975
0, 0.5697, 0.4303
0, 0.5704, 0.4296
0, 0.5683, 0.4317
0, 0.5702, 0.4298
0, 0.7146, 0.2854
0, 0.6545, 0.3455
0, 0.5725, 0.4275
0, 0.5971, 0.4029
1, 0.691, 0.309
0, 0.5719, 0.4281
1, 0.6562, 0.3438
0, 0.5846, 0.4154
0, 0.5506, 0.4494
0, 0.5811, 0.4189
0, 0.5306, 0.4694
1, 0.476, 0.524
0, 0.5745, 0.4255
0, 0.5557, 0.4443
1, 0.4952, 0.5048
0, 0.5714, 0.4286
1, 0.5242, 0.4758
0, 0.6028, 0.3972
0, 0.5648, 0.4352
1, 0.6235, 0.3765
1, 0.6353, 0.3647
1, 0.6488, 0.3512
1, 0.656, 0.344
1, 0.6538, 0.3462
0, 0.5371, 0.4629
1, 0.6633, 0.3367
1, 0.6878, 0.3122
0, 0.9345, 0.0655
0, 0.9589, 0.0411
0, 0.9367, 0.0633
1, 0.6626, 0.3374
1, 0.6271, 0.3729
1, 0.6488, 0.3512
1, 0.6585, 0.3415
1, 0.1942, 0.8058
1, 0.1929, 0.8071
1, 0.1985, 0.8015
1, 0.1942, 0.8058
1, 0.1996, 0.8004
1, 0.2005, 0.7995
1, 0.1997, 0.8003
1, 0.1997, 0.8003
1, 0.1996, 0.8004
1, 0.1977, 0.8023
1, 0.1984, 0.8016
0, 0.9886, 0.0114
0, 0.9858, 0.0142
0, 0.9735, 0.0265
0, 0.9843, 0.0157
0, 0.9789, 0.0211
0, 0.9877, 0.0123
0, 0.9668, 0.0332
0, 0.9881, 0.0119
1, 0.2029, 0.7971
1, 0.6057, 0.3943
1, 0.6303, 0.3697
1, 0.5808, 0.4192
1, 0.6011, 0.3989
1, 0.5919, 0.4081
1, 0.6175, 0.3825
1, 0.5547, 0.4453
1, 0.1877, 0.8123
1, 0.2068, 0.7932
0, 0.7588, 0.2412
0, 0.7097, 0.2903
0, 0.701, 0.299
0, 0.9281, 0.0719
0, 0.9303, 0.0697
0, 0.9288, 0.0712
1, 0.6441, 0.3559
1, 0.726, 0.274
1, 0.5846, 0.4154
1, 0.6503, 0.3497
1, 0.7277, 0.2723
1, 0.6793, 0.3207
1, 0.6455, 0.3545
0, 0.9283, 0.0717
0, 0.9284, 0.0716
1, 0.6947, 0.3053
1, 0.7372, 0.2628
1, 0.7003, 0.2997
1, 0.7434, 0.2566
1, 0.743, 0.257
1, 0.743, 0.257
0, 0.7684, 0.2316
1, 0.777, 0.223
0, 0.0659, 0.9341
0, 0.077, 0.923
0, 0.07, 0.93
0, 0.8537, 0.1463
0, 0.814, 0.186
0, 0.7847, 0.2153
0, 0.8195, 0.1805
0, 0.839, 0.161
0, 0.8117, 0.1883
0, 0.8397, 0.1603
0, 0.8032, 0.1968
0, 0.8325, 0.1675
1, 0.2157, 0.7843
1, 0.2108, 0.7892
1, 0.2184, 0.7816
1, 0.2109, 0.7891
1, 0.2118, 0.7882
1, 0.2245, 0.7755
1, 0.2195, 0.7805
1, 0.2029, 0.7971
1, 0.2245, 0.7755
1, 0.2187, 0.7813
1, 0.2298, 0.7702
1, 0.2239, 0.7761
1, 0.223, 0.777
1, 0.21, 0.79
1, 0.2179, 0.7821
1, 0.2323, 0.7677
1, 0.2098, 0.7902
1, 0.2174, 0.7826
1, 0.2313, 0.7687
1, 0.2187, 0.7813
1, 0.2281, 0.7719
1, 0.2301, 0.7699
1, 0.2205, 0.7795
1, 0.236, 0.764
1, 0.2275, 0.7725
1, 0.2278, 0.7722
1, 0.2193, 0.7807
1, 0.2179, 0.7821
1, 0.235, 0.765
1, 0.217, 0.783
1, 0.2425, 0.7575
1, 0.2345, 0.7655
0, 0.715, 0.285
1, 0.2113, 0.7887
1, 0.2416, 0.7584
1, 0.2263, 0.7737
1, 0.2147, 0.7853
1, 0.2228, 0.7772
1, 0.2159, 0.7841
1, 0.2215, 0.7785
1, 0.2388, 0.7612
1, 0.2135, 0.7865
1, 0.216, 0.784
1, 0.2274, 0.7726
1, 0.2131, 0.7869
1, 0.2232, 0.7768
1, 0.227, 0.773
1, 0.2126, 0.7874
1, 0.2222, 0.7778
1, 0.2151, 0.7849
1, 0.2151, 0.7849
1, 0.2572, 0.7428
1, 0.2393, 0.7607
1, 0.2551, 0.7449
1, 0.2125, 0.7875
1, 0.2511, 0.7489
1, 0.2345, 0.7655
1, 0.2348, 0.7652
1, 0.2484, 0.7516
1, 0.2328, 0.7672
1, 0.2593, 0.7407
1, 0.2524, 0.7476
1, 0.2461, 0.7539
1, 0.254, 0.746
1, 0.234, 0.766
1, 0.2349, 0.7651
1, 0.2441, 0.7559
1, 0.2198, 0.7802
1, 0.261, 0.739
1, 0.2567, 0.7433
1, 0.2169, 0.7831
1, 0.2427, 0.7573
1, 0.2469, 0.7531
1, 0.271, 0.729
1, 0.2404, 0.7596
1, 0.2301, 0.7699
1, 0.2376, 0.7624
1, 0.2434, 0.7566
1, 0.2294, 0.7706
1, 0.239, 0.761
1, 0.2283, 0.7717
1, 0.2368, 0.7632
1, 0.2491, 0.7509
0, 0.4462, 0.5538
1, 0.2359, 0.7641
1, 0.2552, 0.7448
1, 0.241, 0.759
1, 0.2099, 0.7901
1, 0.2127, 0.7873
1, 0.266, 0.734
1, 0.2233, 0.7767
1, 0.2551, 0.7449
1, 0.2418, 0.7582
1, 0.2382, 0.7618
1, 0.2589, 0.7411
1, 0.2514, 0.7486
1, 0.2404, 0.7596
1, 0.2256, 0.7744
1, 0.227, 0.773
1, 0.2388, 0.7612
1, 0.2256, 0.7744
1, 0.2286, 0.7714
1, 0.2451, 0.7549
1, 0.2487, 0.7513
1, 0.2506, 0.7494
1, 0.227, 0.773
1, 0.2589, 0.7411
1, 0.2286, 0.7714
1, 0.226, 0.774
1, 0.2333, 0.7667
1, 0.2292, 0.7708
1, 0.2286, 0.7714
1, 0.2223, 0.7777
1, 0.2345, 0.7655
1, 0.2254, 0.7746
1, 0.2317, 0.7683
1, 0.2234, 0.7766
1, 0.2384, 0.7616
1, 0.2254, 0.7746
1, 0.2352, 0.7648
1, 0.2404, 0.7596
1, 0.2206, 0.7794
1, 0.2341, 0.7659
1, 0.2301, 0.7699
1, 0.2254, 0.7746
1, 0.2404, 0.7596
0, 0.5905, 0.4095
0, 0.6096, 0.3904
1, 0.2163, 0.7837
1, 0.2378, 0.7622
0, 0.6151, 0.3849
0, 0.6108, 0.3892
1, 0.2241, 0.7759
1, 0.2178, 0.7822
1, 0.2121, 0.7879
1, 0.2301, 0.7699
1, 0.2264, 0.7736
1, 0.2123, 0.7877
1, 0.2591, 0.7409
1, 0.2354, 0.7646
1, 0.2279, 0.7721
1, 0.2287, 0.7713
1, 0.2156, 0.7844
1, 0.2348, 0.7652
1, 0.2423, 0.7577
1, 0.2156, 0.7844
1, 0.23, 0.77
1, 0.2497, 0.7503
1, 0.2424, 0.7576
1, 0.2209, 0.7791
1, 0.2386, 0.7614
1, 0.2298, 0.7702
1, 0.224, 0.776
1, 0.2379, 0.7621
1, 0.2442, 0.7558
1, 0.2234, 0.7766
1, 0.2315, 0.7685
1, 0.2293, 0.7707
1, 0.228, 0.772
1, 0.2219, 0.7781
1, 0.259, 0.741
1, 0.2219, 0.7781
1, 0.2546, 0.7454
1, 0.2313, 0.7687
1, 0.2713, 0.7287
1, 0.2407, 0.7593
1, 0.2092, 0.7908
1, 0.2367, 0.7633
1, 0.2383, 0.7617
1, 0.2328, 0.7672
1, 0.2514, 0.7486
1, 0.2473, 0.7527
1, 0.2418, 0.7582
1, 0.2134, 0.7866
1, 0.2063, 0.7937
1, 0.2172, 0.7828
1, 0.2331, 0.7669
1, 0.2489, 0.7511
1, 0.2246, 0.7754
1, 0.2363, 0.7637
1, 0.2174, 0.7826
1, 0.2188, 0.7812
1, 0.2098, 0.7902
1, 0.2087, 0.7913
1, 0.2192, 0.7808
1, 0.2194, 0.7806
1, 0.2087, 0.7913
1, 0.2088, 0.7912
1, 0.2196, 0.7804
1, 0.233, 0.767
1, 0.2214, 0.7786
1, 0.2037, 0.7963
1, 0.2139, 0.7861
1, 0.2436, 0.7564
1, 0.2231, 0.7769
1, 0.2252, 0.7748
1, 0.2343, 0.7657
1, 0.2393, 0.7607
1, 0.2315, 0.7685
1, 0.2213, 0.7787
1, 0.2238, 0.7762
1, 0.2168, 0.7832
1, 0.2158, 0.7842
1, 0.2135, 0.7865
1, 0.2234, 0.7766
1, 0.2141, 0.7859
1, 0.2223, 0.7777
1, 0.2095, 0.7905
1, 0.2194, 0.7806
1, 0.243, 0.757
1, 0.2137, 0.7863
1, 0.2217, 0.7783
1, 0.2398, 0.7602
1, 0.2283, 0.7717
1, 0.2361, 0.7639
1, 0.2316, 0.7684
1, 0.2391, 0.7609
0, 0.7584, 0.2416
0, 0.7363, 0.2637
0, 0.7579, 0.2421
0, 0.7961, 0.2039
0, 0.7471, 0.2529
0, 0.7322, 0.2678
0, 0.7394, 0.2606
0, 0.7965, 0.2035
0, 0.7417, 0.2583
0, 0.7549, 0.2451
0, 0.1751, 0.8249
0, 0.1836, 0.8164
0, 0.1999, 0.8001
0, 0.2042, 0.7958
0, 0.1785, 0.8215
0, 0.1741, 0.8259
0, 0.1876, 0.8124
0, 0.1894, 0.8106
0, 0.1762, 0.8238
0, 0.2009, 0.7991
0, 0.9858, 0.0142
0, 0.5693, 0.4307
0, 0.1785, 0.8215
0, 0.5739, 0.4261
0, 0.5846, 0.4154
0, 0.5827, 0.4173
0, 0.1894, 0.8106
0, 0.5791, 0.4209
0, 0.5812, 0.4188
0, 0.582, 0.418
0, 0.0924, 0.9076
0, 0.5386, 0.4614
0, 0.6208, 0.3792
0, 0.1785, 0.8215
0, 0.5505, 0.4495
0, 0.1019, 0.8981
0, 0.5844, 0.4156
0, 0.1015, 0.8985
0, 0.6199, 0.3801
0, 0.5844, 0.4156
0, 0.595, 0.405
0, 0.8537, 0.1463
0, 0.6779, 0.3221
0, 0.0997, 0.9003
0, 0.1894, 0.8106
0, 0.628, 0.372
0, 0.6935, 0.3065
0, 0.5932, 0.4068
0, 0.9735, 0.0265
0, 0.5505, 0.4495
0, 0.1741, 0.8259
0, 0.1019, 0.8981
0, 0.2587, 0.7413
0, 0.5924, 0.4076
0, 0.9456, 0.0544
0, 0.5741, 0.4259
0, 0.104, 0.896
0, 0.3103, 0.6897
0, 0.6205, 0.3795
0, 0.579, 0.421
0, 0.288, 0.712
0, 0.092, 0.908
0, 0.6199, 0.3801
0, 0.5675, 0.4325
0, 0.233, 0.767
0, 0.5758, 0.4242
0, 0.0936, 0.9064
0, 0.9445, 0.0555
0, 0.6205, 0.3795
0, 0.5812, 0.4188
0, 0.6199, 0.3801
0, 0.0924, 0.9076
0, 0.0997, 0.9003
0, 0.9479, 0.0521
0, 0.1741, 0.8259
0, 0.2279, 0.7721
0, 0.0916, 0.9084
0, 0.9288, 0.0712
0, 0.5583, 0.4417
0, 0.9735, 0.0265
0, 0.1876, 0.8124
0, 0.6295, 0.3705
0, 0.5844, 0.4156
0, 0.7157, 0.2843
0, 0.0936, 0.9064
0, 0.2388, 0.7612
0, 0.1034, 0.8966
0, 0.288, 0.712
0, 0.595, 0.405
0, 0.1015, 0.8985
0, 0.1063, 0.8937
0, 0.077, 0.923
0, 0.0916, 0.9084
0, 0.1002, 0.8998
0, 0.6729, 0.3271
0, 0.7097, 0.2903
0, 0.5882, 0.4118
0, 0.104, 0.896
0, 0.0982, 0.9018
0, 0.6214, 0.3786
0, 0.5872, 0.4128
0, 0.0936, 0.9064
0, 0.4462, 0.5538
0, 0.6072, 0.3928
0, 0.7146, 0.2854
0, 0.628, 0.372
0, 0.5719, 0.4281
0, 0.1034, 0.8966
0, 0.5306, 0.4694
0, 0.5844, 0.4156
0, 0.5508, 0.4492
0, 0.1785, 0.8215
0, 0.0997, 0.9003
0, 0.1034, 0.8966
0, 0.0997, 0.9003
0, 0.5791, 0.4209
0, 0.5824, 0.4176
0, 0.2667, 0.7333
0, 0.9303, 0.0697
0, 0.5882, 0.4118
0, 0.5796, 0.4204
0, 0.288, 0.712
0, 0.3, 0.7
0, 0.1762, 0.8238
0, 0.5719, 0.4281
0, 0.5628, 0.4372
0, 0.3, 0.7
0, 0.0939, 0.9061
0, 0.5824, 0.4176
0, 0.1762, 0.8238
0, 0.6188, 0.3812
0, 0.1741, 0.8259
0, 0.5924, 0.4076
0, 0.6205, 0.3795
0, 0.5697, 0.4303
0, 0.5791, 0.4209
0, 0.3, 0.7
0, 0.3211, 0.6789
0, 0.8126, 0.1874
0, 0.1015, 0.8985
0, 0.5583, 0.4417
0, 0.5748, 0.4252
0, 0.2349, 0.7651
0, 0.6205, 0.3795
0, 0.2325, 0.7675
0, 0.0997, 0.9003
0, 0.5508, 0.4492
0, 0.1741, 0.8259
0, 0.5573, 0.4427
0, 0.5573, 0.4427
0, 0.2528, 0.7472
0, 0.2305, 0.7695
0, 0.233, 0.767
0, 0.6205, 0.3795
0, 0.1002, 0.8998
0, 0.0981, 0.9019
0, 0.6214, 0.3786
0, 0.5932, 0.4068
0, 0.1052, 0.8948
0, 0.5791, 0.4209
0, 0.5796, 0.4204
0, 0.3128, 0.6872
0, 0.5511, 0.4489
0, 0.5719, 0.4281
0, 0.8325, 0.1675
0, 0.7961, 0.2039
0, 0.2462, 0.7538
0, 0.7417, 0.2583
0, 0.6954, 0.3046
0, 0.1751, 0.8249
0, 0.5498, 0.4502
0, 0.1009, 0.8991
0, 0.2388, 0.7612
0, 0.5905, 0.4095
0, 0.9735, 0.0265
0, 0.3, 0.7
0, 0.3128, 0.6872
0, 0.6208, 0.3792
0, 0.582, 0.418
0, 0.0981, 0.9019
0, 0.1238, 0.8762
0, 0.6201, 0.3799
0, 0.3108, 0.6892
0, 0.5502, 0.4498
0, 0.5872, 0.4128
0, 0.6108, 0.3892
0, 0.5758, 0.4242
0, 0.9288, 0.0712
0, 0.6205, 0.3795
0, 0.5824, 0.4176
0, 0.5498, 0.4502
0, 0.5993, 0.4007
0, 0.5573, 0.4427
0, 0.4462, 0.5538
0, 0.1762, 0.8238
0, 0.5704, 0.4296
0, 0.107, 0.893
0, 0.6729, 0.3271
0, 0.5371, 0.4629
0, 0.5573, 0.4427
0, 0.5672, 0.4328
0, 0.5946, 0.4054
0, 0.5796, 0.4204
0, 0.1031, 0.8969
0, 0.5683, 0.4317
0, 0.5573, 0.4427
0, 0.5522, 0.4478
0, 0.7097, 0.2903
0, 0.2667, 0.7333
0, 0.6208, 0.3792
0, 0.5498, 0.4502
0, 0.585, 0.415
0, 0.9456, 0.0544
0, 0.579, 0.421
0, 0.098, 0.902
0, 0.4462, 0.5538
0, 0.1063, 0.8937
0, 0.5796, 0.4204
0, 0.5714, 0.4286
0, 0.6199, 0.3801
0, 0.595, 0.405
0, 0.6097, 0.3903
0, 0.0992, 0.9008
0, 0.9479, 0.0521
0, 0.9456, 0.0544
0, 0.5557, 0.4443
0, 0.2312, 0.7688
0, 0.5508, 0.4492
0, 0.595, 0.405
0, 0.1051, 0.8949
0, 0.1238, 0.8762
0, 0.8259, 0.1741
0, 0.2009, 0.7991
0, 0.5583, 0.4417
0, 0.2462, 0.7538
0, 0.5588, 0.4412
0, 0.3045, 0.6955
0, 0.7417, 0.2583
0, 0.6025, 0.3975
0, 0.0916, 0.9084
0, 0.0976, 0.9024
0, 0.5561, 0.4439
0, 0.5844, 0.4156
0, 0.8255, 0.1745
0, 0.5758, 0.4242
0, 0.2462, 0.7538
0, 0.1015, 0.8985
0, 0.5872, 0.4128
0, 0.5758, 0.4242
0, 0.6214, 0.3786
0, 0.5932, 0.4068
0, 0.5557, 0.4443
0, 0.104, 0.896
0, 0.6205, 0.3795
0, 0.5585, 0.4415
0, 0.5844, 0.4156
0, 0.3983, 0.6017
0, 0.288, 0.712
0, 0.107, 0.893
0, 0.3045, 0.6955
0, 0.1015, 0.8985
0, 0.1013, 0.8987
0, 0.6184, 0.3816
0, 0.5882, 0.4118
0, 0.077, 0.923
0, 0.1015, 0.8985
0, 0.0997, 0.9003
0, 0.2279, 0.7721
0, 0.1266, 0.8734
0, 0.107, 0.893
0, 0.6779, 0.3221
0, 0.2592, 0.7408
0, 0.5714, 0.4286
0, 0.0982, 0.9018
0, 0.2257, 0.7743
0, 0.582, 0.418
0, 0.8397, 0.1603
0, 0.9455, 0.0545
0, 0.5561, 0.4439
0, 0.5573, 0.4427
0, 0.7097, 0.2903
0, 0.2281, 0.7719
0, 0.07, 0.93
0, 0.7417, 0.2583
0, 0.1002, 0.8998
0, 0.2335, 0.7665
0, 0.4462, 0.5538
0, 0.5739, 0.4261
0, 0.585, 0.415
0, 0.3, 0.7
0, 0.7097, 0.2903
0, 0.5672, 0.4328
0, 0.6631, 0.3369
0, 0.6199, 0.3801
0, 0.104, 0.896
0, 0.0659, 0.9341
0, 0.585, 0.415
0, 0.9858, 0.0142
0, 0.0988, 0.9012
0, 0.6935, 0.3065
0, 0.5498, 0.4502
0, 0.6205, 0.3795
0, 0.1015, 0.8985
0, 0.5791, 0.4209
0, 0.8537, 0.1463
0, 0.9456, 0.0544
0, 0.5741, 0.4259
0, 0.2327, 0.7673
0, 0.5725, 0.4275
0, 0.3103, 0.6897
0, 0.2667, 0.7333
0, 0.8259, 0.1741
0, 0.1069, 0.8931
0, 0.9284, 0.0716
0, 0.0937, 0.9063
0, 0.8537, 0.1463
0, 0.1052, 0.8948
0, 0.5821, 0.4179
0, 0.0989, 0.9011
0, 0.585, 0.415
0, 0.2335, 0.7665
0, 0.582, 0.418
0, 0.5993, 0.4007
0, 0.5812, 0.4188
0, 0.8201, 0.1799
0, 0.0982, 0.9018
0, 0.0936, 0.9064
0, 0.585, 0.415
0, 0.5796, 0.4204
0, 0.6295, 0.3705
0, 0.2279, 0.7721
0, 0.2042, 0.7958
0, 0.5558, 0.4442
0, 0.5905, 0.4095
0, 0.5675, 0.4325
0, 0.1063, 0.8937
0, 0.5758, 0.4242
0, 0.2325, 0.7675
0, 0.5505, 0.4495
0, 0.1876, 0.8124
0, 0.5529, 0.4471
0, 0.1016, 0.8984
0, 0.5791, 0.4209
0, 0.8126, 0.1874
0, 0.5502, 0.4498
0, 0.1876, 0.8124
0, 0.1063, 0.8937
0, 0.098, 0.902
0, 0.5546, 0.4454
0, 0.7684, 0.2316
0, 0.4462, 0.5538
0, 0.2335, 0.7665
0, 0.585, 0.415
0, 0.5905, 0.4095
0, 0.8397, 0.1603
0, 0.2327, 0.7673
0, 0.1238, 0.8762
0, 0.5844, 0.4156
0, 0.7684, 0.2316
0, 0.6214, 0.3786
0, 0.579, 0.421
0, 0.5882, 0.4118
0, 0.5529, 0.4471
0, 0.5882, 0.4118
0, 0.1999, 0.8001
0, 0.1894, 0.8106
0, 0.1785, 0.8215
0, 0.1009, 0.8991
0, 0.5689, 0.4311
0, 0.5824, 0.4176
0, 0.2277, 0.7723
0, 0.5824, 0.4176
0, 0.6729, 0.3271
0, 0.0927, 0.9073
0, 0.2325, 0.7675
0, 0.5599, 0.4401
0, 0.8325, 0.1675
0, 0.0973, 0.9027
0, 0.3108, 0.6892
0, 0.1019, 0.8981
0, 0.7157, 0.2843
0, 0.5791, 0.4209
0, 0.6214, 0.3786
0, 0.595, 0.405
0, 0.1238, 0.8762
0, 0.5812, 0.4188
0, 0.1013, 0.8987
0, 0.5583, 0.4417
0, 0.2462, 0.7538
0, 0.5386, 0.4614
0, 0.5725, 0.4275
0, 0.9497, 0.0503
0, 0.0982, 0.9018
0, 0.5719, 0.4281
0, 0.107, 0.893
0, 0.839, 0.161
0, 0.1238, 0.8762
0, 0.4462, 0.5538
0, 0.2279, 0.7721
0, 0.5975, 0.4025
0, 0.5796, 0.4204
0, 0.1015, 0.8985
0, 0.0936, 0.9064
0, 0.9583, 0.0417
0, 0.5695, 0.4305
0, 0.6205, 0.3795
0, 0.5693, 0.4307
0, 0.8202, 0.1798
0, 0.2388, 0.7612
0, 0.5882, 0.4118
0, 0.9735, 0.0265
0, 0.2335, 0.7665
0, 0.5306, 0.4694
0, 0.5611, 0.4389
0, 0.0936, 0.9064
0, 0.6375, 0.3625
0, 0.5812, 0.4188
0, 0.229, 0.771
0, 0.1015, 0.8985
0, 0.8537, 0.1463
0, 0.0936, 0.9064
0, 0.9668, 0.0332
0, 0.947, 0.053
0, 0.5758, 0.4242
0, 0.6096, 0.3904
0, 0.7394, 0.2606
0, 0.4462, 0.5538
0, 0.0973, 0.9027
0, 0.5604, 0.4396
0, 0.9497, 0.0503
0, 0.288, 0.712
0, 0.5758, 0.4242
0, 0.0936, 0.9064
0, 0.6151, 0.3849
0, 0.5672, 0.4328
0, 0.2327, 0.7673
0, 0.6214, 0.3786
0, 0.5739, 0.4261
0, 0.4462, 0.5538
0, 0.5505, 0.4495
0, 0.1069, 0.8931
0, 0.6631, 0.3369
0, 0.2279, 0.7721
0, 0.701, 0.299
0, 0.5458, 0.4542
0, 0.715, 0.285
0, 0.2257, 0.7743
0, 0.1019, 0.8981
0, 0.1015, 0.8985
0, 0.5791, 0.4209
0, 0.5386, 0.4614
0, 0.1037, 0.8963
0, 0.8126, 0.1874
0, 0.7965, 0.2035
0, 0.5522, 0.4478
0, 0.1008, 0.8992
0, 0.5924, 0.4076
0, 0.1069, 0.8931
0, 0.2462, 0.7538
0, 0.0927, 0.9073
0, 0.5824, 0.4176
0, 0.5933, 0.4067
0, 0.6208, 0.3792
0, 0.5592, 0.4408
0, 0.1009, 0.8991
0, 0.1045, 0.8955
0, 0.5725, 0.4275
0, 0.7097, 0.2903
0, 0.0982, 0.9018
0, 0.5458, 0.4542
0, 0.107, 0.893
0, 0.7417, 0.2583
0, 0.5719, 0.4281
0, 0.5558, 0.4442
0, 0.233, 0.767
0, 0.1002, 0.8998
0, 0.1238, 0.8762
0, 0.0659, 0.9341
0, 0.5588, 0.4412
0, 0.7146, 0.2854
0, 0.5739, 0.4261
0, 0.5585, 0.4415
0, 0.104, 0.896
0, 0.5714, 0.4286
0, 0.229, 0.771
0, 0.3, 0.7
0, 0.098, 0.902
0, 0.5719, 0.4281
0, 0.5827, 0.4173
0, 0.947, 0.053
0, 0.5505, 0.4495
0, 0.4217, 0.5783
0, 0.1051, 0.8949
0, 0.585, 0.415
0, 0.5558, 0.4442
0, 0.1051, 0.8949
0, 0.579, 0.421
0, 0.6205, 0.3795
0, 0.8126, 0.1874
0, 0.0988, 0.9012
0, 0.585, 0.415
0, 0.1045, 0.8955
0, 0.5502, 0.4498
0, 0.0982, 0.9018
0, 0.8201, 0.1799
0, 0.4217, 0.5783
0, 0.5573, 0.4427
0, 0.5458, 0.4542
0, 0.701, 0.299
0, 0.0992, 0.9008
0, 0.9456, 0.0544
0, 0.9858, 0.0142
0, 0.0982, 0.9018
0, 0.0997, 0.9003
0, 0.7322, 0.2678
0, 0.5386, 0.4614
0, 0.2325, 0.7675
0, 0.9456, 0.0544
0, 0.5932, 0.4068
0, 0.9479, 0.0521
0, 0.5714, 0.4286
0, 0.5872, 0.4128
0, 0.5558, 0.4442
0, 0.6631, 0.3369
0, 0.5306, 0.4694
0, 0.5371, 0.4629
0, 0.5719, 0.4281
0, 0.5741, 0.4259
0, 0.5572, 0.4428
0, 0.2335, 0.7665
0, 0.5522, 0.4478
0, 0.0988, 0.9012
0, 0.9735, 0.0265
0, 0.5498, 0.4502
0, 0.098, 0.902
0, 0.0937, 0.9063
0, 0.1056, 0.8944
0, 0.1741, 0.8259
0, 0.229, 0.771
0, 0.1063, 0.8937
0, 0.1069, 0.8931
0, 0.1762, 0.8238
0, 0.1045, 0.8955
0, 0.1999, 0.8001
0, 0.5529, 0.4471
0, 0.7961, 0.2039
0, 0.2312, 0.7688
0, 0.5573, 0.4427
0, 0.5704, 0.4296
0, 0.7394, 0.2606
0, 0.092, 0.908
0, 0.5824, 0.4176
0, 0.5628, 0.4372
0, 0.8201, 0.1799
0, 0.6097, 0.3903
0, 0.6375, 0.3625
0, 0.1741, 0.8259
0, 0.5505, 0.4495
0, 0.2281, 0.7719
0, 0.1069, 0.8931
0, 0.8269, 0.1731
0, 0.1002, 0.8998
0, 0.0981, 0.9019
0, 0.5932, 0.4068
0, 0.0988, 0.9012
0, 0.5573, 0.4427
0, 0.5502, 0.4498
0, 0.5719, 0.4281
0, 0.5601, 0.4399
0, 0.0916, 0.9084
0, 0.104, 0.896
0, 0.1069, 0.8931
0, 0.6729, 0.3271
0, 0.5812, 0.4188
0, 0.5954, 0.4046
0, 0.2831, 0.7169
0, 0.1015, 0.8985
0, 0.5599, 0.4401
0, 0.588, 0.412
0, 0.6205, 0.3795
0, 0.1238, 0.8762
0, 0.1045, 0.8955
0, 0.7097, 0.2903
0, 0.6108, 0.3892
0, 0.5599, 0.4401
0, 0.6344, 0.3656
0, 0.9881, 0.0119
0, 0.7146, 0.2854
0, 0.0937, 0.9063
0, 0.7146, 0.2854
0, 0.7097, 0.2903
0, 0.8269, 0.1731
0, 0.1238, 0.8762
0, 0.585, 0.415
0, 0.5697, 0.4303
0, 0.5812, 0.4188
0, 0.3045, 0.6955
0, 0.1015, 0.8985
0, 0.5714, 0.4286
0, 0.1009, 0.8991
0, 0.5882, 0.4118
0, 0.579, 0.421
0, 0.5791, 0.4209
0, 0.9583, 0.0417
0, 0.6208, 0.3792
0, 0.1876, 0.8124
0, 0.5647, 0.4353
0, 0.6344, 0.3656
0, 0.2335, 0.7665
0, 0.1015, 0.8985
0, 0.1015, 0.8985
0, 0.1066, 0.8934
0, 0.2312, 0.7688
0, 0.6208, 0.3792
0, 0.585, 0.415
0, 0.7146, 0.2854
0, 0.2335, 0.7665
0, 0.2395, 0.7605
0, 0.5882, 0.4118
0, 0.5714, 0.4286
0, 0.6545, 0.3455
0, 0.8325, 0.1675
0, 0.0659, 0.9341
0, 0.5714, 0.4286
0, 0.2335, 0.7665
0, 0.2312, 0.7688
0, 0.5498, 0.4502
0, 0.6208, 0.3792
0, 0.1051, 0.8949
0, 0.6208, 0.3792
0, 0.5758, 0.4242
0, 0.1741, 0.8259
0, 0.1019, 0.8981
0, 0.2009, 0.7991
0, 0.5508, 0.4492
0, 0.1026, 0.8974
0, 0.8201, 0.1799
0, 0.5882, 0.4118
0, 0.107, 0.893
0, 0.6208, 0.3792
0, 0.6097, 0.3903
0, 0.6205, 0.3795
0, 0.0963, 0.9037
0, 0.104, 0.896
0, 0.5561, 0.4439
0, 0.5741, 0.4259
0, 0.5741, 0.4259
0, 0.9735, 0.0265
0, 0.5583, 0.4417
0, 0.0936, 0.9064
0, 0.1012, 0.8988
0, 0.5827, 0.4173
0, 0.6935, 0.3065
0, 0.1015, 0.8985
0, 0.8325, 0.1675
0, 0.1008, 0.8992
0, 0.1069, 0.8931
0, 0.1063, 0.8937
0, 0.9455, 0.0545
0, 0.5498, 0.4502
0, 0.7588, 0.2412
0, 0.6096, 0.3904
0, 0.8201, 0.1799
0, 0.585, 0.415
0, 0.9445, 0.0555
0, 0.5739, 0.4261
0, 0.5546, 0.4454
0, 0.5917, 0.4083
0, 0.579, 0.421
0, 0.0976, 0.9024
0, 0.0989, 0.9011
0, 0.5924, 0.4076
0, 0.9479, 0.0521
0, 0.5697, 0.4303
0, 0.9303, 0.0697
0, 0.2281, 0.7719
0, 0.5748, 0.4252
0, 0.1751, 0.8249
0, 0.0989, 0.9011
0, 0.5768, 0.4232
0, 0.6205, 0.3795
0, 0.5508, 0.4492
0, 0.5502, 0.4498
0, 0.2279, 0.7721
0, 0.588, 0.412
0, 0.9858, 0.0142
0, 0.1009, 0.8991
0, 0.3128, 0.6872
0, 0.9456, 0.0544
0, 0.2305, 0.7695
0, 0.6375, 0.3625
0, 0.8397, 0.1603
0, 0.5812, 0.4188
0, 0.5529, 0.4471
0, 0.3, 0.7
0, 0.7417, 0.2583
0, 0.9479, 0.0521
0, 0.5502, 0.4498
0, 0.5741, 0.4259
0, 0.5702, 0.4298
0, 0.092, 0.908
0, 0.701, 0.299
0, 0.5719, 0.4281
0, 0.233, 0.767
0, 0.3, 0.7
0, 0.5557, 0.4443
0, 0.5573, 0.4427
0, 0.5824, 0.4176
0, 0.2388, 0.7612
0, 0.2279, 0.7721
0, 0.579, 0.421
0, 0.104, 0.896
0, 0.8195, 0.1805
0, 0.4462, 0.5538
0, 0.7588, 0.2412
0, 0.5498, 0.4502
0, 0.5796, 0.4204
0, 0.4462, 0.5538
0, 0.5498, 0.4502
0, 0.1015, 0.8985
0, 0.7394, 0.2606
0, 0.5882, 0.4118
0, 0.579, 0.421
0, 0.1013, 0.8987
0, 0.2042, 0.7958
0, 0.2667, 0.7333
0, 0.1894, 0.8106
0, 0.1069, 0.8931
0, 0.6935, 0.3065
0, 0.5824, 0.4176
0, 0.1019, 0.8981
0, 0.7588, 0.2412
0, 0.1066, 0.8934
0, 0.5719, 0.4281
0, 0.628, 0.372
0, 0.9303, 0.0697
0, 0.5588, 0.4412
0, 0.9445, 0.0555
0, 0.3128, 0.6872
0, 0.5683, 0.4317
0, 0.1063, 0.8937
0, 0.6025, 0.3975
0, 0.5557, 0.4443
0, 0.0982, 0.9018
0, 0.5693, 0.4307
0, 0.6214, 0.3786
0, 0.0936, 0.9064
0, 0.7097, 0.2903
0, 0.2042, 0.7958
0, 0.2279, 0.7721
0, 0.092, 0.908
0, 0.588, 0.412
0, 0.1741, 0.8259
0, 0.5508, 0.4492
0, 0.2388, 0.7612
0, 0.7146, 0.2854
0, 0.2222, 0.7778
0, 0.2306, 0.7694
0, 0.2831, 0.7169
0, 0.1894, 0.8106
0, 0.5768, 0.4232
0, 0.5511, 0.4489
0, 0.229, 0.771
0, 0.5689, 0.4311
0, 0.6205, 0.3795
0, 0.0997, 0.9003
0, 0.8537, 0.1463
0, 0.0988, 0.9012
0, 0.6779, 0.3221
0, 0.5561, 0.4439
0, 0.5599, 0.4401
0, 0.0937, 0.9063
0, 0.233, 0.767
0, 0.7097, 0.2903
0, 0.9283, 0.0717
0, 0.628, 0.372
0, 0.2257, 0.7743
0, 0.0981, 0.9019
0, 0.5498, 0.4502
0, 0.2257, 0.7743
0, 0.5599, 0.4401
0, 0.5827, 0.4173
0, 0.1051, 0.8949
0, 0.5502, 0.4498
0, 0.6072, 0.3928
0, 0.9497, 0.0503
0, 0.8126, 0.1874
0, 0.5697, 0.4303
0, 0.5458, 0.4542
0, 0.104, 0.896
0, 0.1088, 0.8912
0, 0.2279, 0.7721
0, 0.6935, 0.3065
0, 0.5661, 0.4339
0, 0.6025, 0.3975
0, 0.6205, 0.3795
0, 0.5498, 0.4502
0, 0.23, 0.77
0, 0.2385, 0.7615
0, 0.2367, 0.7633
0, 0.1741, 0.8259
0, 0.5557, 0.4443
0, 0.9283, 0.0717
0, 0.1015, 0.8985
0, 0.7363, 0.2637
0, 0.7588, 0.2412
0, 0.23, 0.77
0, 0.1762, 0.8238
0, 0.0989, 0.9011
0, 0.1066, 0.8934
0, 0.2325, 0.7675
0, 0.5846, 0.4154
0, 0.1026, 0.8974
0, 0.092, 0.908
0, 0.1999, 0.8001
0, 0.233, 0.767
0, 0.6205, 0.3795
0, 0.6208, 0.3792
0, 0.1016, 0.8984
0, 0.5741, 0.4259
0, 0.5557, 0.4443
0, 0.7394, 0.2606
0, 0.582, 0.418
0, 0.1044, 0.8956
0, 0.1031, 0.8969
0, 0.9283, 0.0717
0, 0.5812, 0.4188
0, 0.1009, 0.8991
0, 0.579, 0.421
0, 0.6205, 0.3795
0, 0.5502, 0.4498
0, 0.5827, 0.4173
0, 0.5882, 0.4118
0, 0.595, 0.405
0, 0.3128, 0.6872
0, 0.5561, 0.4439
0, 0.5917, 0.4083
0, 0.7965, 0.2035
0, 0.5505, 0.4495
0, 0.2306, 0.7694
0, 0.1013, 0.8987
0, 0.0963, 0.9037
0, 0.1066, 0.8934
0, 0.6205, 0.3795
0, 0.5573, 0.4427
0, 0.0973, 0.9027
0, 0.1056, 0.8944
0, 0.0927, 0.9073
0, 0.4462, 0.5538
0, 0.0989, 0.9011
0, 0.107, 0.893
0, 0.5498, 0.4502
0, 0.6443, 0.3557
0, 0.9456, 0.0544
0, 0.5585, 0.4415
0, 0.1063, 0.8937
0, 0.8325, 0.1675
0, 0.104, 0.896
0, 0.2462, 0.7538
0, 0.6208, 0.3792
0, 0.1048, 0.8952
0, 0.9497, 0.0503
0, 0.0982, 0.9018
0, 0.579, 0.421
0, 0.7146, 0.2854
0, 0.0916, 0.9084
0, 0.1741, 0.8259
0, 0.2277, 0.7723
0, 0.8126, 0.1874
0, 0.5954, 0.4046
0, 0.5502, 0.4498
0, 0.5993, 0.4007
0, 0.5758, 0.4242
0, 0.5796, 0.4204
0, 0.5824, 0.4176
0, 0.2831, 0.7169
0, 0.5714, 0.4286
0, 0.6097, 0.3903
0, 0.1015, 0.8985
0, 0.2388, 0.7612
0, 0.556, 0.444
0, 0.6545, 0.3455
0, 0.1016, 0.8984
0, 0.5882, 0.4118
0, 0.8397, 0.1603
0, 0.6108, 0.3892
0, 0.5741, 0.4259
0, 0.5505, 0.4495
0, 0.5697, 0.4303
0, 0.6205, 0.3795
0, 0.9497, 0.0503
0, 0.5458, 0.4542
0, 0.5993, 0.4007
0, 0.5605, 0.4395
0, 0.288, 0.712
0, 0.6025, 0.3975
0, 0.5573, 0.4427
0, 0.2277, 0.7723
0, 0.8259, 0.1741
0, 0.5739, 0.4261
0, 0.5812, 0.4188
0, 0.6729, 0.3271
0, 0.5522, 0.4478
0, 0.5697, 0.4303
