1, 0.3748, 0.6252
1, 0.3765, 0.6235
1, 0.3907, 0.6093
1, 0.397, 0.603
1, 0.3786, 0.6214
1, 0.3867, 0.6133
1, 0.3829, 0.6171
1, 0.389, 0.611
1, 0.3768, 0.6232
1, 0.3764, 0.6236
1, 0.4048, 0.5952
1, 0.3767, 0.6233
1, 0.3893, 0.6107
1, 0.3903, 0.6097
1, 0.3764, 0.6236
1, 0.3867, 0.6133
1, 0.3891, 0.6109
1, 0.3912, 0.6088
1, 0.3697, 0.6303
1, 0.3761, 0.6239
1, 0.3896, 0.6104
1, 0.3789, 0.6211
1, 0.3777, 0.6223
1, 0.4061, 0.5939
1, 0.3873, 0.6127
1, 0.3892, 0.6108
1, 0.3894, 0.6106
1, 0.3888, 0.6112
1, 0.3763, 0.6237
1, 0.3908, 0.6092
1, 0.3878, 0.6122
1, 0.3749, 0.6251
1, 0.0927, 0.9073
1, 0.441, 0.559
1, 0.3667, 0.6333
1, 0.3737, 0.6263
1, 0.368, 0.632
1, 0.2288, 0.7712
1, 0.3827, 0.6173
1, 0.3655, 0.6345
1, 0.3741, 0.6259
1, 0.3632, 0.6368
1, 0.3678, 0.6322
1, 0.3712, 0.6288
1, 0.3813, 0.6187
1, 0.3788, 0.6212
1, 0.3712, 0.6288
1, 0.3851, 0.6149
1, 0.3852, 0.6148
1, 0.3852, 0.6148
1, 0.3852, 0.6148
1, 0.3678, 0.6322
1, 0.3689, 0.6311
1, 0.3851, 0.6149
1, 0.3851, 0.6149
1, 0.367, 0.633
1, 0.3792, 0.6208
1, 0.3671, 0.6329
1, 0.3792, 0.6208
1, 0.374, 0.626
1, 0.3806, 0.6194
1, 0.375, 0.625
1, 0.3876, 0.6124
1, 0.3677, 0.6323
1, 0.3859, 0.6141
1, 0.3714, 0.6286
1, 0.3823, 0.6177
1, 0.3773, 0.6227
1, 0.3876, 0.6124
1, 0.3899, 0.6101
1, 0.386, 0.614
1, 0.3846, 0.6154
1, 0.3888, 0.6112
1, 0.3892, 0.6108
1, 0.3849, 0.6151
1, 0.3913, 0.6087
1, 0.3877, 0.6123
1, 0.3918, 0.6082
1, 0.3891, 0.6109
1, 0.3863, 0.6137
1, 0.3865, 0.6135
1, 0.3889, 0.6111
1, 0.3927, 0.6073
1, 0.3891, 0.6109
1, 0.3919, 0.6081
1, 0.3891, 0.6109
1, 0.3865, 0.6135
1, 0.3851, 0.6149
1, 0.3853, 0.6147
1, 0.3867, 0.6133
1, 0.3751, 0.6249
1, 0.3893, 0.6107
1, 0.3852, 0.6148
1, 0.3853, 0.6147
1, 0.3891, 0.6109
1, 0.3936, 0.6064
1, 0.3863, 0.6137
1, 0.3867, 0.6133
1, 0.3892, 0.6108
1, 0.3894, 0.6106
1, 0.3899, 0.6101
1, 0.3854, 0.6146
1, 0.3865, 0.6135
1, 0.3919, 0.6081
1, 0.3865, 0.6135
1, 0.3694, 0.6306
1, 0.3908, 0.6092
1, 0.3925, 0.6075
1, 0.3792, 0.6208
1, 0.3789, 0.6211
1, 0.3814, 0.6186
1, 0.3838, 0.6162
1, 0.3926, 0.6074
1, 0.39, 0.61
1, 0.3798, 0.6202
1, 0.3829, 0.6171
1, 0.3825, 0.6175
1, 0.3938, 0.6062
1, 0.3634, 0.6366
1, 0.3858, 0.6142
1, 0.3778, 0.6222
1, 0.3664, 0.6336
1, 0.3913, 0.6087
1, 0.3794, 0.6206
1, 0.3817, 0.6183
1, 0.3678, 0.6322
1, 0.3937, 0.6063
1, 0.3853, 0.6147
1, 0.3909, 0.6091
1, 0.3832, 0.6168
1, 0.384, 0.616
1, 0.3947, 0.6053
1, 0.3806, 0.6194
1, 0.3673, 0.6327
1, 0.3709, 0.6291
1, 0.3847, 0.6153
1, 0.3738, 0.6262
1, 0.3926, 0.6074
1, 0.3748, 0.6252
1, 0.3705, 0.6295
1, 0.3637, 0.6363
1, 0.3737, 0.6263
1, 0.3751, 0.6249
1, 0.3728, 0.6272
1, 0.3788, 0.6212
1, 0.377, 0.623
1, 0.381, 0.619
1, 0.3667, 0.6333
1, 0.3913, 0.6087
1, 0.3852, 0.6148
1, 0.3852, 0.6148
1, 0.3869, 0.6131
1, 0.387, 0.613
1, 0.3846, 0.6154
1, 0.385, 0.615
1, 0.3893, 0.6107
1, 0.3852, 0.6148
1, 0.3896, 0.6104
1, 0.385, 0.615
1, 0.367, 0.633
1, 0.3852, 0.6148
1, 0.3883, 0.6117
1, 0.3851, 0.6149
1, 0.3853, 0.6147
1, 0.3909, 0.6091
1, 0.3852, 0.6148
1, 0.3852, 0.6148
1, 0.3852, 0.6148
1, 0.3852, 0.6148
1, 0.389, 0.611
1, 0.3852, 0.6148
1, 0.3816, 0.6184
1, 0.3853, 0.6147
1, 0.3894, 0.6106
1, 0.3852, 0.6148
1, 0.3898, 0.6102
1, 0.3787, 0.6213
1, 0.3706, 0.6294
1, 0.3858, 0.6142
1, 0.3712, 0.6288
1, 0.3624, 0.6376
1, 0.3763, 0.6237
1, 0.3745, 0.6255
1, 0.3855, 0.6145
1, 0.38, 0.62
1, 0.3845, 0.6155
1, 0.3761, 0.6239
1, 0.3882, 0.6118
1, 0.3874, 0.6126
1, 0.3892, 0.6108
1, 0.3911, 0.6089
0, 0.8027, 0.1973
1, 0.3839, 0.6161
1, 0.3912, 0.6088
1, 0.3918, 0.6082
1, 0.3944, 0.6056
1, 0.3878, 0.6122
1, 0.387, 0.613
0, 0.8038, 0.1962
1, 0.3915, 0.6085
1, 0.3915, 0.6085
1, 0.38, 0.62
1, 0.3943, 0.6057
1, 0.3804, 0.6196
1, 0.3817, 0.6183
1, 0.3924, 0.6076
1, 0.38, 0.62
1, 0.3903, 0.6097
1, 0.3935, 0.6065
1, 0.3905, 0.6095
0, 0.8026, 0.1974
1, 0.3916, 0.6084
1, 0.3921, 0.6079
1, 0.379, 0.621
1, 0.3817, 0.6183
0, 0.8027, 0.1973
1, 0.3908, 0.6092
1, 0.3905, 0.6095
1, 0.3918, 0.6082
1, 0.391, 0.609
1, 0.3789, 0.6211
1, 0.3759, 0.6241
1, 0.3911, 0.6089
1, 0.3826, 0.6174
1, 0.3935, 0.6065
1, 0.3874, 0.6126
1, 0.3882, 0.6118
1, 0.38, 0.62
1, 0.3838, 0.6162
1, 0.392, 0.608
1, 0.383, 0.617
1, 0.3872, 0.6128
1, 0.3899, 0.6101
1, 0.38, 0.62
1, 0.3944, 0.6056
1, 0.3881, 0.6119
1, 0.3868, 0.6132
1, 0.3858, 0.6142
1, 0.3936, 0.6064
1, 0.388, 0.612
1, 0.3871, 0.6129
1, 0.385, 0.615
1, 0.3817, 0.6183
1, 0.3891, 0.6109
1, 0.3931, 0.6069
1, 0.3872, 0.6128
1, 0.3895, 0.6105
1, 0.3733, 0.6267
1, 0.3909, 0.6091
1, 0.3806, 0.6194
1, 0.3841, 0.6159
1, 0.3881, 0.6119
1, 0.3911, 0.6089
1, 0.3674, 0.6326
1, 0.3901, 0.6099
1, 0.3784, 0.6216
1, 0.3857, 0.6143
0, 0.7968, 0.2032
1, 0.3859, 0.6141
1, 0.3815, 0.6185
1, 0.3898, 0.6102
1, 0.3841, 0.6159
1, 0.3807, 0.6193
1, 0.3935, 0.6065
1, 0.3836, 0.6164
1, 0.3916, 0.6084
1, 0.3935, 0.6065
1, 0.3901, 0.6099
1, 0.3908, 0.6092
1, 0.3828, 0.6172
1, 0.3847, 0.6153
1, 0.3944, 0.6056
1, 0.3916, 0.6084
1, 0.3919, 0.6081
1, 0.3892, 0.6108
1, 0.3816, 0.6184
1, 0.3925, 0.6075
1, 0.38, 0.62
1, 0.3714, 0.6286
1, 0.392, 0.608
1, 0.3932, 0.6068
1, 0.388, 0.612
1, 0.3911, 0.6089
1, 0.3884, 0.6116
1, 0.3693, 0.6307
1, 0.3848, 0.6152
1, 0.38, 0.62
1, 0.3916, 0.6084
1, 0.3873, 0.6127
1, 0.3885, 0.6115
1, 0.385, 0.615
1, 0.3851, 0.6149
0, 0.7975, 0.2025
1, 0.387, 0.613
1, 0.3918, 0.6082
1, 0.3896, 0.6104
1, 0.3921, 0.6079
1, 0.3867, 0.6133
1, 0.384, 0.616
1, 0.3817, 0.6183
1, 0.3905, 0.6095
1, 0.3918, 0.6082
1, 0.387, 0.613
1, 0.3905, 0.6095
1, 0.3866, 0.6134
1, 0.3911, 0.6089
1, 0.3883, 0.6117
1, 0.3737, 0.6263
1, 0.3813, 0.6187
1, 0.3845, 0.6155
1, 0.3782, 0.6218
1, 0.3935, 0.6065
1, 0.38, 0.62
1, 0.3884, 0.6116
1, 0.3831, 0.6169
1, 0.3825, 0.6175
1, 0.3862, 0.6138
0, 0.7974, 0.2026
0, 0.8021, 0.1979
1, 0.3789, 0.6211
1, 0.3944, 0.6056
1, 0.3858, 0.6142
1, 0.3759, 0.6241
1, 0.3915, 0.6085
1, 0.3856, 0.6144
1, 0.3923, 0.6077
1, 0.386, 0.614
1, 0.3906, 0.6094
1, 0.3868, 0.6132
1, 0.3868, 0.6132
1, 0.3865, 0.6135
1, 0.386, 0.614
1, 0.3862, 0.6138
1, 0.3881, 0.6119
1, 0.3842, 0.6158
1, 0.3905, 0.6095
1, 0.3917, 0.6083
1, 0.3841, 0.6159
1, 0.3903, 0.6097
1, 0.3856, 0.6144
1, 0.3798, 0.6202
1, 0.3907, 0.6093
1, 0.3672, 0.6328
1, 0.388, 0.612
1, 0.3867, 0.6133
1, 0.3917, 0.6083
1, 0.3909, 0.6091
1, 0.3831, 0.6169
1, 0.3798, 0.6202
1, 0.387, 0.613
1, 0.383, 0.617
1, 0.3768, 0.6232
1, 0.3917, 0.6083
1, 0.3846, 0.6154
1, 0.3858, 0.6142
1, 0.3921, 0.6079
1, 0.3908, 0.6092
1, 0.38, 0.62
1, 0.3916, 0.6084
1, 0.3848, 0.6152
1, 0.3918, 0.6082
1, 0.3911, 0.6089
1, 0.385, 0.615
1, 0.3863, 0.6137
1, 0.3869, 0.6131
1, 0.3882, 0.6118
1, 0.3872, 0.6128
1, 0.3759, 0.6241
0, 0.7973, 0.2027
1, 0.3846, 0.6154
1, 0.3859, 0.6141
1, 0.3846, 0.6154
1, 0.3881, 0.6119
1, 0.3944, 0.6056
1, 0.3879, 0.6121
1, 0.3877, 0.6123
1, 0.3817, 0.6183
1, 0.3747, 0.6253
1, 0.3929, 0.6071
1, 0.3918, 0.6082
0, 0.7993, 0.2007
1, 0.3921, 0.6079
1, 0.3935, 0.6065
1, 0.3908, 0.6092
1, 0.3886, 0.6114
1, 0.3865, 0.6135
0, 0.7923, 0.2077
1, 0.3911, 0.6089
1, 0.3876, 0.6124
1, 0.3819, 0.6181
1, 0.3832, 0.6168
1, 0.3825, 0.6175
1, 0.3873, 0.6127
1, 0.3944, 0.6056
1, 0.3781, 0.6219
1, 0.3817, 0.6183
1, 0.3918, 0.6082
1, 0.3877, 0.6123
1, 0.3878, 0.6122
1, 0.3804, 0.6196
1, 0.3789, 0.6211
1, 0.3854, 0.6146
1, 0.38, 0.62
1, 0.3821, 0.6179
1, 0.4011, 0.5989
1, 0.3854, 0.6146
1, 0.3871, 0.6129
1, 0.38, 0.62
1, 0.3935, 0.6065
1, 0.3824, 0.6176
1, 0.408, 0.592
1, 0.3918, 0.6082
1, 0.3854, 0.6146
0, 0.802, 0.198
1, 0.3898, 0.6102
1, 0.3917, 0.6083
1, 0.391, 0.609
1, 0.38, 0.62
1, 0.3915, 0.6085
1, 0.3911, 0.6089
0, 0.8038, 0.1962
1, 0.38, 0.62
1, 0.3855, 0.6145
1, 0.3806, 0.6194
1, 0.3943, 0.6057
1, 0.3845, 0.6155
1, 0.38, 0.62
0, 0.8027, 0.1973
1, 0.3913, 0.6087
1, 0.3761, 0.6239
1, 0.3915, 0.6085
1, 0.3924, 0.6076
1, 0.3882, 0.6118
1, 0.387, 0.613
1, 0.3877, 0.6123
1, 0.3944, 0.6056
1, 0.3892, 0.6108
1, 0.3817, 0.6183
1, 0.3874, 0.6126
1, 0.3839, 0.6161
1, 0.3918, 0.6082
1, 0.3935, 0.6065
1, 0.3903, 0.6097
1, 0.3868, 0.6132
1, 0.3817, 0.6183
1, 0.3929, 0.6071
1, 0.3831, 0.6169
1, 0.3881, 0.6119
1, 0.3944, 0.6056
1, 0.38, 0.62
1, 0.3906, 0.6094
1, 0.3882, 0.6118
1, 0.3918, 0.6082
1, 0.3875, 0.6125
0, 0.8026, 0.1974
1, 0.3789, 0.6211
1, 0.3838, 0.6162
1, 0.392, 0.608
0, 0.8025, 0.1975
1, 0.3867, 0.6133
1, 0.3905, 0.6095
1, 0.38, 0.62
1, 0.3903, 0.6097
1, 0.3797, 0.6203
1, 0.3879, 0.6121
1, 0.3823, 0.6177
1, 0.3907, 0.6093
1, 0.3911, 0.6089
1, 0.388, 0.612
1, 0.3935, 0.6065
1, 0.3892, 0.6108
1, 0.3756, 0.6244
1, 0.391, 0.609
1, 0.393, 0.607
1, 0.3925, 0.6075
0, 0.8009, 0.1991
1, 0.3901, 0.6099
1, 0.3857, 0.6143
1, 0.3827, 0.6173
1, 0.3826, 0.6174
1, 0.3864, 0.6136
1, 0.3957, 0.6043
1, 0.39, 0.61
1, 0.3825, 0.6175
1, 0.3901, 0.6099
1, 0.3907, 0.6093
1, 0.3954, 0.6046
1, 0.3897, 0.6103
0, 0.8038, 0.1962
1, 0.3893, 0.6107
1, 0.3827, 0.6173
1, 0.3893, 0.6107
1, 0.3899, 0.6101
1, 0.3908, 0.6092
1, 0.3903, 0.6097
1, 0.3924, 0.6076
1, 0.394, 0.606
0, 0.8023, 0.1977
1, 0.3955, 0.6045
1, 0.3937, 0.6063
1, 0.3929, 0.6071
0, 0.8026, 0.1974
1, 0.3888, 0.6112
1, 0.3939, 0.6061
0, 0.8022, 0.1978
1, 0.3825, 0.6175
1, 0.3912, 0.6088
1, 0.3932, 0.6068
1, 0.3919, 0.6081
1, 0.3851, 0.6149
1, 0.3822, 0.6178
1, 0.3782, 0.6218
0, 0.8025, 0.1975
1, 0.3954, 0.6046
1, 0.3811, 0.6189
1, 0.3928, 0.6072
1, 0.3834, 0.6166
1, 0.3939, 0.6061
1, 0.3907, 0.6093
1, 0.3903, 0.6097
1, 0.381, 0.619
1, 0.3891, 0.6109
1, 0.3944, 0.6056
0, 0.8001, 0.1999
1, 0.3941, 0.6059
1, 0.3898, 0.6102
1, 0.3837, 0.6163
1, 0.3836, 0.6164
1, 0.3954, 0.6046
1, 0.3926, 0.6074
1, 0.3901, 0.6099
1, 0.3817, 0.6183
0, 0.8021, 0.1979
1, 0.3939, 0.6061
1, 0.3898, 0.6102
1, 0.3929, 0.6071
1, 0.3783, 0.6217
1, 0.3907, 0.6093
1, 0.3813, 0.6187
1, 0.3942, 0.6058
1, 0.4049, 0.5951
1, 0.3864, 0.6136
1, 0.3957, 0.6043
1, 0.3945, 0.6055
1, 0.3834, 0.6166
1, 0.3899, 0.6101
1, 0.3836, 0.6164
0, 0.8005, 0.1995
1, 0.3927, 0.6073
1, 0.3898, 0.6102
0, 0.8007, 0.1993
1, 0.3907, 0.6093
1, 0.3954, 0.6046
1, 0.3924, 0.6076
1, 0.3894, 0.6106
1, 0.3957, 0.6043
0, 0.8029, 0.1971
1, 0.3895, 0.6105
1, 0.3954, 0.6046
0, 0.8034, 0.1966
1, 0.3871, 0.6129
1, 0.3935, 0.6065
1, 0.3836, 0.6164
1, 0.3894, 0.6106
1, 0.4046, 0.5954
1, 0.3898, 0.6102
1, 0.3839, 0.6161
1, 0.3943, 0.6057
1, 0.3939, 0.6061
1, 0.3833, 0.6167
1, 0.3864, 0.6136
1, 0.3825, 0.6175
1, 0.3909, 0.6091
1, 0.3957, 0.6043
0, 0.803, 0.197
1, 0.3902, 0.6098
1, 0.3841, 0.6159
1, 0.3899, 0.6101
1, 0.3941, 0.6059
1, 0.3921, 0.6079
1, 0.3813, 0.6187
1, 0.3937, 0.6063
1, 0.3827, 0.6173
1, 0.3901, 0.6099
1, 0.3926, 0.6074
1, 0.3904, 0.6096
1, 0.3837, 0.6163
1, 0.3902, 0.6098
1, 0.3783, 0.6217
1, 0.3893, 0.6107
1, 0.3936, 0.6064
1, 0.3861, 0.6139
1, 0.3907, 0.6093
1, 0.3894, 0.6106
1, 0.3954, 0.6046
1, 0.391, 0.609
1, 0.3901, 0.6099
1, 0.3954, 0.6046
1, 0.3874, 0.6126
1, 0.3836, 0.6164
1, 0.3907, 0.6093
1, 0.3923, 0.6077
1, 0.3933, 0.6067
1, 0.3919, 0.6081
1, 0.3836, 0.6164
1, 0.3942, 0.6058
1, 0.3822, 0.6178
1, 0.3936, 0.6064
1, 0.3783, 0.6217
1, 0.3894, 0.6106
1, 0.3888, 0.6112
1, 0.3939, 0.6061
1, 0.3862, 0.6138
1, 0.3838, 0.6162
1, 0.3957, 0.6043
1, 0.3929, 0.6071
1, 0.3836, 0.6164
1, 0.3871, 0.6129
1, 0.3929, 0.6071
0, 0.8022, 0.1978
1, 0.3939, 0.6061
1, 0.3962, 0.6038
0, 0.8029, 0.1971
1, 0.3909, 0.6091
1, 0.3898, 0.6102
1, 0.3957, 0.6043
1, 0.3929, 0.6071
1, 0.3898, 0.6102
1, 0.3902, 0.6098
0, 0.8021, 0.1979
0, 0.8034, 0.1966
1, 0.397, 0.603
1, 0.3926, 0.6074
1, 0.3925, 0.6075
0, 0.8053, 0.1947
1, 0.3898, 0.6102
1, 0.3898, 0.6102
1, 0.3904, 0.6096
1, 0.3839, 0.6161
1, 0.3893, 0.6107
1, 0.3836, 0.6164
1, 0.3782, 0.6218
1, 0.3825, 0.6175
1, 0.3825, 0.6175
1, 0.3821, 0.6179
1, 0.394, 0.606
0, 0.8022, 0.1978
1, 0.3939, 0.6061
1, 0.3846, 0.6154
1, 0.3871, 0.6129
1, 0.3827, 0.6173
1, 0.3827, 0.6173
1, 0.3941, 0.6059
1, 0.3834, 0.6166
1, 0.393, 0.607
1, 0.3898, 0.6102
1, 0.3825, 0.6175
1, 0.3909, 0.6091
1, 0.3936, 0.6064
1, 0.3927, 0.6073
1, 0.3907, 0.6093
1, 0.3902, 0.6098
1, 0.3929, 0.6071
1, 0.3955, 0.6045
1, 0.3939, 0.6061
1, 0.3827, 0.6173
0, 0.8022, 0.1978
1, 0.3836, 0.6164
1, 0.3903, 0.6097
1, 0.3941, 0.6059
1, 0.3832, 0.6168
1, 0.393, 0.607
1, 0.3927, 0.6073
1, 0.3781, 0.6219
1, 0.3954, 0.6046
1, 0.3859, 0.6141
1, 0.3836, 0.6164
1, 0.3939, 0.6061
1, 0.3957, 0.6043
1, 0.3929, 0.6071
1, 0.3894, 0.6106
0, 0.8022, 0.1978
1, 0.3858, 0.6142
0, 0.8023, 0.1977
0, 0.8035, 0.1965
1, 0.3921, 0.6079
0, 0.8001, 0.1999
1, 0.3898, 0.6102
1, 0.3902, 0.6098
1, 0.3825, 0.6175
1, 0.3825, 0.6175
1, 0.3868, 0.6132
1, 0.3906, 0.6094
1, 0.3869, 0.6131
1, 0.382, 0.618
1, 0.393, 0.607
1, 0.3827, 0.6173
1, 0.3822, 0.6178
1, 0.3939, 0.6061
1, 0.3894, 0.6106
1, 0.3828, 0.6172
1, 0.3936, 0.6064
1, 0.3894, 0.6106
1, 0.3829, 0.6171
1, 0.3954, 0.6046
1, 0.3878, 0.6122
1, 0.3929, 0.6071
1, 0.3836, 0.6164
0, 0.8029, 0.1971
1, 0.3939, 0.6061
1, 0.3842, 0.6158
1, 0.3898, 0.6102
1, 0.3957, 0.6043
1, 0.3854, 0.6146
0, 0.8053, 0.1947
1, 0.397, 0.603
0, 0.8006, 0.1994
1, 0.3813, 0.6187
1, 0.3841, 0.6159
1, 0.3825, 0.6175
0, 0.8005, 0.1995
1, 0.394, 0.606
0, 0.8006, 0.1994
1, 0.3827, 0.6173
1, 0.3939, 0.6061
0, 0.8026, 0.1974
1, 0.3935, 0.6065
1, 0.3895, 0.6105
1, 0.3873, 0.6127
1, 0.379, 0.621
1, 0.3924, 0.6076
1, 0.3785, 0.6215
1, 0.3867, 0.6133
1, 0.3852, 0.6148
1, 0.3759, 0.6241
1, 0.3923, 0.6077
1, 0.38, 0.62
1, 0.3882, 0.6118
1, 0.3844, 0.6156
1, 0.3944, 0.6056
1, 0.3817, 0.6183
1, 0.3872, 0.6128
1, 0.3759, 0.6241
1, 0.3882, 0.6118
1, 0.3918, 0.6082
1, 0.3859, 0.6141
1, 0.3935, 0.6065
1, 0.3911, 0.6089
1, 0.3838, 0.6162
1, 0.3944, 0.6056
0, 0.8029, 0.1971
1, 0.3886, 0.6114
1, 0.3861, 0.6139
1, 0.3909, 0.6091
1, 0.388, 0.612
1, 0.3916, 0.6084
1, 0.3824, 0.6176
0, 0.8034, 0.1966
1, 0.3924, 0.6076
1, 0.3911, 0.6089
1, 0.38, 0.62
1, 0.3863, 0.6137
0, 0.8043, 0.1957
1, 0.3756, 0.6244
1, 0.3882, 0.6118
1, 0.3892, 0.6108
1, 0.3759, 0.6241
1, 0.3944, 0.6056
1, 0.3838, 0.6162
0, 0.8028, 0.1972
1, 0.3817, 0.6183
1, 0.3874, 0.6126
1, 0.3847, 0.6153
1, 0.3897, 0.6103
1, 0.3918, 0.6082
1, 0.3819, 0.6181
1, 0.3873, 0.6127
1, 0.3935, 0.6065
1, 0.3789, 0.6211
1, 0.3808, 0.6192
1, 0.3939, 0.6061
1, 0.3939, 0.6061
1, 0.3871, 0.6129
1, 0.387, 0.613
1, 0.3872, 0.6128
1, 0.388, 0.612
1, 0.3876, 0.6124
1, 0.3865, 0.6135
1, 0.3895, 0.6105
1, 0.3854, 0.6146
1, 0.3944, 0.6056
1, 0.38, 0.62
1, 0.3918, 0.6082
1, 0.3882, 0.6118
1, 0.3854, 0.6146
1, 0.3918, 0.6082
1, 0.38, 0.62
1, 0.3793, 0.6207
1, 0.3911, 0.6089
1, 0.3871, 0.6129
1, 0.382, 0.618
1, 0.3818, 0.6182
1, 0.3832, 0.6168
0, 0.792, 0.208
1, 0.408, 0.592
1, 0.3781, 0.6219
1, 0.3935, 0.6065
0, 0.8029, 0.1971
1, 0.3908, 0.6092
1, 0.3804, 0.6196
1, 0.3917, 0.6083
1, 0.386, 0.614
1, 0.4014, 0.5986
1, 0.3916, 0.6084
1, 0.386, 0.614
1, 0.3817, 0.6183
1, 0.3913, 0.6087
1, 0.384, 0.616
1, 0.38, 0.62
1, 0.3817, 0.6183
1, 0.3862, 0.6138
1, 0.3901, 0.6099
1, 0.3909, 0.6091
1, 0.3868, 0.6132
1, 0.3787, 0.6213
1, 0.3827, 0.6173
1, 0.3914, 0.6086
1, 0.3868, 0.6132
1, 0.3906, 0.6094
1, 0.3885, 0.6115
1, 0.381, 0.619
1, 0.3831, 0.6169
1, 0.3917, 0.6083
0, 0.797, 0.203
1, 0.3904, 0.6096
1, 0.3911, 0.6089
1, 0.387, 0.613
1, 0.3918, 0.6082
1, 0.392, 0.608
1, 0.3877, 0.6123
1, 0.3935, 0.6065
1, 0.3884, 0.6116
1, 0.3855, 0.6145
1, 0.3865, 0.6135
1, 0.38, 0.62
1, 0.3788, 0.6212
1, 0.3858, 0.6142
1, 0.3905, 0.6095
1, 0.3887, 0.6113
0, 0.7971, 0.2029
1, 0.3905, 0.6095
1, 0.374, 0.626
1, 0.3944, 0.6056
1, 0.3923, 0.6077
1, 0.383, 0.617
1, 0.3825, 0.6175
1, 0.3953, 0.6047
1, 0.3921, 0.6079
1, 0.3909, 0.6091
1, 0.3935, 0.6065
1, 0.3904, 0.6096
1, 0.3875, 0.6125
1, 0.3944, 0.6056
1, 0.3784, 0.6216
1, 0.3865, 0.6135
1, 0.3886, 0.6114
1, 0.368, 0.632
1, 0.3817, 0.6183
1, 0.3873, 0.6127
1, 0.3881, 0.6119
1, 0.3903, 0.6097
1, 0.3922, 0.6078
1, 0.3873, 0.6127
1, 0.388, 0.612
0, 0.7982, 0.2018
1, 0.39, 0.61
1, 0.3867, 0.6133
1, 0.3861, 0.6139
1, 0.3916, 0.6084
1, 0.38, 0.62
1, 0.3865, 0.6135
1, 0.3717, 0.6283
1, 0.3924, 0.6076
0, 0.8024, 0.1976
1, 0.3799, 0.6201
1, 0.3894, 0.6106
1, 0.3844, 0.6156
1, 0.3735, 0.6265
1, 0.3928, 0.6072
1, 0.3905, 0.6095
1, 0.3939, 0.6061
1, 0.3873, 0.6127
1, 0.3872, 0.6128
1, 0.3859, 0.6141
1, 0.3863, 0.6137
1, 0.3941, 0.6059
1, 0.3944, 0.6056
1, 0.3859, 0.6141
1, 0.3881, 0.6119
1, 0.3694, 0.6306
1, 0.3911, 0.6089
1, 0.3898, 0.6102
1, 0.3916, 0.6084
1, 0.3759, 0.6241
1, 0.3886, 0.6114
1, 0.3859, 0.6141
1, 0.3918, 0.6082
1, 0.3883, 0.6117
1, 0.3882, 0.6118
1, 0.3904, 0.6096
1, 0.3911, 0.6089
1, 0.3905, 0.6095
1, 0.3931, 0.6069
0, 0.8025, 0.1975
1, 0.388, 0.612
0, 0.8026, 0.1974
1, 0.3906, 0.6094
1, 0.3881, 0.6119
1, 0.3918, 0.6082
1, 0.383, 0.617
1, 0.38, 0.62
1, 0.3905, 0.6095
1, 0.391, 0.609
1, 0.388, 0.612
1, 0.3868, 0.6132
1, 0.3838, 0.6162
1, 0.3935, 0.6065
1, 0.3789, 0.6211
1, 0.38, 0.62
1, 0.3759, 0.6241
1, 0.3868, 0.6132
1, 0.3944, 0.6056
1, 0.3875, 0.6125
1, 0.3812, 0.6188
1, 0.392, 0.608
1, 0.379, 0.621
1, 0.393, 0.607
1, 0.3817, 0.6183
0, 0.7883, 0.2117
1, 0.3915, 0.6085
1, 0.3935, 0.6065
1, 0.3902, 0.6098
1, 0.3817, 0.6183
1, 0.3879, 0.6121
1, 0.3825, 0.6175
1, 0.3861, 0.6139
1, 0.3895, 0.6105
1, 0.3821, 0.6179
1, 0.3897, 0.6103
1, 0.3854, 0.6146
1, 0.3915, 0.6085
1, 0.3832, 0.6168
1, 0.3895, 0.6105
1, 0.38, 0.62
1, 0.3819, 0.6181
1, 0.3854, 0.6146
1, 0.3874, 0.6126
1, 0.3781, 0.6219
1, 0.3824, 0.6176
0, 0.7982, 0.2018
1, 0.3824, 0.6176
1, 0.38, 0.62
1, 0.3995, 0.6005
1, 0.3911, 0.6089
1, 0.3854, 0.6146
1, 0.3896, 0.6104
1, 0.3925, 0.6075
1, 0.3854, 0.6146
1, 0.3913, 0.6087
1, 0.3854, 0.6146
1, 0.3918, 0.6082
1, 0.3896, 0.6104
1, 0.3854, 0.6146
1, 0.3918, 0.6082
1, 0.3887, 0.6113
1, 0.408, 0.592
1, 0.3854, 0.6146
1, 0.3919, 0.6081
1, 0.382, 0.618
1, 0.3894, 0.6106
1, 0.3854, 0.6146
1, 0.3695, 0.6305
1, 0.3944, 0.6056
1, 0.3908, 0.6092
1, 0.3899, 0.6101
1, 0.3897, 0.6103
1, 0.382, 0.618
1, 0.382, 0.618
1, 0.3804, 0.6196
1, 0.382, 0.618
1, 0.3873, 0.6127
1, 0.389, 0.611
1, 0.3903, 0.6097
0, 0.8027, 0.1973
1, 0.3918, 0.6082
1, 0.3845, 0.6155
1, 0.3935, 0.6065
1, 0.3924, 0.6076
1, 0.3915, 0.6085
1, 0.3892, 0.6108
0, 0.8038, 0.1962
1, 0.3944, 0.6056
1, 0.3943, 0.6057
1, 0.3882, 0.6118
1, 0.38, 0.62
1, 0.3805, 0.6195
1, 0.3905, 0.6095
1, 0.3875, 0.6125
1, 0.3915, 0.6085
1, 0.38, 0.62
1, 0.3761, 0.6239
1, 0.3839, 0.6161
1, 0.38, 0.62
1, 0.3855, 0.6145
1, 0.387, 0.613
1, 0.3874, 0.6126
1, 0.3817, 0.6183
1, 0.3911, 0.6089
1, 0.3889, 0.6111
1, 0.3761, 0.6239
1, 0.3944, 0.6056
1, 0.3808, 0.6192
1, 0.3935, 0.6065
1, 0.38, 0.62
1, 0.3905, 0.6095
1, 0.3909, 0.6091
1, 0.3825, 0.6175
1, 0.3925, 0.6075
1, 0.3916, 0.6084
1, 0.3869, 0.6131
1, 0.38, 0.62
1, 0.3882, 0.6118
1, 0.3858, 0.6142
1, 0.3838, 0.6162
1, 0.3911, 0.6089
1, 0.3885, 0.6115
1, 0.3899, 0.6101
0, 0.8003, 0.1997
1, 0.3817, 0.6183
1, 0.3918, 0.6082
1, 0.3855, 0.6145
1, 0.3881, 0.6119
1, 0.388, 0.612
1, 0.3875, 0.6125
0, 0.8018, 0.1982
1, 0.3871, 0.6129
1, 0.3895, 0.6105
1, 0.3846, 0.6154
1, 0.379, 0.621
1, 0.3786, 0.6214
1, 0.386, 0.614
1, 0.3923, 0.6077
1, 0.408, 0.592
1, 0.3894, 0.6106
1, 0.3944, 0.6056
1, 0.3804, 0.6196
1, 0.3911, 0.6089
1, 0.3915, 0.6085
1, 0.3783, 0.6217
1, 0.3892, 0.6108
1, 0.3823, 0.6177
1, 0.3892, 0.6108
1, 0.3825, 0.6175
1, 0.389, 0.611
1, 0.3892, 0.6108
1, 0.3856, 0.6144
1, 0.3834, 0.6166
1, 0.3889, 0.6111
1, 0.38, 0.62
1, 0.3892, 0.6108
1, 0.3824, 0.6176
1, 0.3889, 0.6111
1, 0.3914, 0.6086
1, 0.3889, 0.6111
1, 0.3888, 0.6112
1, 0.3779, 0.6221
1, 0.3915, 0.6085
1, 0.3923, 0.6077
1, 0.3816, 0.6184
1, 0.3856, 0.6144
0, 0.7883, 0.2117
1, 0.3892, 0.6108
1, 0.3888, 0.6112
1, 0.3861, 0.6139
1, 0.38, 0.62
1, 0.3823, 0.6177
1, 0.3915, 0.6085
1, 0.3915, 0.6085
1, 0.3935, 0.6065
1, 0.3914, 0.6086
1, 0.3889, 0.6111
1, 0.3817, 0.6183
1, 0.3826, 0.6174
1, 0.3908, 0.6092
1, 0.3918, 0.6082
1, 0.3823, 0.6177
1, 0.399, 0.601
0, 0.8011, 0.1989
1, 0.3759, 0.6241
1, 0.3878, 0.6122
1, 0.387, 0.613
1, 0.3876, 0.6124
1, 0.376, 0.624
1, 0.3882, 0.6118
1, 0.3817, 0.6183
1, 0.3918, 0.6082
1, 0.3899, 0.6101
1, 0.3858, 0.6142
1, 0.3944, 0.6056
0, 0.8043, 0.1957
1, 0.3911, 0.6089
1, 0.38, 0.62
1, 0.3877, 0.6123
1, 0.3873, 0.6127
1, 0.3892, 0.6108
1, 0.3845, 0.6155
1, 0.3841, 0.6159
0, 0.8028, 0.1972
1, 0.3873, 0.6127
1, 0.3935, 0.6065
1, 0.3929, 0.6071
1, 0.381, 0.619
1, 0.394, 0.606
1, 0.383, 0.617
1, 0.3929, 0.6071
1, 0.3957, 0.6043
1, 0.3971, 0.6029
0, 0.7998, 0.2002
1, 0.3954, 0.6046
1, 0.3837, 0.6163
0, 0.8022, 0.1978
1, 0.389, 0.611
1, 0.3813, 0.6187
1, 0.3825, 0.6175
1, 0.3836, 0.6164
1, 0.393, 0.607
1, 0.3894, 0.6106
1, 0.3843, 0.6157
0, 0.8026, 0.1974
1, 0.3894, 0.6106
0, 0.8005, 0.1995
1, 0.3946, 0.6054
1, 0.3929, 0.6071
0, 0.8034, 0.1966
1, 0.3829, 0.6171
1, 0.3813, 0.6187
1, 0.3898, 0.6102
1, 0.3941, 0.6059
1, 0.3898, 0.6102
0, 0.8035, 0.1965
1, 0.3827, 0.6173
1, 0.3919, 0.6081
1, 0.3939, 0.6061
1, 0.3898, 0.6102
1, 0.3825, 0.6175
1, 0.3898, 0.6102
1, 0.3921, 0.6079
1, 0.3827, 0.6173
0, 0.8025, 0.1975
1, 0.3842, 0.6158
1, 0.3825, 0.6175
1, 0.3887, 0.6113
1, 0.3902, 0.6098
0, 0.8034, 0.1966
1, 0.3826, 0.6174
1, 0.3958, 0.6042
0, 0.8004, 0.1996
1, 0.3843, 0.6157
1, 0.3895, 0.6105
0, 0.803, 0.197
1, 0.3901, 0.6099
1, 0.3827, 0.6173
1, 0.3929, 0.6071
1, 0.3909, 0.6091
1, 0.393, 0.607
0, 0.8027, 0.1973
1, 0.3928, 0.6072
1, 0.3925, 0.6075
1, 0.3927, 0.6073
1, 0.3889, 0.6111
1, 0.3824, 0.6176
1, 0.396, 0.604
1, 0.3813, 0.6187
1, 0.3894, 0.6106
1, 0.3927, 0.6073
1, 0.386, 0.614
1, 0.3895, 0.6105
0, 0.8022, 0.1978
0, 0.8005, 0.1995
1, 0.3954, 0.6046
1, 0.3836, 0.6164
1, 0.3829, 0.6171
1, 0.3864, 0.6136
1, 0.3929, 0.6071
1, 0.3939, 0.6061
1, 0.3813, 0.6187
1, 0.3929, 0.6071
1, 0.394, 0.606
1, 0.3877, 0.6123
0, 0.8005, 0.1995
0, 0.8029, 0.1971
1, 0.3939, 0.6061
1, 0.3957, 0.6043
1, 0.3899, 0.6101
1, 0.3941, 0.6059
1, 0.384, 0.616
1, 0.3898, 0.6102
1, 0.3898, 0.6102
0, 0.803, 0.197
1, 0.3874, 0.6126
1, 0.3901, 0.6099
1, 0.3871, 0.6129
1, 0.3894, 0.6106
1, 0.3828, 0.6172
1, 0.3852, 0.6148
1, 0.3826, 0.6174
0, 0.8053, 0.1947
0, 0.8022, 0.1978
0, 0.7992, 0.2008
1, 0.3903, 0.6097
1, 0.3827, 0.6173
1, 0.3859, 0.6141
1, 0.3784, 0.6216
1, 0.3836, 0.6164
1, 0.3825, 0.6175
1, 0.3902, 0.6098
1, 0.3824, 0.6176
0, 0.8029, 0.1971
1, 0.3906, 0.6094
1, 0.3921, 0.6079
1, 0.3784, 0.6216
1, 0.3954, 0.6046
1, 0.384, 0.616
1, 0.3901, 0.6099
1, 0.3902, 0.6098
0, 0.8005, 0.1995
1, 0.3902, 0.6098
1, 0.3851, 0.6149
1, 0.3827, 0.6173
1, 0.383, 0.617
1, 0.3909, 0.6091
1, 0.3785, 0.6215
1, 0.3928, 0.6072
1, 0.3813, 0.6187
0, 0.8025, 0.1975
1, 0.3901, 0.6099
0, 0.8005, 0.1995
1, 0.3871, 0.6129
1, 0.3945, 0.6055
1, 0.3894, 0.6106
1, 0.3826, 0.6174
1, 0.3863, 0.6137
1, 0.3943, 0.6057
1, 0.3868, 0.6132
1, 0.3874, 0.6126
1, 0.3844, 0.6156
1, 0.3894, 0.6106
1, 0.3844, 0.6156
1, 0.3898, 0.6102
1, 0.3929, 0.6071
0, 0.8025, 0.1975
1, 0.3836, 0.6164
1, 0.383, 0.617
0, 0.8025, 0.1975
1, 0.3939, 0.6061
1, 0.3821, 0.6179
1, 0.3943, 0.6057
1, 0.3827, 0.6173
1, 0.3898, 0.6102
1, 0.3902, 0.6098
1, 0.3825, 0.6175
1, 0.3929, 0.6071
1, 0.3827, 0.6173
1, 0.3903, 0.6097
0, 0.8023, 0.1977
1, 0.3871, 0.6129
1, 0.3926, 0.6074
1, 0.3827, 0.6173
1, 0.3824, 0.6176
1, 0.3932, 0.6068
1, 0.3894, 0.6106
1, 0.3935, 0.6065
1, 0.3898, 0.6102
1, 0.3907, 0.6093
0, 0.8038, 0.1962
1, 0.3954, 0.6046
1, 0.3929, 0.6071
1, 0.3831, 0.6169
1, 0.3836, 0.6164
0, 0.8029, 0.1971
1, 0.3825, 0.6175
1, 0.3939, 0.6061
1, 0.3898, 0.6102
1, 0.3957, 0.6043
1, 0.3827, 0.6173
0, 0.8049, 0.1951
1, 0.3939, 0.6061
1, 0.3976, 0.6024
1, 0.3824, 0.6176
1, 0.3943, 0.6057
1, 0.3825, 0.6175
1, 0.3898, 0.6102
1, 0.3894, 0.6106
1, 0.3954, 0.6046
1, 0.3926, 0.6074
1, 0.3836, 0.6164
1, 0.3827, 0.6173
1, 0.3925, 0.6075
1, 0.3926, 0.6074
1, 0.3939, 0.6061
1, 0.3893, 0.6107
1, 0.3943, 0.6057
1, 0.3957, 0.6043
1, 0.3894, 0.6106
1, 0.393, 0.607
1, 0.3905, 0.6095
1, 0.3971, 0.6029
1, 0.3954, 0.6046
1, 0.397, 0.603
1, 0.3836, 0.6164
1, 0.3939, 0.6061
1, 0.3939, 0.6061
1, 0.394, 0.606
1, 0.3957, 0.6043
1, 0.3944, 0.6056
1, 0.3897, 0.6103
1, 0.3939, 0.6061
1, 0.3941, 0.6059
1, 0.3947, 0.6053
1, 0.3898, 0.6102
1, 0.3828, 0.6172
1, 0.3898, 0.6102
1, 0.3864, 0.6136
0, 0.8025, 0.1975
1, 0.3899, 0.6101
1, 0.3871, 0.6129
0, 0.8035, 0.1965
1, 0.3784, 0.6216
1, 0.3825, 0.6175
1, 0.3939, 0.6061
1, 0.3898, 0.6102
1, 0.3941, 0.6059
1, 0.3783, 0.6217
1, 0.3901, 0.6099
1, 0.3874, 0.6126
1, 0.3827, 0.6173
1, 0.3929, 0.6071
1, 0.3876, 0.6124
1, 0.3929, 0.6071
0, 0.8022, 0.1978
1, 0.3898, 0.6102
1, 0.3908, 0.6092
0, 0.8022, 0.1978
1, 0.3929, 0.6071
1, 0.3865, 0.6135
1, 0.3929, 0.6071
1, 0.3939, 0.6061
1, 0.39, 0.61
1, 0.3944, 0.6056
0, 0.8022, 0.1978
1, 0.3935, 0.6065
0, 0.7978, 0.2022
1, 0.3834, 0.6166
1, 0.3894, 0.6106
1, 0.3902, 0.6098
1, 0.3871, 0.6129
1, 0.3824, 0.6176
1, 0.3864, 0.6136
1, 0.3773, 0.6227
1, 0.3903, 0.6097
1, 0.3957, 0.6043
1, 0.3949, 0.6051
1, 0.3825, 0.6175
1, 0.3954, 0.6046
1, 0.3784, 0.6216
1, 0.3836, 0.6164
1, 0.3909, 0.6091
1, 0.3859, 0.6141
1, 0.3851, 0.6149
0, 0.8034, 0.1966
1, 0.3888, 0.6112
1, 0.3856, 0.6144
0, 0.803, 0.197
1, 0.3939, 0.6061
1, 0.3827, 0.6173
1, 0.3834, 0.6166
1, 0.3902, 0.6098
1, 0.3898, 0.6102
1, 0.3902, 0.6098
1, 0.384, 0.616
1, 0.3945, 0.6055
1, 0.3957, 0.6043
1, 0.3825, 0.6175
1, 0.3904, 0.6096
1, 0.393, 0.607
1, 0.3948, 0.6052
1, 0.393, 0.607
1, 0.3907, 0.6093
1, 0.3971, 0.6029
1, 0.3785, 0.6215
1, 0.3719, 0.6281
1, 0.3863, 0.6137
1, 0.3898, 0.6102
1, 0.3929, 0.6071
1, 0.3954, 0.6046
1, 0.3926, 0.6074
1, 0.3898, 0.6102
1, 0.3827, 0.6173
1, 0.3836, 0.6164
1, 0.393, 0.607
0, 0.8023, 0.1977
1, 0.3939, 0.6061
1, 0.3874, 0.6126
1, 0.3825, 0.6175
1, 0.3897, 0.6103
1, 0.3939, 0.6061
1, 0.3929, 0.6071
1, 0.3893, 0.6107
1, 0.3947, 0.6053
1, 0.3894, 0.6106
1, 0.3941, 0.6059
1, 0.3946, 0.6054
1, 0.3687, 0.6313
1, 0.3957, 0.6043
1, 0.3902, 0.6098
1, 0.3898, 0.6102
1, 0.3827, 0.6173
1, 0.3954, 0.6046
1, 0.3954, 0.6046
1, 0.3889, 0.6111
1, 0.3898, 0.6102
1, 0.3894, 0.6106
0, 0.8038, 0.1962
1, 0.3945, 0.6055
1, 0.3836, 0.6164
1, 0.3929, 0.6071
1, 0.3939, 0.6061
1, 0.3926, 0.6074
1, 0.3971, 0.6029
1, 0.3827, 0.6173
1, 0.3943, 0.6057
1, 0.3939, 0.6061
1, 0.382, 0.618
0, 0.8022, 0.1978
1, 0.3907, 0.6093
1, 0.397, 0.603
1, 0.3811, 0.6189
1, 0.3905, 0.6095
1, 0.3871, 0.6129
1, 0.3836, 0.6164
1, 0.3893, 0.6107
1, 0.3784, 0.6216
1, 0.3957, 0.6043
1, 0.3954, 0.6046
1, 0.3825, 0.6175
1, 0.3836, 0.6164
1, 0.3939, 0.6061
1, 0.3909, 0.6091
1, 0.3939, 0.6061
1, 0.3827, 0.6173
0, 0.8034, 0.1966
1, 0.3939, 0.6061
1, 0.3971, 0.6029
1, 0.3944, 0.6056
1, 0.3902, 0.6098
1, 0.3939, 0.6061
1, 0.3898, 0.6102
1, 0.3903, 0.6097
1, 0.3897, 0.6103
1, 0.3839, 0.6161
1, 0.3957, 0.6043
1, 0.3957, 0.6043
1, 0.3971, 0.6029
1, 0.3905, 0.6095
1, 0.3866, 0.6134
0, 0.8022, 0.1978
1, 0.3943, 0.6057
1, 0.3909, 0.6091
1, 0.3894, 0.6106
1, 0.3825, 0.6175
1, 0.3905, 0.6095
1, 0.39, 0.61
1, 0.3944, 0.6056
1, 0.384, 0.616
1, 0.3939, 0.6061
1, 0.3784, 0.6216
1, 0.3941, 0.6059
1, 0.3852, 0.6148
1, 0.3954, 0.6046
1, 0.3891, 0.6109
1, 0.3895, 0.6105
1, 0.3898, 0.6102
1, 0.3944, 0.6056
1, 0.393, 0.607
0, 0.8035, 0.1965
1, 0.3836, 0.6164
1, 0.3903, 0.6097
1, 0.3897, 0.6103
1, 0.3827, 0.6173
1, 0.3939, 0.6061
1, 0.3941, 0.6059
1, 0.3874, 0.6126
1, 0.3939, 0.6061
1, 0.3957, 0.6043
1, 0.3932, 0.6068
1, 0.3903, 0.6097
1, 0.3939, 0.6061
1, 0.3822, 0.6178
1, 0.3946, 0.6054
1, 0.3957, 0.6043
1, 0.3825, 0.6175
1, 0.3907, 0.6093
1, 0.3939, 0.6061
1, 0.3899, 0.6101
1, 0.3901, 0.6099
1, 0.3954, 0.6046
1, 0.3871, 0.6129
1, 0.3825, 0.6175
1, 0.3944, 0.6056
1, 0.3909, 0.6091
1, 0.3784, 0.6216
1, 0.3944, 0.6056
1, 0.3897, 0.6103
1, 0.3897, 0.6103
1, 0.3866, 0.6134
1, 0.3898, 0.6102
1, 0.3902, 0.6098
1, 0.3902, 0.6098
1, 0.3929, 0.6071
1, 0.3802, 0.6198
1, 0.3944, 0.6056
1, 0.3874, 0.6126
1, 0.3852, 0.6148
1, 0.3944, 0.6056
0, 0.8029, 0.1971
1, 0.3891, 0.6109
1, 0.3895, 0.6105
1, 0.3903, 0.6097
1, 0.3939, 0.6061
1, 0.3895, 0.6105
1, 0.393, 0.607
1, 0.3859, 0.6141
1, 0.393, 0.607
1, 0.3784, 0.6216
1, 0.3941, 0.6059
1, 0.3866, 0.6134
1, 0.3941, 0.6059
1, 0.3929, 0.6071
1, 0.3957, 0.6043
1, 0.3899, 0.6101
1, 0.3874, 0.6126
1, 0.3899, 0.6101
0, 0.8022, 0.1978
0, 0.8053, 0.1947
1, 0.3915, 0.6085
1, 0.3929, 0.6071
1, 0.3894, 0.6106
1, 0.3865, 0.6135
0, 0.8022, 0.1978
1, 0.3865, 0.6135
1, 0.3929, 0.6071
0, 0.8035, 0.1965
1, 0.3899, 0.6101
1, 0.3899, 0.6101
0, 0.8022, 0.1978
1, 0.3898, 0.6102
1, 0.3901, 0.6099
1, 0.3816, 0.6184
0, 0.8035, 0.1965
1, 0.3901, 0.6099
1, 0.3902, 0.6098
1, 0.3929, 0.6071
1, 0.3825, 0.6175
1, 0.3921, 0.6079
1, 0.3898, 0.6102
1, 0.3827, 0.6173
1, 0.3886, 0.6114
1, 0.3827, 0.6173
1, 0.3902, 0.6098
0, 0.8035, 0.1965
1, 0.3825, 0.6175
1, 0.3853, 0.6147
1, 0.3827, 0.6173
1, 0.3839, 0.6161
1, 0.3898, 0.6102
1, 0.3825, 0.6175
1, 0.3939, 0.6061
1, 0.3798, 0.6202
1, 0.3894, 0.6106
1, 0.3786, 0.6214
1, 0.3825, 0.6175
1, 0.3827, 0.6173
1, 0.3866, 0.6134
1, 0.395, 0.605
1, 0.3866, 0.6134
1, 0.3894, 0.6106
1, 0.3825, 0.6175
1, 0.393, 0.607
1, 0.393, 0.607
1, 0.3954, 0.6046
1, 0.3946, 0.6054
1, 0.3827, 0.6173
1, 0.3927, 0.6073
1, 0.3836, 0.6164
1, 0.3836, 0.6164
1, 0.3932, 0.6068
1, 0.3954, 0.6046
1, 0.3925, 0.6075
1, 0.3939, 0.6061
1, 0.3925, 0.6075
1, 0.3836, 0.6164
1, 0.3929, 0.6071
1, 0.3907, 0.6093
1, 0.3929, 0.6071
1, 0.3957, 0.6043
1, 0.3939, 0.6061
0, 0.8023, 0.1977
1, 0.3954, 0.6046
0, 0.8023, 0.1977
1, 0.3836, 0.6164
1, 0.3971, 0.6029
1, 0.3954, 0.6046
1, 0.3957, 0.6043
1, 0.3933, 0.6067
1, 0.3927, 0.6073
1, 0.3939, 0.6061
1, 0.3894, 0.6106
1, 0.3898, 0.6102
1, 0.393, 0.607
0, 0.8038, 0.1962
1, 0.3957, 0.6043
1, 0.3824, 0.6176
0, 0.8038, 0.1962
1, 0.3826, 0.6174
1, 0.3809, 0.6191
1, 0.3941, 0.6059
1, 0.3921, 0.6079
1, 0.382, 0.618
1, 0.3824, 0.6176
1, 0.3954, 0.6046
0, 0.8022, 0.1978
1, 0.3926, 0.6074
1, 0.3926, 0.6074
1, 0.3954, 0.6046
1, 0.3825, 0.6175
1, 0.3835, 0.6165
1, 0.3925, 0.6075
1, 0.3836, 0.6164
1, 0.3898, 0.6102
0, 0.8035, 0.1965
1, 0.3909, 0.6091
1, 0.3929, 0.6071
1, 0.3893, 0.6107
1, 0.3939, 0.6061
1, 0.3782, 0.6218
1, 0.3827, 0.6173
1, 0.3902, 0.6098
0, 0.8022, 0.1978
1, 0.3954, 0.6046
1, 0.3871, 0.6129
1, 0.3957, 0.6043
1, 0.3939, 0.6061
1, 0.3813, 0.6187
1, 0.3957, 0.6043
1, 0.3871, 0.6129
1, 0.3946, 0.6054
1, 0.3825, 0.6175
1, 0.3904, 0.6096
1, 0.3903, 0.6097
1, 0.3894, 0.6106
1, 0.3784, 0.6216
1, 0.3961, 0.6039
1, 0.3866, 0.6134
1, 0.3954, 0.6046
1, 0.3909, 0.6091
1, 0.3897, 0.6103
1, 0.3836, 0.6164
1, 0.3827, 0.6173
1, 0.3874, 0.6126
1, 0.3902, 0.6098
1, 0.3939, 0.6061
1, 0.3859, 0.6141
1, 0.3939, 0.6061
1, 0.3926, 0.6074
1, 0.3925, 0.6075
1, 0.3928, 0.6072
0, 0.8034, 0.1966
1, 0.3939, 0.6061
1, 0.3957, 0.6043
1, 0.3894, 0.6106
1, 0.3902, 0.6098
1, 0.3957, 0.6043
1, 0.39, 0.61
1, 0.3902, 0.6098
1, 0.3893, 0.6107
0, 0.8023, 0.1977
1, 0.3783, 0.6217
1, 0.3954, 0.6046
1, 0.3783, 0.6217
1, 0.3834, 0.6166
1, 0.3971, 0.6029
1, 0.3929, 0.6071
1, 0.3836, 0.6164
1, 0.3905, 0.6095
0, 0.8001, 0.1999
1, 0.3971, 0.6029
0, 0.8022, 0.1978
1, 0.3859, 0.6141
1, 0.3939, 0.6061
1, 0.3834, 0.6166
1, 0.3814, 0.6186
1, 0.393, 0.607
0, 0.8022, 0.1978
1, 0.3957, 0.6043
1, 0.3909, 0.6091
1, 0.3929, 0.6071
1, 0.3859, 0.6141
1, 0.3796, 0.6204
1, 0.3929, 0.6071
1, 0.3939, 0.6061
1, 0.3941, 0.6059
0, 0.8035, 0.1965
1, 0.393, 0.607
1, 0.3897, 0.6103
1, 0.3871, 0.6129
1, 0.3902, 0.6098
1, 0.3929, 0.6071
1, 0.3971, 0.6029
1, 0.3944, 0.6056
1, 0.3897, 0.6103
1, 0.3898, 0.6102
1, 0.3898, 0.6102
1, 0.3839, 0.6161
0, 0.8022, 0.1978
1, 0.3905, 0.6095
1, 0.3861, 0.6139
1, 0.3897, 0.6103
1, 0.3825, 0.6175
1, 0.3826, 0.6174
1, 0.3902, 0.6098
1, 0.3838, 0.6162
1, 0.3864, 0.6136
1, 0.3871, 0.6129
1, 0.3898, 0.6102
1, 0.385, 0.615
1, 0.3939, 0.6061
1, 0.3957, 0.6043
1, 0.3813, 0.6187
1, 0.3827, 0.6173
1, 0.3826, 0.6174
1, 0.3944, 0.6056
1, 0.3893, 0.6107
0, 0.8035, 0.1965
1, 0.3899, 0.6101
1, 0.3909, 0.6091
1, 0.3897, 0.6103
1, 0.3932, 0.6068
1, 0.3954, 0.6046
1, 0.3903, 0.6097
1, 0.3898, 0.6102
1, 0.3826, 0.6174
1, 0.3901, 0.6099
1, 0.3902, 0.6098
1, 0.3952, 0.6048
1, 0.3907, 0.6093
1, 0.3825, 0.6175
1, 0.3843, 0.6157
1, 0.3871, 0.6129
1, 0.397, 0.603
1, 0.3954, 0.6046
1, 0.3901, 0.6099
1, 0.3904, 0.6096
1, 0.3925, 0.6075
1, 0.3836, 0.6164
1, 0.3784, 0.6216
1, 0.3926, 0.6074
1, 0.3827, 0.6173
1, 0.3852, 0.6148
1, 0.3909, 0.6091
1, 0.3824, 0.6176
1, 0.3939, 0.6061
1, 0.3939, 0.6061
1, 0.3939, 0.6061
1, 0.3909, 0.6091
1, 0.3784, 0.6216
1, 0.3902, 0.6098
1, 0.3893, 0.6107
1, 0.3874, 0.6126
1, 0.3957, 0.6043
1, 0.3943, 0.6057
1, 0.3851, 0.6149
1, 0.3894, 0.6106
1, 0.3887, 0.6113
1, 0.3954, 0.6046
1, 0.385, 0.615
0, 0.8025, 0.1975
1, 0.3926, 0.6074
1, 0.3894, 0.6106
1, 0.397, 0.603
1, 0.3827, 0.6173
1, 0.3824, 0.6176
1, 0.3933, 0.6067
1, 0.3929, 0.6071
1, 0.3932, 0.6068
1, 0.3866, 0.6134
1, 0.3865, 0.6135
1, 0.3899, 0.6101
1, 0.3854, 0.6146
1, 0.3954, 0.6046
1, 0.3784, 0.6216
0, 0.8022, 0.1978
1, 0.3935, 0.6065
1, 0.3899, 0.6101
1, 0.384, 0.616
1, 0.3946, 0.6054
1, 0.3929, 0.6071
1, 0.3836, 0.6164
1, 0.394, 0.606
1, 0.3907, 0.6093
1, 0.3851, 0.6149
1, 0.3853, 0.6147
1, 0.3899, 0.6101
1, 0.3898, 0.6102
1, 0.3939, 0.6061
1, 0.3954, 0.6046
1, 0.3822, 0.6178
1, 0.396, 0.604
1, 0.3929, 0.6071
1, 0.3901, 0.6099
0, 0.8022, 0.1978
1, 0.3827, 0.6173
1, 0.3939, 0.6061
1, 0.3885, 0.6115
1, 0.3957, 0.6043
1, 0.3941, 0.6059
0, 0.7993, 0.2007
0, 0.8034, 0.1966
1, 0.3836, 0.6164
1, 0.3864, 0.6136
1, 0.3943, 0.6057
1, 0.3784, 0.6216
0, 0.8021, 0.1979
0, 0.7992, 0.2008
1, 0.3825, 0.6175
1, 0.3898, 0.6102
1, 0.3939, 0.6061
1, 0.3853, 0.6147
1, 0.3851, 0.6149
1, 0.3904, 0.6096
1, 0.3826, 0.6174
1, 0.3898, 0.6102
1, 0.3957, 0.6043
1, 0.3929, 0.6071
0, 0.8005, 0.1995
1, 0.3943, 0.6057
1, 0.3887, 0.6113
1, 0.3839, 0.6161
1, 0.3825, 0.6175
1, 0.3961, 0.6039
0, 0.7993, 0.2007
1, 0.383, 0.617
1, 0.3871, 0.6129
1, 0.3813, 0.6187
0, 0.8028, 0.1972
1, 0.3824, 0.6176
1, 0.3954, 0.6046
1, 0.3943, 0.6057
1, 0.3786, 0.6214
1, 0.3901, 0.6099
0, 0.8027, 0.1973
1, 0.3946, 0.6054
1, 0.3859, 0.6141
1, 0.3939, 0.6061
1, 0.383, 0.617
1, 0.3866, 0.6134
0, 0.8023, 0.1977
1, 0.3904, 0.6096
1, 0.3827, 0.6173
1, 0.3909, 0.6091
1, 0.3945, 0.6055
1, 0.3903, 0.6097
1, 0.39, 0.61
1, 0.3813, 0.6187
1, 0.3926, 0.6074
1, 0.3898, 0.6102
1, 0.3851, 0.6149
1, 0.3829, 0.6171
1, 0.3804, 0.6196
1, 0.3901, 0.6099
1, 0.3902, 0.6098
1, 0.3902, 0.6098
1, 0.3925, 0.6075
0, 0.8038, 0.1962
0, 0.7998, 0.2002
1, 0.3943, 0.6057
1, 0.3898, 0.6102
1, 0.3864, 0.6136
1, 0.3894, 0.6106
1, 0.3931, 0.6069
1, 0.3926, 0.6074
1, 0.383, 0.617
1, 0.3939, 0.6061
1, 0.3925, 0.6075
1, 0.3825, 0.6175
1, 0.3902, 0.6098
1, 0.3926, 0.6074
1, 0.382, 0.618
0, 0.8022, 0.1978
1, 0.3954, 0.6046
1, 0.3905, 0.6095
1, 0.3869, 0.6131
1, 0.3929, 0.6071
1, 0.3893, 0.6107
1, 0.3785, 0.6215
1, 0.3954, 0.6046
1, 0.3836, 0.6164
1, 0.3863, 0.6137
0, 0.7991, 0.2009
1, 0.3895, 0.6105
1, 0.3893, 0.6107
1, 0.3897, 0.6103
0, 0.8023, 0.1977
1, 0.3836, 0.6164
1, 0.3827, 0.6173
1, 0.3939, 0.6061
1, 0.3905, 0.6095
1, 0.3899, 0.6101
1, 0.3874, 0.6126
1, 0.3971, 0.6029
1, 0.3945, 0.6055
1, 0.3927, 0.6073
1, 0.3871, 0.6129
1, 0.3827, 0.6173
0, 0.8029, 0.1971
1, 0.3939, 0.6061
1, 0.3927, 0.6073
1, 0.3957, 0.6043
1, 0.3939, 0.6061
1, 0.3944, 0.6056
1, 0.3941, 0.6059
1, 0.3888, 0.6112
1, 0.3813, 0.6187
1, 0.3957, 0.6043
1, 0.3907, 0.6093
1, 0.3898, 0.6102
0, 0.7998, 0.2002
0, 0.8038, 0.1962
1, 0.3954, 0.6046
1, 0.3909, 0.6091
1, 0.3939, 0.6061
1, 0.3894, 0.6106
1, 0.3946, 0.6054
1, 0.3954, 0.6046
1, 0.3928, 0.6072
1, 0.3836, 0.6164
1, 0.3971, 0.6029
1, 0.3902, 0.6098
1, 0.3957, 0.6043
1, 0.3929, 0.6071
1, 0.3836, 0.6164
1, 0.3833, 0.6167
1, 0.3944, 0.6056
0, 0.8027, 0.1973
1, 0.3783, 0.6217
1, 0.3903, 0.6097
1, 0.3897, 0.6103
1, 0.3971, 0.6029
1, 0.3825, 0.6175
0, 0.8022, 0.1978
1, 0.3939, 0.6061
1, 0.39, 0.61
1, 0.3825, 0.6175
1, 0.3836, 0.6164
1, 0.3813, 0.6187
1, 0.393, 0.607
1, 0.3944, 0.6056
0, 0.7999, 0.2001
1, 0.3929, 0.6071
1, 0.3925, 0.6075
1, 0.3902, 0.6098
1, 0.3957, 0.6043
1, 0.3898, 0.6102
1, 0.3926, 0.6074
1, 0.3929, 0.6071
1, 0.3834, 0.6166
1, 0.3783, 0.6217
1, 0.3864, 0.6136
1, 0.3957, 0.6043
1, 0.3971, 0.6029
1, 0.3941, 0.6059
1, 0.3827, 0.6173
0, 0.8029, 0.1971
1, 0.3893, 0.6107
0, 0.8034, 0.1966
1, 0.393, 0.607
1, 0.3859, 0.6141
0, 0.8034, 0.1966
1, 0.3941, 0.6059
1, 0.3929, 0.6071
1, 0.3899, 0.6101
1, 0.3813, 0.6187
1, 0.3898, 0.6102
1, 0.3941, 0.6059
1, 0.3898, 0.6102
0, 0.7998, 0.2002
1, 0.3945, 0.6055
1, 0.3827, 0.6173
1, 0.3903, 0.6097
1, 0.3927, 0.6073
1, 0.3901, 0.6099
1, 0.393, 0.607
1, 0.393, 0.607
1, 0.3871, 0.6129
1, 0.3825, 0.6175
1, 0.3971, 0.6029
1, 0.3833, 0.6167
1, 0.3933, 0.6067
0, 0.803, 0.197
1, 0.394, 0.606
1, 0.3939, 0.6061
1, 0.3836, 0.6164
1, 0.3853, 0.6147
1, 0.3909, 0.6091
1, 0.3929, 0.6071
1, 0.39, 0.61
1, 0.3784, 0.6216
1, 0.3954, 0.6046
0, 0.8005, 0.1995
1, 0.3939, 0.6061
0, 0.8029, 0.1971
1, 0.3929, 0.6071
1, 0.3957, 0.6043
0, 0.8006, 0.1994
0, 0.8022, 0.1978
1, 0.3894, 0.6106
1, 0.3841, 0.6159
0, 0.8029, 0.1971
1, 0.3893, 0.6107
1, 0.3826, 0.6174
0, 0.8034, 0.1966
0, 0.8005, 0.1995
1, 0.3921, 0.6079
1, 0.3898, 0.6102
1, 0.3839, 0.6161
1, 0.3902, 0.6098
0, 0.803, 0.197
1, 0.3825, 0.6175
1, 0.4019, 0.5981
1, 0.3941, 0.6059
1, 0.3902, 0.6098
1, 0.3835, 0.6165
1, 0.3827, 0.6173
1, 0.3926, 0.6074
0, 0.8029, 0.1971
1, 0.3939, 0.6061
1, 0.3831, 0.6169
1, 0.3824, 0.6176
1, 0.3894, 0.6106
1, 0.3947, 0.6053
1, 0.3947, 0.6053
1, 0.3894, 0.6106
1, 0.3835, 0.6165
1, 0.3926, 0.6074
1, 0.3954, 0.6046
1, 0.3824, 0.6176
1, 0.3836, 0.6164
1, 0.3929, 0.6071
1, 0.3948, 0.6052
1, 0.3939, 0.6061
0, 0.8029, 0.1971
1, 0.3902, 0.6098
1, 0.3938, 0.6062
1, 0.3957, 0.6043
1, 0.3898, 0.6102
1, 0.3813, 0.6187
1, 0.3946, 0.6054
0, 0.8049, 0.1951
1, 0.3846, 0.6154
1, 0.3971, 0.6029
1, 0.3828, 0.6172
1, 0.3827, 0.6173
1, 0.3905, 0.6095
1, 0.3825, 0.6175
1, 0.3948, 0.6052
1, 0.3832, 0.6168
1, 0.395, 0.605
1, 0.3939, 0.6061
1, 0.3827, 0.6173
1, 0.382, 0.618
1, 0.3944, 0.6056
1, 0.3926, 0.6074
1, 0.3945, 0.6055
1, 0.3897, 0.6103
1, 0.3926, 0.6074
1, 0.3855, 0.6145
1, 0.3937, 0.6063
1, 0.3894, 0.6106
1, 0.3947, 0.6053
1, 0.3846, 0.6154
1, 0.3871, 0.6129
1, 0.3937, 0.6063
1, 0.3836, 0.6164
1, 0.3898, 0.6102
1, 0.3954, 0.6046
1, 0.3898, 0.6102
1, 0.3898, 0.6102
1, 0.3825, 0.6175
1, 0.3836, 0.6164
1, 0.3825, 0.6175
1, 0.3843, 0.6157
1, 0.3825, 0.6175
1, 0.3825, 0.6175
1, 0.3869, 0.6131
1, 0.3939, 0.6061
1, 0.3909, 0.6091
1, 0.3836, 0.6164
1, 0.3817, 0.6183
1, 0.3699, 0.6301
1, 0.3825, 0.6175
1, 0.3827, 0.6173
1, 0.3723, 0.6277
1, 0.3957, 0.6043
1, 0.3902, 0.6098
1, 0.3827, 0.6173
1, 0.3827, 0.6173
1, 0.3847, 0.6153
1, 0.3889, 0.6111
1, 0.3939, 0.6061
1, 0.3939, 0.6061
1, 0.3934, 0.6066
1, 0.3926, 0.6074
1, 0.397, 0.603
1, 0.3945, 0.6055
1, 0.3902, 0.6098
1, 0.3882, 0.6118
1, 0.3916, 0.6084
1, 0.395, 0.605
1, 0.3948, 0.6052
1, 0.3894, 0.6106
1, 0.3907, 0.6093
1, 0.3836, 0.6164
1, 0.3812, 0.6188
1, 0.3909, 0.6091
1, 0.3863, 0.6137
1, 0.3785, 0.6215
1, 0.3954, 0.6046
1, 0.3827, 0.6173
0, 0.8038, 0.1962
1, 0.3954, 0.6046
1, 0.3954, 0.6046
1, 0.3929, 0.6071
1, 0.3836, 0.6164
1, 0.394, 0.606
1, 0.3793, 0.6207
1, 0.3836, 0.6164
1, 0.3836, 0.6164
1, 0.3957, 0.6043
1, 0.3954, 0.6046
1, 0.3874, 0.6126
1, 0.3939, 0.6061
1, 0.3939, 0.6061
1, 0.3939, 0.6061
1, 0.3939, 0.6061
1, 0.3895, 0.6105
1, 0.393, 0.607
1, 0.3898, 0.6102
1, 0.3941, 0.6059
1, 0.3957, 0.6043
1, 0.3957, 0.6043
1, 0.3957, 0.6043
1, 0.3898, 0.6102
1, 0.3809, 0.6191
1, 0.386, 0.614
1, 0.3871, 0.6129
1, 0.3971, 0.6029
1, 0.378, 0.622
1, 0.3929, 0.6071
1, 0.3971, 0.6029
1, 0.3957, 0.6043
1, 0.3824, 0.6176
1, 0.3871, 0.6129
0, 0.8022, 0.1978
1, 0.393, 0.607
1, 0.3895, 0.6105
1, 0.393, 0.607
1, 0.3903, 0.6097
1, 0.3849, 0.6151
1, 0.3929, 0.6071
1, 0.3926, 0.6074
1, 0.3929, 0.6071
1, 0.3909, 0.6091
1, 0.382, 0.618
1, 0.3941, 0.6059
0, 0.8029, 0.1971
1, 0.3815, 0.6185
1, 0.3941, 0.6059
1, 0.393, 0.607
1, 0.3902, 0.6098
1, 0.3926, 0.6074
0, 0.8034, 0.1966
1, 0.3848, 0.6152
1, 0.3812, 0.6188
1, 0.3898, 0.6102
1, 0.3898, 0.6102
1, 0.3893, 0.6107
1, 0.3827, 0.6173
1, 0.3898, 0.6102
1, 0.3887, 0.6113
1, 0.3902, 0.6098
1, 0.3902, 0.6098
1, 0.3928, 0.6072
1, 0.3825, 0.6175
1, 0.3856, 0.6144
1, 0.3865, 0.6135
0, 0.8049, 0.1951
1, 0.3863, 0.6137
1, 0.3785, 0.6215
1, 0.3811, 0.6189
1, 0.3863, 0.6137
1, 0.3933, 0.6067
1, 0.3926, 0.6074
1, 0.3893, 0.6107
1, 0.3871, 0.6129
1, 0.39, 0.61
1, 0.3894, 0.6106
1, 0.3948, 0.6052
1, 0.3874, 0.6126
1, 0.3827, 0.6173
1, 0.3806, 0.6194
1, 0.3865, 0.6135
1, 0.3954, 0.6046
1, 0.3932, 0.6068
1, 0.3898, 0.6102
1, 0.383, 0.617
1, 0.3902, 0.6098
1, 0.3927, 0.6073
1, 0.3857, 0.6143
1, 0.3908, 0.6092
1, 0.3909, 0.6091
1, 0.3903, 0.6097
1, 0.3925, 0.6075
1, 0.3935, 0.6065
1, 0.3902, 0.6098
1, 0.3905, 0.6095
1, 0.3907, 0.6093
1, 0.3843, 0.6157
1, 0.3876, 0.6124
1, 0.3874, 0.6126
1, 0.3942, 0.6058
1, 0.3929, 0.6071
1, 0.3839, 0.6161
1, 0.3949, 0.6051
1, 0.393, 0.607
1, 0.3893, 0.6107
1, 0.3903, 0.6097
1, 0.3986, 0.6014
1, 0.3903, 0.6097
1, 0.3898, 0.6102
0, 0.8022, 0.1978
1, 0.3836, 0.6164
1, 0.3957, 0.6043
1, 0.3893, 0.6107
1, 0.3898, 0.6102
1, 0.3819, 0.6181
1, 0.3852, 0.6148
1, 0.3939, 0.6061
1, 0.3834, 0.6166
1, 0.3854, 0.6146
1, 0.3871, 0.6129
1, 0.3957, 0.6043
1, 0.3874, 0.6126
1, 0.3926, 0.6074
1, 0.3762, 0.6238
1, 0.3817, 0.6183
1, 0.3918, 0.6082
1, 0.3943, 0.6057
1, 0.3944, 0.6056
1, 0.387, 0.613
1, 0.3925, 0.6075
1, 0.3855, 0.6145
1, 0.3874, 0.6126
1, 0.3911, 0.6089
1, 0.3935, 0.6065
0, 0.8027, 0.1973
1, 0.38, 0.62
1, 0.3892, 0.6108
1, 0.3924, 0.6076
1, 0.3845, 0.6155
0, 0.8038, 0.1962
1, 0.38, 0.62
1, 0.3878, 0.6122
1, 0.3819, 0.6181
1, 0.38, 0.62
1, 0.3915, 0.6085
1, 0.3882, 0.6118
1, 0.3841, 0.6159
1, 0.3915, 0.6085
1, 0.3903, 0.6097
1, 0.3899, 0.6101
1, 0.3908, 0.6092
1, 0.3905, 0.6095
1, 0.3807, 0.6193
1, 0.3875, 0.6125
1, 0.3944, 0.6056
1, 0.3817, 0.6183
1, 0.3918, 0.6082
1, 0.3911, 0.6089
1, 0.3935, 0.6065
0, 0.8033, 0.1967
1, 0.3868, 0.6132
1, 0.3873, 0.6127
0, 0.8052, 0.1948
1, 0.3904, 0.6096
1, 0.3833, 0.6167
1, 0.38, 0.62
1, 0.3882, 0.6118
1, 0.3924, 0.6076
1, 0.3895, 0.6105
1, 0.38, 0.62
1, 0.3935, 0.6065
1, 0.3856, 0.6144
1, 0.3944, 0.6056
1, 0.394, 0.606
1, 0.3927, 0.6073
1, 0.3842, 0.6158
1, 0.3911, 0.6089
1, 0.3814, 0.6186
0, 0.7967, 0.2033
1, 0.3873, 0.6127
1, 0.374, 0.626
1, 0.3887, 0.6113
1, 0.3904, 0.6096
1, 0.3877, 0.6123
1, 0.3899, 0.6101
1, 0.3866, 0.6134
1, 0.3812, 0.6188
1, 0.38, 0.62
1, 0.3876, 0.6124
1, 0.3873, 0.6127
1, 0.3868, 0.6132
1, 0.3931, 0.6069
1, 0.3878, 0.6122
1, 0.394, 0.606
1, 0.3853, 0.6147
1, 0.3841, 0.6159
1, 0.3759, 0.6241
1, 0.3865, 0.6135
1, 0.3874, 0.6126
1, 0.3887, 0.6113
1, 0.3884, 0.6116
1, 0.3817, 0.6183
1, 0.3869, 0.6131
1, 0.3865, 0.6135
0, 0.8021, 0.1979
1, 0.3785, 0.6215
1, 0.3918, 0.6082
1, 0.3843, 0.6157
1, 0.3918, 0.6082
1, 0.38, 0.62
1, 0.3755, 0.6245
1, 0.3805, 0.6195
1, 0.3874, 0.6126
1, 0.3944, 0.6056
1, 0.38, 0.62
1, 0.3935, 0.6065
1, 0.3923, 0.6077
1, 0.3888, 0.6112
1, 0.3838, 0.6162
1, 0.3914, 0.6086
1, 0.3882, 0.6118
1, 0.3918, 0.6082
1, 0.386, 0.614
1, 0.3911, 0.6089
1, 0.3881, 0.6119
0, 0.8025, 0.1975
1, 0.388, 0.612
1, 0.3884, 0.6116
1, 0.3901, 0.6099
1, 0.3883, 0.6117
1, 0.3873, 0.6127
1, 0.3851, 0.6149
1, 0.3887, 0.6113
0, 0.8026, 0.1974
1, 0.3817, 0.6183
1, 0.3945, 0.6055
1, 0.3781, 0.6219
1, 0.3812, 0.6188
1, 0.391, 0.609
1, 0.3791, 0.6209
1, 0.3904, 0.6096
1, 0.3921, 0.6079
1, 0.3759, 0.6241
1, 0.3874, 0.6126
1, 0.3882, 0.6118
1, 0.3816, 0.6184
1, 0.38, 0.62
1, 0.3944, 0.6056
1, 0.3916, 0.6084
1, 0.3908, 0.6092
1, 0.3817, 0.6183
1, 0.38, 0.62
1, 0.3872, 0.6128
1, 0.3918, 0.6082
1, 0.3935, 0.6065
1, 0.3911, 0.6089
1, 0.3789, 0.6211
1, 0.3838, 0.6162
0, 0.8027, 0.1973
1, 0.3921, 0.6079
1, 0.3858, 0.6142
1, 0.3881, 0.6119
1, 0.3902, 0.6098
1, 0.388, 0.612
1, 0.3906, 0.6094
0, 0.8026, 0.1974
1, 0.3867, 0.6133
1, 0.3895, 0.6105
1, 0.3826, 0.6174
1, 0.3936, 0.6064
1, 0.3892, 0.6108
1, 0.3873, 0.6127
1, 0.3935, 0.6065
1, 0.3782, 0.6218
1, 0.3916, 0.6084
1, 0.3911, 0.6089
1, 0.3865, 0.6135
0, 0.7972, 0.2028
1, 0.3803, 0.6197
1, 0.3884, 0.6116
1, 0.382, 0.618
1, 0.3916, 0.6084
1, 0.3887, 0.6113
1, 0.388, 0.612
1, 0.3916, 0.6084
1, 0.3901, 0.6099
1, 0.38, 0.62
1, 0.3893, 0.6107
1, 0.3739, 0.6261
1, 0.3944, 0.6056
1, 0.3857, 0.6143
1, 0.3914, 0.6086
1, 0.3852, 0.6148
1, 0.3809, 0.6191
1, 0.3887, 0.6113
1, 0.3817, 0.6183
1, 0.3859, 0.6141
1, 0.3823, 0.6177
1, 0.3909, 0.6091
1, 0.3872, 0.6128
1, 0.3924, 0.6076
1, 0.3831, 0.6169
1, 0.3788, 0.6212
1, 0.3831, 0.6169
1, 0.3823, 0.6177
1, 0.38, 0.62
1, 0.3895, 0.6105
1, 0.3908, 0.6092
1, 0.3916, 0.6084
1, 0.3918, 0.6082
1, 0.3858, 0.6142
0, 0.7973, 0.2027
1, 0.3803, 0.6197
1, 0.3812, 0.6188
1, 0.3883, 0.6117
1, 0.3881, 0.6119
1, 0.3754, 0.6246
1, 0.3882, 0.6118
1, 0.3874, 0.6126
1, 0.3934, 0.6066
1, 0.3842, 0.6158
1, 0.3851, 0.6149
1, 0.3908, 0.6092
0, 0.8026, 0.1974
1, 0.3916, 0.6084
1, 0.38, 0.62
1, 0.3817, 0.6183
0, 0.8027, 0.1973
1, 0.388, 0.612
1, 0.3887, 0.6113
1, 0.3839, 0.6161
1, 0.3915, 0.6085
1, 0.3779, 0.6221
1, 0.3791, 0.6209
1, 0.3901, 0.6099
1, 0.3918, 0.6082
1, 0.3883, 0.6117
1, 0.38, 0.62
1, 0.3911, 0.6089
1, 0.3921, 0.6079
1, 0.3872, 0.6128
1, 0.3935, 0.6065
1, 0.3944, 0.6056
1, 0.3842, 0.6158
1, 0.3867, 0.6133
1, 0.3918, 0.6082
1, 0.3826, 0.6174
0, 0.7972, 0.2028
1, 0.391, 0.609
1, 0.3884, 0.6116
1, 0.3916, 0.6084
1, 0.3786, 0.6214
1, 0.3877, 0.6123
1, 0.3936, 0.6064
1, 0.3875, 0.6125
1, 0.3874, 0.6126
1, 0.381, 0.619
1, 0.3908, 0.6092
1, 0.3902, 0.6098
1, 0.3833, 0.6167
1, 0.3935, 0.6065
1, 0.3865, 0.6135
1, 0.3887, 0.6113
1, 0.38, 0.62
0, 0.7991, 0.2009
1, 0.3911, 0.6089
1, 0.3911, 0.6089
1, 0.38, 0.62
1, 0.3918, 0.6082
1, 0.3739, 0.6261
1, 0.3906, 0.6094
1, 0.3854, 0.6146
1, 0.3944, 0.6056
1, 0.3885, 0.6115
1, 0.3918, 0.6082
1, 0.3939, 0.6061
1, 0.3849, 0.6151
1, 0.3811, 0.6189
1, 0.3864, 0.6136
1, 0.3893, 0.6107
1, 0.3862, 0.6138
1, 0.3789, 0.6211
1, 0.3881, 0.6119
1, 0.3922, 0.6078
1, 0.3817, 0.6183
1, 0.3885, 0.6115
1, 0.3905, 0.6095
1, 0.38, 0.62
1, 0.3882, 0.6118
1, 0.379, 0.621
1, 0.3857, 0.6143
1, 0.3935, 0.6065
1, 0.3823, 0.6177
1, 0.3936, 0.6064
1, 0.388, 0.612
1, 0.3888, 0.6112
1, 0.3838, 0.6162
1, 0.3896, 0.6104
0, 0.8023, 0.1977
1, 0.3758, 0.6242
1, 0.3759, 0.6241
1, 0.3786, 0.6214
1, 0.3895, 0.6105
1, 0.3817, 0.6183
1, 0.3873, 0.6127
1, 0.3861, 0.6139
1, 0.3926, 0.6074
1, 0.3911, 0.6089
1, 0.3875, 0.6125
1, 0.3918, 0.6082
1, 0.387, 0.613
0, 0.8003, 0.1997
1, 0.3817, 0.6183
1, 0.3952, 0.6048
1, 0.3867, 0.6133
1, 0.3879, 0.6121
1, 0.3849, 0.6151
1, 0.3944, 0.6056
1, 0.3877, 0.6123
1, 0.3923, 0.6077
0, 0.804, 0.196
1, 0.387, 0.613
1, 0.3798, 0.6202
1, 0.3962, 0.6038
1, 0.3885, 0.6115
1, 0.3825, 0.6175
1, 0.3944, 0.6056
1, 0.3918, 0.6082
1, 0.38, 0.62
1, 0.3882, 0.6118
1, 0.3949, 0.6051
1, 0.3935, 0.6065
1, 0.3911, 0.6089
1, 0.3868, 0.6132
1, 0.3785, 0.6215
1, 0.3843, 0.6157
1, 0.3817, 0.6183
1, 0.3892, 0.6108
1, 0.38, 0.62
1, 0.3887, 0.6113
1, 0.3885, 0.6115
0, 0.8028, 0.1972
1, 0.3819, 0.6181
1, 0.3817, 0.6183
1, 0.3913, 0.6087
1, 0.3918, 0.6082
1, 0.3873, 0.6127
1, 0.3868, 0.6132
1, 0.3947, 0.6053
1, 0.3873, 0.6127
1, 0.38, 0.62
1, 0.3905, 0.6095
1, 0.3752, 0.6248
1, 0.3916, 0.6084
1, 0.3817, 0.6183
1, 0.3859, 0.6141
1, 0.3929, 0.6071
1, 0.3865, 0.6135
1, 0.3911, 0.6089
1, 0.3874, 0.6126
1, 0.3878, 0.6122
1, 0.3897, 0.6103
0, 0.8024, 0.1976
1, 0.394, 0.606
1, 0.3944, 0.6056
1, 0.3886, 0.6114
1, 0.3884, 0.6116
1, 0.3939, 0.6061
1, 0.3935, 0.6065
1, 0.3785, 0.6215
1, 0.3827, 0.6173
1, 0.3807, 0.6193
1, 0.3759, 0.6241
1, 0.3671, 0.6329
1, 0.3922, 0.6078
1, 0.3901, 0.6099
0, 0.7982, 0.2018
1, 0.3848, 0.6152
1, 0.3863, 0.6137
1, 0.3887, 0.6113
1, 0.3865, 0.6135
1, 0.386, 0.614
1, 0.3693, 0.6307
1, 0.3923, 0.6077
1, 0.3932, 0.6068
1, 0.3861, 0.6139
1, 0.392, 0.608
1, 0.3944, 0.6056
1, 0.3848, 0.6152
1, 0.3867, 0.6133
1, 0.3803, 0.6197
1, 0.3946, 0.6054
1, 0.3861, 0.6139
1, 0.3858, 0.6142
1, 0.3931, 0.6069
1, 0.3924, 0.6076
1, 0.3944, 0.6056
1, 0.3892, 0.6108
1, 0.3929, 0.6071
1, 0.3846, 0.6154
1, 0.3911, 0.6089
1, 0.3918, 0.6082
1, 0.3858, 0.6142
1, 0.3817, 0.6183
1, 0.38, 0.62
1, 0.3703, 0.6297
0, 0.7972, 0.2028
1, 0.3918, 0.6082
1, 0.3875, 0.6125
1, 0.3905, 0.6095
1, 0.3909, 0.6091
1, 0.391, 0.609
1, 0.3935, 0.6065
1, 0.3759, 0.6241
1, 0.3918, 0.6082
1, 0.3869, 0.6131
1, 0.3867, 0.6133
1, 0.3679, 0.6321
1, 0.3874, 0.6126
1, 0.3939, 0.6061
1, 0.3941, 0.6059
1, 0.3815, 0.6185
1, 0.3887, 0.6113
0, 0.7973, 0.2027
1, 0.3945, 0.6055
1, 0.3736, 0.6264
1, 0.3873, 0.6127
1, 0.3886, 0.6114
1, 0.3917, 0.6083
1, 0.391, 0.609
1, 0.3918, 0.6082
1, 0.3863, 0.6137
1, 0.3913, 0.6087
1, 0.3924, 0.6076
1, 0.3874, 0.6126
1, 0.3715, 0.6285
1, 0.3875, 0.6125
1, 0.3876, 0.6124
1, 0.3938, 0.6062
1, 0.3844, 0.6156
1, 0.3884, 0.6116
1, 0.3785, 0.6215
1, 0.3833, 0.6167
1, 0.3853, 0.6147
1, 0.3907, 0.6093
1, 0.3859, 0.6141
1, 0.3881, 0.6119
1, 0.3947, 0.6053
1, 0.3927, 0.6073
1, 0.3875, 0.6125
1, 0.3867, 0.6133
1, 0.3873, 0.6127
1, 0.3863, 0.6137
1, 0.3861, 0.6139
1, 0.394, 0.606
1, 0.394, 0.606
1, 0.3862, 0.6138
1, 0.3844, 0.6156
1, 0.3884, 0.6116
1, 0.3924, 0.6076
1, 0.3743, 0.6257
1, 0.3944, 0.6056
1, 0.3875, 0.6125
1, 0.3945, 0.6055
1, 0.3918, 0.6082
1, 0.3867, 0.6133
1, 0.3707, 0.6293
1, 0.3874, 0.6126
1, 0.3817, 0.6183
1, 0.3803, 0.6197
1, 0.3864, 0.6136
1, 0.3941, 0.6059
1, 0.3679, 0.6321
1, 0.3911, 0.6089
1, 0.3918, 0.6082
1, 0.3887, 0.6113
1, 0.3873, 0.6127
1, 0.38, 0.62
1, 0.3924, 0.6076
1, 0.3935, 0.6065
1, 0.3933, 0.6067
1, 0.3876, 0.6124
1, 0.3887, 0.6113
1, 0.3918, 0.6082
1, 0.3855, 0.6145
1, 0.3868, 0.6132
1, 0.3874, 0.6126
1, 0.391, 0.609
1, 0.3899, 0.6101
1, 0.3717, 0.6283
1, 0.3946, 0.6054
0, 0.7982, 0.2018
1, 0.3777, 0.6223
1, 0.3881, 0.6119
1, 0.3913, 0.6087
1, 0.3924, 0.6076
1, 0.3907, 0.6093
1, 0.3865, 0.6135
1, 0.3939, 0.6061
1, 0.3917, 0.6083
1, 0.3875, 0.6125
1, 0.3759, 0.6241
1, 0.3877, 0.6123
1, 0.3886, 0.6114
0, 0.8025, 0.1975
1, 0.3914, 0.6086
1, 0.3888, 0.6112
1, 0.3918, 0.6082
1, 0.3748, 0.6252
1, 0.3916, 0.6084
1, 0.3945, 0.6055
1, 0.3916, 0.6084
1, 0.3935, 0.6065
1, 0.4504, 0.5496
1, 0.4565, 0.5435
1, 0.4499, 0.5501
1, 0.4569, 0.5431
1, 0.4638, 0.5362
1, 0.425, 0.575
1, 0.4209, 0.5791
1, 0.3696, 0.6304
1, 0.3708, 0.6292
1, 0.3605, 0.6395
1, 0.3602, 0.6398
1, 0.2473, 0.7527
1, 0.3757, 0.6243
1, 0.3764, 0.6236
1, 0.3687, 0.6313
1, 0.3611, 0.6389
1, 0.3872, 0.6128
1, 0.3909, 0.6091
1, 0.3869, 0.6131
1, 0.3799, 0.6201
1, 0.3879, 0.6121
1, 0.4002, 0.5998
1, 0.4044, 0.5956
1, 0.3803, 0.6197
1, 0.3946, 0.6054
1, 0.3831, 0.6169
1, 0.3825, 0.6175
1, 0.4045, 0.5955
1, 0.3805, 0.6195
1, 0.3997, 0.6003
1, 0.3791, 0.6209
1, 0.3786, 0.6214
1, 0.3834, 0.6166
1, 0.3893, 0.6107
0, 0.6596, 0.3404
0, 0.6725, 0.3275
0, 0.6596, 0.3404
0, 0.7718, 0.2282
0, 0.6713, 0.3287
0, 0.6717, 0.3283
0, 0.7839, 0.2161
0, 0.6711, 0.3289
0, 0.7736, 0.2264
0, 0.6726, 0.3274
0, 0.6717, 0.3283
0, 0.6717, 0.3283
0, 0.649, 0.351
0, 0.7809, 0.2191
0, 0.6711, 0.3289
0, 0.7891, 0.2109
0, 0.7891, 0.2109
0, 0.6596, 0.3404
0, 0.7839, 0.2161
0, 0.7736, 0.2264
0, 0.649, 0.351
0, 0.7809, 0.2191
0, 0.6717, 0.3283
0, 0.6711, 0.3289
0, 0.6717, 0.3283
0, 0.6714, 0.3286
0, 0.8494, 0.1506
0, 0.6712, 0.3288
0, 0.849, 0.151
0, 0.8533, 0.1467
0, 0.7864, 0.2136
0, 0.7773, 0.2227
0, 0.7878, 0.2122
0, 0.6169, 0.3831
0, 0.7862, 0.2138
0, 0.8469, 0.1531
0, 0.7536, 0.2464
0, 0.6018, 0.3982
0, 0.7464, 0.2536
0, 0.7497, 0.2503
0, 0.5995, 0.4005
0, 0.602, 0.398
0, 0.7534, 0.2466
0, 0.6018, 0.3982
0, 0.7526, 0.2474
0, 0.5997, 0.4003
0, 0.5997, 0.4003
0, 0.7329, 0.2671
0, 0.5436, 0.4564
0, 0.7474, 0.2526
0, 0.5997, 0.4003
0, 0.7404, 0.2596
0, 0.7472, 0.2528
0, 0.7484, 0.2516
0, 0.7538, 0.2462
0, 0.7472, 0.2528
0, 0.7536, 0.2464
0, 0.7538, 0.2462
0, 0.6008, 0.3992
0, 0.7513, 0.2487
0, 0.7803, 0.2197
0, 0.8515, 0.1485
0, 0.7872, 0.2128
0, 0.7873, 0.2127
1, 0.3808, 0.6192
1, 0.392, 0.608
1, 0.3768, 0.6232
1, 0.4121, 0.5879
1, 0.3774, 0.6226
1, 0.426, 0.574
1, 0.3734, 0.6266
1, 0.3735, 0.6265
1, 0.4261, 0.5739
1, 0.3752, 0.6248
1, 0.385, 0.615
1, 0.3734, 0.6266
1, 0.3775, 0.6225
1, 0.4172, 0.5828
1, 0.3835, 0.6165
1, 0.3816, 0.6184
1, 0.3764, 0.6236
1, 0.4167, 0.5833
1, 0.3744, 0.6256
1, 0.4245, 0.5755
1, 0.3715, 0.6285
1, 0.3748, 0.6252
1, 0.3802, 0.6198
1, 0.4196, 0.5804
1, 0.4164, 0.5836
1, 0.3757, 0.6243
1, 0.3764, 0.6236
1, 0.38, 0.62
1, 0.3721, 0.6279
1, 0.3706, 0.6294
1, 0.4202, 0.5798
1, 0.3895, 0.6105
1, 0.3849, 0.6151
1, 0.3879, 0.6121
1, 0.3758, 0.6242
1, 0.3812, 0.6188
1, 0.3786, 0.6214
1, 0.385, 0.615
1, 0.3948, 0.6052
1, 0.3843, 0.6157
1, 0.3848, 0.6152
1, 0.3863, 0.6137
1, 0.3749, 0.6251
1, 0.3841, 0.6159
1, 0.3916, 0.6084
1, 0.3772, 0.6228
1, 0.3873, 0.6127
1, 0.3842, 0.6158
1, 0.3866, 0.6134
1, 0.3863, 0.6137
1, 0.3807, 0.6193
1, 0.3853, 0.6147
1, 0.3862, 0.6138
1, 0.3855, 0.6145
1, 0.3875, 0.6125
1, 0.3834, 0.6166
1, 0.3862, 0.6138
1, 0.3727, 0.6273
1, 0.388, 0.612
1, 0.3832, 0.6168
1, 0.3783, 0.6217
1, 0.3826, 0.6174
1, 0.3789, 0.6211
1, 0.3757, 0.6243
1, 0.3875, 0.6125
1, 0.3871, 0.6129
1, 0.4607, 0.5393
1, 0.4607, 0.5393
1, 0.434, 0.566
1, 0.4708, 0.5292
1, 0.4716, 0.5284
1, 0.471, 0.529
1, 0.4662, 0.5338
1, 0.4652, 0.5348
1, 0.4416, 0.5584
1, 0.4417, 0.5583
1, 0.4514, 0.5486
1, 0.4592, 0.5408
1, 0.3895, 0.6105
1, 0.4362, 0.5638
1, 0.4658, 0.5342
1, 0.3897, 0.6103
1, 0.3801, 0.6199
1, 0.439, 0.561
1, 0.3867, 0.6133
1, 0.461, 0.539
1, 0.4359, 0.5641
1, 0.439, 0.561
1, 0.4602, 0.5398
1, 0.4715, 0.5285
1, 0.3828, 0.6172
1, 0.4437, 0.5563
1, 0.4327, 0.5673
1, 0.4441, 0.5559
1, 0.3888, 0.6112
1, 0.4378, 0.5622
1, 0.4378, 0.5622
1, 0.3888, 0.6112
1, 0.4335, 0.5665
1, 0.459, 0.541
1, 0.4596, 0.5404
1, 0.4393, 0.5607
1, 0.4338, 0.5662
1, 0.4414, 0.5586
1, 0.4364, 0.5636
1, 0.4358, 0.5642
1, 0.431, 0.569
1, 0.4135, 0.5865
1, 0.3756, 0.6244
1, 0.3784, 0.6216
1, 0.3797, 0.6203
1, 0.3718, 0.6282
1, 0.3837, 0.6163
1, 0.3827, 0.6173
1, 0.377, 0.623
1, 0.3703, 0.6297
1, 0.3697, 0.6303
1, 0.3714, 0.6286
1, 0.3762, 0.6238
1, 0.3785, 0.6215
1, 0.3766, 0.6234
1, 0.3777, 0.6223
1, 0.3691, 0.6309
1, 0.371, 0.629
1, 0.37, 0.63
1, 0.3727, 0.6273
1, 0.378, 0.622
1, 0.3788, 0.6212
1, 0.4287, 0.5713
1, 0.3602, 0.6398
1, 0.3728, 0.6272
1, 0.3777, 0.6223
1, 0.3794, 0.6206
1, 0.3777, 0.6223
1, 0.3777, 0.6223
1, 0.3832, 0.6168
1, 0.375, 0.625
1, 0.3845, 0.6155
1, 0.3823, 0.6177
1, 0.3811, 0.6189
1, 0.382, 0.618
1, 0.3815, 0.6185
1, 0.3819, 0.6181
1, 0.3775, 0.6225
1, 0.3711, 0.6289
1, 0.3755, 0.6245
1, 0.3733, 0.6267
1, 0.3777, 0.6223
1, 0.3733, 0.6267
1, 0.3709, 0.6291
1, 0.3752, 0.6248
1, 0.3769, 0.6231
1, 0.3724, 0.6276
1, 0.3728, 0.6272
1, 0.3728, 0.6272
1, 0.3728, 0.6272
1, 0.374, 0.626
1, 0.377, 0.623
1, 0.3687, 0.6313
1, 0.3801, 0.6199
1, 0.3706, 0.6294
1, 0.377, 0.623
1, 0.3782, 0.6218
1, 0.3686, 0.6314
1, 0.3725, 0.6275
1, 0.3731, 0.6269
1, 0.3827, 0.6173
1, 0.3724, 0.6276
1, 0.381, 0.619
1, 0.3756, 0.6244
1, 0.3791, 0.6209
1, 0.3763, 0.6237
1, 0.3754, 0.6246
1, 0.372, 0.628
1, 0.3716, 0.6284
1, 0.3696, 0.6304
1, 0.3775, 0.6225
1, 0.3717, 0.6283
1, 0.3739, 0.6261
1, 0.3769, 0.6231
1, 0.3741, 0.6259
1, 0.3752, 0.6248
1, 0.3713, 0.6287
1, 0.3723, 0.6277
1, 0.3724, 0.6276
1, 0.3765, 0.6235
1, 0.3796, 0.6204
1, 0.377, 0.623
1, 0.3794, 0.6206
1, 0.3794, 0.6206
1, 0.3789, 0.6211
1, 0.377, 0.623
1, 0.3819, 0.6181
1, 0.3758, 0.6242
1, 0.3828, 0.6172
1, 0.3833, 0.6167
1, 0.3784, 0.6216
1, 0.3829, 0.6171
1, 0.3662, 0.6338
1, 0.3755, 0.6245
1, 0.3872, 0.6128
1, 0.3793, 0.6207
1, 0.3747, 0.6253
1, 0.3767, 0.6233
1, 0.3826, 0.6174
1, 0.3789, 0.6211
1, 0.3839, 0.6161
1, 0.3788, 0.6212
1, 0.3766, 0.6234
1, 0.3828, 0.6172
1, 0.3696, 0.6304
1, 0.3696, 0.6304
1, 0.3721, 0.6279
1, 0.3714, 0.6286
1, 0.373, 0.627
1, 0.3775, 0.6225
1, 0.3772, 0.6228
1, 0.3791, 0.6209
1, 0.3607, 0.6393
1, 0.3558, 0.6442
1, 0.3709, 0.6291
1, 0.3673, 0.6327
1, 0.3683, 0.6317
1, 0.3607, 0.6393
1, 0.364, 0.636
1, 0.3577, 0.6423
1, 0.3641, 0.6359
1, 0.3607, 0.6393
1, 0.3813, 0.6187
1, 0.3761, 0.6239
1, 0.3803, 0.6197
1, 0.3794, 0.6206
1, 0.3736, 0.6264
1, 0.3754, 0.6246
1, 0.3756, 0.6244
1, 0.3834, 0.6166
1, 0.365, 0.635
1, 0.3681, 0.6319
1, 0.3607, 0.6393
1, 0.3734, 0.6266
1, 0.3607, 0.6393
1, 0.3679, 0.6321
1, 0.3734, 0.6266
1, 0.365, 0.635
1, 0.3732, 0.6268
1, 0.3735, 0.6265
1, 0.3706, 0.6294
1, 0.3626, 0.6374
1, 0.3641, 0.6359
1, 0.3709, 0.6291
1, 0.3607, 0.6393
1, 0.3614, 0.6386
1, 0.3707, 0.6293
1, 0.3733, 0.6267
1, 0.3726, 0.6274
1, 0.3781, 0.6219
1, 0.3582, 0.6418
1, 0.3799, 0.6201
1, 0.3755, 0.6245
1, 0.3692, 0.6308
1, 0.3788, 0.6212
1, 0.3727, 0.6273
1, 0.3567, 0.6433
1, 0.3747, 0.6253
1, 0.3755, 0.6245
1, 0.3605, 0.6395
1, 0.3664, 0.6336
1, 0.3693, 0.6307
1, 0.3641, 0.6359
1, 0.3762, 0.6238
1, 0.3718, 0.6282
1, 0.3607, 0.6393
1, 0.3681, 0.6319
1, 0.3711, 0.6289
1, 0.36, 0.64
1, 0.3593, 0.6407
1, 0.3681, 0.6319
1, 0.3581, 0.6419
1, 0.3607, 0.6393
1, 0.3718, 0.6282
1, 0.3587, 0.6413
1, 0.3731, 0.6269
1, 0.3781, 0.6219
1, 0.3841, 0.6159
1, 0.3731, 0.6269
1, 0.3781, 0.6219
1, 0.376, 0.624
1, 0.3603, 0.6397
1, 0.365, 0.635
1, 0.37, 0.63
1, 0.367, 0.633
1, 0.3674, 0.6326
1, 0.3727, 0.6273
1, 0.3542, 0.6458
1, 0.38, 0.62
1, 0.374, 0.626
1, 0.38, 0.62
1, 0.379, 0.621
1, 0.3788, 0.6212
1, 0.3756, 0.6244
1, 0.3732, 0.6268
1, 0.3832, 0.6168
1, 0.3812, 0.6188
1, 0.3797, 0.6203
1, 0.3815, 0.6185
1, 0.3812, 0.6188
1, 0.3859, 0.6141
1, 0.3855, 0.6145
1, 0.3795, 0.6205
1, 0.3756, 0.6244
1, 0.3668, 0.6332
1, 0.3746, 0.6254
1, 0.3634, 0.6366
1, 0.3657, 0.6343
1, 0.356, 0.644
1, 0.3571, 0.6429
1, 0.3731, 0.6269
1, 0.38, 0.62
1, 0.3735, 0.6265
1, 0.3736, 0.6264
1, 0.3656, 0.6344
1, 0.3587, 0.6413
1, 0.3841, 0.6159
1, 0.3722, 0.6278
1, 0.376, 0.624
1, 0.3603, 0.6397
1, 0.373, 0.627
1, 0.3542, 0.6458
1, 0.3781, 0.6219
1, 0.3732, 0.6268
1, 0.3781, 0.6219
1, 0.3674, 0.6326
1, 0.3668, 0.6332
1, 0.3607, 0.6393
1, 0.3616, 0.6384
1, 0.3741, 0.6259
1, 0.3705, 0.6295
1, 0.3718, 0.6282
1, 0.3758, 0.6242
1, 0.3659, 0.6341
1, 0.3715, 0.6285
1, 0.3776, 0.6224
1, 0.3655, 0.6345
1, 0.3607, 0.6393
1, 0.3564, 0.6436
1, 0.3614, 0.6386
1, 0.3579, 0.6421
1, 0.3607, 0.6393
1, 0.3641, 0.6359
1, 0.3679, 0.6321
1, 0.3714, 0.6286
1, 0.3607, 0.6393
1, 0.3567, 0.6433
1, 0.3607, 0.6393
1, 0.3601, 0.6399
1, 0.3793, 0.6207
1, 0.3614, 0.6386
1, 0.378, 0.622
1, 0.3778, 0.6222
1, 0.365, 0.635
1, 0.3571, 0.6429
1, 0.3607, 0.6393
1, 0.3823, 0.6177
1, 0.3607, 0.6393
1, 0.3774, 0.6226
1, 0.3773, 0.6227
1, 0.3586, 0.6414
1, 0.3642, 0.6358
1, 0.3732, 0.6268
1, 0.3751, 0.6249
1, 0.372, 0.628
1, 0.3614, 0.6386
1, 0.3716, 0.6284
1, 0.3658, 0.6342
1, 0.3607, 0.6393
1, 0.3573, 0.6427
1, 0.3774, 0.6226
1, 0.3614, 0.6386
1, 0.376, 0.624
1, 0.3732, 0.6268
1, 0.3607, 0.6393
1, 0.3626, 0.6374
1, 0.3744, 0.6256
1, 0.3789, 0.6211
1, 0.3563, 0.6437
1, 0.3617, 0.6383
1, 0.3702, 0.6298
1, 0.3641, 0.6359
1, 0.3776, 0.6224
1, 0.3623, 0.6377
1, 0.3526, 0.6474
1, 0.3746, 0.6254
1, 0.3721, 0.6279
1, 0.3726, 0.6274
1, 0.3744, 0.6256
1, 0.3632, 0.6368
1, 0.3607, 0.6393
1, 0.355, 0.645
1, 0.3668, 0.6332
1, 0.3642, 0.6358
1, 0.3581, 0.6419
1, 0.3756, 0.6244
1, 0.3742, 0.6258
1, 0.3733, 0.6267
1, 0.3704, 0.6296
1, 0.3744, 0.6256
1, 0.38, 0.62
1, 0.3708, 0.6292
1, 0.3681, 0.6319
1, 0.3738, 0.6262
1, 0.3723, 0.6277
1, 0.3778, 0.6222
1, 0.3767, 0.6233
1, 0.3752, 0.6248
1, 0.3756, 0.6244
1, 0.3724, 0.6276
1, 0.3687, 0.6313
1, 0.373, 0.627
1, 0.3673, 0.6327
1, 0.3751, 0.6249
1, 0.3756, 0.6244
1, 0.3775, 0.6225
1, 0.3661, 0.6339
1, 0.377, 0.623
1, 0.3768, 0.6232
1, 0.3763, 0.6237
1, 0.3776, 0.6224
1, 0.3702, 0.6298
1, 0.3754, 0.6246
1, 0.3751, 0.6249
1, 0.3755, 0.6245
1, 0.3743, 0.6257
1, 0.3767, 0.6233
1, 0.3743, 0.6257
1, 0.3743, 0.6257
1, 0.377, 0.623
1, 0.375, 0.625
1, 0.3727, 0.6273
1, 0.3753, 0.6247
1, 0.3685, 0.6315
1, 0.3752, 0.6248
1, 0.3764, 0.6236
1, 0.376, 0.624
1, 0.3753, 0.6247
1, 0.365, 0.635
1, 0.3776, 0.6224
1, 0.3752, 0.6248
1, 0.3618, 0.6382
1, 0.3642, 0.6358
1, 0.3618, 0.6382
1, 0.3782, 0.6218
1, 0.3794, 0.6206
1, 0.3781, 0.6219
1, 0.3789, 0.6211
1, 0.3748, 0.6252
1, 0.3802, 0.6198
1, 0.3752, 0.6248
1, 0.3777, 0.6223
1, 0.3689, 0.6311
1, 0.3801, 0.6199
1, 0.3607, 0.6393
1, 0.3644, 0.6356
1, 0.358, 0.642
1, 0.3497, 0.6503
1, 0.3654, 0.6346
1, 0.3585, 0.6415
1, 0.375, 0.625
1, 0.3641, 0.6359
1, 0.375, 0.625
1, 0.3801, 0.6199
1, 0.3556, 0.6444
1, 0.361, 0.639
1, 0.3788, 0.6212
1, 0.373, 0.627
1, 0.3772, 0.6228
1, 0.3623, 0.6377
1, 0.3738, 0.6262
1, 0.3764, 0.6236
1, 0.3615, 0.6385
1, 0.3728, 0.6272
1, 0.3791, 0.6209
1, 0.3743, 0.6257
1, 0.372, 0.628
1, 0.3793, 0.6207
1, 0.3718, 0.6282
1, 0.3728, 0.6272
1, 0.3752, 0.6248
1, 0.3732, 0.6268
1, 0.3727, 0.6273
1, 0.3696, 0.6304
1, 0.372, 0.628
1, 0.3717, 0.6283
1, 0.3805, 0.6195
1, 0.3756, 0.6244
1, 0.3756, 0.6244
1, 0.3775, 0.6225
1, 0.3765, 0.6235
1, 0.373, 0.627
1, 0.3572, 0.6428
1, 0.3775, 0.6225
1, 0.3751, 0.6249
1, 0.3738, 0.6262
1, 0.373, 0.627
1, 0.373, 0.627
1, 0.3728, 0.6272
1, 0.3749, 0.6251
1, 0.3728, 0.6272
1, 0.3751, 0.6249
1, 0.3751, 0.6249
1, 0.3751, 0.6249
1, 0.3644, 0.6356
1, 0.3795, 0.6205
1, 0.3786, 0.6214
1, 0.3686, 0.6314
1, 0.373, 0.627
1, 0.3724, 0.6276
1, 0.3749, 0.6251
1, 0.3732, 0.6268
1, 0.3666, 0.6334
1, 0.3764, 0.6236
1, 0.3607, 0.6393
1, 0.3795, 0.6205
1, 0.366, 0.634
1, 0.3781, 0.6219
1, 0.3764, 0.6236
1, 0.3724, 0.6276
1, 0.3771, 0.6229
1, 0.3742, 0.6258
1, 0.3607, 0.6393
1, 0.3644, 0.6356
1, 0.3734, 0.6266
1, 0.3776, 0.6224
1, 0.363, 0.637
1, 0.3745, 0.6255
1, 0.371, 0.629
1, 0.3739, 0.6261
1, 0.373, 0.627
1, 0.377, 0.623
1, 0.3671, 0.6329
1, 0.3767, 0.6233
1, 0.3772, 0.6228
1, 0.3678, 0.6322
1, 0.3777, 0.6223
1, 0.3759, 0.6241
1, 0.3742, 0.6258
1, 0.3696, 0.6304
1, 0.3658, 0.6342
1, 0.3712, 0.6288
1, 0.3671, 0.6329
1, 0.3707, 0.6293
1, 0.3729, 0.6271
1, 0.3761, 0.6239
1, 0.3681, 0.6319
1, 0.3707, 0.6293
1, 0.3799, 0.6201
1, 0.3781, 0.6219
1, 0.3769, 0.6231
1, 0.3721, 0.6279
1, 0.3763, 0.6237
1, 0.3793, 0.6207
1, 0.3773, 0.6227
1, 0.3794, 0.6206
1, 0.3798, 0.6202
1, 0.3732, 0.6268
1, 0.3768, 0.6232
1, 0.3688, 0.6312
1, 0.3692, 0.6308
1, 0.3755, 0.6245
1, 0.3776, 0.6224
1, 0.3782, 0.6218
1, 0.3692, 0.6308
1, 0.3764, 0.6236
1, 0.3799, 0.6201
1, 0.3764, 0.6236
1, 0.3803, 0.6197
1, 0.3766, 0.6234
1, 0.3765, 0.6235
1, 0.3778, 0.6222
1, 0.3777, 0.6223
1, 0.3823, 0.6177
1, 0.3746, 0.6254
1, 0.3779, 0.6221
1, 0.3801, 0.6199
1, 0.3814, 0.6186
1, 0.3779, 0.6221
1, 0.3753, 0.6247
1, 0.3687, 0.6313
1, 0.3815, 0.6185
1, 0.3794, 0.6206
1, 0.3823, 0.6177
1, 0.38, 0.62
1, 0.3823, 0.6177
1, 0.3799, 0.6201
1, 0.3798, 0.6202
1, 0.3778, 0.6222
1, 0.3794, 0.6206
1, 0.3739, 0.6261
1, 0.3752, 0.6248
1, 0.378, 0.622
1, 0.3795, 0.6205
1, 0.3747, 0.6253
1, 0.3777, 0.6223
1, 0.3799, 0.6201
1, 0.3796, 0.6204
1, 0.3778, 0.6222
1, 0.3768, 0.6232
1, 0.3797, 0.6203
1, 0.376, 0.624
1, 0.3785, 0.6215
1, 0.3823, 0.6177
1, 0.3761, 0.6239
1, 0.3752, 0.6248
1, 0.3792, 0.6208
1, 0.3729, 0.6271
1, 0.3777, 0.6223
1, 0.3692, 0.6308
1, 0.3779, 0.6221
1, 0.3709, 0.6291
1, 0.374, 0.626
1, 0.3735, 0.6265
1, 0.3794, 0.6206
1, 0.373, 0.627
1, 0.3779, 0.6221
1, 0.3765, 0.6235
1, 0.3703, 0.6297
1, 0.3735, 0.6265
1, 0.3721, 0.6279
1, 0.3759, 0.6241
1, 0.378, 0.622
1, 0.3798, 0.6202
1, 0.3771, 0.6229
1, 0.3795, 0.6205
1, 0.3804, 0.6196
1, 0.3666, 0.6334
1, 0.3654, 0.6346
1, 0.4228, 0.5772
1, 0.3681, 0.6319
1, 0.4233, 0.5767
1, 0.3784, 0.6216
1, 0.3815, 0.6185
1, 0.3754, 0.6246
1, 0.3727, 0.6273
1, 0.3723, 0.6277
1, 0.3629, 0.6371
1, 0.4226, 0.5774
1, 0.3666, 0.6334
1, 0.4303, 0.5697
1, 0.4225, 0.5775
1, 0.3613, 0.6387
1, 0.4167, 0.5833
1, 0.3788, 0.6212
1, 0.3814, 0.6186
1, 0.3779, 0.6221
1, 0.3797, 0.6203
1, 0.3804, 0.6196
1, 0.3753, 0.6247
1, 0.3735, 0.6265
1, 0.3792, 0.6208
1, 0.3811, 0.6189
1, 0.3796, 0.6204
1, 0.3752, 0.6248
1, 0.3771, 0.6229
1, 0.3734, 0.6266
1, 0.3768, 0.6232
1, 0.3791, 0.6209
1, 0.3732, 0.6268
1, 0.3793, 0.6207
1, 0.3733, 0.6267
1, 0.3728, 0.6272
1, 0.3745, 0.6255
1, 0.3797, 0.6203
1, 0.3707, 0.6293
1, 0.3735, 0.6265
1, 0.3822, 0.6178
1, 0.3735, 0.6265
1, 0.3761, 0.6239
1, 0.3763, 0.6237
1, 0.3745, 0.6255
1, 0.377, 0.623
1, 0.3742, 0.6258
1, 0.3762, 0.6238
1, 0.3755, 0.6245
1, 0.3729, 0.6271
1, 0.3772, 0.6228
1, 0.3697, 0.6303
1, 0.367, 0.633
1, 0.3779, 0.6221
1, 0.3781, 0.6219
1, 0.3777, 0.6223
1, 0.3757, 0.6243
1, 0.3771, 0.6229
1, 0.3768, 0.6232
1, 0.3791, 0.6209
1, 0.3792, 0.6208
1, 0.3771, 0.6229
1, 0.3783, 0.6217
1, 0.3734, 0.6266
1, 0.3743, 0.6257
1, 0.3771, 0.6229
1, 0.4401, 0.5599
1, 0.3778, 0.6222
1, 0.3778, 0.6222
1, 0.3778, 0.6222
1, 0.3774, 0.6226
1, 0.3776, 0.6224
1, 0.3775, 0.6225
1, 0.3796, 0.6204
1, 0.38, 0.62
1, 0.3789, 0.6211
1, 0.3798, 0.6202
1, 0.3775, 0.6225
1, 0.4303, 0.5697
1, 0.4256, 0.5744
1, 0.3751, 0.6249
1, 0.3639, 0.6361
1, 0.3768, 0.6232
1, 0.4313, 0.5687
1, 0.3735, 0.6265
1, 0.3749, 0.6251
1, 0.3787, 0.6213
1, 0.3812, 0.6188
1, 0.3782, 0.6218
1, 0.3791, 0.6209
1, 0.3794, 0.6206
1, 0.3815, 0.6185
1, 0.3803, 0.6197
1, 0.379, 0.621
1, 0.3811, 0.6189
1, 0.3769, 0.6231
1, 0.3824, 0.6176
1, 0.3694, 0.6306
1, 0.3756, 0.6244
1, 0.3705, 0.6295
1, 0.3713, 0.6287
1, 0.3764, 0.6236
1, 0.3812, 0.6188
1, 0.3746, 0.6254
1, 0.3742, 0.6258
1, 0.3687, 0.6313
1, 0.3705, 0.6295
1, 0.369, 0.631
1, 0.3765, 0.6235
1, 0.3772, 0.6228
1, 0.3761, 0.6239
1, 0.3714, 0.6286
1, 0.3661, 0.6339
1, 0.3682, 0.6318
1, 0.3742, 0.6258
1, 0.3736, 0.6264
1, 0.3748, 0.6252
1, 0.3783, 0.6217
1, 0.3633, 0.6367
1, 0.3728, 0.6272
1, 0.3684, 0.6316
1, 0.3678, 0.6322
1, 0.3668, 0.6332
1, 0.3676, 0.6324
1, 0.3651, 0.6349
1, 0.3725, 0.6275
1, 0.3642, 0.6358
1, 0.3729, 0.6271
1, 0.3684, 0.6316
1, 0.3749, 0.6251
1, 0.3684, 0.6316
1, 0.3699, 0.6301
1, 0.3675, 0.6325
1, 0.3717, 0.6283
1, 0.4359, 0.5641
1, 0.363, 0.637
1, 0.368, 0.632
1, 0.3777, 0.6223
1, 0.3747, 0.6253
1, 0.3764, 0.6236
1, 0.375, 0.625
1, 0.3734, 0.6266
1, 0.3755, 0.6245
1, 0.3735, 0.6265
1, 0.4388, 0.5612
1, 0.3687, 0.6313
1, 0.3659, 0.6341
1, 0.3699, 0.6301
1, 0.4202, 0.5798
1, 0.3745, 0.6255
1, 0.3759, 0.6241
1, 0.375, 0.625
1, 0.3685, 0.6315
1, 0.3714, 0.6286
1, 0.3689, 0.6311
1, 0.3705, 0.6295
1, 0.3708, 0.6292
1, 0.3661, 0.6339
1, 0.378, 0.622
1, 0.3674, 0.6326
1, 0.3719, 0.6281
1, 0.37, 0.63
1, 0.3712, 0.6288
1, 0.3712, 0.6288
1, 0.3726, 0.6274
1, 0.3675, 0.6325
1, 0.3706, 0.6294
1, 0.3713, 0.6287
1, 0.3758, 0.6242
1, 0.3744, 0.6256
1, 0.3704, 0.6296
1, 0.3716, 0.6284
1, 0.3745, 0.6255
1, 0.3815, 0.6185
1, 0.3633, 0.6367
1, 0.374, 0.626
1, 0.3619, 0.6381
1, 0.3661, 0.6339
1, 0.3707, 0.6293
1, 0.3743, 0.6257
1, 0.3682, 0.6318
1, 0.376, 0.624
1, 0.3694, 0.6306
1, 0.3769, 0.6231
1, 0.3812, 0.6188
1, 0.3706, 0.6294
1, 0.37, 0.63
1, 0.3663, 0.6337
1, 0.3669, 0.6331
1, 0.3687, 0.6313
1, 0.3657, 0.6343
1, 0.3636, 0.6364
1, 0.3721, 0.6279
1, 0.3707, 0.6293
1, 0.3676, 0.6324
1, 0.3767, 0.6233
1, 0.3677, 0.6323
1, 0.3657, 0.6343
1, 0.3659, 0.6341
1, 0.3748, 0.6252
1, 0.3685, 0.6315
1, 0.3733, 0.6267
1, 0.3687, 0.6313
1, 0.3748, 0.6252
1, 0.3694, 0.6306
1, 0.3713, 0.6287
1, 0.38, 0.62
1, 0.3766, 0.6234
1, 0.3739, 0.6261
1, 0.3711, 0.6289
1, 0.3751, 0.6249
1, 0.3736, 0.6264
1, 0.3778, 0.6222
1, 0.3724, 0.6276
1, 0.3739, 0.6261
1, 0.3769, 0.6231
1, 0.3777, 0.6223
1, 0.3746, 0.6254
1, 0.3774, 0.6226
1, 0.3751, 0.6249
1, 0.3738, 0.6262
1, 0.3785, 0.6215
1, 0.3771, 0.6229
1, 0.3777, 0.6223
1, 0.3736, 0.6264
1, 0.3738, 0.6262
1, 0.3817, 0.6183
1, 0.3739, 0.6261
1, 0.3692, 0.6308
1, 0.3684, 0.6316
1, 0.3798, 0.6202
1, 0.3708, 0.6292
1, 0.3731, 0.6269
1, 0.3803, 0.6197
1, 0.374, 0.626
1, 0.3726, 0.6274
1, 0.3738, 0.6262
1, 0.3774, 0.6226
1, 0.3747, 0.6253
1, 0.3739, 0.6261
1, 0.3724, 0.6276
1, 0.3817, 0.6183
1, 0.3807, 0.6193
1, 0.373, 0.627
1, 0.3753, 0.6247
1, 0.3784, 0.6216
1, 0.3738, 0.6262
1, 0.3727, 0.6273
1, 0.3846, 0.6154
1, 0.3724, 0.6276
1, 0.3808, 0.6192
1, 0.372, 0.628
1, 0.3785, 0.6215
1, 0.3716, 0.6284
1, 0.3743, 0.6257
1, 0.3677, 0.6323
1, 0.3739, 0.6261
1, 0.3801, 0.6199
1, 0.3752, 0.6248
1, 0.3735, 0.6265
1, 0.3786, 0.6214
1, 0.3788, 0.6212
1, 0.3759, 0.6241
1, 0.3683, 0.6317
1, 0.3747, 0.6253
1, 0.3723, 0.6277
1, 0.3658, 0.6342
1, 0.3748, 0.6252
1, 0.3748, 0.6252
1, 0.3736, 0.6264
1, 0.3703, 0.6297
1, 0.3664, 0.6336
1, 0.3775, 0.6225
1, 0.3669, 0.6331
1, 0.3717, 0.6283
1, 0.3737, 0.6263
1, 0.3744, 0.6256
1, 0.377, 0.623
1, 0.3708, 0.6292
1, 0.3691, 0.6309
1, 0.3743, 0.6257
1, 0.38, 0.62
1, 0.3706, 0.6294
1, 0.3777, 0.6223
1, 0.371, 0.629
1, 0.3675, 0.6325
1, 0.3735, 0.6265
1, 0.3711, 0.6289
1, 0.3711, 0.6289
1, 0.3786, 0.6214
1, 0.3672, 0.6328
1, 0.3632, 0.6368
1, 0.3726, 0.6274
1, 0.3799, 0.6201
1, 0.3695, 0.6305
1, 0.3749, 0.6251
1, 0.3704, 0.6296
1, 0.3769, 0.6231
1, 0.3696, 0.6304
1, 0.3742, 0.6258
1, 0.3641, 0.6359
1, 0.3706, 0.6294
1, 0.3789, 0.6211
1, 0.3757, 0.6243
1, 0.3762, 0.6238
1, 0.375, 0.625
1, 0.3746, 0.6254
1, 0.3778, 0.6222
1, 0.3677, 0.6323
1, 0.3728, 0.6272
1, 0.3692, 0.6308
1, 0.3735, 0.6265
1, 0.3749, 0.6251
1, 0.375, 0.625
1, 0.3745, 0.6255
1, 0.3752, 0.6248
1, 0.3705, 0.6295
1, 0.3731, 0.6269
1, 0.371, 0.629
1, 0.3586, 0.6414
1, 0.3789, 0.6211
1, 0.3714, 0.6286
1, 0.3773, 0.6227
1, 0.3563, 0.6437
1, 0.3742, 0.6258
1, 0.3642, 0.6358
1, 0.375, 0.625
1, 0.3599, 0.6401
1, 0.3698, 0.6302
1, 0.3633, 0.6367
1, 0.3748, 0.6252
1, 0.3651, 0.6349
1, 0.3787, 0.6213
1, 0.3719, 0.6281
1, 0.3612, 0.6388
1, 0.3736, 0.6264
1, 0.3737, 0.6263
1, 0.3737, 0.6263
1, 0.3737, 0.6263
1, 0.3737, 0.6263
1, 0.372, 0.628
1, 0.3728, 0.6272
1, 0.3737, 0.6263
1, 0.3682, 0.6318
1, 0.3707, 0.6293
1, 0.3736, 0.6264
1, 0.3678, 0.6322
1, 0.3744, 0.6256
1, 0.3741, 0.6259
1, 0.3732, 0.6268
1, 0.3734, 0.6266
1, 0.3783, 0.6217
1, 0.38, 0.62
1, 0.3742, 0.6258
1, 0.3734, 0.6266
1, 0.3713, 0.6287
1, 0.3841, 0.6159
1, 0.3828, 0.6172
1, 0.3737, 0.6263
1, 0.3789, 0.6211
1, 0.371, 0.629
1, 0.3707, 0.6293
1, 0.3736, 0.6264
1, 0.3772, 0.6228
1, 0.373, 0.627
1, 0.3772, 0.6228
1, 0.3703, 0.6297
1, 0.3783, 0.6217
1, 0.3711, 0.6289
1, 0.3738, 0.6262
1, 0.3776, 0.6224
1, 0.3737, 0.6263
1, 0.3737, 0.6263
1, 0.3767, 0.6233
1, 0.3771, 0.6229
1, 0.379, 0.621
1, 0.3811, 0.6189
1, 0.3739, 0.6261
1, 0.3722, 0.6278
1, 0.3745, 0.6255
1, 0.3641, 0.6359
1, 0.3739, 0.6261
1, 0.3809, 0.6191
1, 0.3789, 0.6211
1, 0.3737, 0.6263
1, 0.3737, 0.6263
1, 0.3736, 0.6264
1, 0.3765, 0.6235
1, 0.3763, 0.6237
1, 0.3613, 0.6387
1, 0.3756, 0.6244
1, 0.3613, 0.6387
1, 0.3765, 0.6235
1, 0.3751, 0.6249
1, 0.3708, 0.6292
1, 0.3767, 0.6233
1, 0.381, 0.619
1, 0.3787, 0.6213
1, 0.3913, 0.6087
1, 0.3812, 0.6188
1, 0.3815, 0.6185
1, 0.3803, 0.6197
1, 0.3827, 0.6173
1, 0.3756, 0.6244
1, 0.3683, 0.6317
1, 0.3769, 0.6231
1, 0.3724, 0.6276
1, 0.3795, 0.6205
1, 0.3805, 0.6195
1, 0.3694, 0.6306
1, 0.3694, 0.6306
1, 0.3724, 0.6276
1, 0.3705, 0.6295
1, 0.3749, 0.6251
1, 0.3706, 0.6294
1, 0.3652, 0.6348
1, 0.3779, 0.6221
1, 0.3741, 0.6259
1, 0.3706, 0.6294
1, 0.3669, 0.6331
1, 0.3796, 0.6204
1, 0.3827, 0.6173
1, 0.3812, 0.6188
1, 0.3688, 0.6312
1, 0.3708, 0.6292
1, 0.3741, 0.6259
1, 0.3752, 0.6248
1, 0.375, 0.625
1, 0.3676, 0.6324
1, 0.3684, 0.6316
1, 0.3636, 0.6364
1, 0.3623, 0.6377
1, 0.363, 0.637
1, 0.3622, 0.6378
1, 0.3736, 0.6264
1, 0.3688, 0.6312
1, 0.3754, 0.6246
1, 0.3613, 0.6387
1, 0.3639, 0.6361
1, 0.3741, 0.6259
1, 0.3638, 0.6362
1, 0.3609, 0.6391
1, 0.3743, 0.6257
1, 0.3753, 0.6247
1, 0.3765, 0.6235
1, 0.373, 0.627
1, 0.3613, 0.6387
1, 0.3726, 0.6274
1, 0.3741, 0.6259
1, 0.3648, 0.6352
1, 0.373, 0.627
1, 0.3708, 0.6292
1, 0.375, 0.625
1, 0.3675, 0.6325
1, 0.3662, 0.6338
1, 0.3739, 0.6261
1, 0.3637, 0.6363
1, 0.3681, 0.6319
1, 0.3775, 0.6225
1, 0.3651, 0.6349
1, 0.3643, 0.6357
1, 0.3656, 0.6344
1, 0.3638, 0.6362
1, 0.3776, 0.6224
1, 0.3613, 0.6387
1, 0.3696, 0.6304
1, 0.3756, 0.6244
1, 0.3765, 0.6235
1, 0.3739, 0.6261
1, 0.3784, 0.6216
1, 0.3613, 0.6387
1, 0.3713, 0.6287
1, 0.3655, 0.6345
1, 0.3637, 0.6363
1, 0.3699, 0.6301
1, 0.3658, 0.6342
1, 0.3633, 0.6367
1, 0.3613, 0.6387
1, 0.3754, 0.6246
1, 0.3668, 0.6332
1, 0.3689, 0.6311
1, 0.3753, 0.6247
1, 0.3743, 0.6257
1, 0.3741, 0.6259
1, 0.3609, 0.6391
1, 0.3794, 0.6206
1, 0.3771, 0.6229
1, 0.3662, 0.6338
1, 0.3707, 0.6293
1, 0.3646, 0.6354
1, 0.3662, 0.6338
1, 0.3765, 0.6235
1, 0.3613, 0.6387
1, 0.3785, 0.6215
1, 0.3658, 0.6342
1, 0.3754, 0.6246
1, 0.3669, 0.6331
1, 0.3626, 0.6374
1, 0.3723, 0.6277
1, 0.3675, 0.6325
1, 0.3698, 0.6302
1, 0.3705, 0.6295
1, 0.3751, 0.6249
1, 0.3773, 0.6227
1, 0.3691, 0.6309
1, 0.3698, 0.6302
1, 0.3667, 0.6333
1, 0.3791, 0.6209
1, 0.3695, 0.6305
1, 0.364, 0.636
1, 0.3713, 0.6287
1, 0.3553, 0.6447
1, 0.3564, 0.6436
1, 0.3712, 0.6288
1, 0.3847, 0.6153
1, 0.3556, 0.6444
1, 0.3674, 0.6326
1, 0.3656, 0.6344
1, 0.3689, 0.6311
1, 0.3668, 0.6332
1, 0.3692, 0.6308
1, 0.3661, 0.6339
1, 0.3662, 0.6338
1, 0.3797, 0.6203
1, 0.3714, 0.6286
1, 0.3659, 0.6341
1, 0.3731, 0.6269
1, 0.3827, 0.6173
1, 0.3797, 0.6203
1, 0.3665, 0.6335
1, 0.3652, 0.6348
1, 0.3768, 0.6232
1, 0.369, 0.631
1, 0.3765, 0.6235
1, 0.3746, 0.6254
1, 0.3714, 0.6286
1, 0.3671, 0.6329
1, 0.3827, 0.6173
1, 0.3651, 0.6349
1, 0.3667, 0.6333
1, 0.369, 0.631
1, 0.3797, 0.6203
1, 0.3639, 0.6361
1, 0.367, 0.633
1, 0.3695, 0.6305
1, 0.3678, 0.6322
1, 0.3797, 0.6203
1, 0.364, 0.636
1, 0.3651, 0.6349
1, 0.3654, 0.6346
1, 0.3651, 0.6349
1, 0.3768, 0.6232
1, 0.3827, 0.6173
1, 0.3668, 0.6332
1, 0.3613, 0.6387
1, 0.3765, 0.6235
1, 0.3671, 0.6329
1, 0.3656, 0.6344
1, 0.3632, 0.6368
1, 0.3797, 0.6203
1, 0.3652, 0.6348
1, 0.3687, 0.6313
1, 0.3807, 0.6193
1, 0.3803, 0.6197
1, 0.3795, 0.6205
1, 0.3811, 0.6189
1, 0.3787, 0.6213
1, 0.3797, 0.6203
1, 0.3799, 0.6201
1, 0.367, 0.633
1, 0.3744, 0.6256
1, 0.3722, 0.6278
1, 0.3739, 0.6261
1, 0.3828, 0.6172
1, 0.379, 0.621
1, 0.3844, 0.6156
1, 0.3751, 0.6249
1, 0.3774, 0.6226
1, 0.3786, 0.6214
1, 0.3777, 0.6223
1, 0.3642, 0.6358
1, 0.3844, 0.6156
1, 0.3739, 0.6261
1, 0.3738, 0.6262
1, 0.3751, 0.6249
1, 0.3647, 0.6353
1, 0.379, 0.621
1, 0.3781, 0.6219
1, 0.3732, 0.6268
1, 0.3761, 0.6239
1, 0.3791, 0.6209
1, 0.3652, 0.6348
1, 0.379, 0.621
1, 0.3844, 0.6156
1, 0.3771, 0.6229
1, 0.3642, 0.6358
1, 0.3646, 0.6354
1, 0.3775, 0.6225
1, 0.3708, 0.6292
1, 0.3739, 0.6261
1, 0.3732, 0.6268
1, 0.3761, 0.6239
1, 0.3738, 0.6262
1, 0.3791, 0.6209
1, 0.371, 0.629
1, 0.3828, 0.6172
1, 0.3713, 0.6287
1, 0.3789, 0.6211
1, 0.367, 0.633
1, 0.3753, 0.6247
1, 0.3844, 0.6156
1, 0.3698, 0.6302
1, 0.3769, 0.6231
1, 0.3775, 0.6225
1, 0.3777, 0.6223
1, 0.3711, 0.6289
1, 0.3739, 0.6261
1, 0.3751, 0.6249
1, 0.3753, 0.6247
1, 0.3777, 0.6223
1, 0.3662, 0.6338
1, 0.3735, 0.6265
1, 0.3769, 0.6231
1, 0.3708, 0.6292
1, 0.3729, 0.6271
1, 0.3746, 0.6254
1, 0.3747, 0.6253
1, 0.3515, 0.6485
1, 0.3716, 0.6284
1, 0.3753, 0.6247
1, 0.3643, 0.6357
1, 0.3659, 0.6341
1, 0.3576, 0.6424
1, 0.3775, 0.6225
1, 0.3736, 0.6264
1, 0.3752, 0.6248
1, 0.3655, 0.6345
1, 0.3588, 0.6412
1, 0.3734, 0.6266
1, 0.3559, 0.6441
1, 0.3613, 0.6387
1, 0.3683, 0.6317
1, 0.3604, 0.6396
1, 0.3621, 0.6379
1, 0.3789, 0.6211
1, 0.375, 0.625
1, 0.3693, 0.6307
1, 0.3792, 0.6208
1, 0.3642, 0.6358
1, 0.3776, 0.6224
1, 0.3737, 0.6263
1, 0.3638, 0.6362
1, 0.3532, 0.6468
1, 0.3649, 0.6351
1, 0.3763, 0.6237
1, 0.3688, 0.6312
1, 0.3704, 0.6296
1, 0.3681, 0.6319
1, 0.3667, 0.6333
1, 0.369, 0.631
1, 0.3672, 0.6328
1, 0.3843, 0.6157
1, 0.3845, 0.6155
1, 0.3736, 0.6264
1, 0.3686, 0.6314
1, 0.3845, 0.6155
1, 0.3709, 0.6291
1, 0.3698, 0.6302
1, 0.3698, 0.6302
1, 0.3692, 0.6308
1, 0.3845, 0.6155
1, 0.3736, 0.6264
1, 0.3845, 0.6155
1, 0.398, 0.602
1, 0.3743, 0.6257
1, 0.3695, 0.6305
1, 0.3903, 0.6097
1, 0.3742, 0.6258
1, 0.37, 0.63
1, 0.3709, 0.6291
1, 0.3613, 0.6387
1, 0.3706, 0.6294
1, 0.3622, 0.6378
1, 0.3645, 0.6355
1, 0.3706, 0.6294
1, 0.3613, 0.6387
1, 0.3656, 0.6344
1, 0.3629, 0.6371
1, 0.375, 0.625
1, 0.3815, 0.6185
1, 0.3807, 0.6193
1, 0.383, 0.617
1, 0.3683, 0.6317
1, 0.3795, 0.6205
1, 0.3791, 0.6209
1, 0.3677, 0.6323
1, 0.3762, 0.6238
1, 0.3674, 0.6326
1, 0.3767, 0.6233
1, 0.3847, 0.6153
1, 0.368, 0.632
1, 0.3768, 0.6232
1, 0.3754, 0.6246
1, 0.3807, 0.6193
1, 0.377, 0.623
1, 0.375, 0.625
1, 0.3734, 0.6266
1, 0.3775, 0.6225
1, 0.3785, 0.6215
1, 0.3767, 0.6233
1, 0.3669, 0.6331
1, 0.368, 0.632
1, 0.3783, 0.6217
1, 0.3676, 0.6324
1, 0.3762, 0.6238
1, 0.3786, 0.6214
1, 0.3743, 0.6257
1, 0.3706, 0.6294
1, 0.3701, 0.6299
1, 0.3777, 0.6223
1, 0.3692, 0.6308
1, 0.3777, 0.6223
1, 0.3669, 0.6331
1, 0.3818, 0.6182
1, 0.3685, 0.6315
1, 0.3691, 0.6309
1, 0.368, 0.632
1, 0.3817, 0.6183
1, 0.3757, 0.6243
1, 0.3753, 0.6247
1, 0.368, 0.632
1, 0.3722, 0.6278
1, 0.3739, 0.6261
1, 0.3792, 0.6208
1, 0.3776, 0.6224
1, 0.367, 0.633
1, 0.3781, 0.6219
1, 0.3802, 0.6198
1, 0.379, 0.621
1, 0.3803, 0.6197
1, 0.3745, 0.6255
1, 0.3723, 0.6277
1, 0.3764, 0.6236
1, 0.3767, 0.6233
1, 0.3611, 0.6389
1, 0.3646, 0.6354
1, 0.3743, 0.6257
1, 0.3817, 0.6183
1, 0.3799, 0.6201
1, 0.3754, 0.6246
1, 0.3801, 0.6199
1, 0.3824, 0.6176
1, 0.3775, 0.6225
1, 0.3714, 0.6286
1, 0.3829, 0.6171
1, 0.3722, 0.6278
1, 0.4106, 0.5894
1, 0.3787, 0.6213
1, 0.377, 0.623
1, 0.3805, 0.6195
1, 0.375, 0.625
1, 0.3807, 0.6193
1, 0.376, 0.624
1, 0.368, 0.632
1, 0.3754, 0.6246
1, 0.3799, 0.6201
1, 0.3722, 0.6278
1, 0.4106, 0.5894
1, 0.3805, 0.6195
1, 0.3775, 0.6225
1, 0.3807, 0.6193
1, 0.3824, 0.6176
1, 0.3801, 0.6199
1, 0.3787, 0.6213
1, 0.377, 0.623
1, 0.3714, 0.6286
1, 0.375, 0.625
1, 0.3829, 0.6171
1, 0.3807, 0.6193
1, 0.375, 0.625
1, 0.3787, 0.6213
1, 0.379, 0.621
1, 0.3788, 0.6212
1, 0.3788, 0.6212
1, 0.3819, 0.6181
1, 0.3792, 0.6208
1, 0.3834, 0.6166
1, 0.3721, 0.6279
1, 0.3787, 0.6213
1, 0.3816, 0.6184
1, 0.3791, 0.6209
1, 0.3819, 0.6181
1, 0.3791, 0.6209
1, 0.3833, 0.6167
1, 0.3773, 0.6227
1, 0.3818, 0.6182
1, 0.3819, 0.6181
1, 0.3799, 0.6201
1, 0.3771, 0.6229
1, 0.3818, 0.6182
1, 0.3761, 0.6239
1, 0.37, 0.63
1, 0.3723, 0.6277
1, 0.3785, 0.6215
1, 0.3653, 0.6347
1, 0.3551, 0.6449
1, 0.3736, 0.6264
1, 0.3694, 0.6306
1, 0.372, 0.628
1, 0.3609, 0.6391
1, 0.3579, 0.6421
1, 0.3594, 0.6406
1, 0.3748, 0.6252
1, 0.3687, 0.6313
1, 0.3759, 0.6241
1, 0.3636, 0.6364
1, 0.3805, 0.6195
1, 0.3707, 0.6293
1, 0.3749, 0.6251
1, 0.3545, 0.6455
1, 0.3795, 0.6205
1, 0.3818, 0.6182
1, 0.375, 0.625
1, 0.3685, 0.6315
1, 0.3775, 0.6225
1, 0.38, 0.62
1, 0.3717, 0.6283
1, 0.3717, 0.6283
1, 0.3775, 0.6225
1, 0.3711, 0.6289
1, 0.3664, 0.6336
1, 0.3663, 0.6337
1, 0.3645, 0.6355
1, 0.3769, 0.6231
1, 0.3387, 0.6613
1, 0.3701, 0.6299
1, 0.3551, 0.6449
1, 0.3748, 0.6252
1, 0.3533, 0.6467
1, 0.3762, 0.6238
1, 0.3659, 0.6341
1, 0.3695, 0.6305
1, 0.3748, 0.6252
1, 0.3667, 0.6333
1, 0.3804, 0.6196
1, 0.3802, 0.6198
1, 0.3778, 0.6222
1, 0.3486, 0.6514
1, 0.376, 0.624
1, 0.3772, 0.6228
1, 0.3725, 0.6275
1, 0.3707, 0.6293
1, 0.3708, 0.6292
1, 0.3749, 0.6251
1, 0.3788, 0.6212
1, 0.3741, 0.6259
1, 0.3726, 0.6274
1, 0.3717, 0.6283
1, 0.3715, 0.6285
1, 0.3724, 0.6276
1, 0.3716, 0.6284
1, 0.3694, 0.6306
1, 0.3747, 0.6253
1, 0.3748, 0.6252
1, 0.3726, 0.6274
1, 0.3754, 0.6246
1, 0.3717, 0.6283
1, 0.3775, 0.6225
1, 0.3749, 0.6251
1, 0.3726, 0.6274
1, 0.3775, 0.6225
1, 0.3788, 0.6212
1, 0.3746, 0.6254
1, 0.3709, 0.6291
1, 0.3681, 0.6319
1, 0.3749, 0.6251
1, 0.3749, 0.6251
1, 0.3717, 0.6283
1, 0.3698, 0.6302
1, 0.375, 0.625
1, 0.3728, 0.6272
1, 0.3696, 0.6304
1, 0.3715, 0.6285
1, 0.3724, 0.6276
1, 0.3573, 0.6427
1, 0.3737, 0.6263
1, 0.3762, 0.6238
1, 0.3674, 0.6326
1, 0.3789, 0.6211
1, 0.3788, 0.6212
1, 0.3663, 0.6337
1, 0.3767, 0.6233
1, 0.38, 0.62
1, 0.3658, 0.6342
1, 0.3727, 0.6273
1, 0.3734, 0.6266
1, 0.3762, 0.6238
1, 0.3767, 0.6233
1, 0.377, 0.623
1, 0.3624, 0.6376
1, 0.3709, 0.6291
1, 0.3791, 0.6209
1, 0.3693, 0.6307
1, 0.3754, 0.6246
1, 0.3704, 0.6296
1, 0.3663, 0.6337
1, 0.3676, 0.6324
1, 0.3792, 0.6208
1, 0.3701, 0.6299
1, 0.3762, 0.6238
1, 0.3746, 0.6254
1, 0.3798, 0.6202
1, 0.3792, 0.6208
1, 0.3832, 0.6168
1, 0.3797, 0.6203
1, 0.3797, 0.6203
1, 0.3791, 0.6209
1, 0.3777, 0.6223
1, 0.3798, 0.6202
1, 0.3776, 0.6224
1, 0.3776, 0.6224
1, 0.3779, 0.6221
1, 0.374, 0.626
1, 0.3846, 0.6154
1, 0.3748, 0.6252
1, 0.3832, 0.6168
1, 0.377, 0.623
1, 0.3764, 0.6236
1, 0.377, 0.623
1, 0.3799, 0.6201
1, 0.376, 0.624
1, 0.3846, 0.6154
1, 0.379, 0.621
1, 0.3811, 0.6189
1, 0.3832, 0.6168
1, 0.376, 0.624
1, 0.3779, 0.6221
1, 0.3782, 0.6218
1, 0.3818, 0.6182
1, 0.3799, 0.6201
1, 0.3785, 0.6215
1, 0.3794, 0.6206
1, 0.3791, 0.6209
1, 0.3788, 0.6212
1, 0.3749, 0.6251
1, 0.3832, 0.6168
1, 0.3768, 0.6232
1, 0.3748, 0.6252
1, 0.3781, 0.6219
1, 0.3799, 0.6201
1, 0.3791, 0.6209
1, 0.3723, 0.6277
1, 0.3727, 0.6273
1, 0.3736, 0.6264
1, 0.3685, 0.6315
1, 0.3734, 0.6266
1, 0.3672, 0.6328
1, 0.3717, 0.6283
1, 0.3762, 0.6238
1, 0.3773, 0.6227
1, 0.3715, 0.6285
1, 0.3771, 0.6229
1, 0.3741, 0.6259
1, 0.3715, 0.6285
1, 0.3773, 0.6227
1, 0.3726, 0.6274
1, 0.3739, 0.6261
1, 0.3662, 0.6338
1, 0.3703, 0.6297
0, 0.946, 0.054
0, 0.9406, 0.0594
0, 0.947, 0.053
0, 0.9464, 0.0536
0, 0.9495, 0.0505
0, 0.9495, 0.0505
0, 0.9452, 0.0548
0, 0.9462, 0.0538
0, 0.9489, 0.0511
0, 0.9538, 0.0462
0, 0.954, 0.046
0, 0.9485, 0.0515
0, 0.954, 0.046
0, 0.9486, 0.0514
0, 0.9479, 0.0521
0, 0.9513, 0.0487
0, 0.9514, 0.0486
0, 0.9527, 0.0473
0, 0.9526, 0.0474
0, 0.9538, 0.0462
0, 0.9529, 0.0471
0, 0.9523, 0.0477
0, 0.9496, 0.0504
0, 0.9473, 0.0527
0, 0.9529, 0.0471
0, 0.9525, 0.0475
0, 0.943, 0.057
0, 0.9479, 0.0521
0, 0.9536, 0.0464
0, 0.9524, 0.0476
0, 0.9485, 0.0515
0, 0.9535, 0.0465
0, 0.9529, 0.0471
0, 0.9537, 0.0463
0, 0.9526, 0.0474
0, 0.9526, 0.0474
0, 0.9534, 0.0466
0, 0.9529, 0.0471
0, 0.9477, 0.0523
0, 0.9536, 0.0464
0, 0.9535, 0.0465
0, 0.9535, 0.0465
0, 0.9477, 0.0523
1, 0.3481, 0.6519
1, 0.3338, 0.6662
1, 0.3474, 0.6526
1, 0.3479, 0.6521
1, 0.3841, 0.6159
1, 0.3833, 0.6167
1, 0.382, 0.618
1, 0.4819, 0.5181
1, 0.4854, 0.5146
1, 0.3279, 0.6721
1, 0.4938, 0.5062
1, 0.4854, 0.5146
1, 0.3801, 0.6199
1, 0.3702, 0.6298
1, 0.4836, 0.5164
1, 0.3429, 0.6571
1, 0.4819, 0.5181
1, 0.3878, 0.6122
1, 0.4912, 0.5088
1, 0.3487, 0.6513
1, 0.4981, 0.5019
1, 0.4933, 0.5067
1, 0.3806, 0.6194
1, 0.3466, 0.6534
0, 0.7804, 0.2196
0, 0.6131, 0.3869
0, 0.7562, 0.2438
0, 0.7548, 0.2452
0, 0.7562, 0.2438
0, 0.5534, 0.4466
0, 0.753, 0.247
0, 0.6106, 0.3894
0, 0.754, 0.246
0, 0.7757, 0.2243
0, 0.7682, 0.2318
0, 0.7754, 0.2246
0, 0.7755, 0.2245
0, 0.8458, 0.1542
0, 0.8504, 0.1496
0, 0.7619, 0.2381
0, 0.8413, 0.1587
0, 0.8474, 0.1526
0, 0.7757, 0.2243
0, 0.7217, 0.2783
0, 0.7748, 0.2252
0, 0.7749, 0.2251
0, 0.7755, 0.2245
0, 0.7756, 0.2244
0, 0.8504, 0.1496
0, 0.7682, 0.2318
0, 0.8458, 0.1542
0, 0.7619, 0.2381
0, 0.8405, 0.1595
0, 0.7757, 0.2243
0, 0.7753, 0.2247
0, 0.7682, 0.2318
0, 0.7757, 0.2243
0, 0.7756, 0.2244
0, 0.7757, 0.2243
0, 0.8474, 0.1526
0, 0.8413, 0.1587
0, 0.7559, 0.2441
0, 0.753, 0.247
0, 0.7085, 0.2915
0, 0.7104, 0.2896
0, 0.7628, 0.2372
0, 0.7548, 0.2452
0, 0.8637, 0.1363
0, 0.8634, 0.1366
0, 0.8677, 0.1323
0, 0.8668, 0.1332
0, 0.8653, 0.1347
0, 0.8679, 0.1321
0, 0.8633, 0.1367
0, 0.8644, 0.1356
0, 0.8663, 0.1337
0, 0.863, 0.137
0, 0.8631, 0.1369
0, 0.8665, 0.1335
0, 0.8667, 0.1333
0, 0.8665, 0.1335
0, 0.8646, 0.1354
0, 0.8659, 0.1341
0, 0.8662, 0.1338
0, 0.8668, 0.1332
0, 0.8667, 0.1333
0, 0.8701, 0.1299
0, 0.868, 0.132
0, 0.8641, 0.1359
0, 0.8655, 0.1345
0, 0.8643, 0.1357
0, 0.8676, 0.1324
0, 0.8671, 0.1329
0, 0.8691, 0.1309
0, 0.8646, 0.1354
0, 0.8667, 0.1333
0, 0.8662, 0.1338
0, 0.8675, 0.1325
0, 0.8668, 0.1332
0, 0.8696, 0.1304
0, 0.8669, 0.1331
0, 0.8637, 0.1363
0, 0.8654, 0.1346
0, 0.8709, 0.1291
0, 0.8672, 0.1328
0, 0.8665, 0.1335
0, 0.8676, 0.1324
0, 0.8664, 0.1336
0, 0.8684, 0.1316
0, 0.863, 0.137
0, 0.8625, 0.1375
0, 0.8646, 0.1354
0, 0.8689, 0.1311
0, 0.8681, 0.1319
0, 0.8678, 0.1322
0, 0.8673, 0.1327
0, 0.8663, 0.1337
0, 0.8648, 0.1352
0, 0.7852, 0.2148
0, 0.7761, 0.2239
0, 0.797, 0.203
0, 0.7813, 0.2187
0, 0.7799, 0.2201
0, 0.7896, 0.2104
0, 0.7906, 0.2094
0, 0.8001, 0.1999
0, 0.7842, 0.2158
0, 0.7665, 0.2335
0, 0.7815, 0.2185
0, 0.7974, 0.2026
0, 0.7789, 0.2211
0, 0.7752, 0.2248
0, 0.8016, 0.1984
0, 0.7903, 0.2097
0, 0.7825, 0.2175
0, 0.7791, 0.2209
0, 0.5774, 0.4226
0, 0.8426, 0.1574
0, 0.8428, 0.1572
0, 0.8427, 0.1573
0, 0.8427, 0.1573
0, 0.8426, 0.1574
0, 0.843, 0.157
0, 0.8426, 0.1574
0, 0.8426, 0.1574
0, 0.8422, 0.1578
0, 0.843, 0.157
0, 0.8431, 0.1569
0, 0.844, 0.156
0, 0.8426, 0.1574
0, 0.8422, 0.1578
0, 0.8426, 0.1574
0, 0.8426, 0.1574
0, 0.8431, 0.1569
0, 0.8426, 0.1574
0, 0.8432, 0.1568
0, 0.8427, 0.1573
0, 0.8438, 0.1562
0, 0.8311, 0.1689
0, 0.8426, 0.1574
0, 0.8432, 0.1568
0, 0.8321, 0.1679
0, 0.8429, 0.1571
0, 0.8434, 0.1566
0, 0.8418, 0.1582
0, 0.8423, 0.1577
0, 0.8422, 0.1578
0, 0.8431, 0.1569
0, 0.8426, 0.1574
0, 0.843, 0.157
0, 0.8438, 0.1562
0, 0.8426, 0.1574
0, 0.8427, 0.1573
0, 0.8431, 0.1569
0, 0.8426, 0.1574
0, 0.8432, 0.1568
0, 0.8445, 0.1555
0, 0.8426, 0.1574
0, 0.8431, 0.1569
0, 0.8431, 0.1569
0, 0.8445, 0.1555
0, 0.8426, 0.1574
0, 0.8427, 0.1573
0, 0.8426, 0.1574
0, 0.8431, 0.1569
0, 0.8431, 0.1569
0, 0.8426, 0.1574
0, 0.8428, 0.1572
0, 0.8342, 0.1658
0, 0.8431, 0.1569
0, 0.8426, 0.1574
0, 0.849, 0.151
0, 0.849, 0.151
0, 0.8424, 0.1576
0, 0.8513, 0.1487
0, 0.8336, 0.1664
0, 0.8419, 0.1581
0, 0.8347, 0.1653
0, 0.8336, 0.1664
0, 0.8429, 0.1571
0, 0.8417, 0.1583
0, 0.8419, 0.1581
0, 0.833, 0.167
0, 0.843, 0.157
0, 0.842, 0.158
0, 0.8347, 0.1653
0, 0.8433, 0.1567
0, 0.8425, 0.1575
0, 0.8445, 0.1555
0, 0.8422, 0.1578
0, 0.8428, 0.1572
0, 0.8426, 0.1574
0, 0.8423, 0.1577
0, 0.8419, 0.1581
0, 0.8435, 0.1565
0, 0.8336, 0.1664
0, 0.8424, 0.1576
0, 0.8424, 0.1576
0, 0.8423, 0.1577
0, 0.8424, 0.1576
0, 0.8419, 0.1581
0, 0.834, 0.166
0, 0.8348, 0.1652
0, 0.8339, 0.1661
0, 0.8201, 0.1799
0, 0.8238, 0.1762
0, 0.8189, 0.1811
0, 0.8266, 0.1734
0, 0.8186, 0.1814
0, 0.8252, 0.1748
0, 0.8244, 0.1756
0, 0.8197, 0.1803
0, 0.8256, 0.1744
0, 0.8235, 0.1765
0, 0.835, 0.165
0, 0.8353, 0.1647
0, 0.8241, 0.1759
0, 0.8254, 0.1746
0, 0.8337, 0.1663
0, 0.835, 0.165
0, 0.8208, 0.1792
0, 0.8314, 0.1686
0, 0.8226, 0.1774
0, 0.7206, 0.2794
0, 0.835, 0.165
0, 0.7314, 0.2686
0, 0.8241, 0.1759
0, 0.8352, 0.1648
0, 0.834, 0.166
0, 0.8247, 0.1753
0, 0.8241, 0.1759
0, 0.835, 0.165
0, 0.8333, 0.1667
0, 0.8212, 0.1788
0, 0.8356, 0.1644
0, 0.8261, 0.1739
0, 0.8219, 0.1781
0, 0.8353, 0.1647
0, 0.8266, 0.1734
0, 0.8294, 0.1706
0, 0.8261, 0.1739
0, 0.8262, 0.1738
0, 0.8269, 0.1731
0, 0.8395, 0.1605
0, 0.8257, 0.1743
0, 0.8392, 0.1608
0, 0.8296, 0.1704
0, 0.8392, 0.1608
0, 0.8397, 0.1603
0, 0.8344, 0.1656
0, 0.8254, 0.1746
0, 0.8343, 0.1657
0, 0.8247, 0.1753
0, 0.8208, 0.1792
0, 0.8245, 0.1755
0, 0.8336, 0.1664
0, 0.8343, 0.1657
0, 0.8247, 0.1753
0, 0.8334, 0.1666
0, 0.8342, 0.1658
0, 0.8331, 0.1669
0, 0.8245, 0.1755
0, 0.8347, 0.1653
0, 0.8341, 0.1659
0, 0.8339, 0.1661
0, 0.8343, 0.1657
0, 0.821, 0.179
0, 0.834, 0.166
0, 0.8343, 0.1657
0, 0.8336, 0.1664
0, 0.8342, 0.1658
0, 0.8209, 0.1791
0, 0.8343, 0.1657
0, 0.8245, 0.1755
0, 0.8347, 0.1653
0, 0.8245, 0.1755
0, 0.8343, 0.1657
0, 0.8247, 0.1753
0, 0.8247, 0.1753
0, 0.8331, 0.1669
0, 0.8341, 0.1659
0, 0.8334, 0.1666
0, 0.82, 0.18
0, 0.8208, 0.1792
0, 0.8335, 0.1665
0, 0.8245, 0.1755
0, 0.8259, 0.1741
0, 0.8247, 0.1753
0, 0.8246, 0.1754
0, 0.8336, 0.1664
0, 0.8344, 0.1656
0, 0.8334, 0.1666
0, 0.8346, 0.1654
0, 0.8343, 0.1657
0, 0.8256, 0.1744
0, 0.824, 0.176
0, 0.8243, 0.1757
0, 0.8343, 0.1657
0, 0.8334, 0.1666
0, 0.8337, 0.1663
0, 0.8343, 0.1657
0, 0.8343, 0.1657
0, 0.8338, 0.1662
0, 0.8336, 0.1664
0, 0.8344, 0.1656
0, 0.8336, 0.1664
0, 0.8336, 0.1664
0, 0.8336, 0.1664
0, 0.8344, 0.1656
0, 0.8336, 0.1664
0, 0.8337, 0.1663
0, 0.8257, 0.1743
0, 0.825, 0.175
0, 0.8335, 0.1665
0, 0.8336, 0.1664
0, 0.8247, 0.1753
0, 0.8344, 0.1656
0, 0.8339, 0.1661
0, 0.8241, 0.1759
0, 0.8259, 0.1741
0, 0.8244, 0.1756
0, 0.8347, 0.1653
0, 0.8334, 0.1666
0, 0.8338, 0.1662
0, 0.8344, 0.1656
0, 0.8345, 0.1655
0, 0.8257, 0.1743
0, 0.8345, 0.1655
0, 0.7331, 0.2669
0, 0.8343, 0.1657
0, 0.7339, 0.2661
0, 0.8247, 0.1753
0, 0.8345, 0.1655
0, 0.7252, 0.2748
0, 0.8247, 0.1753
0, 0.8238, 0.1762
0, 0.8334, 0.1666
0, 0.8343, 0.1657
0, 0.8345, 0.1655
0, 0.8246, 0.1754
0, 0.8257, 0.1743
0, 0.8334, 0.1666
0, 0.8345, 0.1655
0, 0.8245, 0.1755
0, 0.833, 0.167
0, 0.824, 0.176
0, 0.8334, 0.1666
0, 0.8341, 0.1659
0, 0.8345, 0.1655
0, 0.8343, 0.1657
0, 0.8345, 0.1655
0, 0.8247, 0.1753
0, 0.8346, 0.1654
0, 0.8334, 0.1666
1, 0.6448, 0.3552
1, 0.6711, 0.3289
1, 0.6702, 0.3298
1, 0.7065, 0.2935
1, 0.7092, 0.2908
1, 0.7068, 0.2932
1, 0.7111, 0.2889
0, 0.8415, 0.1585
1, 0.6972, 0.3028
1, 0.7005, 0.2995
1, 0.6861, 0.3139
0, 0.8524, 0.1476
1, 0.6712, 0.3288
0, 0.9862, 0.0138
0, 0.8399, 0.1601
0, 0.9847, 0.0153
0, 0.8406, 0.1594
0, 0.9862, 0.0138
0, 0.8342, 0.1658
0, 0.8312, 0.1688
1, 0.6716, 0.3284
1, 0.6687, 0.3313
1, 0.6657, 0.3343
1, 0.6599, 0.3401
1, 0.6756, 0.3244
1, 0.6691, 0.3309
1, 0.6656, 0.3344
1, 0.668, 0.332
1, 0.6685, 0.3315
1, 0.6666, 0.3334
1, 0.6645, 0.3355
1, 0.6681, 0.3319
1, 0.6908, 0.3092
1, 0.6939, 0.3061
1, 0.6666, 0.3334
1, 0.7058, 0.2942
1, 0.668, 0.332
1, 0.6932, 0.3068
1, 0.6654, 0.3346
1, 0.6628, 0.3372
1, 0.7047, 0.2953
1, 0.7078, 0.2922
1, 0.6619, 0.3381
1, 0.6673, 0.3327
1, 0.6704, 0.3296
1, 0.6971, 0.3029
1, 0.6645, 0.3355
1, 0.7209, 0.2791
1, 0.6592, 0.3408
1, 0.6719, 0.3281
1, 0.6612, 0.3388
1, 0.6648, 0.3352
1, 0.6968, 0.3032
1, 0.6971, 0.3029
1, 0.6684, 0.3316
1, 0.6644, 0.3356
1, 0.6634, 0.3366
1, 0.6736, 0.3264
1, 0.6637, 0.3363
1, 0.6692, 0.3308
1, 0.6694, 0.3306
1, 0.6636, 0.3364
1, 0.6675, 0.3325
1, 0.664, 0.336
1, 0.68, 0.32
1, 0.67, 0.33
1, 0.6669, 0.3331
1, 0.6618, 0.3382
1, 0.6646, 0.3354
1, 0.7039, 0.2961
1, 0.6641, 0.3359
0, 0.848, 0.152
0, 0.8375, 0.1625
0, 0.7839, 0.2161
0, 0.8684, 0.1316
0, 0.8562, 0.1438
0, 0.8638, 0.1362
0, 0.8627, 0.1373
1, 0.6625, 0.3375
1, 0.6951, 0.3049
1, 0.6782, 0.3218
1, 0.6593, 0.3407
1, 0.6593, 0.3407
1, 0.6584, 0.3416
1, 0.6754, 0.3246
1, 0.6669, 0.3331
1, 0.6582, 0.3418
1, 0.6593, 0.3407
1, 0.6635, 0.3365
1, 0.6639, 0.3361
1, 0.694, 0.306
1, 0.7043, 0.2957
1, 0.7061, 0.2939
1, 0.7074, 0.2926
1, 0.7132, 0.2868
1, 0.6703, 0.3297
1, 0.7153, 0.2847
1, 0.7016, 0.2984
1, 0.6925, 0.3075
1, 0.6954, 0.3046
1, 0.6908, 0.3092
1, 0.6667, 0.3333
1, 0.6765, 0.3235
1, 0.6692, 0.3308
1, 0.678, 0.322
1, 0.6787, 0.3213
1, 0.6778, 0.3222
1, 0.6694, 0.3306
1, 0.6783, 0.3217
1, 0.6683, 0.3317
1, 0.669, 0.331
1, 0.6763, 0.3237
1, 0.6749, 0.3251
1, 0.6763, 0.3237
1, 0.6775, 0.3225
0, 0.6262, 0.3738
0, 0.6705, 0.3295
0, 0.6827, 0.3173
0, 0.6739, 0.3261
0, 0.6749, 0.3251
0, 0.6828, 0.3172
0, 0.6842, 0.3158
0, 0.6846, 0.3154
0, 0.6747, 0.3253
0, 0.6846, 0.3154
1, 0.5092, 0.4908
1, 0.5734, 0.4266
1, 0.5654, 0.4346
1, 0.5648, 0.4352
1, 0.5584, 0.4416
1, 0.5618, 0.4382
1, 0.5611, 0.4389
1, 0.5683, 0.4317
1, 0.5727, 0.4273
1, 0.5744, 0.4256
1, 0.572, 0.428
1, 0.5216, 0.4784
1, 0.5613, 0.4387
1, 0.5653, 0.4347
1, 0.5526, 0.4474
1, 0.5629, 0.4371
1, 0.5497, 0.4503
1, 0.5258, 0.4742
1, 0.5228, 0.4772
1, 0.5623, 0.4377
1, 0.5592, 0.4408
1, 0.5125, 0.4875
1, 0.5046, 0.4954
1, 0.5593, 0.4407
1, 0.5565, 0.4435
1, 0.5249, 0.4751
1, 0.52, 0.48
1, 0.5552, 0.4448
1, 0.5674, 0.4326
1, 0.5706, 0.4294
1, 0.51, 0.49
1, 0.5676, 0.4324
1, 0.5718, 0.4282
1, 0.5624, 0.4376
1, 0.5595, 0.4405
1, 0.5607, 0.4393
1, 0.5568, 0.4432
1, 0.5514, 0.4486
1, 0.5661, 0.4339
1, 0.5566, 0.4434
1, 0.5635, 0.4365
1, 0.5635, 0.4365
1, 0.5661, 0.4339
1, 0.7291, 0.2709
1, 0.7855, 0.2145
1, 0.8088, 0.1912
1, 0.7319, 0.2681
1, 0.7982, 0.2018
1, 0.8112, 0.1888
1, 0.805, 0.195
1, 0.8119, 0.1881
1, 0.7824, 0.2176
0, 0.4986, 0.5014
1, 0.8485, 0.1515
1, 0.8451, 0.1549
1, 0.8312, 0.1688
1, 0.8143, 0.1857
1, 0.8533, 0.1467
1, 0.848, 0.152
1, 0.7704, 0.2296
1, 0.7767, 0.2233
1, 0.7809, 0.2191
1, 0.7806, 0.2194
1, 0.782, 0.218
1, 0.78, 0.22
1, 0.7741, 0.2259
1, 0.7813, 0.2187
1, 0.7804, 0.2196
1, 0.7822, 0.2178
1, 0.7804, 0.2196
1, 0.7802, 0.2198
1, 0.8109, 0.1891
1, 0.7819, 0.2181
1, 0.7819, 0.2181
1, 0.7813, 0.2187
1, 0.7819, 0.2181
1, 0.7819, 0.2181
1, 0.8903, 0.1097
1, 0.8016, 0.1984
1, 0.8015, 0.1985
0, 0.827, 0.173
1, 0.8919, 0.1081
1, 0.8917, 0.1083
1, 0.662, 0.338
1, 0.66, 0.34
1, 0.6608, 0.3392
1, 0.6605, 0.3395
1, 0.6602, 0.3398
1, 0.6608, 0.3392
1, 0.6606, 0.3394
1, 0.6624, 0.3376
1, 0.6602, 0.3398
1, 0.6598, 0.3402
1, 0.661, 0.339
1, 0.6524, 0.3476
1, 0.662, 0.338
1, 0.66, 0.34
1, 0.6605, 0.3395
1, 0.6608, 0.3392
1, 0.6543, 0.3457
1, 0.6566, 0.3434
1, 0.6594, 0.3406
1, 0.6577, 0.3423
1, 0.664, 0.336
1, 0.6568, 0.3432
1, 0.6566, 0.3434
1, 0.654, 0.346
1, 0.6534, 0.3466
1, 0.6578, 0.3422
1, 0.6583, 0.3417
1, 0.657, 0.343
1, 0.659, 0.341
1, 0.6564, 0.3436
1, 0.6562, 0.3438
1, 0.6578, 0.3422
1, 0.6562, 0.3438
1, 0.659, 0.341
1, 0.6605, 0.3395
1, 0.657, 0.343
1, 0.6534, 0.3466
1, 0.6566, 0.3434
1, 0.6594, 0.3406
1, 0.6605, 0.3395
1, 0.6568, 0.3432
1, 0.6641, 0.3359
1, 0.664, 0.336
1, 0.6543, 0.3457
1, 0.654, 0.346
1, 0.664, 0.336
1, 0.6609, 0.3391
1, 0.6617, 0.3383
1, 0.6634, 0.3366
1, 0.6626, 0.3374
1, 0.6536, 0.3464
1, 0.6617, 0.3383
1, 0.6592, 0.3408
1, 0.6602, 0.3398
1, 0.6563, 0.3437
1, 0.6602, 0.3398
1, 0.6605, 0.3395
1, 0.6608, 0.3392
1, 0.6457, 0.3543
1, 0.658, 0.342
1, 0.662, 0.338
1, 0.66, 0.34
1, 0.665, 0.335
1, 0.6607, 0.3393
1, 0.6465, 0.3535
1, 0.6605, 0.3395
1, 0.6605, 0.3395
1, 0.6623, 0.3377
1, 0.6562, 0.3438
1, 0.6641, 0.3359
1, 0.6604, 0.3396
1, 0.664, 0.336
1, 0.6605, 0.3395
1, 0.6578, 0.3422
1, 0.664, 0.336
1, 0.6594, 0.3406
1, 0.6564, 0.3436
1, 0.6605, 0.3395
1, 0.6566, 0.3434
1, 0.6605, 0.3395
1, 0.6641, 0.3359
1, 0.6641, 0.3359
1, 0.6593, 0.3407
1, 0.6583, 0.3417
1, 0.6577, 0.3423
1, 0.6605, 0.3395
1, 0.6562, 0.3438
1, 0.664, 0.336
1, 0.657, 0.343
1, 0.6638, 0.3362
1, 0.6585, 0.3415
1, 0.6626, 0.3374
1, 0.6578, 0.3422
1, 0.6585, 0.3415
1, 0.6593, 0.3407
1, 0.6625, 0.3375
1, 0.6534, 0.3466
1, 0.6605, 0.3395
1, 0.6641, 0.3359
1, 0.657, 0.343
1, 0.6562, 0.3438
1, 0.6566, 0.3434
1, 0.6578, 0.3422
1, 0.6577, 0.3423
1, 0.6566, 0.3434
1, 0.6577, 0.3423
1, 0.654, 0.346
1, 0.6566, 0.3434
1, 0.6566, 0.3434
1, 0.6564, 0.3436
1, 0.6543, 0.3457
1, 0.6562, 0.3438
1, 0.6577, 0.3423
1, 0.6577, 0.3423
1, 0.6583, 0.3417
1, 0.6578, 0.3422
1, 0.6566, 0.3434
1, 0.6577, 0.3423
1, 0.6562, 0.3438
1, 0.6578, 0.3422
1, 0.6562, 0.3438
1, 0.6562, 0.3438
1, 0.6583, 0.3417
1, 0.6566, 0.3434
1, 0.6583, 0.3417
1, 0.6568, 0.3432
1, 0.6562, 0.3438
1, 0.6578, 0.3422
1, 0.6564, 0.3436
1, 0.6583, 0.3417
1, 0.657, 0.343
1, 0.6564, 0.3436
1, 0.659, 0.341
1, 0.6583, 0.3417
1, 0.664, 0.336
1, 0.6518, 0.3482
1, 0.6585, 0.3415
1, 0.664, 0.336
1, 0.6565, 0.3435
1, 0.6653, 0.3347
1, 0.6595, 0.3405
1, 0.664, 0.336
1, 0.664, 0.336
1, 0.6595, 0.3405
1, 0.6653, 0.3347
1, 0.6562, 0.3438
1, 0.6641, 0.3359
1, 0.6578, 0.3422
1, 0.6639, 0.3361
1, 0.6562, 0.3438
1, 0.6641, 0.3359
1, 0.6605, 0.3395
1, 0.657, 0.343
1, 0.664, 0.336
1, 0.6578, 0.3422
1, 0.659, 0.341
1, 0.6605, 0.3395
1, 0.6605, 0.3395
1, 0.6653, 0.3347
1, 0.6605, 0.3395
1, 0.6528, 0.3472
1, 0.6578, 0.3422
1, 0.6564, 0.3436
1, 0.6564, 0.3436
1, 0.6566, 0.3434
1, 0.6583, 0.3417
1, 0.6577, 0.3423
1, 0.6562, 0.3438
1, 0.6566, 0.3434
1, 0.6562, 0.3438
1, 0.6568, 0.3432
1, 0.6583, 0.3417
1, 0.6566, 0.3434
1, 0.6562, 0.3438
1, 0.6578, 0.3422
1, 0.657, 0.343
1, 0.6568, 0.3432
1, 0.6562, 0.3438
1, 0.6583, 0.3417
1, 0.66, 0.34
1, 0.662, 0.338
1, 0.661, 0.339
1, 0.6624, 0.3376
1, 0.666, 0.334
1, 0.6588, 0.3412
1, 0.6608, 0.3392
1, 0.6605, 0.3395
1, 0.6605, 0.3395
1, 0.6608, 0.3392
1, 0.6609, 0.3391
1, 0.6603, 0.3397
1, 0.6605, 0.3395
1, 0.6608, 0.3392
1, 0.6603, 0.3397
1, 0.6618, 0.3382
1, 0.6649, 0.3351
1, 0.6615, 0.3385
1, 0.6606, 0.3394
1, 0.6622, 0.3378
1, 0.6604, 0.3396
1, 0.6607, 0.3393
1, 0.6602, 0.3398
1, 0.6569, 0.3431
1, 0.6605, 0.3395
1, 0.6606, 0.3394
1, 0.6119, 0.3881
1, 0.6365, 0.3635
1, 0.6636, 0.3364
1, 0.5686, 0.4314
1, 0.6365, 0.3635
1, 0.6117, 0.3883
1, 0.6347, 0.3653
1, 0.6371, 0.3629
1, 0.6362, 0.3638
1, 0.637, 0.363
1, 0.6176, 0.3824
1, 0.6366, 0.3634
1, 0.6366, 0.3634
1, 0.6597, 0.3403
1, 0.6371, 0.3629
1, 0.6566, 0.3434
1, 0.6366, 0.3634
1, 0.6371, 0.3629
0, 0.6901, 0.3099
1, 0.6526, 0.3474
1, 0.5922, 0.4078
1, 0.6212, 0.3788
0, 0.6916, 0.3084
0, 0.6907, 0.3093
1, 0.6258, 0.3742
1, 0.6466, 0.3534
1, 0.5656, 0.4344
1, 0.6472, 0.3528
1, 0.6465, 0.3535
1, 0.6607, 0.3393
1, 0.5721, 0.4279
1, 0.6465, 0.3535
1, 0.6464, 0.3536
1, 0.6459, 0.3541
1, 0.6617, 0.3383
1, 0.5647, 0.4353
1, 0.6459, 0.3541
1, 0.6464, 0.3536
1, 0.65, 0.35
1, 0.6492, 0.3508
1, 0.6494, 0.3506
1, 0.6493, 0.3507
1, 0.6549, 0.3451
1, 0.6577, 0.3423
1, 0.6547, 0.3453
