1, 0.1277, 0.8723
0, 0.7541, 0.2459
0, 0.6728, 0.3272
0, 0.9005, 0.0995
0, 0.7559, 0.2441
0, 0.4704, 0.5296
1, 0.0272, 0.9728
0, 0.8881, 0.1119
0, 0.7271, 0.2729
0, 0.9292, 0.0708
0, 0.9629, 0.0371
0, 0.963, 0.037
0, 0.9609, 0.0391
0, 0.9611, 0.0389
0, 0.9631, 0.0369
0, 0.955, 0.045
0, 0.9611, 0.0389
0, 0.9628, 0.0372
0, 0.9582, 0.0418
0, 0.933, 0.067
0, 0.9217, 0.0783
0, 0.9608, 0.0392
0, 0.957, 0.043
0, 0.9573, 0.0427
0, 0.9421, 0.0579
0, 0.9421, 0.0579
0, 0.954, 0.046
0, 0.9631, 0.0369
0, 0.959, 0.041
0, 0.9629, 0.0371
0, 0.9564, 0.0436
0, 0.9609, 0.0391
0, 0.9628, 0.0372
0, 0.9612, 0.0388
0, 0.9562, 0.0438
0, 0.9588, 0.0412
0, 0.9258, 0.0742
0, 0.9533, 0.0467
0, 0.9575, 0.0425
0, 0.9555, 0.0445
0, 0.8314, 0.1686
0, 0.9617, 0.0383
0, 0.9583, 0.0417
0, 0.9565, 0.0435
0, 0.8409, 0.1591
0, 0.9542, 0.0458
0, 0.9593, 0.0407
0, 0.9582, 0.0418
0, 0.9595, 0.0405
0, 0.9629, 0.0371
0, 0.9582, 0.0418
0, 0.9552, 0.0448
0, 0.9401, 0.0599
0, 0.955, 0.045
0, 0.9129, 0.0871
0, 0.9643, 0.0357
0, 0.9538, 0.0462
0, 0.9542, 0.0458
0, 0.96, 0.04
0, 0.9582, 0.0418
0, 0.9573, 0.0427
0, 0.9299, 0.0701
0, 0.8276, 0.1724
0, 0.9497, 0.0503
0, 0.955, 0.045
0, 0.9557, 0.0443
0, 0.9414, 0.0586
0, 0.9565, 0.0435
0, 0.9156, 0.0844
0, 0.9585, 0.0415
0, 0.9474, 0.0526
0, 0.9586, 0.0414
0, 0.6659, 0.3341
0, 0.6771, 0.3229
0, 0.934, 0.066
0, 0.6804, 0.3196
0, 0.8232, 0.1768
0, 0.6975, 0.3025
1, 0.0976, 0.9024
0, 0.9695, 0.0305
1, 0.1233, 0.8767
1, 0.008, 0.992
0, 0.958, 0.042
1, 0.1217, 0.8783
0, 0.8307, 0.1693
0, 0.8652, 0.1348
0, 0.9488, 0.0512
0, 0.7832, 0.2168
0, 0.7542, 0.2458
0, 0.8131, 0.1869
0, 0.7219, 0.2781
0, 0.975, 0.025
0, 0.8292, 0.1708
0, 0.8545, 0.1455
1, 0.1014, 0.8986
0, 0.933, 0.067
0, 0.961, 0.039
0, 0.6728, 0.3272
1, 0.1232, 0.8768
0, 0.9601, 0.0399
0, 0.971, 0.029
0, 0.976, 0.024
0, 0.971, 0.029
1, 0.1241, 0.8759
1, 0.1109, 0.8891
0, 0.9693, 0.0307
0, 0.9755, 0.0245
0, 0.8296, 0.1704
0, 0.9355, 0.0645
0, 0.9647, 0.0353
0, 0.9705, 0.0295
0, 0.9754, 0.0246
1, 0.034, 0.966
0, 0.9361, 0.0639
0, 0.9267, 0.0733
0, 0.9369, 0.0631
1, 0.1362, 0.8638
0, 0.7638, 0.2362
1, 0.0818, 0.9182
1, 0.1294, 0.8706
1, 0.164, 0.836
1, 0.13, 0.87
1, 0.1452, 0.8548
1, 0.1293, 0.8707
0, 0.904, 0.096
0, 0.8454, 0.1546
0, 0.9419, 0.0581
1, 0.0087, 0.9913
0, 0.9339, 0.0661
0, 0.9518, 0.0482
1, 0.0322, 0.9678
0, 0.961, 0.039
0, 0.9396, 0.0604
1, 0.0858, 0.9142
1, 0.0082, 0.9918
0, 0.964, 0.036
0, 0.8108, 0.1892
0, 0.8618, 0.1382
0, 0.946, 0.054
0, 0.8093, 0.1907
0, 0.9313, 0.0687
0, 0.9419, 0.0581
0, 0.9053, 0.0947
0, 0.9536, 0.0464
0, 0.8955, 0.1045
0, 0.9572, 0.0428
0, 0.9909, 0.0091
0, 0.9858, 0.0142
0, 0.9312, 0.0688
0, 0.7386, 0.2614
0, 0.9008, 0.0992
1, 0.9788, 0.0212
1, 0.9848, 0.0152
1, 0.9848, 0.0152
1, 0.9775, 0.0225
1, 0.9785, 0.0215
1, 0.9795, 0.0205
1, 0.9848, 0.0152
1, 0.1321, 0.8679
1, 0.0158, 0.9842
1, 0.0884, 0.9116
1, 0.1327, 0.8673
1, 0.1321, 0.8679
1, 0.1263, 0.8737
1, 0.1241, 0.8759
1, 0.1321, 0.8679
1, 0.1353, 0.8647
1, 0.0826, 0.9174
1, 0.0835, 0.9165
1, 0.9819, 0.0181
1, 0.9741, 0.0259
1, 0.977, 0.023
1, 0.9736, 0.0264
1, 0.9771, 0.0229
1, 0.9804, 0.0196
1, 0.978, 0.022
1, 0.9727, 0.0273
1, 0.9686, 0.0314
1, 0.9748, 0.0252
1, 0.9776, 0.0224
0, 0.9918, 0.0082
0, 0.9931, 0.0069
0, 0.9917, 0.0083
0, 0.9928, 0.0072
0, 0.9916, 0.0084
0, 0.9928, 0.0072
0, 0.9931, 0.0069
0, 0.9913, 0.0087
0, 0.9913, 0.0087
0, 0.9907, 0.0093
0, 0.9913, 0.0087
0, 0.9913, 0.0087
0, 0.9913, 0.0087
0, 0.9913, 0.0087
0, 0.9913, 0.0087
0, 0.9913, 0.0087
0, 0.9685, 0.0315
1, 0.1738, 0.8262
0, 0.9588, 0.0412
1, 0.0022, 0.9978
1, 0.0639, 0.9361
1, 0.2189, 0.7811
0, 0.942, 0.058
1, 0.0862, 0.9138
0, 0.8916, 0.1084
0, 0.9489, 0.0511
0, 0.9781, 0.0219
0, 0.9375, 0.0625
0, 0.6558, 0.3442
1, 0.0187, 0.9813
1, 0.013, 0.987
1, 0.2329, 0.7671
0, 0.9867, 0.0133
1, 0.201, 0.799
1, 0.201, 0.799
1, 0.125, 0.875
0, 0.935, 0.065
0, 0.957, 0.043
1, 0.0052, 0.9948
1, 0.0101, 0.9899
0, 0.887, 0.113
0, 0.9853, 0.0147
0, 0.9853, 0.0147
1, 0.0755, 0.9245
0, 0.9738, 0.0262
0, 0.9103, 0.0897
0, 0.9481, 0.0519
0, 0.9599, 0.0401
0, 0.179, 0.821
0, 0.9384, 0.0616
0, 0.9386, 0.0614
0, 0.9833, 0.0167
0, 0.9904, 0.0096
0, 0.9904, 0.0096
0, 0.9384, 0.0616
0, 0.9386, 0.0614
0, 0.9904, 0.0096
0, 0.9904, 0.0096
0, 0.8056, 0.1944
0, 0.8633, 0.1367
0, 0.8602, 0.1398
0, 0.837, 0.163
0, 0.77, 0.23
1, 0.006, 0.994
1, 0.0053, 0.9947
1, 0.005, 0.995
1, 0.0036, 0.9964
0, 0.6112, 0.3888
0, 0.9749, 0.0251
1, 0.134, 0.866
1, 0.0136, 0.9864
0, 0.9342, 0.0658
1, 0.1748, 0.8252
0, 0.8783, 0.1217
0, 0.9503, 0.0497
1, 0.0695, 0.9305
1, 0.8521, 0.1479
1, 0.865, 0.135
1, 0.0284, 0.9716
1, 0.7284, 0.2716
1, 0.0088, 0.9912
0, 0.9492, 0.0508
0, 0.9846, 0.0154
1, 0.1488, 0.8512
1, 0.148, 0.852
0, 0.9902, 0.0098
1, 0.0378, 0.9622
1, 0.0386, 0.9614
0, 0.9477, 0.0523
0, 0.9633, 0.0367
1, 0.1486, 0.8514
1, 0.148, 0.852
0, 0.8604, 0.1396
0, 0.9635, 0.0365
1, 0.1482, 0.8518
0, 0.9633, 0.0367
1, 0.1482, 0.8518
1, 0.1409, 0.8591
0, 0.9782, 0.0218
1, 0.1375, 0.8625
0, 0.9533, 0.0467
1, 0.1436, 0.8564
1, 0.1221, 0.8779
0, 0.9846, 0.0154
1, 0.1482, 0.8518
1, 0.0972, 0.9028
1, 0.1412, 0.8588
1, 0.0387, 0.9613
0, 0.9632, 0.0368
1, 0.1392, 0.8608
1, 0.1039, 0.8961
0, 0.9798, 0.0202
1, 0.1391, 0.8609
1, 0.1469, 0.8531
0, 0.9918, 0.0082
1, 0.138, 0.862
1, 0.0319, 0.9681
1, 0.1392, 0.8608
1, 0.1392, 0.8608
1, 0.01, 0.99
0, 0.8622, 0.1378
1, 0.0358, 0.9642
1, 0.1436, 0.8564
0, 0.9797, 0.0203
1, 0.1266, 0.8734
1, 0.1456, 0.8544
0, 0.9897, 0.0103
1, 0.1486, 0.8514
1, 0.1488, 0.8512
0, 0.9941, 0.0059
1, 0.1488, 0.8512
1, 0.1411, 0.8589
0, 0.9946, 0.0054
0, 0.993, 0.007
0, 0.9945, 0.0055
1, 0.0852, 0.9148
0, 0.9945, 0.0055
0, 0.7108, 0.2892
1, 0.0152, 0.9848
1, 0.0345, 0.9655
0, 0.9754, 0.0246
1, 0.0165, 0.9835
0, 0.8155, 0.1845
1, 0.1411, 0.8589
1, 0.136, 0.864
1, 0.1352, 0.8648
1, 0.1208, 0.8792
1, 0.039, 0.961
1, 0.0305, 0.9695
0, 0.986, 0.014
0, 0.9494, 0.0506
1, 0.0389, 0.9611
0, 0.9881, 0.0119
0, 0.9897, 0.0103
0, 0.9898, 0.0102
0, 0.9864, 0.0136
0, 0.9918, 0.0082
0, 0.9926, 0.0074
1, 0.0382, 0.9618
0, 0.9535, 0.0465
0, 0.9878, 0.0122
0, 0.9939, 0.0061
0, 0.8414, 0.1586
0, 0.7869, 0.2131
0, 0.8627, 0.1373
0, 0.8376, 0.1624
0, 0.7541, 0.2459
0, 0.8698, 0.1302
0, 0.8376, 0.1624
0, 0.7226, 0.2774
0, 0.9382, 0.0618
0, 0.8011, 0.1989
0, 0.7488, 0.2512
0, 0.8494, 0.1506
0, 0.8947, 0.1053
0, 0.9174, 0.0826
0, 0.8536, 0.1464
1, 0.1808, 0.8192
0, 0.8811, 0.1189
0, 0.8686, 0.1314
0, 0.8662, 0.1338
0, 0.7672, 0.2328
1, 0.1999, 0.8001
0, 0.8705, 0.1295
1, 0.1891, 0.8109
0, 0.8809, 0.1191
0, 0.9265, 0.0735
0, 0.8934, 0.1066
1, 0.2031, 0.7969
0, 0.9809, 0.0191
0, 0.8705, 0.1295
1, 0.0052, 0.9948
0, 0.7869, 0.2131
0, 0.783, 0.217
0, 0.7794, 0.2206
0, 0.9118, 0.0882
0, 0.8606, 0.1394
1, 0.0048, 0.9952
0, 0.8424, 0.1576
0, 0.8591, 0.1409
1, 0.1065, 0.8935
1, 0.0082, 0.9918
0, 0.6642, 0.3358
0, 0.9544, 0.0456
0, 0.851, 0.149
0, 0.8408, 0.1592
1, 0.0589, 0.9411
0, 0.9284, 0.0716
0, 0.7681, 0.2319
0, 0.9064, 0.0936
0, 0.7215, 0.2785
1, 0.1125, 0.8875
0, 0.7771, 0.2229
1, 0.0056, 0.9944
0, 0.8875, 0.1125
1, 0.0161, 0.9839
0, 0.8064, 0.1936
0, 0.8522, 0.1478
0, 0.8285, 0.1715
1, 0.0103, 0.9897
0, 0.8576, 0.1424
0, 0.8704, 0.1296
0, 0.8511, 0.1489
1, 0.0056, 0.9944
1, 0.0047, 0.9953
0, 0.6669, 0.3331
1, 0.1856, 0.8144
1, 0.2179, 0.7821
1, 0.1699, 0.8301
1, 0.0481, 0.9519
1, 0.0486, 0.9514
1, 0.0641, 0.9359
1, 0.1909, 0.8091
1, 0.1809, 0.8191
1, 0.182, 0.818
1, 0.182, 0.818
1, 0.182, 0.818
0, 0.9358, 0.0642
1, 0.1912, 0.8088
1, 0.2446, 0.7554
1, 0.1836, 0.8164
1, 0.1905, 0.8095
1, 0.1809, 0.8191
1, 0.191, 0.809
1, 0.1845, 0.8155
1, 0.1837, 0.8163
1, 0.1837, 0.8163
1, 0.1788, 0.8212
1, 0.1676, 0.8324
1, 0.1912, 0.8088
1, 0.1572, 0.8428
1, 0.182, 0.818
1, 0.1836, 0.8164
1, 0.1783, 0.8217
1, 0.1899, 0.8101
1, 0.184, 0.816
1, 0.1839, 0.8161
1, 0.1659, 0.8341
1, 0.1844, 0.8156
1, 0.1868, 0.8132
1, 0.1777, 0.8223
1, 0.16, 0.84
1, 0.1845, 0.8155
1, 0.1382, 0.8618
1, 0.1909, 0.8091
1, 0.1839, 0.8161
1, 0.1839, 0.8161
1, 0.1905, 0.8095
1, 0.2256, 0.7744
1, 0.1882, 0.8118
1, 0.1779, 0.8221
1, 0.1839, 0.8161
1, 0.1838, 0.8162
1, 0.1912, 0.8088
1, 0.1309, 0.8691
1, 0.1912, 0.8088
0, 0.866, 0.134
0, 0.9944, 0.0056
0, 0.9931, 0.0069
0, 0.9938, 0.0062
0, 0.9903, 0.0097
0, 0.9919, 0.0081
0, 0.9899, 0.0101
0, 0.9975, 0.0025
0, 0.9801, 0.0199
0, 0.9908, 0.0092
0, 0.9695, 0.0305
0, 0.8726, 0.1274
0, 0.9931, 0.0069
0, 0.9896, 0.0104
0, 0.9926, 0.0074
0, 0.9896, 0.0104
0, 0.9913, 0.0087
0, 0.9929, 0.0071
0, 0.9898, 0.0102
0, 0.9931, 0.0069
0, 0.9893, 0.0107
0, 0.9891, 0.0109
1, 0.1858, 0.8142
0, 0.9938, 0.0062
0, 0.9938, 0.0062
0, 0.9962, 0.0038
1, 0.0216, 0.9784
0, 0.9933, 0.0067
0, 0.941, 0.059
0, 0.9963, 0.0037
0, 0.9953, 0.0047
0, 0.8676, 0.1324
0, 0.9803, 0.0197
0, 0.8716, 0.1284
0, 0.7384, 0.2616
0, 0.7605, 0.2395
1, 0.3104, 0.6896
1, 0.2069, 0.7931
0, 0.693, 0.307
0, 0.6677, 0.3323
0, 0.6535, 0.3465
0, 0.6535, 0.3465
0, 0.6664, 0.3336
0, 0.5517, 0.4483
0, 0.5525, 0.4475
0, 0.4969, 0.5031
0, 0.5517, 0.4483
1, 0.0153, 0.9847
1, 0.3879, 0.6121
1, 0.3307, 0.6693
1, 0.161, 0.839
1, 0.1075, 0.8925
1, 0.1076, 0.8924
1, 0.0573, 0.9427
1, 0.0588, 0.9412
1, 0.0588, 0.9412
1, 0.0538, 0.9462
1, 0.1839, 0.8161
1, 0.0858, 0.9142
1, 0.1845, 0.8155
1, 0.0639, 0.9361
1, 0.3104, 0.6896
1, 0.0152, 0.9848
1, 0.0056, 0.9944
1, 0.0165, 0.9835
1, 0.182, 0.818
1, 0.1845, 0.8155
1, 0.0052, 0.9948
1, 0.1845, 0.8155
1, 0.0382, 0.9618
1, 0.1858, 0.8142
1, 0.0052, 0.9948
1, 0.182, 0.818
1, 0.1456, 0.8544
1, 0.0052, 0.9948
1, 0.0088, 0.9912
1, 0.0052, 0.9948
1, 0.0481, 0.9519
1, 0.0826, 0.9174
1, 0.1839, 0.8161
1, 0.182, 0.818
1, 0.1905, 0.8095
1, 0.0053, 0.9947
1, 0.1659, 0.8341
1, 0.1241, 0.8759
1, 0.0048, 0.9952
1, 0.1065, 0.8935
1, 0.0486, 0.9514
1, 0.1486, 0.8514
1, 0.0052, 0.9948
1, 0.138, 0.862
1, 0.0053, 0.9947
1, 0.0165, 0.9835
1, 0.9727, 0.0273
1, 0.1436, 0.8564
1, 0.1836, 0.8164
1, 0.0481, 0.9519
1, 0.1076, 0.8924
1, 0.1456, 0.8544
1, 0.0486, 0.9514
1, 0.1856, 0.8144
1, 0.134, 0.866
1, 0.2189, 0.7811
1, 0.1836, 0.8164
1, 0.9848, 0.0152
1, 0.0305, 0.9695
1, 0.1837, 0.8163
1, 0.1266, 0.8734
1, 0.2069, 0.7931
1, 0.2189, 0.7811
1, 0.1486, 0.8514
1, 0.2446, 0.7554
1, 0.1208, 0.8792
1, 0.1858, 0.8142
1, 0.2179, 0.7821
1, 0.2256, 0.7744
1, 0.0052, 0.9948
1, 0.1436, 0.8564
1, 0.0639, 0.9361
1, 0.8521, 0.1479
1, 0.1309, 0.8691
1, 0.1858, 0.8142
1, 0.182, 0.818
1, 0.0862, 0.9138
1, 0.148, 0.852
1, 0.005, 0.995
1, 0.0389, 0.9611
1, 0.1858, 0.8142
1, 0.1391, 0.8609
1, 0.148, 0.852
1, 0.2446, 0.7554
1, 0.1858, 0.8142
1, 0.9848, 0.0152
1, 0.0036, 0.9964
1, 0.1839, 0.8161
1, 0.1266, 0.8734
1, 0.0481, 0.9519
1, 0.0022, 0.9978
1, 0.1411, 0.8589
1, 0.0165, 0.9835
1, 0.0165, 0.9835
1, 0.039, 0.961
1, 0.1075, 0.8925
1, 0.0345, 0.9655
1, 0.191, 0.809
1, 0.1392, 0.8608
1, 0.1909, 0.8091
1, 0.0862, 0.9138
1, 0.1277, 0.8723
1, 0.1891, 0.8109
1, 0.0087, 0.9913
1, 0.138, 0.862
1, 0.1436, 0.8564
1, 0.13, 0.87
1, 0.005, 0.995
1, 0.182, 0.818
1, 0.1808, 0.8192
1, 0.182, 0.818
1, 0.0052, 0.9948
1, 0.182, 0.818
1, 0.3104, 0.6896
1, 0.1899, 0.8101
1, 0.0053, 0.9947
1, 0.1839, 0.8161
1, 0.1572, 0.8428
1, 0.0481, 0.9519
1, 0.134, 0.866
1, 0.0695, 0.9305
