0, 0.611, 0.389
0, 0.3057, 0.6943
0, 0.4884, 0.5116
0, 0.4773, 0.5227
0, 0.8165, 0.1835
0, 0.9856, 0.0144
0, 0.9747, 0.0253
0, 0.9568, 0.0432
0, 0.864, 0.136
0, 0.5291, 0.4709
0, 0.9747, 0.0253
0, 0.7201, 0.2799
0, 0.8822, 0.1178
0, 0.8078, 0.1922
0, 0.1756, 0.8244
0, 0.9178, 0.0822
0, 0.6381, 0.3619
0, 0.9663, 0.0337
0, 0.1418, 0.8582
0, 0.869, 0.131
0, 0.6547, 0.3453
0, 0.7999, 0.2001
0, 0.1512, 0.8488
0, 0.3573, 0.6427
0, 0.9699, 0.0301
0, 0.8801, 0.1199
0, 0.9659, 0.0341
0, 0.6161, 0.3839
0, 0.643, 0.357
0, 0.8862, 0.1138
0, 0.8268, 0.1732
0, 0.9975, 0.0025
0, 0.5606, 0.4394
0, 0.9628, 0.0372
0, 0.9946, 0.0054
0, 0.9587, 0.0413
0, 0.9814, 0.0186
0, 0.8172, 0.1828
0, 0.8833, 0.1167
0, 0.9599, 0.0401
0, 0.4101, 0.5899
0, 0.8749, 0.1251
0, 0.8848, 0.1152
0, 0.956, 0.044
0, 0.3955, 0.6045
0, 0.7709, 0.2291
0, 0.7107, 0.2893
0, 0.7721, 0.2279
0, 0.7797, 0.2203
0, 0.5128, 0.4872
0, 0.9172, 0.0828
0, 0.6093, 0.3907
0, 0.7198, 0.2802
0, 0.7253, 0.2747
0, 0.6728, 0.3272
0, 0.5981, 0.4019
0, 0.6716, 0.3284
0, 0.8832, 0.1168
0, 0.5961, 0.4039
0, 0.5285, 0.4715
0, 0.6089, 0.3911
0, 0.8051, 0.1949
0, 0.9742, 0.0258
0, 0.9528, 0.0472
0, 0.3884, 0.6116
0, 0.9767, 0.0233
1, 0.3782, 0.6218
0, 0.9767, 0.0233
0, 0.7565, 0.2435
0, 0.5014, 0.4986
0, 0.9957, 0.0043
0, 0.8227, 0.1773
0, 0.699, 0.301
0, 0.9317, 0.0683
0, 0.9258, 0.0742
0, 0.4734, 0.5266
0, 0.861, 0.139
0, 0.6502, 0.3498
0, 0.4291, 0.5709
0, 0.7922, 0.2078
0, 0.8847, 0.1153
0, 0.7037, 0.2963
1, 0.4892, 0.5108
0, 0.4565, 0.5435
1, 0.3233, 0.6767
1, 0.3196, 0.6804
0, 0.836, 0.164
1, 0.3304, 0.6696
0, 0.6862, 0.3138
1, 0.2805, 0.7195
1, 0.3229, 0.6771
0, 0.3391, 0.6609
0, 0.9702, 0.0298
0, 0.9607, 0.0393
0, 0.9749, 0.0251
1, 0.9826, 0.0174
1, 0.9819, 0.0181
0, 0.6933, 0.3067
1, 0.9819, 0.0181
0, 0.7488, 0.2512
0, 0.731, 0.269
1, 0.992, 0.008
1, 0.992, 0.008
0, 0.9864, 0.0136
0, 0.6651, 0.3349
1, 0.9826, 0.0174
0, 0.9892, 0.0108
0, 0.9561, 0.0439
0, 0.9872, 0.0128
1, 0.3632, 0.6368
1, 0.3528, 0.6472
0, 0.9815, 0.0185
0, 0.9797, 0.0203
0, 0.991, 0.009
0, 0.9709, 0.0291
0, 0.9872, 0.0128
0, 0.7481, 0.2519
0, 0.8179, 0.1821
0, 0.9932, 0.0068
0, 0.9767, 0.0233
0, 0.9875, 0.0125
1, 0.8733, 0.1267
0, 0.8025, 0.1975
0, 0.848, 0.152
0, 0.7249, 0.2751
0, 0.9791, 0.0209
0, 0.6884, 0.3116
0, 0.6898, 0.3102
0, 0.6709, 0.3291
0, 0.5236, 0.4764
0, 0.5103, 0.4897
1, 0.3233, 0.6767
1, 0.992, 0.008
1, 0.9819, 0.0181
1, 0.3528, 0.6472
1, 0.992, 0.008
1, 0.4892, 0.5108
1, 0.8733, 0.1267
1, 0.3229, 0.6771
1, 0.9819, 0.0181
1, 0.9819, 0.0181
1, 0.992, 0.008
1, 0.8733, 0.1267
1, 0.3528, 0.6472
1, 0.992, 0.008
1, 0.4892, 0.5108
1, 0.9819, 0.0181
1, 0.4892, 0.5108
1, 0.4892, 0.5108
1, 0.4892, 0.5108
1, 0.9819, 0.0181
1, 0.9819, 0.0181
1, 0.4892, 0.5108
1, 0.4892, 0.5108
1, 0.9819, 0.0181
1, 0.4892, 0.5108
1, 0.4892, 0.5108
1, 0.4892, 0.5108
1, 0.9819, 0.0181
1, 0.992, 0.008
1, 0.8733, 0.1267
1, 0.3229, 0.6771
1, 0.3304, 0.6696
1, 0.4892, 0.5108
1, 0.2805, 0.7195
1, 0.992, 0.008
1, 0.992, 0.008
1, 0.4892, 0.5108
1, 0.4892, 0.5108
1, 0.4892, 0.5108
1, 0.992, 0.008
1, 0.4892, 0.5108
1, 0.992, 0.008
1, 0.9826, 0.0174
1, 0.9819, 0.0181
1, 0.3304, 0.6696
1, 0.4892, 0.5108
1, 0.9819, 0.0181
1, 0.3196, 0.6804
1, 0.992, 0.008
1, 0.3229, 0.6771
1, 0.8733, 0.1267
1, 0.3528, 0.6472
1, 0.3229, 0.6771
1, 0.9819, 0.0181
1, 0.9819, 0.0181
1, 0.3304, 0.6696
1, 0.992, 0.008
1, 0.3528, 0.6472
1, 0.3632, 0.6368
1, 0.3229, 0.6771
1, 0.3233, 0.6767
1, 0.9819, 0.0181
1, 0.2805, 0.7195
1, 0.9826, 0.0174
1, 0.3229, 0.6771
1, 0.3528, 0.6472
1, 0.4892, 0.5108
1, 0.3233, 0.6767
1, 0.8733, 0.1267
1, 0.9819, 0.0181
1, 0.3528, 0.6472
1, 0.8733, 0.1267
1, 0.4892, 0.5108
1, 0.4892, 0.5108
1, 0.3229, 0.6771
1, 0.3233, 0.6767
1, 0.4892, 0.5108
1, 0.4892, 0.5108
1, 0.3233, 0.6767
1, 0.9819, 0.0181
1, 0.9819, 0.0181
1, 0.2805, 0.7195
1, 0.9819, 0.0181
1, 0.4892, 0.5108
1, 0.3196, 0.6804
1, 0.9819, 0.0181
1, 0.3229, 0.6771
1, 0.3528, 0.6472
1, 0.9819, 0.0181
1, 0.992, 0.008
1, 0.3528, 0.6472
1, 0.4892, 0.5108
1, 0.992, 0.008
1, 0.9819, 0.0181
1, 0.992, 0.008
1, 0.4892, 0.5108
1, 0.3528, 0.6472
1, 0.4892, 0.5108
1, 0.992, 0.008
