1, 0.6697, 0.3303
1, 0.6714, 0.3286
1, 0.688, 0.312
1, 0.6809, 0.3191
1, 0.6143, 0.3857
1, 0.6872, 0.3128
1, 0.6751, 0.3249
1, 0.6907, 0.3093
1, 0.6717, 0.3283
1, 0.6714, 0.3286
1, 0.6988, 0.3012
1, 0.6717, 0.3283
1, 0.6907, 0.3093
1, 0.6914, 0.3086
1, 0.6714, 0.3286
1, 0.6864, 0.3136
1, 0.6909, 0.3091
1, 0.6929, 0.3071
1, 0.6626, 0.3374
1, 0.6714, 0.3286
1, 0.6905, 0.3095
1, 0.6723, 0.3277
1, 0.6119, 0.3881
1, 0.6922, 0.3078
1, 0.6873, 0.3127
1, 0.691, 0.309
1, 0.6913, 0.3087
1, 0.6898, 0.3102
1, 0.6714, 0.3286
1, 0.6916, 0.3084
1, 0.6871, 0.3129
1, 0.6697, 0.3303
1, 0.2596, 0.7404
1, 0.6397, 0.3603
1, 0.6556, 0.3444
1, 0.666, 0.334
1, 0.6555, 0.3445
1, 0.5352, 0.4648
1, 0.6762, 0.3238
1, 0.6473, 0.3527
1, 0.6643, 0.3357
1, 0.645, 0.355
1, 0.6564, 0.3436
1, 0.6547, 0.3453
1, 0.6751, 0.3249
1, 0.6723, 0.3277
1, 0.6547, 0.3453
1, 0.6776, 0.3224
1, 0.6771, 0.3229
1, 0.6774, 0.3226
1, 0.6771, 0.3229
1, 0.6564, 0.3436
1, 0.6505, 0.3495
1, 0.6773, 0.3227
1, 0.6774, 0.3226
1, 0.6577, 0.3423
1, 0.6804, 0.3196
1, 0.6587, 0.3413
1, 0.6804, 0.3196
1, 0.6728, 0.3272
1, 0.6742, 0.3258
1, 0.6628, 0.3372
1, 0.686, 0.314
1, 0.6524, 0.3476
1, 0.6845, 0.3155
1, 0.6604, 0.3396
1, 0.6735, 0.3265
1, 0.6781, 0.3219
1, 0.6973, 0.3027
1, 0.7021, 0.2979
1, 0.6973, 0.3027
1, 0.6833, 0.3167
1, 0.6895, 0.3105
1, 0.6889, 0.3111
1, 0.6851, 0.3149
1, 0.6895, 0.3105
1, 0.6866, 0.3134
1, 0.69, 0.31
1, 0.6823, 0.3177
1, 0.6744, 0.3256
1, 0.6749, 0.3251
1, 0.6824, 0.3176
1, 0.6926, 0.3074
1, 0.6823, 0.3177
1, 0.692, 0.308
1, 0.6823, 0.3177
1, 0.6778, 0.3222
1, 0.6724, 0.3276
1, 0.6744, 0.3256
1, 0.6796, 0.3204
1, 0.657, 0.343
1, 0.6876, 0.3124
1, 0.6761, 0.3239
1, 0.6715, 0.3285
1, 0.6823, 0.3177
1, 0.6936, 0.3064
1, 0.6744, 0.3256
1, 0.6759, 0.3241
1, 0.6823, 0.3177
1, 0.6875, 0.3125
1, 0.6914, 0.3086
1, 0.6738, 0.3262
1, 0.6749, 0.3251
1, 0.6921, 0.3079
1, 0.6751, 0.3249
1, 0.6626, 0.3374
1, 0.6928, 0.3072
1, 0.6948, 0.3052
1, 0.6707, 0.3293
1, 0.6799, 0.3201
1, 0.6751, 0.3249
1, 0.6691, 0.3309
1, 0.6948, 0.3052
1, 0.6924, 0.3076
1, 0.6709, 0.3291
1, 0.6701, 0.3299
1, 0.6687, 0.3313
1, 0.6957, 0.3043
1, 0.649, 0.351
1, 0.6788, 0.3212
1, 0.6575, 0.3425
1, 0.654, 0.346
1, 0.6923, 0.3077
1, 0.6682, 0.3318
1, 0.6743, 0.3257
1, 0.6461, 0.3539
1, 0.6925, 0.3075
1, 0.6788, 0.3212
1, 0.6876, 0.3124
1, 0.6759, 0.3241
1, 0.6776, 0.3224
1, 0.6935, 0.3065
1, 0.671, 0.329
1, 0.6435, 0.3565
1, 0.6572, 0.3428
1, 0.6789, 0.3211
1, 0.6726, 0.3274
1, 0.6891, 0.3109
1, 0.6622, 0.3378
1, 0.6654, 0.3346
1, 0.6396, 0.3604
1, 0.6723, 0.3277
1, 0.6729, 0.3271
1, 0.6566, 0.3434
1, 0.6798, 0.3202
1, 0.6693, 0.3307
1, 0.674, 0.326
1, 0.6556, 0.3444
1, 0.6901, 0.3099
1, 0.6777, 0.3223
1, 0.6777, 0.3223
1, 0.6861, 0.3139
1, 0.6861, 0.3139
1, 0.676, 0.324
1, 0.6771, 0.3229
1, 0.6899, 0.3101
1, 0.6774, 0.3226
1, 0.6908, 0.3092
1, 0.677, 0.323
1, 0.6372, 0.3628
1, 0.6777, 0.3223
1, 0.6889, 0.3111
1, 0.6772, 0.3228
1, 0.6777, 0.3223
1, 0.6905, 0.3095
1, 0.6777, 0.3223
1, 0.6777, 0.3223
1, 0.6777, 0.3223
1, 0.6777, 0.3223
1, 0.6803, 0.3197
1, 0.6777, 0.3223
1, 0.6621, 0.3379
1, 0.6777, 0.3223
1, 0.6889, 0.3111
1, 0.6777, 0.3223
1, 0.6911, 0.3089
1, 0.6578, 0.3422
1, 0.663, 0.337
1, 0.6831, 0.3169
1, 0.663, 0.337
1, 0.6478, 0.3522
1, 0.6742, 0.3258
1, 0.6649, 0.3351
1, 0.6708, 0.3292
1, 0.6623, 0.3377
1, 0.6713, 0.3287
1, 0.635, 0.365
1, 0.6755, 0.3245
1, 0.6748, 0.3252
1, 0.6745, 0.3255
1, 0.6837, 0.3163
0, 0.8284, 0.1716
1, 0.658, 0.342
1, 0.6837, 0.3163
1, 0.6838, 0.3162
1, 0.6854, 0.3146
1, 0.6731, 0.3269
1, 0.6645, 0.3355
0, 0.8314, 0.1686
1, 0.6793, 0.3207
1, 0.6793, 0.3207
1, 0.6624, 0.3376
1, 0.6854, 0.3146
1, 0.6626, 0.3374
1, 0.6661, 0.3339
1, 0.6813, 0.3187
1, 0.6625, 0.3375
1, 0.6785, 0.3215
1, 0.6845, 0.3155
1, 0.6807, 0.3193
0, 0.8302, 0.1698
1, 0.6794, 0.3206
1, 0.6836, 0.3164
1, 0.6583, 0.3417
1, 0.6661, 0.3339
0, 0.8289, 0.1711
1, 0.6805, 0.3195
1, 0.6784, 0.3216
1, 0.6838, 0.3162
1, 0.6769, 0.3231
1, 0.6401, 0.3599
1, 0.625, 0.375
1, 0.6837, 0.3163
1, 0.6649, 0.3351
1, 0.6845, 0.3155
1, 0.6773, 0.3227
1, 0.6633, 0.3367
1, 0.6623, 0.3377
1, 0.6674, 0.3326
1, 0.6836, 0.3164
1, 0.6668, 0.3332
1, 0.6748, 0.3252
1, 0.6749, 0.3251
1, 0.6625, 0.3375
1, 0.6854, 0.3146
1, 0.6727, 0.3273
1, 0.6746, 0.3254
1, 0.6755, 0.3245
1, 0.6845, 0.3155
1, 0.6735, 0.3265
1, 0.6712, 0.3288
1, 0.6671, 0.3329
1, 0.6661, 0.3339
1, 0.6782, 0.3218
1, 0.6842, 0.3158
1, 0.6748, 0.3252
1, 0.6748, 0.3252
1, 0.6585, 0.3415
1, 0.6804, 0.3196
1, 0.6611, 0.3389
1, 0.6741, 0.3259
1, 0.6712, 0.3288
1, 0.6751, 0.3249
1, 0.6108, 0.3892
1, 0.6803, 0.3197
1, 0.6541, 0.3459
1, 0.6741, 0.3259
0, 0.8183, 0.1817
1, 0.6408, 0.3592
1, 0.6656, 0.3344
1, 0.6819, 0.3181
1, 0.6739, 0.3261
1, 0.664, 0.336
1, 0.6845, 0.3155
1, 0.6675, 0.3325
1, 0.6791, 0.3209
1, 0.6825, 0.3175
1, 0.6785, 0.3215
1, 0.6805, 0.3195
1, 0.6681, 0.3319
1, 0.6729, 0.3271
1, 0.6854, 0.3146
1, 0.6844, 0.3156
1, 0.6814, 0.3186
1, 0.6713, 0.3287
1, 0.6692, 0.3308
1, 0.6858, 0.3142
1, 0.6625, 0.3375
1, 0.6543, 0.3457
1, 0.6837, 0.3163
1, 0.6843, 0.3157
1, 0.6711, 0.3289
1, 0.6837, 0.3163
1, 0.6804, 0.3196
1, 0.627, 0.373
1, 0.6514, 0.3486
1, 0.6623, 0.3377
1, 0.6794, 0.3206
1, 0.6748, 0.3252
1, 0.6776, 0.3224
1, 0.649, 0.351
1, 0.6692, 0.3308
0, 0.8207, 0.1793
1, 0.6773, 0.3227
1, 0.6838, 0.3162
1, 0.6821, 0.3179
1, 0.6839, 0.3161
1, 0.6621, 0.3379
1, 0.6657, 0.3343
1, 0.6661, 0.3339
1, 0.6786, 0.3214
1, 0.6838, 0.3162
1, 0.6703, 0.3297
1, 0.6784, 0.3216
1, 0.6686, 0.3314
1, 0.6837, 0.3163
1, 0.6737, 0.3263
1, 0.623, 0.377
1, 0.6635, 0.3365
1, 0.6739, 0.3261
1, 0.6391, 0.3609
1, 0.6845, 0.3155
1, 0.6625, 0.3375
1, 0.6724, 0.3276
1, 0.6687, 0.3313
1, 0.6648, 0.3352
1, 0.6777, 0.3223
0, 0.8199, 0.1801
0, 0.8261, 0.1739
1, 0.6569, 0.3431
1, 0.6854, 0.3146
1, 0.6783, 0.3217
1, 0.6496, 0.3504
1, 0.684, 0.316
1, 0.6754, 0.3246
1, 0.6847, 0.3153
1, 0.6772, 0.3228
1, 0.6804, 0.3196
1, 0.6746, 0.3254
1, 0.6746, 0.3254
1, 0.6518, 0.3482
1, 0.6787, 0.3213
1, 0.6682, 0.3318
1, 0.6816, 0.3184
1, 0.6692, 0.3308
1, 0.6807, 0.3193
1, 0.6843, 0.3157
1, 0.6743, 0.3257
1, 0.6785, 0.3215
1, 0.6756, 0.3244
1, 0.6606, 0.3394
1, 0.6804, 0.3196
1, 0.613, 0.387
1, 0.6711, 0.3289
1, 0.6746, 0.3254
1, 0.6793, 0.3207
1, 0.6805, 0.3195
1, 0.6689, 0.3311
1, 0.6625, 0.3375
1, 0.6746, 0.3254
1, 0.6651, 0.3349
1, 0.6569, 0.3431
1, 0.6844, 0.3156
1, 0.6744, 0.3256
1, 0.6754, 0.3246
1, 0.6839, 0.3161
1, 0.6805, 0.3195
1, 0.6625, 0.3375
1, 0.6794, 0.3206
1, 0.6571, 0.3429
1, 0.6836, 0.3164
1, 0.6837, 0.3163
1, 0.66, 0.34
1, 0.679, 0.321
1, 0.6613, 0.3387
1, 0.682, 0.318
1, 0.6748, 0.3252
1, 0.6496, 0.3504
0, 0.8199, 0.1801
1, 0.6424, 0.3576
1, 0.6787, 0.3213
1, 0.6701, 0.3299
1, 0.6735, 0.3265
1, 0.6854, 0.3146
1, 0.6775, 0.3225
1, 0.6708, 0.3292
1, 0.6661, 0.3339
1, 0.6373, 0.3627
1, 0.6845, 0.3155
1, 0.6838, 0.3162
0, 0.8234, 0.1766
1, 0.6844, 0.3156
1, 0.6845, 0.3155
1, 0.6835, 0.3165
1, 0.6757, 0.3243
1, 0.6518, 0.3482
0, 0.8081, 0.1919
1, 0.6837, 0.3163
1, 0.675, 0.325
1, 0.6665, 0.3335
1, 0.6697, 0.3303
1, 0.6621, 0.3379
1, 0.6742, 0.3258
1, 0.6854, 0.3146
1, 0.6528, 0.3472
1, 0.6661, 0.3339
1, 0.6836, 0.3164
1, 0.6803, 0.3197
1, 0.6757, 0.3243
1, 0.6627, 0.3373
1, 0.6553, 0.3447
1, 0.6703, 0.3297
1, 0.6625, 0.3375
1, 0.6617, 0.3383
1, 0.6184, 0.3816
1, 0.6703, 0.3297
1, 0.6744, 0.3256
1, 0.6623, 0.3377
1, 0.6845, 0.3155
1, 0.662, 0.338
1, 0.6344, 0.3656
1, 0.6838, 0.3162
1, 0.6703, 0.3297
0, 0.8268, 0.1732
1, 0.6836, 0.3164
1, 0.685, 0.315
1, 0.685, 0.315
1, 0.6625, 0.3375
1, 0.6793, 0.3207
1, 0.6837, 0.3163
0, 0.8314, 0.1686
1, 0.6623, 0.3377
1, 0.6708, 0.3292
1, 0.6626, 0.3374
1, 0.6854, 0.3146
1, 0.6713, 0.3287
1, 0.6624, 0.3376
0, 0.8284, 0.1716
1, 0.6845, 0.3155
1, 0.635, 0.365
1, 0.6793, 0.3207
1, 0.6813, 0.3187
1, 0.6755, 0.3245
1, 0.6645, 0.3355
1, 0.6731, 0.3269
1, 0.6854, 0.3146
1, 0.6745, 0.3255
1, 0.6661, 0.3339
1, 0.6748, 0.3252
1, 0.658, 0.342
1, 0.6838, 0.3162
1, 0.6845, 0.3155
1, 0.6785, 0.3215
1, 0.6746, 0.3254
1, 0.6661, 0.3339
1, 0.6845, 0.3155
1, 0.6673, 0.3327
1, 0.6727, 0.3273
1, 0.6854, 0.3146
1, 0.6623, 0.3377
1, 0.6804, 0.3196
1, 0.6633, 0.3367
1, 0.6838, 0.3162
1, 0.6773, 0.3227
0, 0.8302, 0.1698
1, 0.6585, 0.3415
1, 0.6674, 0.3326
1, 0.6839, 0.3161
0, 0.8284, 0.1716
1, 0.6746, 0.3254
1, 0.6786, 0.3214
1, 0.6625, 0.3375
1, 0.6785, 0.3215
1, 0.6405, 0.3595
1, 0.6775, 0.3225
1, 0.6639, 0.3361
1, 0.6804, 0.3196
1, 0.6837, 0.3163
1, 0.6735, 0.3265
1, 0.6845, 0.3155
1, 0.6749, 0.3251
1, 0.6248, 0.3752
1, 0.6771, 0.3229
1, 0.6846, 0.3154
1, 0.6838, 0.3162
0, 0.8262, 0.1738
1, 0.6814, 0.3186
1, 0.6714, 0.3286
1, 0.666, 0.334
1, 0.6609, 0.3391
1, 0.6708, 0.3292
1, 0.6873, 0.3127
1, 0.6811, 0.3189
1, 0.6653, 0.3347
1, 0.6762, 0.3238
1, 0.6665, 0.3335
1, 0.688, 0.312
1, 0.6784, 0.3216
0, 0.8311, 0.1689
1, 0.681, 0.319
1, 0.666, 0.334
1, 0.6782, 0.3218
1, 0.6749, 0.3251
1, 0.6771, 0.3229
1, 0.6811, 0.3189
1, 0.6838, 0.3162
1, 0.6873, 0.3127
0, 0.8473, 0.1527
1, 0.6881, 0.3119
1, 0.6871, 0.3129
1, 0.6868, 0.3132
0, 0.8301, 0.1699
1, 0.6783, 0.3217
1, 0.687, 0.313
0, 0.8299, 0.1701
1, 0.6653, 0.3347
1, 0.6791, 0.3209
1, 0.6799, 0.3201
1, 0.6837, 0.3163
1, 0.6704, 0.3296
1, 0.6436, 0.3564
1, 0.6281, 0.3719
0, 0.8289, 0.1711
1, 0.688, 0.312
1, 0.6611, 0.3389
1, 0.6821, 0.3179
1, 0.6667, 0.3333
1, 0.687, 0.313
1, 0.6665, 0.3335
1, 0.6769, 0.3231
1, 0.6667, 0.3333
1, 0.6782, 0.3218
1, 0.6846, 0.3154
0, 0.841, 0.159
1, 0.6873, 0.3127
1, 0.6837, 0.3163
1, 0.6669, 0.3331
1, 0.6689, 0.3311
1, 0.688, 0.312
1, 0.682, 0.318
1, 0.6762, 0.3238
1, 0.6635, 0.3365
0, 0.8284, 0.1716
1, 0.6828, 0.3172
1, 0.6837, 0.3163
1, 0.6868, 0.3132
1, 0.6271, 0.3729
1, 0.6812, 0.3188
1, 0.642, 0.358
1, 0.6876, 0.3124
1, 0.6237, 0.3763
1, 0.6708, 0.3292
1, 0.6873, 0.3127
1, 0.6875, 0.3125
1, 0.6665, 0.3335
1, 0.6749, 0.3251
1, 0.6689, 0.3311
0, 0.8421, 0.1579
1, 0.6821, 0.3179
1, 0.6784, 0.3216
0, 0.8262, 0.1738
1, 0.6812, 0.3188
1, 0.688, 0.312
1, 0.6838, 0.3162
1, 0.6677, 0.3323
1, 0.6873, 0.3127
0, 0.8306, 0.1694
1, 0.6784, 0.3216
1, 0.688, 0.312
0, 0.8313, 0.1687
1, 0.6745, 0.3255
1, 0.6873, 0.3127
1, 0.6689, 0.3311
1, 0.6809, 0.3191
1, 0.6199, 0.3801
1, 0.6837, 0.3163
1, 0.6683, 0.3317
1, 0.6873, 0.3127
1, 0.687, 0.313
1, 0.6614, 0.3386
1, 0.6708, 0.3292
1, 0.6653, 0.3347
1, 0.6772, 0.3228
1, 0.6873, 0.3127
0, 0.8306, 0.1694
1, 0.6784, 0.3216
1, 0.6675, 0.3325
1, 0.6749, 0.3251
1, 0.6843, 0.3157
1, 0.6803, 0.3197
1, 0.6596, 0.3404
1, 0.6871, 0.3129
1, 0.666, 0.334
1, 0.6762, 0.3238
1, 0.682, 0.318
1, 0.6766, 0.3234
1, 0.6694, 0.3306
1, 0.6784, 0.3216
1, 0.6382, 0.3618
1, 0.681, 0.319
1, 0.6873, 0.3127
1, 0.6609, 0.3391
1, 0.6665, 0.3335
1, 0.6677, 0.3323
1, 0.688, 0.312
1, 0.6778, 0.3222
1, 0.6765, 0.3235
1, 0.688, 0.312
1, 0.6742, 0.3258
1, 0.646, 0.354
1, 0.6812, 0.3188
1, 0.6799, 0.3201
1, 0.68, 0.32
1, 0.6837, 0.3163
1, 0.6689, 0.3311
1, 0.6876, 0.3124
1, 0.6581, 0.3419
1, 0.6873, 0.3127
1, 0.6281, 0.3719
1, 0.6779, 0.3221
1, 0.6783, 0.3217
1, 0.687, 0.313
1, 0.6708, 0.3292
1, 0.6702, 0.3298
1, 0.6873, 0.3127
1, 0.6868, 0.3132
1, 0.6689, 0.3311
1, 0.6745, 0.3255
1, 0.6868, 0.3132
0, 0.8284, 0.1716
1, 0.687, 0.313
1, 0.6885, 0.3115
0, 0.83, 0.17
1, 0.6772, 0.3228
1, 0.6809, 0.3191
1, 0.6873, 0.3127
1, 0.6868, 0.3132
1, 0.6837, 0.3163
1, 0.6784, 0.3216
0, 0.8284, 0.1716
0, 0.8313, 0.1687
1, 0.6888, 0.3112
1, 0.682, 0.318
1, 0.6838, 0.3162
0, 0.8334, 0.1666
1, 0.6837, 0.3163
1, 0.6837, 0.3163
1, 0.6765, 0.3235
1, 0.6687, 0.3313
1, 0.6782, 0.3218
1, 0.6683, 0.3317
1, 0.6366, 0.3634
1, 0.6653, 0.3347
1, 0.6653, 0.3347
1, 0.6553, 0.3447
1, 0.6828, 0.3172
0, 0.8299, 0.1701
1, 0.6827, 0.3173
1, 0.6694, 0.3306
1, 0.6745, 0.3255
1, 0.666, 0.334
1, 0.666, 0.334
1, 0.6843, 0.3157
1, 0.6669, 0.3331
1, 0.6811, 0.3189
1, 0.6784, 0.3216
1, 0.6653, 0.3347
1, 0.6772, 0.3228
1, 0.6873, 0.3127
1, 0.6792, 0.3208
1, 0.6812, 0.3188
1, 0.6784, 0.3216
1, 0.6868, 0.3132
1, 0.6882, 0.3118
1, 0.687, 0.313
1, 0.666, 0.334
0, 0.8284, 0.1716
1, 0.6689, 0.3311
1, 0.6765, 0.3235
1, 0.6873, 0.3127
1, 0.6572, 0.3428
1, 0.6811, 0.3189
1, 0.6792, 0.3208
1, 0.6375, 0.3625
1, 0.688, 0.312
1, 0.6729, 0.3271
1, 0.6689, 0.3311
1, 0.687, 0.313
1, 0.6873, 0.3127
1, 0.6868, 0.3132
1, 0.6809, 0.3191
0, 0.8284, 0.1716
1, 0.6733, 0.3267
0, 0.8473, 0.1527
0, 0.8317, 0.1683
1, 0.6803, 0.3197
0, 0.841, 0.159
1, 0.6837, 0.3163
1, 0.6784, 0.3216
1, 0.6656, 0.3344
1, 0.6653, 0.3347
1, 0.6735, 0.3265
1, 0.6769, 0.3231
1, 0.6738, 0.3262
1, 0.6678, 0.3322
1, 0.6803, 0.3197
1, 0.666, 0.334
1, 0.6581, 0.3419
1, 0.6827, 0.3173
1, 0.6779, 0.3221
1, 0.6671, 0.3329
1, 0.6872, 0.3128
1, 0.6677, 0.3323
1, 0.6646, 0.3354
1, 0.688, 0.312
1, 0.6768, 0.3232
1, 0.6868, 0.3132
1, 0.6689, 0.3311
0, 0.83, 0.17
1, 0.687, 0.313
1, 0.6692, 0.3308
1, 0.6837, 0.3163
1, 0.6873, 0.3127
1, 0.6725, 0.3275
0, 0.8334, 0.1666
1, 0.6888, 0.3112
0, 0.8261, 0.1739
1, 0.6596, 0.3404
1, 0.6687, 0.3313
1, 0.6653, 0.3347
0, 0.8421, 0.1579
1, 0.6828, 0.3172
0, 0.8261, 0.1739
1, 0.666, 0.334
1, 0.6827, 0.3173
0, 0.83, 0.17
1, 0.6873, 0.3127
1, 0.6748, 0.3252
1, 0.6748, 0.3252
1, 0.6584, 0.3416
1, 0.6845, 0.3155
1, 0.6396, 0.3604
1, 0.6632, 0.3368
1, 0.6747, 0.3253
1, 0.6243, 0.3757
1, 0.6841, 0.3159
1, 0.6625, 0.3375
1, 0.6633, 0.3367
1, 0.6687, 0.3313
1, 0.6854, 0.3146
1, 0.6661, 0.3339
1, 0.6791, 0.3209
1, 0.6496, 0.3504
1, 0.6818, 0.3182
1, 0.6838, 0.3162
1, 0.6785, 0.3215
1, 0.6845, 0.3155
1, 0.6837, 0.3163
1, 0.6674, 0.3326
1, 0.6852, 0.3148
0, 0.8288, 0.1712
1, 0.6775, 0.3225
1, 0.6708, 0.3292
1, 0.6804, 0.3196
1, 0.6735, 0.3265
1, 0.6791, 0.3209
1, 0.6668, 0.3332
0, 0.8295, 0.1705
1, 0.6844, 0.3156
1, 0.6837, 0.3163
1, 0.6625, 0.3375
1, 0.6602, 0.3398
0, 0.8308, 0.1692
1, 0.6248, 0.3752
1, 0.6633, 0.3367
1, 0.6746, 0.3254
1, 0.6496, 0.3504
1, 0.6854, 0.3146
1, 0.6674, 0.3326
0, 0.8289, 0.1711
1, 0.6661, 0.3339
1, 0.6799, 0.3201
1, 0.6687, 0.3313
1, 0.6832, 0.3168
1, 0.6838, 0.3162
1, 0.6661, 0.3339
1, 0.6801, 0.3199
1, 0.6845, 0.3155
1, 0.6585, 0.3415
1, 0.6433, 0.3567
1, 0.6852, 0.3148
1, 0.6851, 0.3149
1, 0.6761, 0.3239
1, 0.6761, 0.3239
1, 0.6791, 0.3209
1, 0.6735, 0.3265
1, 0.6799, 0.3201
1, 0.6716, 0.3284
1, 0.6824, 0.3176
1, 0.6703, 0.3297
1, 0.6854, 0.3146
1, 0.6625, 0.3375
1, 0.685, 0.315
1, 0.6633, 0.3367
1, 0.6703, 0.3297
1, 0.6838, 0.3162
1, 0.6623, 0.3377
1, 0.6574, 0.3426
1, 0.6837, 0.3163
1, 0.6741, 0.3259
1, 0.6617, 0.3383
1, 0.6609, 0.3391
1, 0.6697, 0.3303
0, 0.8062, 0.1938
1, 0.6344, 0.3656
1, 0.6528, 0.3472
1, 0.6845, 0.3155
0, 0.8297, 0.1703
1, 0.6835, 0.3165
1, 0.6627, 0.3373
1, 0.685, 0.315
1, 0.6738, 0.3262
1, 0.6203, 0.3797
1, 0.6844, 0.3156
1, 0.6738, 0.3262
1, 0.6661, 0.3339
1, 0.6845, 0.3155
1, 0.674, 0.326
1, 0.6623, 0.3377
1, 0.6661, 0.3339
1, 0.6682, 0.3318
1, 0.6831, 0.3169
1, 0.6805, 0.3195
1, 0.6746, 0.3254
1, 0.6402, 0.3598
1, 0.6649, 0.3351
1, 0.6754, 0.3246
1, 0.6746, 0.3254
1, 0.6804, 0.3196
1, 0.6744, 0.3256
1, 0.6635, 0.3365
1, 0.6687, 0.3313
1, 0.6793, 0.3207
0, 0.8198, 0.1802
1, 0.6786, 0.3214
1, 0.6837, 0.3163
1, 0.6746, 0.3254
1, 0.6838, 0.3162
1, 0.6844, 0.3156
1, 0.6708, 0.3292
1, 0.6845, 0.3155
1, 0.6724, 0.3276
1, 0.6747, 0.3253
1, 0.6518, 0.3482
1, 0.6625, 0.3375
1, 0.6568, 0.3432
1, 0.6755, 0.3245
1, 0.6784, 0.3216
1, 0.6705, 0.3295
0, 0.8198, 0.1802
1, 0.6807, 0.3193
1, 0.624, 0.376
1, 0.6854, 0.3146
1, 0.6844, 0.3156
1, 0.6686, 0.3314
1, 0.6648, 0.3352
1, 0.6858, 0.3142
1, 0.6844, 0.3156
1, 0.6804, 0.3196
1, 0.6845, 0.3155
1, 0.6804, 0.3196
1, 0.68, 0.32
1, 0.6853, 0.3147
1, 0.6541, 0.3459
1, 0.6747, 0.3253
1, 0.6775, 0.3225
1, 0.6104, 0.3896
1, 0.6661, 0.3339
1, 0.6748, 0.3252
1, 0.6735, 0.3265
1, 0.6804, 0.3196
1, 0.6809, 0.3191
1, 0.6799, 0.3201
1, 0.6775, 0.3225
0, 0.8231, 0.1769
1, 0.678, 0.322
1, 0.6759, 0.3241
1, 0.641, 0.359
1, 0.6791, 0.3209
1, 0.6625, 0.3375
1, 0.6744, 0.3256
1, 0.6549, 0.3451
1, 0.6844, 0.3156
0, 0.8289, 0.1711
1, 0.6607, 0.3393
1, 0.6771, 0.3229
1, 0.6454, 0.3546
1, 0.6523, 0.3477
1, 0.6839, 0.3161
1, 0.6784, 0.3216
1, 0.6849, 0.3151
1, 0.6751, 0.3249
1, 0.6774, 0.3226
1, 0.6754, 0.3246
1, 0.679, 0.321
1, 0.6856, 0.3144
1, 0.6854, 0.3146
1, 0.649, 0.351
1, 0.6812, 0.3188
1, 0.6249, 0.3751
1, 0.6837, 0.3163
1, 0.6833, 0.3167
1, 0.6792, 0.3208
1, 0.6496, 0.3504
1, 0.6823, 0.3177
1, 0.6611, 0.3389
1, 0.6838, 0.3162
1, 0.6737, 0.3263
1, 0.6633, 0.3367
1, 0.6786, 0.3214
1, 0.6837, 0.3163
1, 0.6784, 0.3216
1, 0.6844, 0.3156
0, 0.8284, 0.1716
1, 0.6735, 0.3265
0, 0.8302, 0.1698
1, 0.6804, 0.3196
1, 0.6727, 0.3273
1, 0.6838, 0.3162
1, 0.6668, 0.3332
1, 0.6623, 0.3377
1, 0.6807, 0.3193
1, 0.6769, 0.3231
1, 0.6778, 0.3222
1, 0.6746, 0.3254
1, 0.6674, 0.3326
1, 0.6845, 0.3155
1, 0.6401, 0.3599
1, 0.6625, 0.3375
1, 0.625, 0.375
1, 0.6746, 0.3254
1, 0.6854, 0.3146
1, 0.6773, 0.3227
1, 0.6634, 0.3366
1, 0.6842, 0.3158
1, 0.6583, 0.3417
1, 0.6847, 0.3153
1, 0.6661, 0.3339
0, 0.8018, 0.1982
1, 0.6849, 0.3151
1, 0.6845, 0.3155
1, 0.6845, 0.3155
1, 0.6661, 0.3339
1, 0.6765, 0.3235
1, 0.6625, 0.3375
1, 0.6386, 0.3614
1, 0.677, 0.323
1, 0.6617, 0.3383
1, 0.677, 0.323
1, 0.6703, 0.3297
1, 0.6849, 0.3151
1, 0.6697, 0.3303
1, 0.6836, 0.3164
1, 0.6625, 0.3375
1, 0.6617, 0.3383
1, 0.6703, 0.3297
1, 0.6749, 0.3251
1, 0.6528, 0.3472
1, 0.662, 0.338
0, 0.8201, 0.1799
1, 0.6621, 0.3379
1, 0.6623, 0.3377
1, 0.594, 0.406
1, 0.6837, 0.3163
1, 0.6703, 0.3297
1, 0.6773, 0.3227
1, 0.6844, 0.3156
1, 0.6703, 0.3297
1, 0.6849, 0.3151
1, 0.6703, 0.3297
1, 0.685, 0.315
1, 0.6834, 0.3166
1, 0.6703, 0.3297
1, 0.6838, 0.3162
1, 0.6768, 0.3232
1, 0.6344, 0.3656
1, 0.6703, 0.3297
1, 0.6853, 0.3147
1, 0.6617, 0.3383
1, 0.6757, 0.3243
1, 0.6703, 0.3297
1, 0.647, 0.353
1, 0.6854, 0.3146
1, 0.6835, 0.3165
1, 0.6771, 0.3229
1, 0.677, 0.323
1, 0.6617, 0.3383
1, 0.6617, 0.3383
1, 0.6627, 0.3373
1, 0.6668, 0.3332
1, 0.6801, 0.3199
1, 0.677, 0.323
1, 0.6785, 0.3215
0, 0.8284, 0.1716
1, 0.6838, 0.3162
1, 0.6713, 0.3287
1, 0.6845, 0.3155
1, 0.6813, 0.3187
1, 0.6793, 0.3207
1, 0.6745, 0.3255
0, 0.8314, 0.1686
1, 0.6854, 0.3146
1, 0.6854, 0.3146
1, 0.6755, 0.3245
1, 0.6624, 0.3376
1, 0.6624, 0.3376
1, 0.684, 0.316
1, 0.6722, 0.3278
1, 0.6793, 0.3207
1, 0.6625, 0.3375
1, 0.635, 0.365
1, 0.658, 0.342
1, 0.6623, 0.3377
1, 0.6708, 0.3292
1, 0.6645, 0.3355
1, 0.6748, 0.3252
1, 0.6661, 0.3339
1, 0.6837, 0.3163
1, 0.6762, 0.3238
1, 0.6245, 0.3755
1, 0.6854, 0.3146
1, 0.6635, 0.3365
1, 0.6845, 0.3155
1, 0.6625, 0.3375
1, 0.6788, 0.3212
1, 0.6807, 0.3193
1, 0.6641, 0.3359
1, 0.6846, 0.3154
1, 0.6837, 0.3163
1, 0.6749, 0.3251
1, 0.6623, 0.3377
1, 0.6633, 0.3367
1, 0.6759, 0.3241
1, 0.6671, 0.3329
1, 0.6837, 0.3163
1, 0.6776, 0.3224
1, 0.6803, 0.3197
0, 0.828, 0.172
1, 0.6661, 0.3339
1, 0.6838, 0.3162
1, 0.6734, 0.3266
1, 0.6727, 0.3273
1, 0.6735, 0.3265
1, 0.6706, 0.3294
0, 0.8256, 0.1744
1, 0.6785, 0.3215
1, 0.6748, 0.3252
1, 0.6701, 0.3299
1, 0.6584, 0.3416
1, 0.6392, 0.3608
1, 0.6758, 0.3242
1, 0.6847, 0.3153
1, 0.6344, 0.3656
1, 0.6819, 0.3181
1, 0.6854, 0.3146
1, 0.6627, 0.3373
1, 0.6837, 0.3163
1, 0.6852, 0.3148
1, 0.6531, 0.3469
1, 0.6773, 0.3227
1, 0.6615, 0.3385
1, 0.6773, 0.3227
1, 0.6623, 0.3377
1, 0.6764, 0.3236
1, 0.6773, 0.3227
1, 0.6706, 0.3294
1, 0.67, 0.33
1, 0.6774, 0.3226
1, 0.6623, 0.3377
1, 0.6773, 0.3227
1, 0.6625, 0.3375
1, 0.6771, 0.3229
1, 0.6852, 0.3148
1, 0.6756, 0.3244
1, 0.6764, 0.3236
1, 0.6544, 0.3456
1, 0.6852, 0.3148
1, 0.6844, 0.3156
1, 0.6614, 0.3386
1, 0.6706, 0.3294
0, 0.8021, 0.1979
1, 0.6773, 0.3227
1, 0.6764, 0.3236
1, 0.641, 0.359
1, 0.6625, 0.3375
1, 0.6627, 0.3373
1, 0.6852, 0.3148
1, 0.6852, 0.3148
1, 0.6845, 0.3155
1, 0.6852, 0.3148
1, 0.6764, 0.3236
1, 0.6661, 0.3339
1, 0.6623, 0.3377
1, 0.6835, 0.3165
1, 0.6838, 0.3162
1, 0.6683, 0.3317
1, 0.597, 0.403
0, 0.8244, 0.1756
1, 0.6496, 0.3504
1, 0.6741, 0.3259
1, 0.6645, 0.3355
1, 0.6795, 0.3205
1, 0.6347, 0.3653
1, 0.6755, 0.3245
1, 0.6661, 0.3339
1, 0.6838, 0.3162
1, 0.6828, 0.3172
1, 0.666, 0.334
1, 0.6854, 0.3146
0, 0.8317, 0.1683
1, 0.6837, 0.3163
1, 0.6625, 0.3375
1, 0.6803, 0.3197
1, 0.6799, 0.3201
1, 0.6749, 0.3251
1, 0.6713, 0.3287
1, 0.6692, 0.3308
0, 0.8283, 0.1717
1, 0.6764, 0.3236
1, 0.6845, 0.3155
1, 0.685, 0.315
1, 0.6528, 0.3472
1, 0.6853, 0.3147
1, 0.6677, 0.3323
1, 0.684, 0.316
1, 0.6873, 0.3127
1, 0.6891, 0.3109
0, 0.8216, 0.1784
1, 0.688, 0.312
1, 0.6682, 0.3318
0, 0.8284, 0.1716
1, 0.6762, 0.3238
1, 0.6596, 0.3404
1, 0.6653, 0.3347
1, 0.6689, 0.3311
1, 0.682, 0.318
1, 0.6809, 0.3191
1, 0.6692, 0.3308
0, 0.8301, 0.1699
1, 0.6677, 0.3323
0, 0.8263, 0.1737
1, 0.6881, 0.3119
1, 0.684, 0.316
0, 0.8313, 0.1687
1, 0.6647, 0.3353
1, 0.6596, 0.3404
1, 0.6837, 0.3163
1, 0.683, 0.317
1, 0.6837, 0.3163
0, 0.8317, 0.1683
1, 0.666, 0.334
1, 0.6822, 0.3178
1, 0.6828, 0.3172
1, 0.6837, 0.3163
1, 0.6653, 0.3347
1, 0.6788, 0.3212
1, 0.6803, 0.3197
1, 0.6656, 0.3344
0, 0.8275, 0.1725
1, 0.6686, 0.3314
1, 0.6653, 0.3347
1, 0.6778, 0.3222
1, 0.6784, 0.3216
0, 0.8313, 0.1687
1, 0.6609, 0.3391
1, 0.6883, 0.3117
0, 0.8263, 0.1737
1, 0.6672, 0.3328
1, 0.6791, 0.3209
0, 0.8308, 0.1692
1, 0.6765, 0.3235
1, 0.666, 0.334
1, 0.6868, 0.3132
1, 0.6772, 0.3228
1, 0.6811, 0.3189
0, 0.8301, 0.1699
1, 0.682, 0.318
1, 0.68, 0.32
1, 0.6819, 0.3181
1, 0.6765, 0.3235
1, 0.6582, 0.3418
1, 0.6901, 0.3099
1, 0.6596, 0.3404
1, 0.6779, 0.3221
1, 0.6792, 0.3208
1, 0.6747, 0.3253
1, 0.6761, 0.3239
0, 0.8284, 0.1716
0, 0.8263, 0.1737
1, 0.688, 0.312
1, 0.6689, 0.3311
1, 0.6647, 0.3353
1, 0.6708, 0.3292
1, 0.6868, 0.3132
1, 0.687, 0.313
1, 0.6596, 0.3404
1, 0.6868, 0.3132
1, 0.6828, 0.3172
1, 0.6753, 0.3247
0, 0.8263, 0.1737
0, 0.83, 0.17
1, 0.6827, 0.3173
1, 0.6873, 0.3127
1, 0.6749, 0.3251
1, 0.6843, 0.3157
1, 0.669, 0.331
1, 0.6837, 0.3163
1, 0.6784, 0.3216
0, 0.8308, 0.1692
1, 0.6742, 0.3258
1, 0.6762, 0.3238
1, 0.6745, 0.3255
1, 0.6809, 0.3191
1, 0.6642, 0.3358
1, 0.6603, 0.3397
1, 0.6609, 0.3391
0, 0.8334, 0.1666
0, 0.8284, 0.1716
0, 0.8203, 0.1797
1, 0.6769, 0.3231
1, 0.666, 0.334
1, 0.673, 0.327
1, 0.6383, 0.3617
1, 0.6683, 0.3317
1, 0.6653, 0.3347
1, 0.6784, 0.3216
1, 0.6414, 0.3586
0, 0.8307, 0.1693
1, 0.6769, 0.3231
1, 0.6803, 0.3197
1, 0.626, 0.374
1, 0.688, 0.312
1, 0.669, 0.331
1, 0.6765, 0.3235
1, 0.6784, 0.3216
0, 0.8262, 0.1738
1, 0.6784, 0.3216
1, 0.6704, 0.3296
1, 0.666, 0.334
1, 0.6613, 0.3387
1, 0.6772, 0.3228
1, 0.6361, 0.3639
1, 0.6821, 0.3179
1, 0.6614, 0.3386
0, 0.8275, 0.1725
1, 0.6765, 0.3235
0, 0.8263, 0.1737
1, 0.6745, 0.3255
1, 0.69, 0.31
1, 0.6677, 0.3323
1, 0.6609, 0.3391
1, 0.6587, 0.3413
1, 0.6833, 0.3167
1, 0.673, 0.327
1, 0.6742, 0.3258
1, 0.6614, 0.3386
1, 0.6779, 0.3221
1, 0.6693, 0.3307
1, 0.6788, 0.3212
1, 0.6868, 0.3132
0, 0.8275, 0.1725
1, 0.6689, 0.3311
1, 0.6613, 0.3387
0, 0.8289, 0.1711
1, 0.687, 0.313
1, 0.6593, 0.3407
1, 0.6902, 0.3098
1, 0.6656, 0.3344
1, 0.6837, 0.3163
1, 0.6784, 0.3216
1, 0.6653, 0.3347
1, 0.6868, 0.3132
1, 0.666, 0.334
1, 0.6765, 0.3235
0, 0.829, 0.171
1, 0.6745, 0.3255
1, 0.6778, 0.3222
1, 0.666, 0.334
1, 0.6559, 0.3441
1, 0.6799, 0.3201
1, 0.6779, 0.3221
1, 0.6899, 0.3101
1, 0.6837, 0.3163
1, 0.6665, 0.3335
0, 0.8311, 0.1689
1, 0.688, 0.312
1, 0.6868, 0.3132
1, 0.6661, 0.3339
1, 0.6689, 0.3311
0, 0.83, 0.17
1, 0.6653, 0.3347
1, 0.687, 0.313
1, 0.6837, 0.3163
1, 0.6873, 0.3127
1, 0.666, 0.334
0, 0.8332, 0.1668
1, 0.6827, 0.3173
1, 0.6909, 0.3091
1, 0.6652, 0.3348
1, 0.6902, 0.3098
1, 0.6653, 0.3347
1, 0.6791, 0.3209
1, 0.6677, 0.3323
1, 0.688, 0.312
1, 0.682, 0.318
1, 0.6689, 0.3311
1, 0.666, 0.334
1, 0.6838, 0.3162
1, 0.682, 0.318
1, 0.687, 0.313
1, 0.6782, 0.3218
1, 0.69, 0.31
1, 0.6873, 0.3127
1, 0.6677, 0.3323
1, 0.6823, 0.3177
1, 0.6812, 0.3188
1, 0.6891, 0.3109
1, 0.688, 0.312
1, 0.6888, 0.3112
1, 0.6689, 0.3311
1, 0.687, 0.313
1, 0.6828, 0.3172
1, 0.6828, 0.3172
1, 0.6873, 0.3127
1, 0.6846, 0.3154
1, 0.6784, 0.3216
1, 0.6827, 0.3173
1, 0.6843, 0.3157
1, 0.6873, 0.3127
1, 0.6784, 0.3216
1, 0.6645, 0.3355
1, 0.679, 0.321
1, 0.6708, 0.3292
0, 0.8289, 0.1711
1, 0.6749, 0.3251
1, 0.6745, 0.3255
0, 0.8317, 0.1683
1, 0.636, 0.364
1, 0.6653, 0.3347
1, 0.6827, 0.3173
1, 0.6837, 0.3163
1, 0.6843, 0.3157
1, 0.6376, 0.3624
1, 0.6762, 0.3238
1, 0.6742, 0.3258
1, 0.666, 0.334
1, 0.6868, 0.3132
1, 0.6765, 0.3235
1, 0.6868, 0.3132
0, 0.8299, 0.1701
1, 0.6784, 0.3216
1, 0.6835, 0.3165
0, 0.8284, 0.1716
1, 0.6868, 0.3132
1, 0.6782, 0.3218
1, 0.6868, 0.3132
1, 0.6829, 0.3171
1, 0.6756, 0.3244
1, 0.6846, 0.3154
0, 0.8284, 0.1716
1, 0.6899, 0.3101
0, 0.8234, 0.1766
1, 0.6665, 0.3335
1, 0.6677, 0.3323
1, 0.6813, 0.3187
1, 0.6745, 0.3255
1, 0.6414, 0.3586
1, 0.6708, 0.3292
1, 0.6395, 0.3605
1, 0.6767, 0.3233
1, 0.6873, 0.3127
1, 0.6874, 0.3126
1, 0.6653, 0.3347
1, 0.688, 0.312
1, 0.6259, 0.3741
1, 0.6689, 0.3311
1, 0.6772, 0.3228
1, 0.6729, 0.3271
1, 0.6704, 0.3296
0, 0.8313, 0.1687
1, 0.6753, 0.3247
1, 0.6697, 0.3303
0, 0.837, 0.163
1, 0.687, 0.313
1, 0.666, 0.334
1, 0.6573, 0.3427
1, 0.6784, 0.3216
1, 0.6837, 0.3163
1, 0.6784, 0.3216
1, 0.6688, 0.3312
1, 0.6806, 0.3194
1, 0.6873, 0.3127
1, 0.6653, 0.3347
1, 0.6766, 0.3234
1, 0.6823, 0.3177
1, 0.6899, 0.3101
1, 0.6822, 0.3178
1, 0.6665, 0.3335
1, 0.6871, 0.3129
1, 0.636, 0.364
1, 0.6564, 0.3436
1, 0.6587, 0.3413
1, 0.681, 0.319
1, 0.6868, 0.3132
1, 0.688, 0.312
1, 0.6838, 0.3162
1, 0.6837, 0.3163
1, 0.666, 0.334
1, 0.6689, 0.3311
1, 0.6801, 0.3199
0, 0.829, 0.171
1, 0.6828, 0.3172
1, 0.6742, 0.3258
1, 0.6653, 0.3347
1, 0.6784, 0.3216
1, 0.687, 0.313
1, 0.682, 0.318
1, 0.6783, 0.3217
1, 0.69, 0.31
1, 0.6677, 0.3323
1, 0.6811, 0.3189
1, 0.6901, 0.3099
1, 0.6126, 0.3874
1, 0.6873, 0.3127
1, 0.6784, 0.3216
1, 0.6837, 0.3163
1, 0.666, 0.334
1, 0.688, 0.312
1, 0.688, 0.312
1, 0.6613, 0.3387
1, 0.6788, 0.3212
1, 0.6677, 0.3323
0, 0.8311, 0.1689
1, 0.6806, 0.3194
1, 0.6689, 0.3311
1, 0.6868, 0.3132
1, 0.687, 0.313
1, 0.6839, 0.3161
1, 0.6891, 0.3109
1, 0.666, 0.334
1, 0.6883, 0.3117
1, 0.687, 0.313
1, 0.6634, 0.3366
0, 0.8284, 0.1716
1, 0.6665, 0.3335
1, 0.6888, 0.3112
1, 0.6625, 0.3375
1, 0.6812, 0.3188
1, 0.6745, 0.3255
1, 0.6689, 0.3311
1, 0.6783, 0.3217
1, 0.6357, 0.3643
1, 0.6873, 0.3127
1, 0.688, 0.312
1, 0.6653, 0.3347
1, 0.6689, 0.3311
1, 0.6828, 0.3172
1, 0.6772, 0.3228
1, 0.6827, 0.3173
1, 0.666, 0.334
0, 0.8313, 0.1687
1, 0.687, 0.313
1, 0.6891, 0.3109
1, 0.6846, 0.3154
1, 0.6784, 0.3216
1, 0.6827, 0.3173
1, 0.6837, 0.3163
1, 0.6816, 0.3184
1, 0.6784, 0.3216
1, 0.6687, 0.3313
1, 0.6882, 0.3118
1, 0.6873, 0.3127
1, 0.6891, 0.3109
1, 0.6812, 0.3188
1, 0.6596, 0.3404
0, 0.8284, 0.1716
1, 0.6902, 0.3098
1, 0.6772, 0.3228
1, 0.6677, 0.3323
1, 0.6653, 0.3347
1, 0.6812, 0.3188
1, 0.6756, 0.3244
1, 0.6877, 0.3123
1, 0.6688, 0.3312
1, 0.6828, 0.3172
1, 0.6383, 0.3617
1, 0.6869, 0.3131
1, 0.6603, 0.3397
1, 0.688, 0.312
1, 0.6639, 0.3361
1, 0.6811, 0.3189
1, 0.6837, 0.3163
1, 0.6846, 0.3154
1, 0.6839, 0.3161
0, 0.8317, 0.1683
1, 0.6689, 0.3311
1, 0.6812, 0.3188
1, 0.6784, 0.3216
1, 0.666, 0.334
1, 0.6828, 0.3172
1, 0.6827, 0.3173
1, 0.6742, 0.3258
1, 0.687, 0.313
1, 0.6873, 0.3127
1, 0.6799, 0.3201
1, 0.6765, 0.3235
1, 0.687, 0.313
1, 0.6653, 0.3347
1, 0.6901, 0.3099
1, 0.6873, 0.3127
1, 0.6653, 0.3347
1, 0.6665, 0.3335
1, 0.6828, 0.3172
1, 0.6785, 0.3215
1, 0.6762, 0.3238
1, 0.688, 0.312
1, 0.6745, 0.3255
1, 0.6653, 0.3347
1, 0.6846, 0.3154
1, 0.6772, 0.3228
1, 0.638, 0.362
1, 0.6846, 0.3154
1, 0.6784, 0.3216
1, 0.6784, 0.3216
1, 0.6619, 0.3381
1, 0.6837, 0.3163
1, 0.6765, 0.3235
1, 0.6784, 0.3216
1, 0.6868, 0.3132
1, 0.6416, 0.3584
1, 0.6877, 0.3123
1, 0.6742, 0.3258
1, 0.6601, 0.3399
1, 0.6877, 0.3123
0, 0.83, 0.17
1, 0.6754, 0.3246
1, 0.6811, 0.3189
1, 0.6765, 0.3235
1, 0.687, 0.313
1, 0.6811, 0.3189
1, 0.6839, 0.3161
1, 0.6729, 0.3271
1, 0.6839, 0.3161
1, 0.6357, 0.3643
1, 0.6827, 0.3173
1, 0.6596, 0.3404
1, 0.6827, 0.3173
1, 0.6868, 0.3132
1, 0.6873, 0.3127
1, 0.6785, 0.3215
1, 0.6742, 0.3258
1, 0.6785, 0.3215
0, 0.8284, 0.1716
0, 0.8334, 0.1666
1, 0.6775, 0.3225
1, 0.6868, 0.3132
1, 0.6779, 0.3221
1, 0.6704, 0.3296
0, 0.8284, 0.1716
1, 0.6704, 0.3296
1, 0.6868, 0.3132
0, 0.8317, 0.1683
1, 0.6749, 0.3251
1, 0.6749, 0.3251
0, 0.8284, 0.1716
1, 0.6837, 0.3163
1, 0.6762, 0.3238
1, 0.6643, 0.3357
0, 0.8317, 0.1683
1, 0.6762, 0.3238
1, 0.6784, 0.3216
1, 0.6868, 0.3132
1, 0.6653, 0.3347
1, 0.6803, 0.3197
1, 0.6837, 0.3163
1, 0.6656, 0.3344
1, 0.675, 0.325
1, 0.666, 0.334
1, 0.6758, 0.3242
0, 0.8317, 0.1683
1, 0.6653, 0.3347
1, 0.6492, 0.3508
1, 0.666, 0.334
1, 0.6445, 0.3555
1, 0.6837, 0.3163
1, 0.6656, 0.3344
1, 0.6829, 0.3171
1, 0.6318, 0.3682
1, 0.6809, 0.3191
1, 0.6267, 0.3733
1, 0.6653, 0.3347
1, 0.666, 0.334
1, 0.6717, 0.3283
1, 0.688, 0.312
1, 0.6717, 0.3283
1, 0.6677, 0.3323
1, 0.6653, 0.3347
1, 0.6811, 0.3189
1, 0.6811, 0.3189
1, 0.688, 0.312
1, 0.6901, 0.3099
1, 0.666, 0.334
1, 0.6792, 0.3208
1, 0.6689, 0.3311
1, 0.6689, 0.3311
1, 0.6799, 0.3201
1, 0.688, 0.312
1, 0.6838, 0.3162
1, 0.687, 0.313
1, 0.6868, 0.3132
1, 0.6689, 0.3311
1, 0.6868, 0.3132
1, 0.6665, 0.3335
1, 0.6868, 0.3132
1, 0.6873, 0.3127
1, 0.687, 0.313
0, 0.829, 0.171
1, 0.688, 0.312
0, 0.829, 0.171
1, 0.6689, 0.3311
1, 0.6891, 0.3109
1, 0.688, 0.312
1, 0.6873, 0.3127
1, 0.6892, 0.3108
1, 0.6792, 0.3208
1, 0.687, 0.313
1, 0.6809, 0.3191
1, 0.6837, 0.3163
1, 0.682, 0.318
0, 0.8311, 0.1689
1, 0.6873, 0.3127
1, 0.6559, 0.3441
0, 0.8311, 0.1689
1, 0.6652, 0.3348
1, 0.6618, 0.3382
1, 0.683, 0.317
1, 0.6803, 0.3197
1, 0.6635, 0.3365
1, 0.6414, 0.3586
1, 0.688, 0.312
0, 0.8299, 0.1701
1, 0.6839, 0.3161
1, 0.682, 0.318
1, 0.688, 0.312
1, 0.6653, 0.3347
1, 0.6549, 0.3451
1, 0.6838, 0.3162
1, 0.6689, 0.3311
1, 0.6837, 0.3163
0, 0.8317, 0.1683
1, 0.6772, 0.3228
1, 0.6868, 0.3132
1, 0.6782, 0.3218
1, 0.687, 0.313
1, 0.6353, 0.3647
1, 0.666, 0.334
1, 0.6784, 0.3216
0, 0.8284, 0.1716
1, 0.688, 0.312
1, 0.6745, 0.3255
1, 0.6873, 0.3127
1, 0.6829, 0.3171
1, 0.663, 0.337
1, 0.6873, 0.3127
1, 0.6745, 0.3255
1, 0.6898, 0.3102
1, 0.6653, 0.3347
1, 0.6765, 0.3235
1, 0.6795, 0.3205
1, 0.6677, 0.3323
1, 0.6357, 0.3643
1, 0.6878, 0.3122
1, 0.6596, 0.3404
1, 0.688, 0.312
1, 0.6772, 0.3228
1, 0.6811, 0.3189
1, 0.6689, 0.3311
1, 0.666, 0.334
1, 0.6742, 0.3258
1, 0.6784, 0.3216
1, 0.6828, 0.3172
1, 0.6665, 0.3335
1, 0.687, 0.313
1, 0.682, 0.318
1, 0.6838, 0.3162
1, 0.6863, 0.3137
0, 0.8313, 0.1687
1, 0.687, 0.313
1, 0.6873, 0.3127
1, 0.6677, 0.3323
1, 0.6784, 0.3216
1, 0.6862, 0.3138
1, 0.6756, 0.3244
1, 0.6758, 0.3242
1, 0.6782, 0.3218
0, 0.8473, 0.1527
1, 0.6376, 0.3624
1, 0.688, 0.312
1, 0.6353, 0.3647
1, 0.6573, 0.3427
1, 0.6891, 0.3109
1, 0.6868, 0.3132
1, 0.6689, 0.3311
1, 0.6812, 0.3188
0, 0.841, 0.159
1, 0.6891, 0.3109
0, 0.8284, 0.1716
1, 0.6729, 0.3271
1, 0.687, 0.313
1, 0.655, 0.345
1, 0.6605, 0.3395
1, 0.682, 0.318
0, 0.8284, 0.1716
1, 0.6873, 0.3127
1, 0.6772, 0.3228
1, 0.684, 0.316
1, 0.6729, 0.3271
1, 0.6603, 0.3397
1, 0.6868, 0.3132
1, 0.6828, 0.3172
1, 0.683, 0.317
0, 0.8317, 0.1683
1, 0.6803, 0.3197
1, 0.6707, 0.3293
1, 0.6745, 0.3255
1, 0.6784, 0.3216
1, 0.6868, 0.3132
1, 0.6891, 0.3109
1, 0.6846, 0.3154
1, 0.6784, 0.3216
1, 0.6788, 0.3212
1, 0.6837, 0.3163
1, 0.6683, 0.3317
0, 0.8284, 0.1716
1, 0.6812, 0.3188
1, 0.6725, 0.3275
1, 0.6784, 0.3216
1, 0.6653, 0.3347
1, 0.6654, 0.3346
1, 0.6758, 0.3242
1, 0.6657, 0.3343
1, 0.6708, 0.3292
1, 0.6745, 0.3255
1, 0.6837, 0.3163
1, 0.6696, 0.3304
1, 0.6828, 0.3172
1, 0.6873, 0.3127
1, 0.6643, 0.3357
1, 0.666, 0.334
1, 0.6655, 0.3345
1, 0.6846, 0.3154
1, 0.6783, 0.3217
0, 0.8317, 0.1683
1, 0.6749, 0.3251
1, 0.6772, 0.3228
1, 0.6784, 0.3216
1, 0.6799, 0.3201
1, 0.688, 0.312
1, 0.6811, 0.3189
1, 0.6837, 0.3163
1, 0.6655, 0.3345
1, 0.6762, 0.3238
1, 0.6784, 0.3216
1, 0.69, 0.31
1, 0.6665, 0.3335
1, 0.6653, 0.3347
1, 0.6668, 0.3332
1, 0.6745, 0.3255
1, 0.6888, 0.3112
1, 0.688, 0.312
1, 0.6765, 0.3235
1, 0.6765, 0.3235
1, 0.6838, 0.3162
1, 0.6689, 0.3311
1, 0.6361, 0.3639
1, 0.682, 0.318
1, 0.666, 0.334
1, 0.658, 0.342
1, 0.6772, 0.3228
1, 0.6414, 0.3586
1, 0.687, 0.313
1, 0.6827, 0.3173
1, 0.687, 0.313
1, 0.6772, 0.3228
1, 0.626, 0.374
1, 0.6784, 0.3216
1, 0.6782, 0.3218
1, 0.6742, 0.3258
1, 0.6873, 0.3127
1, 0.6902, 0.3098
1, 0.6704, 0.3296
1, 0.6677, 0.3323
1, 0.6749, 0.3251
1, 0.688, 0.312
1, 0.6723, 0.3277
0, 0.8289, 0.1711
1, 0.682, 0.318
1, 0.6677, 0.3323
1, 0.6888, 0.3112
1, 0.666, 0.334
1, 0.6437, 0.3563
1, 0.6892, 0.3108
1, 0.6868, 0.3132
1, 0.6799, 0.3201
1, 0.6696, 0.3304
1, 0.6704, 0.3296
1, 0.6749, 0.3251
1, 0.6704, 0.3296
1, 0.688, 0.312
1, 0.6282, 0.3718
0, 0.8284, 0.1716
1, 0.6899, 0.3101
1, 0.6749, 0.3251
1, 0.6668, 0.3332
1, 0.6901, 0.3099
1, 0.6868, 0.3132
1, 0.6689, 0.3311
1, 0.6828, 0.3172
1, 0.6665, 0.3335
1, 0.6704, 0.3296
1, 0.6708, 0.3292
1, 0.6749, 0.3251
1, 0.6837, 0.3163
1, 0.687, 0.313
1, 0.688, 0.312
1, 0.6593, 0.3407
1, 0.6901, 0.3099
1, 0.6868, 0.3132
1, 0.6762, 0.3238
0, 0.8299, 0.1701
1, 0.666, 0.334
1, 0.6827, 0.3173
1, 0.6739, 0.3261
1, 0.6873, 0.3127
1, 0.6843, 0.3157
0, 0.8255, 0.1745
0, 0.8313, 0.1687
1, 0.6689, 0.3311
1, 0.6708, 0.3292
1, 0.6902, 0.3098
1, 0.6259, 0.3741
0, 0.8284, 0.1716
0, 0.8217, 0.1783
1, 0.6436, 0.3564
1, 0.6784, 0.3216
1, 0.687, 0.313
1, 0.6708, 0.3292
1, 0.6704, 0.3296
1, 0.6766, 0.3234
1, 0.6654, 0.3346
1, 0.6837, 0.3163
1, 0.6873, 0.3127
1, 0.6868, 0.3132
0, 0.8421, 0.1579
1, 0.69, 0.31
1, 0.6779, 0.3221
1, 0.6445, 0.3555
1, 0.6653, 0.3347
1, 0.6878, 0.3122
0, 0.82, 0.18
1, 0.6664, 0.3336
1, 0.6745, 0.3255
1, 0.6596, 0.3404
0, 0.8346, 0.1654
1, 0.6414, 0.3586
1, 0.688, 0.312
1, 0.69, 0.31
1, 0.6266, 0.3734
1, 0.6762, 0.3238
0, 0.8304, 0.1696
1, 0.6853, 0.3147
1, 0.6753, 0.3247
1, 0.6828, 0.3172
1, 0.6664, 0.3336
1, 0.6717, 0.3283
0, 0.829, 0.171
1, 0.6766, 0.3234
1, 0.666, 0.334
1, 0.6772, 0.3228
1, 0.6901, 0.3099
1, 0.6811, 0.3189
1, 0.6756, 0.3244
1, 0.6596, 0.3404
1, 0.682, 0.318
1, 0.6837, 0.3163
1, 0.6704, 0.3296
1, 0.6664, 0.3336
1, 0.6628, 0.3372
1, 0.6762, 0.3238
1, 0.6792, 0.3208
1, 0.6784, 0.3216
1, 0.6838, 0.3162
0, 0.8311, 0.1689
0, 0.8215, 0.1785
1, 0.69, 0.31
1, 0.6837, 0.3163
1, 0.6708, 0.3292
1, 0.6677, 0.3323
1, 0.689, 0.311
1, 0.682, 0.318
1, 0.6664, 0.3336
1, 0.687, 0.313
1, 0.6838, 0.3162
1, 0.6653, 0.3347
1, 0.6765, 0.3235
1, 0.682, 0.318
1, 0.6634, 0.3366
0, 0.8292, 0.1708
1, 0.688, 0.312
1, 0.6812, 0.3188
1, 0.6453, 0.3547
1, 0.6868, 0.3132
1, 0.6782, 0.3218
1, 0.636, 0.364
1, 0.688, 0.312
1, 0.6689, 0.3311
1, 0.6587, 0.3413
0, 0.8215, 0.1785
1, 0.6761, 0.3239
1, 0.6782, 0.3218
1, 0.6811, 0.3189
0, 0.829, 0.171
1, 0.6689, 0.3311
1, 0.666, 0.334
1, 0.687, 0.313
1, 0.6812, 0.3188
1, 0.6749, 0.3251
1, 0.6742, 0.3258
1, 0.6891, 0.3109
1, 0.6806, 0.3194
1, 0.6819, 0.3181
1, 0.6745, 0.3255
1, 0.666, 0.334
0, 0.8306, 0.1694
1, 0.687, 0.313
1, 0.6792, 0.3208
1, 0.6873, 0.3127
1, 0.6827, 0.3173
1, 0.6846, 0.3154
1, 0.6879, 0.3121
1, 0.6751, 0.3249
1, 0.6596, 0.3404
1, 0.6873, 0.3127
1, 0.6665, 0.3335
1, 0.6837, 0.3163
0, 0.8215, 0.1785
0, 0.8311, 0.1689
1, 0.688, 0.312
1, 0.6772, 0.3228
1, 0.6828, 0.3172
1, 0.6677, 0.3323
1, 0.69, 0.31
1, 0.688, 0.312
1, 0.682, 0.318
1, 0.6689, 0.3311
1, 0.6891, 0.3109
1, 0.6784, 0.3216
1, 0.6903, 0.3097
1, 0.6868, 0.3132
1, 0.6689, 0.3311
1, 0.6666, 0.3334
1, 0.6846, 0.3154
0, 0.8304, 0.1696
1, 0.6282, 0.3718
1, 0.6811, 0.3189
1, 0.6784, 0.3216
1, 0.6871, 0.3129
1, 0.6653, 0.3347
0, 0.8284, 0.1716
1, 0.687, 0.313
1, 0.679, 0.321
1, 0.6653, 0.3347
1, 0.6689, 0.3311
1, 0.6596, 0.3404
1, 0.682, 0.318
1, 0.6881, 0.3119
0, 0.8216, 0.1784
1, 0.6868, 0.3132
1, 0.6838, 0.3162
1, 0.6765, 0.3235
1, 0.6873, 0.3127
1, 0.6788, 0.3212
1, 0.682, 0.318
1, 0.684, 0.316
1, 0.6573, 0.3427
1, 0.6376, 0.3624
1, 0.6708, 0.3292
1, 0.6873, 0.3127
1, 0.6891, 0.3109
1, 0.683, 0.317
1, 0.666, 0.334
0, 0.8306, 0.1694
1, 0.6782, 0.3218
0, 0.8313, 0.1687
1, 0.6811, 0.3189
1, 0.6729, 0.3271
0, 0.8313, 0.1687
1, 0.6869, 0.3131
1, 0.684, 0.316
1, 0.6749, 0.3251
1, 0.6596, 0.3404
1, 0.6788, 0.3212
1, 0.683, 0.317
1, 0.6837, 0.3163
0, 0.8215, 0.1785
1, 0.6902, 0.3098
1, 0.6656, 0.3344
1, 0.6812, 0.3188
1, 0.6792, 0.3208
1, 0.6762, 0.3238
1, 0.682, 0.318
1, 0.6811, 0.3189
1, 0.6745, 0.3255
1, 0.6653, 0.3347
1, 0.6891, 0.3109
1, 0.6666, 0.3334
1, 0.6871, 0.3129
0, 0.8306, 0.1694
1, 0.6828, 0.3172
1, 0.6828, 0.3172
1, 0.6689, 0.3311
1, 0.67, 0.33
1, 0.6772, 0.3228
1, 0.6868, 0.3132
1, 0.6756, 0.3244
1, 0.6259, 0.3741
1, 0.688, 0.312
0, 0.8263, 0.1737
1, 0.687, 0.313
0, 0.8307, 0.1693
1, 0.6868, 0.3132
1, 0.6873, 0.3127
0, 0.8264, 0.1736
0, 0.8284, 0.1716
1, 0.6809, 0.3191
1, 0.6645, 0.3355
0, 0.8307, 0.1693
1, 0.6782, 0.3218
1, 0.6609, 0.3391
0, 0.8313, 0.1687
0, 0.8263, 0.1737
1, 0.6803, 0.3197
1, 0.6837, 0.3163
1, 0.6683, 0.3317
1, 0.6784, 0.3216
0, 0.8306, 0.1694
1, 0.6653, 0.3347
1, 0.6125, 0.3875
1, 0.6879, 0.3121
1, 0.6765, 0.3235
1, 0.6612, 0.3388
1, 0.666, 0.334
1, 0.6778, 0.3222
0, 0.8307, 0.1693
1, 0.6828, 0.3172
1, 0.6683, 0.3317
1, 0.6559, 0.3441
1, 0.6779, 0.3221
1, 0.6898, 0.3102
1, 0.6898, 0.3102
1, 0.6677, 0.3323
1, 0.6612, 0.3388
1, 0.6866, 0.3134
1, 0.688, 0.312
1, 0.6655, 0.3345
1, 0.6689, 0.3311
1, 0.6868, 0.3132
1, 0.688, 0.312
1, 0.687, 0.313
0, 0.83, 0.17
1, 0.6753, 0.3247
1, 0.688, 0.312
1, 0.6873, 0.3127
1, 0.6837, 0.3163
1, 0.6645, 0.3355
1, 0.6883, 0.3117
0, 0.8332, 0.1668
1, 0.6676, 0.3324
1, 0.6891, 0.3109
1, 0.6672, 0.3328
1, 0.6655, 0.3345
1, 0.6812, 0.3188
1, 0.6653, 0.3347
1, 0.6895, 0.3105
1, 0.6685, 0.3315
1, 0.6899, 0.3101
1, 0.6828, 0.3172
1, 0.666, 0.334
1, 0.6667, 0.3333
1, 0.6846, 0.3154
1, 0.682, 0.318
1, 0.69, 0.31
1, 0.6784, 0.3216
1, 0.682, 0.318
1, 0.6709, 0.3291
1, 0.6899, 0.3101
1, 0.6677, 0.3323
1, 0.6901, 0.3099
1, 0.6703, 0.3297
1, 0.6745, 0.3255
1, 0.6899, 0.3101
1, 0.6689, 0.3311
1, 0.6837, 0.3163
1, 0.688, 0.312
1, 0.6837, 0.3163
1, 0.6837, 0.3163
1, 0.6653, 0.3347
1, 0.6689, 0.3311
1, 0.6653, 0.3347
1, 0.667, 0.333
1, 0.6653, 0.3347
1, 0.6653, 0.3347
1, 0.6517, 0.3483
1, 0.687, 0.313
1, 0.6772, 0.3228
1, 0.6683, 0.3317
1, 0.6635, 0.3365
1, 0.6136, 0.3864
1, 0.6653, 0.3347
1, 0.666, 0.334
1, 0.6322, 0.3678
1, 0.6873, 0.3127
1, 0.6784, 0.3216
1, 0.666, 0.334
1, 0.666, 0.334
1, 0.6649, 0.3351
1, 0.6741, 0.3259
1, 0.687, 0.313
1, 0.6829, 0.3171
1, 0.68, 0.32
1, 0.682, 0.318
1, 0.6888, 0.3112
1, 0.6884, 0.3116
1, 0.6765, 0.3235
1, 0.6433, 0.3567
1, 0.6834, 0.3166
1, 0.6895, 0.3105
1, 0.69, 0.31
1, 0.6677, 0.3323
1, 0.6665, 0.3335
1, 0.6689, 0.3311
1, 0.664, 0.336
1, 0.6772, 0.3228
1, 0.6587, 0.3413
1, 0.636, 0.364
1, 0.688, 0.312
1, 0.666, 0.334
0, 0.8311, 0.1689
1, 0.688, 0.312
1, 0.688, 0.312
1, 0.6868, 0.3132
1, 0.6689, 0.3311
1, 0.6828, 0.3172
1, 0.6607, 0.3393
1, 0.6689, 0.3311
1, 0.6689, 0.3311
1, 0.6873, 0.3127
1, 0.688, 0.312
1, 0.6742, 0.3258
1, 0.687, 0.313
1, 0.6827, 0.3173
1, 0.687, 0.313
1, 0.687, 0.313
1, 0.6767, 0.3233
1, 0.6822, 0.3178
1, 0.6837, 0.3163
1, 0.6843, 0.3157
1, 0.6873, 0.3127
1, 0.6873, 0.3127
1, 0.6873, 0.3127
1, 0.6784, 0.3216
1, 0.6623, 0.3377
1, 0.6727, 0.3273
1, 0.6544, 0.3456
1, 0.6891, 0.3109
1, 0.6639, 0.3361
1, 0.6868, 0.3132
1, 0.6891, 0.3109
1, 0.6862, 0.3138
1, 0.6624, 0.3376
1, 0.6745, 0.3255
0, 0.8284, 0.1716
1, 0.682, 0.318
1, 0.6761, 0.3239
1, 0.682, 0.318
1, 0.6795, 0.3205
1, 0.6693, 0.3307
1, 0.684, 0.316
1, 0.682, 0.318
1, 0.684, 0.316
1, 0.6772, 0.3228
1, 0.6634, 0.3366
1, 0.683, 0.317
0, 0.83, 0.17
1, 0.6633, 0.3367
1, 0.683, 0.317
1, 0.6803, 0.3197
1, 0.6784, 0.3216
1, 0.6839, 0.3161
0, 0.8313, 0.1687
1, 0.6679, 0.3321
1, 0.6647, 0.3353
1, 0.6788, 0.3212
1, 0.6788, 0.3212
1, 0.6783, 0.3217
1, 0.6656, 0.3344
1, 0.6837, 0.3163
1, 0.6749, 0.3251
1, 0.6784, 0.3216
1, 0.6765, 0.3235
1, 0.682, 0.318
1, 0.6653, 0.3347
1, 0.6704, 0.3296
1, 0.6782, 0.3218
0, 0.8332, 0.1668
1, 0.6587, 0.3413
1, 0.6361, 0.3639
1, 0.6639, 0.3361
1, 0.6714, 0.3286
1, 0.6871, 0.3129
1, 0.6839, 0.3161
1, 0.6783, 0.3217
1, 0.6745, 0.3255
1, 0.6806, 0.3194
1, 0.6677, 0.3323
1, 0.6875, 0.3125
1, 0.6742, 0.3258
1, 0.666, 0.334
1, 0.6621, 0.3379
1, 0.6783, 0.3217
1, 0.688, 0.312
1, 0.6799, 0.3201
1, 0.6837, 0.3163
1, 0.665, 0.335
1, 0.6813, 0.3187
1, 0.6819, 0.3181
1, 0.6704, 0.3296
1, 0.6835, 0.3165
1, 0.6772, 0.3228
1, 0.6811, 0.3189
1, 0.6838, 0.3162
1, 0.6899, 0.3101
1, 0.6784, 0.3216
1, 0.6813, 0.3187
1, 0.6665, 0.3335
1, 0.6692, 0.3308
1, 0.6765, 0.3235
1, 0.6756, 0.3244
1, 0.683, 0.317
1, 0.6868, 0.3132
1, 0.6671, 0.3329
1, 0.6874, 0.3126
1, 0.6841, 0.3159
1, 0.6782, 0.3218
1, 0.6816, 0.3184
1, 0.6885, 0.3115
1, 0.6767, 0.3233
1, 0.681, 0.319
0, 0.8284, 0.1716
1, 0.6689, 0.3311
1, 0.6882, 0.3118
1, 0.6783, 0.3217
1, 0.6785, 0.3215
1, 0.6641, 0.3359
1, 0.658, 0.342
1, 0.687, 0.313
1, 0.6679, 0.3321
1, 0.6702, 0.3298
1, 0.6745, 0.3255
1, 0.6873, 0.3127
1, 0.6742, 0.3258
1, 0.6838, 0.3162
1, 0.6331, 0.3669
1, 0.6661, 0.3339
1, 0.6838, 0.3162
1, 0.6854, 0.3146
1, 0.6854, 0.3146
1, 0.6645, 0.3355
1, 0.685, 0.315
1, 0.6708, 0.3292
1, 0.6748, 0.3252
1, 0.6837, 0.3163
1, 0.6845, 0.3155
0, 0.8284, 0.1716
1, 0.6623, 0.3377
1, 0.6745, 0.3255
1, 0.6813, 0.3187
1, 0.6713, 0.3287
0, 0.8314, 0.1686
1, 0.6624, 0.3376
1, 0.6733, 0.3267
1, 0.6658, 0.3342
1, 0.6625, 0.3375
1, 0.6793, 0.3207
1, 0.6755, 0.3245
1, 0.656, 0.344
1, 0.6793, 0.3207
1, 0.6785, 0.3215
1, 0.6771, 0.3229
1, 0.6748, 0.3252
1, 0.6761, 0.3239
1, 0.6535, 0.3465
1, 0.6744, 0.3256
1, 0.6854, 0.3146
1, 0.6661, 0.3339
1, 0.6838, 0.3162
1, 0.6837, 0.3163
1, 0.6845, 0.3155
0, 0.83, 0.17
1, 0.6771, 0.3229
1, 0.6799, 0.3201
0, 0.8329, 0.1671
1, 0.6776, 0.3224
1, 0.6661, 0.3339
1, 0.6625, 0.3375
1, 0.6751, 0.3249
1, 0.6846, 0.3154
1, 0.6748, 0.3252
1, 0.6623, 0.3377
1, 0.6845, 0.3155
1, 0.6655, 0.3345
1, 0.6854, 0.3146
1, 0.6853, 0.3147
1, 0.6848, 0.3152
1, 0.6719, 0.3281
1, 0.6837, 0.3163
1, 0.6633, 0.3367
0, 0.8201, 0.1799
1, 0.6764, 0.3236
1, 0.6203, 0.3797
1, 0.6752, 0.3248
1, 0.678, 0.322
1, 0.6803, 0.3197
1, 0.6828, 0.3172
1, 0.6719, 0.3281
1, 0.6621, 0.3379
1, 0.6625, 0.3375
1, 0.6795, 0.3205
1, 0.6799, 0.3201
1, 0.6734, 0.3266
1, 0.6872, 0.3128
1, 0.6735, 0.3265
1, 0.6826, 0.3174
1, 0.6589, 0.3411
1, 0.6664, 0.3336
1, 0.6496, 0.3504
1, 0.6518, 0.3482
1, 0.6775, 0.3225
1, 0.6798, 0.3202
1, 0.6724, 0.3276
1, 0.6661, 0.3339
1, 0.6692, 0.3308
1, 0.6766, 0.3234
0, 0.8269, 0.1731
1, 0.6364, 0.3636
1, 0.6838, 0.3162
1, 0.6666, 0.3334
1, 0.6772, 0.3228
1, 0.6625, 0.3375
1, 0.6216, 0.3784
1, 0.6624, 0.3376
1, 0.6723, 0.3277
1, 0.6854, 0.3146
1, 0.6623, 0.3377
1, 0.6845, 0.3155
1, 0.6847, 0.3153
1, 0.6762, 0.3238
1, 0.6674, 0.3326
1, 0.681, 0.319
1, 0.6633, 0.3367
1, 0.6838, 0.3162
1, 0.673, 0.327
1, 0.6837, 0.3163
1, 0.6727, 0.3273
0, 0.8284, 0.1716
1, 0.6735, 0.3265
1, 0.6752, 0.3248
1, 0.6779, 0.3221
1, 0.6737, 0.3263
1, 0.6799, 0.3201
1, 0.6705, 0.3295
1, 0.6753, 0.3247
0, 0.8302, 0.1698
1, 0.6661, 0.3339
1, 0.6832, 0.3168
1, 0.6359, 0.3641
1, 0.6634, 0.3366
1, 0.6781, 0.3219
1, 0.6583, 0.3417
1, 0.6765, 0.3235
1, 0.6836, 0.3164
1, 0.6223, 0.3777
1, 0.6773, 0.3227
1, 0.6633, 0.3367
1, 0.6641, 0.3359
1, 0.6625, 0.3375
1, 0.6854, 0.3146
1, 0.6794, 0.3206
1, 0.6805, 0.3195
1, 0.6661, 0.3339
1, 0.6623, 0.3377
1, 0.6748, 0.3252
1, 0.6838, 0.3162
1, 0.6845, 0.3155
1, 0.6837, 0.3163
1, 0.637, 0.363
1, 0.6674, 0.3326
0, 0.8289, 0.1711
1, 0.6815, 0.3185
1, 0.673, 0.327
1, 0.6727, 0.3273
1, 0.6758, 0.3242
1, 0.6735, 0.3265
1, 0.678, 0.322
0, 0.8302, 0.1698
1, 0.6722, 0.3278
1, 0.6748, 0.3252
1, 0.6648, 0.3352
1, 0.6873, 0.3127
1, 0.6713, 0.3287
1, 0.6748, 0.3252
1, 0.6845, 0.3155
1, 0.6364, 0.3636
1, 0.6791, 0.3209
1, 0.6837, 0.3163
1, 0.6518, 0.3482
0, 0.8199, 0.1801
1, 0.6616, 0.3384
1, 0.6724, 0.3276
1, 0.6629, 0.3371
1, 0.6844, 0.3156
1, 0.6705, 0.3295
1, 0.6711, 0.3289
1, 0.6844, 0.3156
1, 0.6779, 0.3221
1, 0.6625, 0.3375
1, 0.6749, 0.3251
1, 0.6207, 0.3793
1, 0.6854, 0.3146
1, 0.6709, 0.3291
1, 0.683, 0.317
1, 0.6645, 0.3355
1, 0.662, 0.338
1, 0.6753, 0.3247
1, 0.6661, 0.3339
1, 0.6754, 0.3246
1, 0.6639, 0.3361
1, 0.6804, 0.3196
1, 0.6748, 0.3252
1, 0.6846, 0.3154
1, 0.669, 0.331
1, 0.6569, 0.3431
1, 0.6689, 0.3311
1, 0.6676, 0.3324
1, 0.6623, 0.3377
1, 0.6748, 0.3252
1, 0.6805, 0.3195
1, 0.6794, 0.3206
1, 0.6838, 0.3162
1, 0.6754, 0.3246
0, 0.8208, 0.1792
1, 0.6622, 0.3378
1, 0.6634, 0.3366
1, 0.6752, 0.3248
1, 0.6727, 0.3273
1, 0.6213, 0.3787
1, 0.6633, 0.3367
1, 0.6773, 0.3227
1, 0.6875, 0.3125
1, 0.6713, 0.3287
1, 0.6702, 0.3298
1, 0.6805, 0.3195
0, 0.8302, 0.1698
1, 0.6794, 0.3206
1, 0.6625, 0.3375
1, 0.6661, 0.3339
0, 0.8289, 0.1711
1, 0.6735, 0.3265
1, 0.6762, 0.3238
1, 0.6669, 0.3331
1, 0.6812, 0.3188
1, 0.6353, 0.3647
1, 0.6584, 0.3416
1, 0.6779, 0.3221
1, 0.6838, 0.3162
1, 0.6737, 0.3263
1, 0.6623, 0.3377
1, 0.6837, 0.3163
1, 0.6836, 0.3164
1, 0.6748, 0.3252
1, 0.6845, 0.3155
1, 0.6854, 0.3146
1, 0.6716, 0.3284
1, 0.6722, 0.3278
1, 0.6769, 0.3231
1, 0.6651, 0.3349
0, 0.8199, 0.1801
1, 0.6781, 0.3219
1, 0.6724, 0.3276
1, 0.6838, 0.3162
1, 0.6371, 0.3629
1, 0.675, 0.325
1, 0.6851, 0.3149
1, 0.6723, 0.3277
1, 0.6723, 0.3277
1, 0.6635, 0.3365
1, 0.6752, 0.3248
1, 0.6758, 0.3242
1, 0.6661, 0.3339
1, 0.6845, 0.3155
1, 0.6518, 0.3482
1, 0.6705, 0.3295
1, 0.6623, 0.3377
0, 0.8227, 0.1773
1, 0.678, 0.322
1, 0.6837, 0.3163
1, 0.6625, 0.3375
1, 0.6772, 0.3228
1, 0.6213, 0.3787
1, 0.678, 0.322
1, 0.6691, 0.3309
1, 0.6854, 0.3146
1, 0.6744, 0.3256
1, 0.6838, 0.3162
1, 0.6848, 0.3152
1, 0.6675, 0.3325
1, 0.6622, 0.3378
1, 0.6738, 0.3262
1, 0.6688, 0.3312
1, 0.6655, 0.3345
1, 0.6568, 0.3432
1, 0.6686, 0.3314
1, 0.6838, 0.3162
1, 0.6661, 0.3339
1, 0.6731, 0.3269
1, 0.678, 0.322
1, 0.6625, 0.3375
1, 0.6633, 0.3367
1, 0.6583, 0.3417
1, 0.6655, 0.3345
1, 0.6845, 0.3155
1, 0.6661, 0.3339
1, 0.6874, 0.3126
1, 0.6735, 0.3265
1, 0.6752, 0.3248
1, 0.6674, 0.3326
1, 0.6832, 0.3168
0, 0.8257, 0.1743
1, 0.6212, 0.3788
1, 0.6496, 0.3504
1, 0.6364, 0.3636
1, 0.6748, 0.3252
1, 0.664, 0.336
1, 0.6736, 0.3264
1, 0.673, 0.327
1, 0.682, 0.318
1, 0.6837, 0.3163
1, 0.6775, 0.3225
1, 0.6838, 0.3162
1, 0.6773, 0.3227
0, 0.8279, 0.1721
1, 0.6661, 0.3339
1, 0.6848, 0.3152
1, 0.6719, 0.3281
1, 0.6779, 0.3221
1, 0.6676, 0.3324
1, 0.6854, 0.3146
1, 0.6727, 0.3273
1, 0.6834, 0.3166
0, 0.8312, 0.1688
1, 0.6645, 0.3355
1, 0.6591, 0.3409
1, 0.6898, 0.3102
1, 0.6744, 0.3256
1, 0.666, 0.334
1, 0.6854, 0.3146
1, 0.6838, 0.3162
1, 0.6623, 0.3377
1, 0.6755, 0.3245
1, 0.687, 0.313
1, 0.6845, 0.3155
1, 0.6837, 0.3163
1, 0.6769, 0.3231
1, 0.6374, 0.3626
1, 0.6699, 0.3301
1, 0.655, 0.345
1, 0.6745, 0.3255
1, 0.6625, 0.3375
1, 0.6774, 0.3226
1, 0.6776, 0.3224
0, 0.8284, 0.1716
1, 0.666, 0.334
1, 0.6661, 0.3339
1, 0.6807, 0.3193
1, 0.6838, 0.3162
1, 0.6751, 0.3249
1, 0.6734, 0.3266
1, 0.6875, 0.3125
1, 0.6799, 0.3201
1, 0.6625, 0.3375
1, 0.6784, 0.3216
1, 0.6602, 0.3398
1, 0.6792, 0.3208
1, 0.6661, 0.3339
1, 0.6408, 0.3592
1, 0.6871, 0.3129
1, 0.6766, 0.3234
1, 0.6837, 0.3163
1, 0.6775, 0.3225
1, 0.6733, 0.3267
1, 0.6807, 0.3193
0, 0.8273, 0.1727
1, 0.6826, 0.3174
1, 0.6854, 0.3146
1, 0.6823, 0.3177
1, 0.6795, 0.3205
1, 0.6849, 0.3151
1, 0.6845, 0.3155
1, 0.6542, 0.3458
1, 0.647, 0.353
1, 0.6612, 0.3388
1, 0.6496, 0.3504
1, 0.608, 0.392
1, 0.6809, 0.3191
1, 0.6785, 0.3215
0, 0.8232, 0.1768
1, 0.6514, 0.3486
1, 0.679, 0.321
1, 0.6798, 0.3202
1, 0.6766, 0.3234
1, 0.6605, 0.3395
1, 0.6244, 0.3756
1, 0.6815, 0.3185
1, 0.6843, 0.3157
1, 0.6763, 0.3237
1, 0.6813, 0.3187
1, 0.6853, 0.3147
1, 0.6718, 0.3282
1, 0.6759, 0.3241
1, 0.663, 0.337
1, 0.6856, 0.3144
1, 0.641, 0.359
1, 0.673, 0.327
1, 0.6847, 0.3153
1, 0.6812, 0.3188
1, 0.6854, 0.3146
1, 0.6746, 0.3254
1, 0.6848, 0.3152
1, 0.6668, 0.3332
1, 0.6837, 0.3163
1, 0.6795, 0.3205
1, 0.673, 0.327
1, 0.6661, 0.3339
1, 0.6625, 0.3375
1, 0.6232, 0.3768
0, 0.8198, 0.1802
1, 0.6838, 0.3162
1, 0.6754, 0.3246
1, 0.6763, 0.3237
1, 0.678, 0.322
1, 0.6781, 0.3219
1, 0.6845, 0.3155
1, 0.6496, 0.3504
1, 0.6772, 0.3228
1, 0.6721, 0.3279
1, 0.6759, 0.3241
1, 0.6088, 0.3912
1, 0.6723, 0.3277
1, 0.6849, 0.3151
1, 0.6852, 0.3148
1, 0.6637, 0.3363
1, 0.6753, 0.3247
0, 0.8202, 0.1798
1, 0.6832, 0.3168
1, 0.6517, 0.3483
1, 0.6799, 0.3201
1, 0.6823, 0.3177
1, 0.6793, 0.3207
1, 0.6781, 0.3219
1, 0.6772, 0.3228
1, 0.679, 0.321
1, 0.6791, 0.3209
1, 0.6815, 0.3185
1, 0.6723, 0.3277
1, 0.6515, 0.3485
1, 0.6748, 0.3252
1, 0.6681, 0.3319
1, 0.6871, 0.3129
1, 0.6454, 0.3546
1, 0.679, 0.321
1, 0.6542, 0.3458
1, 0.6664, 0.3336
1, 0.6624, 0.3376
1, 0.6787, 0.3213
1, 0.649, 0.351
1, 0.6686, 0.3314
1, 0.6827, 0.3173
1, 0.6683, 0.3317
1, 0.6748, 0.3252
1, 0.6759, 0.3241
1, 0.6736, 0.3264
1, 0.679, 0.321
1, 0.6763, 0.3237
1, 0.6827, 0.3173
1, 0.6826, 0.3174
1, 0.6393, 0.3607
1, 0.6456, 0.3544
1, 0.6795, 0.3205
1, 0.6815, 0.3185
1, 0.6511, 0.3489
1, 0.6854, 0.3146
1, 0.6775, 0.3225
1, 0.6832, 0.3168
1, 0.6772, 0.3228
1, 0.6734, 0.3266
1, 0.6233, 0.3767
1, 0.6723, 0.3277
1, 0.6661, 0.3339
1, 0.6641, 0.3359
1, 0.6493, 0.3507
1, 0.6852, 0.3148
1, 0.6077, 0.3923
1, 0.6837, 0.3163
1, 0.6838, 0.3162
1, 0.6798, 0.3202
1, 0.6799, 0.3201
1, 0.6625, 0.3375
1, 0.6812, 0.3188
1, 0.6845, 0.3155
1, 0.6872, 0.3128
1, 0.6768, 0.3232
1, 0.6753, 0.3247
1, 0.6795, 0.3205
1, 0.6585, 0.3415
1, 0.6734, 0.3266
1, 0.6775, 0.3225
1, 0.6781, 0.3219
1, 0.68, 0.32
1, 0.6553, 0.3447
1, 0.6856, 0.3144
0, 0.8229, 0.1771
1, 0.6539, 0.3461
1, 0.6735, 0.3265
1, 0.6791, 0.3209
1, 0.6815, 0.3185
1, 0.6787, 0.3213
1, 0.6766, 0.3234
1, 0.6849, 0.3151
1, 0.6793, 0.3207
1, 0.6754, 0.3246
1, 0.6496, 0.3504
1, 0.6776, 0.3224
1, 0.6823, 0.3177
0, 0.8281, 0.1719
1, 0.6784, 0.3216
1, 0.6792, 0.3208
1, 0.6777, 0.3223
1, 0.6522, 0.3478
1, 0.6782, 0.3218
1, 0.6845, 0.3155
1, 0.6782, 0.3218
1, 0.6787, 0.3213
1, 0.6807, 0.3193
1, 0.7006, 0.2994
1, 0.68, 0.32
1, 0.7005, 0.2995
1, 0.676, 0.324
1, 0.6532, 0.3468
1, 0.6379, 0.3621
1, 0.6646, 0.3354
1, 0.6592, 0.3408
1, 0.635, 0.365
1, 0.6421, 0.3579
1, 0.4768, 0.5232
1, 0.6484, 0.3516
1, 0.6548, 0.3452
1, 0.6494, 0.3506
1, 0.6456, 0.3544
1, 0.6713, 0.3287
1, 0.6723, 0.3277
1, 0.6646, 0.3354
1, 0.6661, 0.3339
1, 0.6554, 0.3446
1, 0.6797, 0.3203
1, 0.6836, 0.3164
1, 0.6653, 0.3347
1, 0.6798, 0.3202
1, 0.6536, 0.3464
1, 0.6595, 0.3405
1, 0.6754, 0.3246
1, 0.6581, 0.3419
1, 0.6734, 0.3266
1, 0.6541, 0.3459
1, 0.6649, 0.3351
1, 0.6619, 0.3381
1, 0.671, 0.329
0, 0.7216, 0.2784
0, 0.7289, 0.2711
0, 0.7216, 0.2784
0, 0.8453, 0.1547
0, 0.7275, 0.2725
0, 0.7266, 0.2734
0, 0.8538, 0.1462
0, 0.7276, 0.2724
0, 0.8465, 0.1535
0, 0.729, 0.271
0, 0.7266, 0.2734
0, 0.7266, 0.2734
0, 0.7129, 0.2871
0, 0.8512, 0.1488
0, 0.7278, 0.2722
0, 0.8535, 0.1465
0, 0.8535, 0.1465
0, 0.7216, 0.2784
0, 0.8538, 0.1462
0, 0.8465, 0.1535
0, 0.7129, 0.2871
0, 0.8512, 0.1488
0, 0.7266, 0.2734
0, 0.7276, 0.2724
0, 0.7266, 0.2734
0, 0.7266, 0.2734
0, 0.8885, 0.1115
0, 0.7301, 0.2699
0, 0.8864, 0.1136
0, 0.8814, 0.1186
0, 0.8086, 0.1914
0, 0.8016, 0.1984
0, 0.8113, 0.1887
0, 0.6651, 0.3349
0, 0.8099, 0.1901
0, 0.8759, 0.1241
0, 0.8108, 0.1892
0, 0.6366, 0.3634
0, 0.7968, 0.2032
0, 0.8028, 0.1972
0, 0.6326, 0.3674
0, 0.6358, 0.3642
0, 0.8098, 0.1902
0, 0.6366, 0.3634
0, 0.8075, 0.1925
0, 0.6338, 0.3662
0, 0.6338, 0.3662
0, 0.7956, 0.2044
0, 0.5697, 0.4303
0, 0.7963, 0.2037
0, 0.6338, 0.3662
0, 0.8019, 0.1981
0, 0.7954, 0.2046
0, 0.7984, 0.2016
0, 0.8094, 0.1906
0, 0.7954, 0.2046
0, 0.809, 0.191
0, 0.8094, 0.1906
0, 0.6324, 0.3676
0, 0.8089, 0.1911
0, 0.8034, 0.1966
0, 0.8769, 0.1231
0, 0.8087, 0.1913
0, 0.808, 0.192
1, 0.6653, 0.3347
1, 0.6764, 0.3236
1, 0.656, 0.344
1, 0.6668, 0.3332
1, 0.654, 0.346
1, 0.6787, 0.3213
1, 0.6477, 0.3523
1, 0.6477, 0.3523
1, 0.6878, 0.3122
1, 0.6517, 0.3483
1, 0.6664, 0.3336
1, 0.645, 0.355
1, 0.6596, 0.3404
1, 0.6746, 0.3254
1, 0.6683, 0.3317
1, 0.6595, 0.3405
1, 0.6557, 0.3443
1, 0.6731, 0.3269
1, 0.6531, 0.3469
1, 0.6838, 0.3162
1, 0.6428, 0.3572
1, 0.6527, 0.3473
1, 0.6588, 0.3412
1, 0.6836, 0.3164
1, 0.676, 0.324
1, 0.6539, 0.3461
1, 0.6542, 0.3458
1, 0.6591, 0.3409
1, 0.6488, 0.3512
1, 0.644, 0.356
1, 0.6835, 0.3165
1, 0.6044, 0.3956
1, 0.5907, 0.4093
1, 0.6034, 0.3966
1, 0.5857, 0.4143
1, 0.6011, 0.3989
1, 0.5891, 0.4109
1, 0.6019, 0.3981
1, 0.6131, 0.3869
1, 0.6011, 0.3989
1, 0.6021, 0.3979
1, 0.6041, 0.3959
1, 0.5816, 0.4184
1, 0.6004, 0.3996
1, 0.6728, 0.3272
1, 0.6577, 0.3423
1, 0.6666, 0.3334
1, 0.6656, 0.3344
1, 0.6707, 0.3293
1, 0.6681, 0.3319
1, 0.5895, 0.4105
1, 0.6029, 0.3971
1, 0.6039, 0.3961
1, 0.6678, 0.3322
1, 0.6691, 0.3309
1, 0.6679, 0.3321
1, 0.6668, 0.3332
1, 0.6496, 0.3504
1, 0.6694, 0.3306
1, 0.6683, 0.3317
1, 0.6625, 0.3375
1, 0.6697, 0.3303
1, 0.6561, 0.3439
1, 0.6604, 0.3396
1, 0.6705, 0.3295
1, 0.6685, 0.3315
1, 0.667, 0.333
1, 0.6744, 0.3256
1, 0.6684, 0.3316
1, 0.6947, 0.3053
1, 0.6963, 0.3037
1, 0.6952, 0.3048
1, 0.6923, 0.3077
1, 0.6756, 0.3244
1, 0.686, 0.314
1, 0.686, 0.314
1, 0.6908, 0.3092
1, 0.6697, 0.3303
1, 0.6744, 0.3256
1, 0.6688, 0.3312
1, 0.6924, 0.3076
1, 0.6724, 0.3276
1, 0.6623, 0.3377
1, 0.6829, 0.3171
1, 0.6739, 0.3261
1, 0.6794, 0.3206
1, 0.6696, 0.3304
1, 0.6829, 0.3171
1, 0.6717, 0.3283
1, 0.6954, 0.3046
1, 0.6672, 0.3328
1, 0.6843, 0.3157
1, 0.6699, 0.3301
1, 0.6869, 0.3131
1, 0.6749, 0.3251
1, 0.6738, 0.3262
1, 0.6738, 0.3262
1, 0.6749, 0.3251
1, 0.6696, 0.3304
1, 0.6768, 0.3232
1, 0.671, 0.329
1, 0.6835, 0.3165
1, 0.6713, 0.3287
1, 0.6839, 0.3161
1, 0.6743, 0.3257
1, 0.6715, 0.3285
1, 0.683, 0.317
1, 0.6681, 0.3319
1, 0.6463, 0.3537
1, 0.6632, 0.3368
1, 0.6551, 0.3449
1, 0.6452, 0.3548
1, 0.6708, 0.3292
1, 0.6701, 0.3299
1, 0.6663, 0.3337
1, 0.6435, 0.3565
1, 0.6415, 0.3585
1, 0.6508, 0.3492
1, 0.6545, 0.3455
1, 0.658, 0.342
1, 0.6547, 0.3453
1, 0.6559, 0.3441
1, 0.6471, 0.3529
1, 0.6444, 0.3556
1, 0.649, 0.351
1, 0.6463, 0.3537
1, 0.6632, 0.3368
1, 0.6627, 0.3373
1, 0.6303, 0.3697
1, 0.6228, 0.3772
1, 0.6429, 0.3571
1, 0.658, 0.342
1, 0.6623, 0.3377
1, 0.658, 0.342
1, 0.658, 0.342
1, 0.6685, 0.3315
1, 0.6615, 0.3385
1, 0.663, 0.337
1, 0.6595, 0.3405
1, 0.6608, 0.3392
1, 0.6605, 0.3395
1, 0.6557, 0.3443
1, 0.6608, 0.3392
1, 0.6592, 0.3408
1, 0.6544, 0.3456
1, 0.6585, 0.3415
1, 0.6551, 0.3449
1, 0.6625, 0.3375
1, 0.6593, 0.3407
1, 0.6544, 0.3456
1, 0.6585, 0.3415
1, 0.663, 0.337
1, 0.6599, 0.3401
1, 0.6563, 0.3437
1, 0.6563, 0.3437
1, 0.6563, 0.3437
1, 0.6506, 0.3494
1, 0.6551, 0.3449
1, 0.6397, 0.3603
1, 0.6584, 0.3416
1, 0.6395, 0.3605
1, 0.6552, 0.3448
1, 0.6576, 0.3424
1, 0.6395, 0.3605
1, 0.6509, 0.3491
1, 0.6503, 0.3497
1, 0.6614, 0.3386
1, 0.6507, 0.3493
1, 0.6604, 0.3396
1, 0.6539, 0.3461
1, 0.6621, 0.3379
1, 0.6609, 0.3391
1, 0.6582, 0.3418
1, 0.658, 0.342
1, 0.6556, 0.3444
1, 0.6551, 0.3449
1, 0.6616, 0.3384
1, 0.6549, 0.3451
1, 0.6553, 0.3447
1, 0.6628, 0.3372
1, 0.6556, 0.3444
1, 0.6583, 0.3417
1, 0.6543, 0.3457
1, 0.6556, 0.3444
1, 0.6597, 0.3403
1, 0.6555, 0.3445
1, 0.6593, 0.3407
1, 0.6587, 0.3413
1, 0.6588, 0.3412
1, 0.6578, 0.3422
1, 0.6577, 0.3423
1, 0.6586, 0.3414
1, 0.6604, 0.3396
1, 0.654, 0.346
1, 0.6632, 0.3368
1, 0.6611, 0.3389
1, 0.6605, 0.3395
1, 0.6629, 0.3371
1, 0.6338, 0.3662
1, 0.6602, 0.3398
1, 0.6462, 0.3538
1, 0.6581, 0.3419
1, 0.6516, 0.3484
1, 0.6615, 0.3385
1, 0.6616, 0.3384
1, 0.6613, 0.3387
1, 0.66, 0.34
1, 0.6577, 0.3423
1, 0.6555, 0.3445
1, 0.6615, 0.3385
1, 0.6572, 0.3428
1, 0.6571, 0.3429
1, 0.6558, 0.3442
1, 0.6549, 0.3451
1, 0.6599, 0.3401
1, 0.6519, 0.3481
1, 0.6595, 0.3405
1, 0.6616, 0.3384
1, 0.6472, 0.3528
1, 0.6293, 0.3707
1, 0.6509, 0.3491
1, 0.6492, 0.3508
1, 0.6478, 0.3522
1, 0.6472, 0.3528
1, 0.6359, 0.3641
1, 0.6419, 0.3581
1, 0.6508, 0.3492
1, 0.6472, 0.3528
1, 0.6047, 0.3953
1, 0.5972, 0.4028
1, 0.6042, 0.3958
1, 0.6038, 0.3962
1, 0.5948, 0.4052
1, 0.597, 0.403
1, 0.5969, 0.4031
1, 0.6061, 0.3939
1, 0.6453, 0.3547
1, 0.6488, 0.3512
1, 0.6472, 0.3528
1, 0.6586, 0.3414
1, 0.6472, 0.3528
1, 0.6481, 0.3519
1, 0.6586, 0.3414
1, 0.6453, 0.3547
1, 0.6536, 0.3464
1, 0.6594, 0.3406
1, 0.654, 0.346
1, 0.6465, 0.3535
1, 0.6508, 0.3492
1, 0.6554, 0.3446
1, 0.6472, 0.3528
1, 0.6331, 0.3669
1, 0.6542, 0.3458
1, 0.6574, 0.3426
1, 0.659, 0.341
1, 0.6606, 0.3394
1, 0.6361, 0.3639
1, 0.6602, 0.3398
1, 0.6468, 0.3532
1, 0.6435, 0.3565
1, 0.6616, 0.3384
1, 0.6489, 0.3511
1, 0.641, 0.359
1, 0.6544, 0.3456
1, 0.6469, 0.3531
1, 0.6402, 0.3598
1, 0.6401, 0.3599
1, 0.6434, 0.3566
1, 0.6508, 0.3492
1, 0.6571, 0.3429
1, 0.6606, 0.3394
1, 0.6472, 0.3528
1, 0.6488, 0.3512
1, 0.6516, 0.3484
1, 0.632, 0.368
1, 0.6471, 0.3529
1, 0.6488, 0.3512
1, 0.6293, 0.3707
1, 0.6472, 0.3528
1, 0.6538, 0.3462
1, 0.6417, 0.3583
1, 0.6519, 0.3481
1, 0.6589, 0.3411
1, 0.6661, 0.3339
1, 0.6526, 0.3474
1, 0.6589, 0.3411
1, 0.661, 0.339
1, 0.6414, 0.3586
1, 0.6319, 0.3681
1, 0.6436, 0.3564
1, 0.6271, 0.3729
1, 0.6444, 0.3556
1, 0.6507, 0.3493
1, 0.6299, 0.3701
1, 0.663, 0.337
1, 0.66, 0.34
1, 0.6039, 0.3961
1, 0.6028, 0.3972
1, 0.6023, 0.3977
1, 0.5969, 0.4031
1, 0.594, 0.406
1, 0.6066, 0.3934
1, 0.6043, 0.3957
1, 0.6029, 0.3971
1, 0.6038, 0.3962
1, 0.5853, 0.4147
1, 0.6116, 0.3884
1, 0.6118, 0.3882
1, 0.6031, 0.3969
1, 0.6006, 0.3994
1, 0.5725, 0.4275
1, 0.6591, 0.3409
1, 0.632, 0.368
1, 0.6469, 0.3531
1, 0.6359, 0.3641
1, 0.6435, 0.3565
1, 0.6526, 0.3474
1, 0.663, 0.337
1, 0.6535, 0.3465
1, 0.6594, 0.3406
1, 0.6258, 0.3742
1, 0.6417, 0.3583
1, 0.6661, 0.3339
1, 0.648, 0.352
1, 0.661, 0.339
1, 0.6414, 0.3586
1, 0.6517, 0.3483
1, 0.6299, 0.3701
1, 0.6589, 0.3411
1, 0.6522, 0.3478
1, 0.6589, 0.3411
1, 0.6444, 0.3556
1, 0.6485, 0.3515
1, 0.6472, 0.3528
1, 0.6451, 0.3549
1, 0.6587, 0.3413
1, 0.6516, 0.3484
1, 0.6543, 0.3457
1, 0.6596, 0.3404
1, 0.6484, 0.3516
1, 0.6506, 0.3494
1, 0.6659, 0.3341
1, 0.6477, 0.3523
1, 0.6472, 0.3528
1, 0.6265, 0.3735
1, 0.6384, 0.3616
1, 0.6402, 0.3598
1, 0.6472, 0.3528
1, 0.6508, 0.3492
1, 0.6468, 0.3532
1, 0.658, 0.342
1, 0.6472, 0.3528
1, 0.6312, 0.3688
1, 0.6472, 0.3528
1, 0.6404, 0.3596
1, 0.6598, 0.3402
1, 0.6384, 0.3616
1, 0.666, 0.334
1, 0.6511, 0.3489
1, 0.6453, 0.3547
1, 0.6435, 0.3565
1, 0.6472, 0.3528
1, 0.6599, 0.3401
1, 0.6472, 0.3528
1, 0.6605, 0.3395
1, 0.6608, 0.3392
1, 0.6315, 0.3685
1, 0.6504, 0.3496
1, 0.6536, 0.3464
1, 0.651, 0.349
1, 0.6496, 0.3504
1, 0.6384, 0.3616
1, 0.6577, 0.3423
1, 0.6401, 0.3599
1, 0.6472, 0.3528
1, 0.6309, 0.3691
1, 0.6607, 0.3393
1, 0.6299, 0.3701
1, 0.6598, 0.3402
1, 0.6536, 0.3464
1, 0.6472, 0.3528
1, 0.6465, 0.3535
1, 0.5974, 0.4026
1, 0.6601, 0.3399
1, 0.6405, 0.3595
1, 0.6369, 0.3631
1, 0.6446, 0.3554
1, 0.6508, 0.3492
1, 0.6584, 0.3416
1, 0.6485, 0.3515
1, 0.6298, 0.3702
1, 0.6525, 0.3475
1, 0.6496, 0.3504
1, 0.6507, 0.3493
1, 0.6529, 0.3471
1, 0.6427, 0.3573
1, 0.6472, 0.3528
1, 0.639, 0.361
1, 0.6477, 0.3523
1, 0.6509, 0.3491
1, 0.6377, 0.3623
1, 0.6612, 0.3388
1, 0.6575, 0.3425
1, 0.6578, 0.3422
1, 0.6575, 0.3425
1, 0.6604, 0.3396
1, 0.66, 0.34
1, 0.6592, 0.3408
1, 0.6468, 0.3532
1, 0.6594, 0.3406
1, 0.6584, 0.3416
1, 0.6589, 0.3411
1, 0.66, 0.34
1, 0.6556, 0.3444
1, 0.6587, 0.3413
1, 0.6586, 0.3414
1, 0.6511, 0.3489
1, 0.6475, 0.3525
1, 0.6441, 0.3559
1, 0.6546, 0.3454
1, 0.6591, 0.3409
1, 0.6588, 0.3412
1, 0.6436, 0.3564
1, 0.6606, 0.3394
1, 0.6608, 0.3392
1, 0.6606, 0.3394
1, 0.6584, 0.3416
1, 0.6465, 0.3535
1, 0.659, 0.341
1, 0.6547, 0.3453
1, 0.6563, 0.3437
1, 0.6544, 0.3456
1, 0.6608, 0.3392
1, 0.6526, 0.3474
1, 0.6515, 0.3485
1, 0.6608, 0.3392
1, 0.6557, 0.3443
1, 0.6469, 0.3531
1, 0.6562, 0.3438
1, 0.6418, 0.3582
1, 0.6552, 0.3448
1, 0.6563, 0.3437
1, 0.6565, 0.3435
1, 0.655, 0.345
1, 0.6356, 0.3644
1, 0.6586, 0.3414
1, 0.6627, 0.3373
1, 0.6369, 0.3631
1, 0.6509, 0.3491
1, 0.6369, 0.3631
1, 0.6606, 0.3394
1, 0.6618, 0.3382
1, 0.6611, 0.3389
1, 0.6616, 0.3384
1, 0.6544, 0.3456
1, 0.659, 0.341
1, 0.6613, 0.3387
1, 0.6606, 0.3394
1, 0.6508, 0.3492
1, 0.6588, 0.3412
1, 0.6472, 0.3528
1, 0.6507, 0.3493
1, 0.6409, 0.3591
1, 0.6198, 0.3802
1, 0.647, 0.353
1, 0.6349, 0.3651
1, 0.6505, 0.3495
1, 0.642, 0.358
1, 0.6554, 0.3446
1, 0.6589, 0.3411
1, 0.634, 0.366
1, 0.6365, 0.3635
1, 0.6598, 0.3402
1, 0.6503, 0.3497
1, 0.6605, 0.3395
1, 0.6404, 0.3596
1, 0.6603, 0.3397
1, 0.6598, 0.3402
1, 0.6254, 0.3746
1, 0.648, 0.352
1, 0.6618, 0.3382
1, 0.6543, 0.3457
1, 0.6443, 0.3557
1, 0.66, 0.34
1, 0.6429, 0.3571
1, 0.6519, 0.3481
1, 0.6517, 0.3483
1, 0.6461, 0.3539
1, 0.6487, 0.3513
1, 0.6431, 0.3569
1, 0.6421, 0.3579
1, 0.6466, 0.3534
1, 0.6628, 0.3372
1, 0.6577, 0.3423
1, 0.6653, 0.3347
1, 0.6587, 0.3413
1, 0.6578, 0.3422
1, 0.6452, 0.3548
1, 0.6211, 0.3789
1, 0.6586, 0.3414
1, 0.6517, 0.3483
1, 0.6538, 0.3462
1, 0.6454, 0.3546
1, 0.6452, 0.3548
1, 0.6447, 0.3553
1, 0.6519, 0.3481
1, 0.6447, 0.3553
1, 0.6517, 0.3483
1, 0.6517, 0.3483
1, 0.6517, 0.3483
1, 0.6507, 0.3493
1, 0.665, 0.335
1, 0.6632, 0.3368
1, 0.6458, 0.3542
1, 0.6526, 0.3474
1, 0.6537, 0.3463
1, 0.6551, 0.3449
1, 0.6534, 0.3466
1, 0.6401, 0.3599
1, 0.6637, 0.3363
1, 0.6472, 0.3528
1, 0.665, 0.335
1, 0.6392, 0.3608
1, 0.6606, 0.3394
1, 0.6637, 0.3363
1, 0.6537, 0.3463
1, 0.658, 0.342
1, 0.6544, 0.3456
1, 0.6472, 0.3528
1, 0.6507, 0.3493
1, 0.6534, 0.3466
1, 0.6582, 0.3418
1, 0.6313, 0.3687
1, 0.6544, 0.3456
1, 0.6454, 0.3546
1, 0.6526, 0.3474
1, 0.6564, 0.3436
1, 0.66, 0.34
1, 0.647, 0.353
1, 0.66, 0.34
1, 0.6615, 0.3385
1, 0.6462, 0.3538
1, 0.6523, 0.3477
1, 0.6597, 0.3403
1, 0.6548, 0.3452
1, 0.6458, 0.3542
1, 0.6383, 0.3617
1, 0.6522, 0.3478
1, 0.6464, 0.3536
1, 0.6475, 0.3525
1, 0.652, 0.348
1, 0.6578, 0.3422
1, 0.6442, 0.3558
1, 0.646, 0.354
1, 0.6595, 0.3405
1, 0.6584, 0.3416
1, 0.6599, 0.3401
1, 0.6488, 0.3512
1, 0.6615, 0.3385
1, 0.6669, 0.3331
1, 0.6583, 0.3417
1, 0.6595, 0.3405
1, 0.6599, 0.3401
1, 0.6504, 0.3496
1, 0.6616, 0.3384
1, 0.647, 0.353
1, 0.6366, 0.3634
1, 0.6614, 0.3386
1, 0.6584, 0.3416
1, 0.6573, 0.3427
1, 0.6498, 0.3502
1, 0.663, 0.337
1, 0.6604, 0.3396
1, 0.663, 0.337
1, 0.6594, 0.3406
1, 0.6592, 0.3408
1, 0.6576, 0.3424
1, 0.6589, 0.3411
1, 0.6585, 0.3415
1, 0.6606, 0.3394
1, 0.642, 0.358
1, 0.6585, 0.3415
1, 0.6621, 0.3379
1, 0.6533, 0.3467
1, 0.6586, 0.3414
1, 0.6503, 0.3497
1, 0.6398, 0.3602
1, 0.6612, 0.3388
1, 0.6608, 0.3392
1, 0.666, 0.334
1, 0.6605, 0.3395
1, 0.6611, 0.3389
1, 0.6602, 0.3398
1, 0.6598, 0.3402
1, 0.6589, 0.3411
1, 0.6571, 0.3429
1, 0.6569, 0.3431
1, 0.6493, 0.3507
1, 0.6589, 0.3411
1, 0.6603, 0.3397
1, 0.6591, 0.3409
1, 0.6588, 0.3412
1, 0.6601, 0.3399
1, 0.659, 0.341
1, 0.6628, 0.3372
1, 0.6607, 0.3393
1, 0.6602, 0.3398
1, 0.6569, 0.3431
1, 0.6464, 0.3536
1, 0.666, 0.334
1, 0.6581, 0.3419
1, 0.6602, 0.3398
1, 0.6599, 0.3401
1, 0.6492, 0.3508
1, 0.6584, 0.3416
1, 0.6499, 0.3501
1, 0.6593, 0.3407
1, 0.6443, 0.3557
1, 0.6574, 0.3426
1, 0.6403, 0.3597
1, 0.667, 0.333
1, 0.6527, 0.3473
1, 0.6585, 0.3415
1, 0.6615, 0.3385
1, 0.6378, 0.3622
1, 0.6598, 0.3402
1, 0.6584, 0.3416
1, 0.6615, 0.3385
1, 0.6592, 0.3408
1, 0.6623, 0.3377
1, 0.6604, 0.3396
1, 0.6625, 0.3375
1, 0.6621, 0.3379
1, 0.6456, 0.3544
1, 0.6448, 0.3552
1, 0.6093, 0.3907
1, 0.6474, 0.3526
1, 0.6106, 0.3894
1, 0.6609, 0.3391
1, 0.6635, 0.3365
1, 0.6639, 0.3361
1, 0.6531, 0.3469
1, 0.6588, 0.3412
1, 0.6389, 0.3611
1, 0.6094, 0.3906
1, 0.6485, 0.3515
1, 0.559, 0.441
1, 0.6091, 0.3909
1, 0.6314, 0.3686
1, 0.6206, 0.3794
1, 0.6616, 0.3384
1, 0.6613, 0.3387
1, 0.6627, 0.3373
1, 0.6596, 0.3404
1, 0.6592, 0.3408
1, 0.6613, 0.3387
1, 0.6492, 0.3508
1, 0.6609, 0.3391
1, 0.6595, 0.3405
1, 0.6588, 0.3412
1, 0.6506, 0.3494
1, 0.6625, 0.3375
1, 0.6506, 0.3494
1, 0.6583, 0.3417
1, 0.6608, 0.3392
1, 0.6502, 0.3498
1, 0.6607, 0.3393
1, 0.6499, 0.3501
1, 0.6615, 0.3385
1, 0.6578, 0.3422
1, 0.6606, 0.3394
1, 0.6521, 0.3479
1, 0.6507, 0.3493
1, 0.6606, 0.3394
1, 0.66, 0.34
1, 0.6556, 0.3444
1, 0.6579, 0.3421
1, 0.6582, 0.3418
1, 0.6594, 0.3406
1, 0.6559, 0.3441
1, 0.6509, 0.3491
1, 0.6614, 0.3386
1, 0.6472, 0.3528
1, 0.6581, 0.3419
1, 0.6506, 0.3494
1, 0.6308, 0.3692
1, 0.6627, 0.3373
1, 0.6612, 0.3388
1, 0.6607, 0.3393
1, 0.6608, 0.3392
1, 0.6603, 0.3397
1, 0.6625, 0.3375
1, 0.6605, 0.3395
1, 0.6606, 0.3394
1, 0.6623, 0.3377
1, 0.6524, 0.3476
1, 0.6574, 0.3426
1, 0.66, 0.34
1, 0.6623, 0.3377
1, 0.6798, 0.3202
1, 0.6584, 0.3416
1, 0.6628, 0.3372
1, 0.6626, 0.3374
1, 0.6561, 0.3439
1, 0.6624, 0.3376
1, 0.6581, 0.3419
1, 0.6599, 0.3401
1, 0.6606, 0.3394
1, 0.6615, 0.3385
1, 0.6606, 0.3394
1, 0.6581, 0.3419
1, 0.6693, 0.3307
1, 0.6536, 0.3464
1, 0.6619, 0.3381
1, 0.6294, 0.3706
1, 0.6584, 0.3416
1, 0.6716, 0.3284
1, 0.6598, 0.3402
1, 0.6599, 0.3401
1, 0.6503, 0.3497
1, 0.6602, 0.3398
1, 0.6568, 0.3432
1, 0.655, 0.345
1, 0.659, 0.341
1, 0.6591, 0.3409
1, 0.6631, 0.3369
1, 0.6492, 0.3508
1, 0.6586, 0.3414
1, 0.6564, 0.3436
1, 0.6602, 0.3398
1, 0.6425, 0.3575
1, 0.6566, 0.3434
1, 0.6459, 0.3541
1, 0.6496, 0.3504
1, 0.6556, 0.3444
1, 0.6585, 0.3415
1, 0.6528, 0.3472
1, 0.6485, 0.3515
1, 0.6451, 0.3549
1, 0.6441, 0.3559
1, 0.6374, 0.3626
1, 0.651, 0.349
1, 0.6533, 0.3467
1, 0.6569, 0.3431
1, 0.6497, 0.3503
1, 0.6347, 0.3653
1, 0.6406, 0.3594
1, 0.65, 0.35
1, 0.6594, 0.3406
1, 0.6494, 0.3506
1, 0.6605, 0.3395
1, 0.6333, 0.3667
1, 0.6554, 0.3446
1, 0.6487, 0.3513
1, 0.6381, 0.3619
1, 0.6428, 0.3572
1, 0.6464, 0.3536
1, 0.6464, 0.3536
1, 0.6475, 0.3525
1, 0.6406, 0.3594
1, 0.6518, 0.3482
1, 0.6404, 0.3596
1, 0.6501, 0.3499
1, 0.6406, 0.3594
1, 0.6418, 0.3582
1, 0.6372, 0.3628
1, 0.6419, 0.3581
1, 0.675, 0.325
1, 0.6338, 0.3662
1, 0.6396, 0.3604
1, 0.6598, 0.3402
1, 0.6546, 0.3454
1, 0.6584, 0.3416
1, 0.6565, 0.3435
1, 0.653, 0.347
1, 0.6543, 0.3457
1, 0.6526, 0.3474
1, 0.6819, 0.3181
1, 0.633, 0.367
1, 0.6384, 0.3616
1, 0.644, 0.356
1, 0.6401, 0.3599
1, 0.6508, 0.3492
1, 0.652, 0.348
1, 0.6481, 0.3519
1, 0.6416, 0.3584
1, 0.6451, 0.3549
1, 0.6337, 0.3663
1, 0.6455, 0.3545
1, 0.6524, 0.3476
1, 0.6346, 0.3654
1, 0.6617, 0.3383
1, 0.6199, 0.3801
1, 0.647, 0.353
1, 0.6408, 0.3592
1, 0.6471, 0.3529
1, 0.6505, 0.3495
1, 0.6522, 0.3478
1, 0.6443, 0.3557
1, 0.6447, 0.3553
1, 0.6452, 0.3548
1, 0.6613, 0.3387
1, 0.6599, 0.3401
1, 0.6401, 0.3599
1, 0.6535, 0.3465
1, 0.6599, 0.3401
1, 0.6621, 0.3379
1, 0.63, 0.37
1, 0.6494, 0.3506
1, 0.639, 0.361
1, 0.6358, 0.3642
1, 0.6535, 0.3465
1, 0.6583, 0.3417
1, 0.6481, 0.3519
1, 0.6454, 0.3546
1, 0.6461, 0.3539
1, 0.6617, 0.3383
1, 0.6624, 0.3376
1, 0.6437, 0.3563
1, 0.642, 0.358
1, 0.6375, 0.3625
1, 0.6372, 0.3628
1, 0.6397, 0.3603
1, 0.6318, 0.3682
1, 0.6316, 0.3684
1, 0.637, 0.363
1, 0.6341, 0.3659
1, 0.6387, 0.3613
1, 0.6589, 0.3411
1, 0.634, 0.366
1, 0.6275, 0.3725
1, 0.6301, 0.3699
1, 0.6479, 0.3521
1, 0.6343, 0.3657
1, 0.6587, 0.3413
1, 0.6398, 0.3602
1, 0.6403, 0.3597
1, 0.6406, 0.3594
1, 0.6359, 0.3641
1, 0.6637, 0.3363
1, 0.658, 0.342
1, 0.6555, 0.3445
1, 0.6461, 0.3539
1, 0.6582, 0.3418
1, 0.6517, 0.3483
1, 0.6589, 0.3411
1, 0.6487, 0.3513
1, 0.6554, 0.3446
1, 0.6499, 0.3501
1, 0.6584, 0.3416
1, 0.6574, 0.3426
1, 0.6609, 0.3391
1, 0.6582, 0.3418
1, 0.6555, 0.3445
1, 0.6615, 0.3385
1, 0.6607, 0.3393
1, 0.6611, 0.3389
1, 0.6517, 0.3483
1, 0.6499, 0.3501
1, 0.6669, 0.3331
1, 0.6558, 0.3442
1, 0.6497, 0.3503
1, 0.6435, 0.3565
1, 0.6624, 0.3376
1, 0.6433, 0.3567
1, 0.6518, 0.3482
1, 0.6676, 0.3324
1, 0.6559, 0.3441
1, 0.65, 0.35
1, 0.6556, 0.3444
1, 0.6612, 0.3388
1, 0.6574, 0.3426
1, 0.6554, 0.3446
1, 0.6498, 0.3502
1, 0.6669, 0.3331
1, 0.6659, 0.3341
1, 0.651, 0.349
1, 0.6588, 0.3412
1, 0.6625, 0.3375
1, 0.6555, 0.3445
1, 0.651, 0.349
1, 0.6656, 0.3344
1, 0.6494, 0.3506
1, 0.6654, 0.3346
1, 0.6488, 0.3512
1, 0.6615, 0.3385
1, 0.6474, 0.3526
1, 0.6573, 0.3427
1, 0.6413, 0.3587
1, 0.6555, 0.3445
1, 0.6638, 0.3362
1, 0.6582, 0.3418
1, 0.6505, 0.3495
1, 0.6621, 0.3379
1, 0.6616, 0.3384
1, 0.6574, 0.3426
1, 0.6389, 0.3611
1, 0.6474, 0.3526
1, 0.6507, 0.3493
1, 0.6332, 0.3668
1, 0.658, 0.342
1, 0.6577, 0.3423
1, 0.6521, 0.3479
1, 0.6532, 0.3468
1, 0.6346, 0.3654
1, 0.664, 0.336
1, 0.6364, 0.3636
1, 0.6463, 0.3537
1, 0.6542, 0.3458
1, 0.6441, 0.3559
1, 0.6586, 0.3414
1, 0.6582, 0.3418
1, 0.6414, 0.3586
1, 0.657, 0.343
1, 0.6636, 0.3364
1, 0.6497, 0.3503
1, 0.6616, 0.3384
1, 0.6501, 0.3499
1, 0.6388, 0.3612
1, 0.6441, 0.3559
1, 0.6491, 0.3509
1, 0.6406, 0.3594
1, 0.665, 0.335
1, 0.6459, 0.3541
1, 0.6392, 0.3608
1, 0.6501, 0.3499
1, 0.6612, 0.3388
1, 0.642, 0.358
1, 0.6491, 0.3509
1, 0.6528, 0.3472
1, 0.6528, 0.3472
1, 0.6426, 0.3574
1, 0.6561, 0.3439
1, 0.6434, 0.3566
1, 0.6498, 0.3502
1, 0.6622, 0.3378
1, 0.6561, 0.3439
1, 0.6587, 0.3413
1, 0.658, 0.342
1, 0.6452, 0.3548
1, 0.6616, 0.3384
1, 0.6361, 0.3639
1, 0.651, 0.349
1, 0.6458, 0.3542
1, 0.65, 0.35
1, 0.6488, 0.3512
1, 0.654, 0.346
1, 0.6478, 0.3522
1, 0.6583, 0.3417
1, 0.6431, 0.3569
1, 0.6531, 0.3469
1, 0.6483, 0.3517
1, 0.6294, 0.3706
1, 0.6623, 0.3377
1, 0.64, 0.36
1, 0.664, 0.336
1, 0.6233, 0.3767
1, 0.657, 0.343
1, 0.6411, 0.3589
1, 0.6537, 0.3463
1, 0.6428, 0.3572
1, 0.6545, 0.3455
1, 0.6421, 0.3579
1, 0.6649, 0.3351
1, 0.6387, 0.3613
1, 0.6624, 0.3376
1, 0.6514, 0.3486
1, 0.6349, 0.3651
1, 0.656, 0.344
1, 0.6559, 0.3441
1, 0.6558, 0.3442
1, 0.6567, 0.3433
1, 0.6557, 0.3443
1, 0.6486, 0.3514
1, 0.6521, 0.3479
1, 0.6564, 0.3436
1, 0.6428, 0.3572
1, 0.6482, 0.3518
1, 0.6559, 0.3441
1, 0.6524, 0.3476
1, 0.6577, 0.3423
1, 0.6533, 0.3467
1, 0.6528, 0.3472
1, 0.652, 0.348
1, 0.6617, 0.3383
1, 0.6641, 0.3359
1, 0.658, 0.342
1, 0.652, 0.348
1, 0.6474, 0.3526
1, 0.6659, 0.3341
1, 0.6648, 0.3352
1, 0.6558, 0.3442
1, 0.6627, 0.3373
1, 0.6466, 0.3534
1, 0.6451, 0.3549
1, 0.6558, 0.3442
1, 0.6615, 0.3385
1, 0.6526, 0.3474
1, 0.6612, 0.3388
1, 0.6507, 0.3493
1, 0.6618, 0.3382
1, 0.6464, 0.3536
1, 0.6562, 0.3438
1, 0.6642, 0.3358
1, 0.6557, 0.3443
1, 0.6557, 0.3443
1, 0.6611, 0.3389
1, 0.6616, 0.3384
1, 0.6655, 0.3345
1, 0.6645, 0.3355
1, 0.6528, 0.3472
1, 0.6478, 0.3522
1, 0.6569, 0.3431
1, 0.6394, 0.3606
1, 0.6528, 0.3472
1, 0.6645, 0.3355
1, 0.6644, 0.3356
1, 0.6533, 0.3467
1, 0.6532, 0.3468
1, 0.6591, 0.3409
1, 0.6665, 0.3335
1, 0.6633, 0.3367
1, 0.6398, 0.3602
1, 0.6638, 0.3362
1, 0.6398, 0.3602
1, 0.664, 0.336
1, 0.6588, 0.3412
1, 0.6551, 0.3449
1, 0.6632, 0.3368
1, 0.665, 0.335
1, 0.6622, 0.3378
1, 0.6703, 0.3297
1, 0.665, 0.335
1, 0.6572, 0.3428
1, 0.655, 0.345
1, 0.6567, 0.3433
1, 0.6611, 0.3389
1, 0.6385, 0.3615
1, 0.6589, 0.3411
1, 0.6553, 0.3447
1, 0.6683, 0.3317
1, 0.6654, 0.3346
1, 0.6441, 0.3559
1, 0.6373, 0.3627
1, 0.661, 0.339
1, 0.6477, 0.3523
1, 0.6595, 0.3405
1, 0.6584, 0.3416
1, 0.6499, 0.3501
1, 0.666, 0.334
1, 0.6627, 0.3373
1, 0.6584, 0.3416
1, 0.6376, 0.3624
1, 0.6556, 0.3444
1, 0.6564, 0.3436
1, 0.6568, 0.3432
1, 0.6402, 0.3598
1, 0.6569, 0.3431
1, 0.6607, 0.3393
1, 0.6642, 0.3358
1, 0.665, 0.335
1, 0.6362, 0.3638
1, 0.6366, 0.3634
1, 0.635, 0.365
1, 0.646, 0.354
1, 0.6319, 0.3681
1, 0.6341, 0.3659
1, 0.6622, 0.3378
1, 0.6447, 0.3553
1, 0.6633, 0.3367
1, 0.6398, 0.3602
1, 0.6323, 0.3677
1, 0.6627, 0.3373
1, 0.637, 0.363
1, 0.6414, 0.3586
1, 0.6634, 0.3366
1, 0.6539, 0.3461
1, 0.664, 0.336
1, 0.6622, 0.3378
1, 0.6398, 0.3602
1, 0.6579, 0.3421
1, 0.6627, 0.3373
1, 0.6499, 0.3501
1, 0.6489, 0.3511
1, 0.6469, 0.3531
1, 0.665, 0.335
1, 0.6408, 0.3592
1, 0.6508, 0.3492
1, 0.6571, 0.3429
1, 0.6353, 0.3647
1, 0.6498, 0.3502
1, 0.662, 0.338
1, 0.65, 0.35
1, 0.6418, 0.3582
1, 0.6455, 0.3545
1, 0.6386, 0.3614
1, 0.6619, 0.3381
1, 0.6398, 0.3602
1, 0.6575, 0.3425
1, 0.6638, 0.3362
1, 0.664, 0.336
1, 0.6591, 0.3409
1, 0.6656, 0.3344
1, 0.6398, 0.3602
1, 0.6424, 0.3576
1, 0.6456, 0.3544
1, 0.6311, 0.3689
1, 0.6434, 0.3566
1, 0.6295, 0.3705
1, 0.6364, 0.3636
1, 0.6398, 0.3602
1, 0.6633, 0.3367
1, 0.6509, 0.3491
1, 0.6543, 0.3457
1, 0.6539, 0.3461
1, 0.6634, 0.3366
1, 0.6627, 0.3373
1, 0.6414, 0.3586
1, 0.6655, 0.3345
1, 0.6615, 0.3385
1, 0.6472, 0.3528
1, 0.654, 0.346
1, 0.6445, 0.3555
1, 0.6508, 0.3492
1, 0.664, 0.336
1, 0.6398, 0.3602
1, 0.6665, 0.3335
1, 0.6398, 0.3602
1, 0.6629, 0.3371
1, 0.6453, 0.3547
1, 0.6368, 0.3632
1, 0.6453, 0.3547
1, 0.6516, 0.3484
1, 0.6527, 0.3473
1, 0.6584, 0.3416
1, 0.6655, 0.3345
1, 0.6646, 0.3354
1, 0.6572, 0.3428
1, 0.6528, 0.3472
1, 0.6468, 0.3532
1, 0.6687, 0.3313
1, 0.6538, 0.3462
1, 0.6537, 0.3463
1, 0.6476, 0.3524
1, 0.6388, 0.3612
1, 0.638, 0.362
1, 0.6539, 0.3461
1, 0.6683, 0.3317
1, 0.6264, 0.3736
1, 0.6453, 0.3547
1, 0.6464, 0.3536
1, 0.6527, 0.3473
1, 0.651, 0.349
1, 0.6548, 0.3452
1, 0.6381, 0.3619
1, 0.6508, 0.3492
1, 0.6643, 0.3357
1, 0.6627, 0.3373
1, 0.6496, 0.3504
1, 0.6583, 0.3417
1, 0.6651, 0.3349
1, 0.6643, 0.3357
1, 0.6387, 0.3613
1, 0.6499, 0.3501
1, 0.6646, 0.3354
1, 0.6538, 0.3462
1, 0.6646, 0.3354
1, 0.6609, 0.3391
1, 0.6627, 0.3373
1, 0.6509, 0.3491
1, 0.6651, 0.3349
1, 0.65, 0.35
1, 0.6462, 0.3538
1, 0.6543, 0.3457
1, 0.6643, 0.3357
1, 0.6365, 0.3635
1, 0.652, 0.348
1, 0.6566, 0.3434
1, 0.6522, 0.3478
1, 0.6643, 0.3357
1, 0.6421, 0.3579
1, 0.65, 0.35
1, 0.6369, 0.3631
1, 0.6357, 0.3643
1, 0.6646, 0.3354
1, 0.6651, 0.3349
1, 0.648, 0.352
1, 0.6398, 0.3602
1, 0.6646, 0.3354
1, 0.6507, 0.3493
1, 0.6378, 0.3622
1, 0.6387, 0.3613
1, 0.6643, 0.3357
1, 0.6499, 0.3501
1, 0.6538, 0.3462
1, 0.6648, 0.3352
1, 0.6646, 0.3354
1, 0.6652, 0.3348
1, 0.6636, 0.3364
1, 0.6628, 0.3372
1, 0.6642, 0.3358
1, 0.6645, 0.3355
1, 0.6633, 0.3367
1, 0.6645, 0.3355
1, 0.6692, 0.3308
1, 0.6653, 0.3347
1, 0.6788, 0.3212
1, 0.6713, 0.3287
1, 0.6789, 0.3211
1, 0.6705, 0.3295
1, 0.6768, 0.3232
1, 0.6749, 0.3251
1, 0.6699, 0.3301
1, 0.662, 0.338
1, 0.6789, 0.3211
1, 0.6648, 0.3352
1, 0.6648, 0.3352
1, 0.6705, 0.3295
1, 0.6509, 0.3491
1, 0.6713, 0.3287
1, 0.6744, 0.3256
1, 0.667, 0.333
1, 0.6746, 0.3254
1, 0.678, 0.322
1, 0.6506, 0.3494
1, 0.6713, 0.3287
1, 0.6789, 0.3211
1, 0.6705, 0.3295
1, 0.662, 0.338
1, 0.6495, 0.3505
1, 0.6715, 0.3285
1, 0.6605, 0.3395
1, 0.6655, 0.3345
1, 0.667, 0.333
1, 0.6746, 0.3254
1, 0.6649, 0.3351
1, 0.678, 0.322
1, 0.6635, 0.3365
1, 0.6788, 0.3212
1, 0.6664, 0.3336
1, 0.6769, 0.3231
1, 0.6633, 0.3367
1, 0.6681, 0.3319
1, 0.6789, 0.3211
1, 0.6603, 0.3397
1, 0.6718, 0.3282
1, 0.677, 0.323
1, 0.6699, 0.3301
1, 0.6601, 0.3399
1, 0.6653, 0.3347
1, 0.6705, 0.3295
1, 0.6654, 0.3346
1, 0.6699, 0.3301
1, 0.6542, 0.3458
1, 0.6627, 0.3373
1, 0.673, 0.327
1, 0.6652, 0.3348
1, 0.6593, 0.3407
1, 0.6651, 0.3349
1, 0.6753, 0.3247
1, 0.6403, 0.3597
1, 0.6676, 0.3324
1, 0.6708, 0.3292
1, 0.6568, 0.3432
1, 0.6561, 0.3439
1, 0.6441, 0.3559
1, 0.677, 0.323
1, 0.6699, 0.3301
1, 0.6705, 0.3295
1, 0.642, 0.358
1, 0.6492, 0.3508
1, 0.67, 0.33
1, 0.6515, 0.3485
1, 0.6527, 0.3473
1, 0.6616, 0.3384
1, 0.6473, 0.3527
1, 0.6554, 0.3446
1, 0.6742, 0.3258
1, 0.6683, 0.3317
1, 0.661, 0.339
1, 0.6738, 0.3262
1, 0.662, 0.338
1, 0.677, 0.323
1, 0.6743, 0.3257
1, 0.6454, 0.3546
1, 0.6395, 0.3605
1, 0.6582, 0.3418
1, 0.6683, 0.3317
1, 0.6493, 0.3507
1, 0.6502, 0.3498
1, 0.6489, 0.3511
1, 0.6468, 0.3532
1, 0.65, 0.35
1, 0.647, 0.353
1, 0.6764, 0.3236
1, 0.6767, 0.3233
1, 0.6717, 0.3283
1, 0.654, 0.346
1, 0.6767, 0.3233
1, 0.6563, 0.3437
1, 0.6665, 0.3335
1, 0.6664, 0.3336
1, 0.6563, 0.3437
1, 0.6765, 0.3235
1, 0.6717, 0.3283
1, 0.6765, 0.3235
1, 0.6876, 0.3124
1, 0.6712, 0.3288
1, 0.653, 0.347
1, 0.6582, 0.3418
1, 0.6706, 0.3294
1, 0.6551, 0.3449
1, 0.6594, 0.3406
1, 0.6489, 0.3511
1, 0.6635, 0.3365
1, 0.6455, 0.3545
1, 0.651, 0.349
1, 0.6635, 0.3365
1, 0.6489, 0.3511
1, 0.6418, 0.3582
1, 0.6418, 0.3582
1, 0.6744, 0.3256
1, 0.6762, 0.3238
1, 0.6759, 0.3241
1, 0.6777, 0.3223
1, 0.6512, 0.3488
1, 0.6748, 0.3252
1, 0.6748, 0.3252
1, 0.66, 0.34
1, 0.6694, 0.3306
1, 0.6507, 0.3493
1, 0.6702, 0.3298
1, 0.6787, 0.3213
1, 0.6537, 0.3463
1, 0.6761, 0.3239
1, 0.6702, 0.3298
1, 0.6759, 0.3241
1, 0.6755, 0.3245
1, 0.6744, 0.3256
1, 0.6587, 0.3413
1, 0.6745, 0.3255
1, 0.6629, 0.3371
1, 0.6702, 0.3298
1, 0.6592, 0.3408
1, 0.6537, 0.3463
1, 0.6738, 0.3262
1, 0.6504, 0.3496
1, 0.6694, 0.3306
1, 0.6719, 0.3281
1, 0.6719, 0.3281
1, 0.6674, 0.3326
1, 0.657, 0.343
1, 0.6709, 0.3291
1, 0.6657, 0.3343
1, 0.6709, 0.3291
1, 0.6554, 0.3446
1, 0.6792, 0.3208
1, 0.657, 0.343
1, 0.6553, 0.3447
1, 0.6351, 0.3649
1, 0.6728, 0.3272
1, 0.6737, 0.3263
1, 0.669, 0.331
1, 0.6595, 0.3405
1, 0.6701, 0.3299
1, 0.6662, 0.3338
1, 0.6781, 0.3219
1, 0.6778, 0.3222
1, 0.6643, 0.3357
1, 0.6754, 0.3246
1, 0.6767, 0.3233
1, 0.6723, 0.3277
1, 0.6775, 0.3225
1, 0.6677, 0.3323
1, 0.6614, 0.3386
1, 0.6715, 0.3285
1, 0.6748, 0.3252
1, 0.6445, 0.3555
1, 0.651, 0.349
1, 0.6664, 0.3336
1, 0.6728, 0.3272
1, 0.6768, 0.3232
1, 0.6702, 0.3298
1, 0.6711, 0.3289
1, 0.6807, 0.3193
1, 0.6745, 0.3255
1, 0.6568, 0.3432
1, 0.6789, 0.3211
1, 0.6575, 0.3425
1, 0.6833, 0.3167
1, 0.67, 0.33
1, 0.6755, 0.3245
1, 0.6759, 0.3241
1, 0.6744, 0.3256
1, 0.6759, 0.3241
1, 0.6669, 0.3331
1, 0.6519, 0.3481
1, 0.6702, 0.3298
1, 0.6768, 0.3232
1, 0.6575, 0.3425
1, 0.6833, 0.3167
1, 0.6759, 0.3241
1, 0.6745, 0.3255
1, 0.6759, 0.3241
1, 0.6807, 0.3193
1, 0.6711, 0.3289
1, 0.67, 0.33
1, 0.6755, 0.3245
1, 0.6568, 0.3432
1, 0.6744, 0.3256
1, 0.6789, 0.3211
1, 0.6717, 0.3283
1, 0.6645, 0.3355
1, 0.6732, 0.3268
1, 0.6731, 0.3269
1, 0.6735, 0.3265
1, 0.6733, 0.3267
1, 0.6736, 0.3264
1, 0.6731, 0.3269
1, 0.6743, 0.3257
1, 0.6552, 0.3448
1, 0.6726, 0.3274
1, 0.6732, 0.3268
1, 0.6728, 0.3272
1, 0.6735, 0.3265
1, 0.6727, 0.3273
1, 0.6742, 0.3258
1, 0.6713, 0.3287
1, 0.6733, 0.3267
1, 0.6736, 0.3264
1, 0.6718, 0.3282
1, 0.6704, 0.3296
1, 0.674, 0.326
1, 0.673, 0.327
1, 0.6544, 0.3456
1, 0.6626, 0.3374
1, 0.6759, 0.3241
1, 0.648, 0.352
1, 0.634, 0.366
1, 0.6725, 0.3275
1, 0.6581, 0.3419
1, 0.6552, 0.3448
1, 0.653, 0.347
1, 0.6394, 0.3606
1, 0.6444, 0.3556
1, 0.6691, 0.3309
1, 0.6547, 0.3453
1, 0.672, 0.328
1, 0.6533, 0.3467
1, 0.6677, 0.3323
1, 0.6666, 0.3334
1, 0.6688, 0.3312
1, 0.6448, 0.3552
1, 0.6725, 0.3275
1, 0.6733, 0.3267
1, 0.6736, 0.3264
1, 0.6626, 0.3374
1, 0.6732, 0.3268
1, 0.6707, 0.3293
1, 0.6712, 0.3288
1, 0.6712, 0.3288
1, 0.6766, 0.3234
1, 0.6634, 0.3366
1, 0.6521, 0.3479
1, 0.6599, 0.3401
1, 0.6542, 0.3458
1, 0.6778, 0.3222
1, 0.619, 0.381
1, 0.6673, 0.3327
1, 0.6468, 0.3532
1, 0.6749, 0.3251
1, 0.6336, 0.3664
1, 0.6761, 0.3239
1, 0.6514, 0.3486
1, 0.6639, 0.3361
1, 0.6749, 0.3251
1, 0.6499, 0.3501
1, 0.6779, 0.3221
1, 0.6779, 0.3221
1, 0.6762, 0.3238
1, 0.6305, 0.3695
1, 0.6769, 0.3231
1, 0.6758, 0.3242
1, 0.6575, 0.3425
1, 0.6599, 0.3401
1, 0.6604, 0.3396
1, 0.6611, 0.3389
1, 0.6742, 0.3258
1, 0.664, 0.336
1, 0.6547, 0.3453
1, 0.67, 0.33
1, 0.6563, 0.3437
1, 0.6543, 0.3457
1, 0.654, 0.346
1, 0.6538, 0.3462
1, 0.6613, 0.3387
1, 0.6749, 0.3251
1, 0.6549, 0.3451
1, 0.6772, 0.3228
1, 0.67, 0.33
1, 0.6763, 0.3237
1, 0.6611, 0.3389
1, 0.6547, 0.3453
1, 0.676, 0.324
1, 0.6742, 0.3258
1, 0.6733, 0.3267
1, 0.6555, 0.3445
1, 0.6514, 0.3486
1, 0.6611, 0.3389
1, 0.6611, 0.3389
1, 0.6518, 0.3482
1, 0.6645, 0.3355
1, 0.6611, 0.3389
1, 0.6556, 0.3444
1, 0.6538, 0.3462
1, 0.6527, 0.3473
1, 0.6543, 0.3457
1, 0.6322, 0.3678
1, 0.665, 0.335
1, 0.6708, 0.3292
1, 0.6577, 0.3423
1, 0.6765, 0.3235
1, 0.6778, 0.3222
1, 0.6579, 0.3421
1, 0.6723, 0.3277
1, 0.6751, 0.3249
1, 0.6505, 0.3495
1, 0.6633, 0.3367
1, 0.6656, 0.3344
1, 0.6742, 0.3258
1, 0.6725, 0.3275
1, 0.6644, 0.3356
1, 0.6432, 0.3568
1, 0.6638, 0.3362
1, 0.675, 0.325
1, 0.6581, 0.3419
1, 0.6719, 0.3281
1, 0.6597, 0.3403
1, 0.6566, 0.3434
1, 0.6496, 0.3504
1, 0.6717, 0.3283
1, 0.6614, 0.3386
1, 0.663, 0.337
1, 0.6538, 0.3462
1, 0.6727, 0.3273
1, 0.6717, 0.3283
1, 0.6809, 0.3191
1, 0.6718, 0.3282
1, 0.673, 0.327
1, 0.6738, 0.3262
1, 0.6721, 0.3279
1, 0.6731, 0.3269
1, 0.672, 0.328
1, 0.6727, 0.3273
1, 0.672, 0.328
1, 0.6657, 0.3343
1, 0.6735, 0.3265
1, 0.6721, 0.3279
1, 0.6809, 0.3191
1, 0.6723, 0.3277
1, 0.6704, 0.3296
1, 0.6724, 0.3276
1, 0.6728, 0.3272
1, 0.6704, 0.3296
1, 0.6735, 0.3265
1, 0.6703, 0.3297
1, 0.6802, 0.3198
1, 0.6809, 0.3191
1, 0.6674, 0.3326
1, 0.6715, 0.3285
1, 0.673, 0.327
1, 0.674, 0.326
1, 0.6727, 0.3273
1, 0.6725, 0.3275
1, 0.6726, 0.3274
1, 0.6738, 0.3262
1, 0.673, 0.327
1, 0.6681, 0.3319
1, 0.6809, 0.3191
1, 0.6733, 0.3267
1, 0.6604, 0.3396
1, 0.6726, 0.3274
1, 0.6728, 0.3272
1, 0.6738, 0.3262
1, 0.668, 0.332
1, 0.6629, 0.3371
1, 0.6717, 0.3283
1, 0.6509, 0.3491
1, 0.6624, 0.3376
1, 0.6618, 0.3382
1, 0.6603, 0.3397
1, 0.6716, 0.3284
1, 0.6768, 0.3232
1, 0.6617, 0.3383
1, 0.6692, 0.3308
1, 0.6639, 0.3361
1, 0.6617, 0.3383
1, 0.6681, 0.3319
1, 0.6619, 0.3381
1, 0.6639, 0.3361
1, 0.6492, 0.3508
1, 0.6506, 0.3494
0, 0.8705, 0.1295
0, 0.8606, 0.1394
0, 0.8729, 0.1271
0, 0.8709, 0.1291
0, 0.8592, 0.1408
0, 0.8821, 0.1179
0, 0.8632, 0.1368
0, 0.8679, 0.1321
0, 0.8749, 0.1251
0, 0.882, 0.118
0, 0.8652, 0.1348
0, 0.8745, 0.1255
0, 0.8903, 0.1097
0, 0.8745, 0.1255
0, 0.8691, 0.1309
0, 0.8838, 0.1162
0, 0.8764, 0.1236
0, 0.8707, 0.1293
0, 0.8894, 0.1106
0, 0.8606, 0.1394
0, 0.8573, 0.1427
0, 0.8814, 0.1186
0, 0.8674, 0.1326
0, 0.8699, 0.1301
0, 0.874, 0.126
0, 0.8699, 0.1301
0, 0.8601, 0.1399
0, 0.8754, 0.1246
0, 0.8874, 0.1126
0, 0.8831, 0.1169
0, 0.867, 0.133
0, 0.861, 0.139
0, 0.8861, 0.1139
0, 0.8916, 0.1084
0, 0.8806, 0.1194
0, 0.8797, 0.1203
0, 0.882, 0.118
0, 0.8805, 0.1195
0, 0.8727, 0.1273
0, 0.8897, 0.1103
0, 0.8896, 0.1104
0, 0.8763, 0.1237
0, 0.8727, 0.1273
1, 0.5397, 0.4603
1, 0.5108, 0.4892
1, 0.5399, 0.4601
1, 0.54, 0.46
1, 0.6631, 0.3369
1, 0.6618, 0.3382
1, 0.6611, 0.3389
1, 0.5912, 0.4088
1, 0.5977, 0.4023
1, 0.5049, 0.4951
1, 0.6126, 0.3874
1, 0.5977, 0.4023
1, 0.658, 0.342
1, 0.6417, 0.3583
1, 0.5912, 0.4088
1, 0.3998, 0.6002
1, 0.5939, 0.4061
1, 0.5358, 0.4642
1, 0.5979, 0.4021
1, 0.5322, 0.4678
1, 0.6196, 0.3804
1, 0.602, 0.398
1, 0.661, 0.339
1, 0.5053, 0.4947
0, 0.7816, 0.2184
0, 0.682, 0.318
0, 0.7835, 0.2165
0, 0.7817, 0.2183
0, 0.7835, 0.2165
0, 0.6144, 0.3856
0, 0.7793, 0.2207
0, 0.6795, 0.3205
0, 0.78, 0.22
0, 0.8182, 0.1818
0, 0.8135, 0.1865
0, 0.8182, 0.1818
0, 0.819, 0.181
0, 0.887, 0.113
0, 0.8895, 0.1105
0, 0.8073, 0.1927
0, 0.8826, 0.1174
0, 0.8879, 0.1121
0, 0.8182, 0.1818
0, 0.751, 0.249
0, 0.8201, 0.1799
0, 0.82, 0.18
0, 0.819, 0.181
0, 0.819, 0.181
0, 0.8895, 0.1105
0, 0.8135, 0.1865
0, 0.887, 0.113
0, 0.8073, 0.1927
0, 0.8817, 0.1183
0, 0.8182, 0.1818
0, 0.8199, 0.1801
0, 0.8135, 0.1865
0, 0.8182, 0.1818
0, 0.8189, 0.1811
0, 0.8182, 0.1818
0, 0.8879, 0.1121
0, 0.8826, 0.1174
0, 0.7827, 0.2173
0, 0.7801, 0.2199
0, 0.7141, 0.2859
0, 0.714, 0.286
0, 0.8184, 0.1816
0, 0.8128, 0.1872
0, 0.8301, 0.1699
0, 0.8511, 0.1489
0, 0.8291, 0.1709
0, 0.8504, 0.1496
0, 0.8179, 0.1821
0, 0.8306, 0.1694
0, 0.8144, 0.1856
0, 0.8554, 0.1446
0, 0.8282, 0.1718
0, 0.8543, 0.1457
0, 0.8539, 0.1461
0, 0.8243, 0.1757
0, 0.8503, 0.1497
0, 0.8504, 0.1496
0, 0.8233, 0.1767
0, 0.8186, 0.1814
0, 0.8229, 0.1771
0, 0.8504, 0.1496
0, 0.8505, 0.1495
0, 0.8417, 0.1583
0, 0.8372, 0.1628
0, 0.8525, 0.1475
0, 0.8484, 0.1516
0, 0.8533, 0.1467
0, 0.8512, 0.1488
0, 0.8506, 0.1494
0, 0.8451, 0.1549
0, 0.8528, 0.1472
0, 0.8294, 0.1706
0, 0.8285, 0.1715
0, 0.8511, 0.1489
0, 0.8505, 0.1495
0, 0.8433, 0.1567
0, 0.8509, 0.1491
0, 0.8533, 0.1467
0, 0.8507, 0.1493
0, 0.8455, 0.1545
0, 0.8466, 0.1534
0, 0.8509, 0.1491
0, 0.8476, 0.1524
0, 0.8505, 0.1495
0, 0.8511, 0.1489
0, 0.8545, 0.1455
0, 0.8539, 0.1461
0, 0.8528, 0.1472
0, 0.8437, 0.1563
0, 0.8432, 0.1568
0, 0.848, 0.152
0, 0.85, 0.15
0, 0.8283, 0.1717
0, 0.8551, 0.1449
0, 0.6085, 0.3915
0, 0.6476, 0.3524
0, 0.6136, 0.3864
0, 0.6502, 0.3498
0, 0.6467, 0.3533
0, 0.6075, 0.3925
0, 0.6165, 0.3835
0, 0.648, 0.352
0, 0.6152, 0.3848
0, 0.6385, 0.3615
0, 0.613, 0.387
0, 0.6137, 0.3863
0, 0.6465, 0.3535
0, 0.6476, 0.3524
0, 0.6493, 0.3507
0, 0.6108, 0.3892
0, 0.6099, 0.3901
0, 0.6485, 0.3515
0, 0.5987, 0.4013
0, 0.9043, 0.0957
0, 0.9045, 0.0955
0, 0.9049, 0.0951
0, 0.9044, 0.0956
0, 0.9043, 0.0957
0, 0.9046, 0.0954
0, 0.9048, 0.0952
0, 0.9043, 0.0957
0, 0.9042, 0.0958
0, 0.9045, 0.0955
0, 0.9045, 0.0955
0, 0.9047, 0.0953
0, 0.9041, 0.0959
0, 0.9043, 0.0957
0, 0.9043, 0.0957
0, 0.9043, 0.0957
0, 0.9045, 0.0955
0, 0.9043, 0.0957
0, 0.9047, 0.0953
0, 0.9049, 0.0951
0, 0.9046, 0.0954
0, 0.9001, 0.0999
0, 0.9042, 0.0958
0, 0.9047, 0.0953
0, 0.8978, 0.1022
0, 0.9039, 0.0961
0, 0.9028, 0.0972
0, 0.904, 0.096
0, 0.9046, 0.0954
0, 0.9043, 0.0957
0, 0.9046, 0.0954
0, 0.9043, 0.0957
0, 0.904, 0.096
0, 0.9046, 0.0954
0, 0.9047, 0.0953
0, 0.9029, 0.0971
0, 0.9045, 0.0955
0, 0.9043, 0.0957
0, 0.9043, 0.0957
0, 0.9048, 0.0952
0, 0.9043, 0.0957
0, 0.9043, 0.0957
0, 0.9046, 0.0954
0, 0.9053, 0.0947
0, 0.9041, 0.0959
0, 0.9048, 0.0952
0, 0.9042, 0.0958
0, 0.9042, 0.0958
0, 0.9046, 0.0954
0, 0.9043, 0.0957
0, 0.9048, 0.0952
0, 0.902, 0.098
0, 0.9047, 0.0953
0, 0.9043, 0.0957
0, 0.9434, 0.0566
0, 0.8616, 0.1384
0, 0.9042, 0.0958
0, 0.8665, 0.1335
0, 0.8973, 0.1027
0, 0.9039, 0.0961
0, 0.9019, 0.0981
0, 0.8973, 0.1027
0, 0.9021, 0.0979
0, 0.9041, 0.0959
0, 0.9037, 0.0963
0, 0.8991, 0.1009
0, 0.9021, 0.0979
0, 0.9041, 0.0959
0, 0.9019, 0.0981
0, 0.9026, 0.0974
0, 0.9044, 0.0956
0, 0.903, 0.097
0, 0.9042, 0.0958
0, 0.9047, 0.0953
0, 0.9041, 0.0959
0, 0.9043, 0.0957
0, 0.9039, 0.0961
0, 0.9029, 0.0971
0, 0.8973, 0.1027
0, 0.9026, 0.0974
0, 0.9041, 0.0959
0, 0.9045, 0.0955
0, 0.9026, 0.0974
0, 0.9039, 0.0961
0, 0.9004, 0.0996
0, 0.9018, 0.0982
0, 0.9022, 0.0978
0, 0.896, 0.104
0, 0.8985, 0.1015
0, 0.8955, 0.1045
0, 0.9013, 0.0987
0, 0.8953, 0.1047
0, 0.8993, 0.1007
0, 0.8994, 0.1006
0, 0.894, 0.106
0, 0.9014, 0.0986
0, 0.9009, 0.0991
0, 0.902, 0.098
0, 0.9025, 0.0975
0, 0.8971, 0.1029
0, 0.9008, 0.0992
0, 0.9001, 0.0999
0, 0.9019, 0.0981
0, 0.8971, 0.1029
0, 0.9425, 0.0575
0, 0.8977, 0.1023
0, 0.7946, 0.2054
0, 0.9022, 0.0978
0, 0.8003, 0.1997
0, 0.899, 0.101
0, 0.9019, 0.0981
0, 0.9019, 0.0981
0, 0.899, 0.101
0, 0.899, 0.101
0, 0.902, 0.098
0, 0.9021, 0.0979
0, 0.8966, 0.1034
0, 0.9025, 0.0975
0, 0.9002, 0.0998
0, 0.8971, 0.1029
0, 0.9024, 0.0976
0, 0.8987, 0.1013
0, 0.9007, 0.0993
0, 0.8994, 0.1006
0, 0.8981, 0.1019
0, 0.8977, 0.1023
0, 0.9046, 0.0954
0, 0.8966, 0.1034
0, 0.9045, 0.0955
0, 0.9011, 0.0989
0, 0.9045, 0.0955
0, 0.9046, 0.0954
0, 0.9027, 0.0973
0, 0.9, 0.1
0, 0.902, 0.098
0, 0.8973, 0.1027
0, 0.8969, 0.1031
0, 0.897, 0.103
0, 0.9017, 0.0983
0, 0.9025, 0.0975
0, 0.8973, 0.1027
0, 0.9013, 0.0987
0, 0.9017, 0.0983
0, 0.9017, 0.0983
0, 0.897, 0.103
0, 0.9015, 0.0985
0, 0.9017, 0.0983
0, 0.9017, 0.0983
0, 0.9025, 0.0975
0, 0.8973, 0.1027
0, 0.9017, 0.0983
0, 0.902, 0.098
0, 0.9017, 0.0983
0, 0.9017, 0.0983
0, 0.8971, 0.1029
0, 0.9025, 0.0975
0, 0.897, 0.103
0, 0.9015, 0.0985
0, 0.897, 0.103
0, 0.902, 0.098
0, 0.8973, 0.1027
0, 0.8973, 0.1027
0, 0.9017, 0.0983
0, 0.9017, 0.0983
0, 0.9014, 0.0986
0, 0.8963, 0.1037
0, 0.8965, 0.1035
0, 0.9013, 0.0987
0, 0.897, 0.103
0, 0.8836, 0.1164
0, 0.8973, 0.1027
0, 0.8882, 0.1118
0, 0.9014, 0.0986
0, 0.9022, 0.0978
0, 0.9014, 0.0986
0, 0.9025, 0.0975
0, 0.9024, 0.0976
0, 0.8978, 0.1022
0, 0.8988, 0.1012
0, 0.8987, 0.1013
0, 0.9023, 0.0977
0, 0.9015, 0.0985
0, 0.9014, 0.0986
0, 0.9024, 0.0976
0, 0.9023, 0.0977
0, 0.9018, 0.0982
0, 0.9018, 0.0982
0, 0.9021, 0.0979
0, 0.9017, 0.0983
0, 0.9018, 0.0982
0, 0.9018, 0.0982
0, 0.9025, 0.0975
0, 0.9018, 0.0982
0, 0.9016, 0.0984
0, 0.8981, 0.1019
0, 0.8988, 0.1012
0, 0.9012, 0.0988
0, 0.9016, 0.0984
0, 0.8985, 0.1015
0, 0.9021, 0.0979
0, 0.9026, 0.0974
0, 0.8986, 0.1014
0, 0.8978, 0.1022
0, 0.8988, 0.1012
0, 0.9015, 0.0985
0, 0.9014, 0.0986
0, 0.9021, 0.0979
0, 0.9022, 0.0978
0, 0.9024, 0.0976
0, 0.898, 0.102
0, 0.9021, 0.0979
0, 0.8017, 0.1983
0, 0.9022, 0.0978
0, 0.8024, 0.1976
0, 0.8972, 0.1028
0, 0.9022, 0.0978
0, 0.7984, 0.2016
0, 0.8973, 0.1027
0, 0.8975, 0.1025
0, 0.9015, 0.0985
0, 0.9024, 0.0976
0, 0.9028, 0.0972
0, 0.8937, 0.1063
0, 0.8834, 0.1166
0, 0.9014, 0.0986
0, 0.9027, 0.0973
0, 0.897, 0.103
0, 0.9017, 0.0983
0, 0.8988, 0.1012
0, 0.9015, 0.0985
0, 0.9022, 0.0978
0, 0.9025, 0.0975
0, 0.9023, 0.0977
0, 0.9025, 0.0975
0, 0.8973, 0.1027
0, 0.9027, 0.0973
0, 0.9021, 0.0979
1, 0.7872, 0.2128
1, 0.8796, 0.1204
1, 0.8467, 0.1533
1, 0.8705, 0.1295
1, 0.878, 0.122
1, 0.8765, 0.1235
1, 0.8788, 0.1212
0, 0.9412, 0.0588
1, 0.8517, 0.1483
1, 0.8575, 0.1425
1, 0.8329, 0.1671
0, 0.9433, 0.0567
1, 0.8745, 0.1255
0, 0.9667, 0.0333
0, 0.9393, 0.0607
0, 0.9642, 0.0358
0, 0.94, 0.06
0, 0.9674, 0.0326
0, 0.9302, 0.0698
0, 0.9293, 0.0707
1, 0.8801, 0.1199
1, 0.8712, 0.1288
1, 0.8783, 0.1217
1, 0.8572, 0.1428
1, 0.8762, 0.1238
1, 0.8714, 0.1286
1, 0.8629, 0.1371
1, 0.872, 0.128
1, 0.876, 0.124
1, 0.8791, 0.1209
1, 0.8702, 0.1298
1, 0.8743, 0.1257
1, 0.8806, 0.1194
1, 0.8832, 0.1168
1, 0.8779, 0.1221
1, 0.8746, 0.1254
1, 0.8715, 0.1285
1, 0.8873, 0.1127
1, 0.8628, 0.1372
1, 0.8655, 0.1345
1, 0.8844, 0.1156
1, 0.8904, 0.1096
1, 0.8758, 0.1242
1, 0.8678, 0.1322
1, 0.88, 0.12
1, 0.8577, 0.1423
1, 0.8805, 0.1195
1, 0.8829, 0.1171
1, 0.8496, 0.1504
1, 0.8748, 0.1252
1, 0.8735, 0.1265
1, 0.8802, 0.1198
1, 0.849, 0.151
1, 0.8577, 0.1423
1, 0.8683, 0.1317
1, 0.8725, 0.1275
1, 0.8688, 0.1312
1, 0.8752, 0.1248
1, 0.8706, 0.1294
1, 0.8776, 0.1224
1, 0.872, 0.128
1, 0.8671, 0.1329
1, 0.8675, 0.1325
1, 0.8725, 0.1275
1, 0.8782, 0.1218
1, 0.8725, 0.1275
1, 0.8751, 0.1249
1, 0.8762, 0.1238
1, 0.8397, 0.1603
1, 0.854, 0.146
1, 0.8714, 0.1286
0, 0.9416, 0.0584
0, 0.9399, 0.0601
0, 0.8598, 0.1402
0, 0.9296, 0.0704
0, 0.9236, 0.0764
0, 0.9277, 0.0723
0, 0.9268, 0.0732
1, 0.8676, 0.1324
1, 0.8854, 0.1146
1, 0.8716, 0.1284
1, 0.8746, 0.1254
1, 0.8764, 0.1236
1, 0.8751, 0.1249
1, 0.8817, 0.1183
1, 0.8751, 0.1249
1, 0.8751, 0.1249
1, 0.8746, 0.1254
1, 0.8709, 0.1291
1, 0.8728, 0.1272
1, 0.8489, 0.1511
1, 0.8689, 0.1311
1, 0.8721, 0.1279
1, 0.8725, 0.1275
1, 0.8748, 0.1252
1, 0.8726, 0.1274
1, 0.8703, 0.1297
1, 0.8466, 0.1534
1, 0.844, 0.156
1, 0.8444, 0.1556
1, 0.8425, 0.1575
1, 0.8763, 0.1237
1, 0.8727, 0.1273
1, 0.7974, 0.2026
1, 0.8191, 0.1809
1, 0.8177, 0.1823
1, 0.8192, 0.1808
1, 0.7968, 0.2032
1, 0.8189, 0.1811
1, 0.7964, 0.2036
1, 0.7982, 0.2018
1, 0.816, 0.184
1, 0.814, 0.186
1, 0.8194, 0.1806
1, 0.8171, 0.1829
0, 0.6932, 0.3068
0, 0.7493, 0.2507
0, 0.7606, 0.2394
0, 0.7582, 0.2418
0, 0.7571, 0.2429
0, 0.7596, 0.2404
0, 0.7612, 0.2388
0, 0.7631, 0.2369
0, 0.7585, 0.2415
0, 0.763, 0.237
1, 0.6523, 0.3477
1, 0.677, 0.323
1, 0.6732, 0.3268
1, 0.6741, 0.3259
1, 0.6662, 0.3338
1, 0.6594, 0.3406
1, 0.6603, 0.3397
1, 0.6741, 0.3259
1, 0.6726, 0.3274
1, 0.6759, 0.3241
1, 0.6829, 0.3171
1, 0.6689, 0.3311
1, 0.6726, 0.3274
1, 0.6708, 0.3292
1, 0.6501, 0.3499
1, 0.6628, 0.3372
1, 0.6521, 0.3479
1, 0.6715, 0.3285
1, 0.6684, 0.3316
1, 0.6729, 0.3271
1, 0.6651, 0.3349
1, 0.6563, 0.3437
1, 0.6434, 0.3566
1, 0.6582, 0.3418
1, 0.6513, 0.3487
1, 0.6728, 0.3272
1, 0.6122, 0.3878
1, 0.6581, 0.3419
1, 0.6815, 0.3185
1, 0.6851, 0.3149
1, 0.655, 0.345
1, 0.6811, 0.3189
1, 0.6634, 0.3366
1, 0.6725, 0.3275
1, 0.6677, 0.3323
1, 0.6697, 0.3303
1, 0.665, 0.335
1, 0.6534, 0.3466
1, 0.6636, 0.3364
1, 0.6599, 0.3401
1, 0.6772, 0.3228
1, 0.6772, 0.3228
1, 0.6636, 0.3364
1, 0.8463, 0.1537
1, 0.8345, 0.1655
1, 0.8921, 0.1079
1, 0.8494, 0.1506
1, 0.9111, 0.0889
1, 0.893, 0.107
1, 0.8893, 0.1107
1, 0.8929, 0.1071
1, 0.8252, 0.1748
0, 0.4485, 0.5515
1, 0.932, 0.068
1, 0.9204, 0.0796
1, 0.8993, 0.1007
1, 0.9062, 0.0938
1, 0.94, 0.06
1, 0.943, 0.057
1, 0.8484, 0.1516
1, 0.8489, 0.1511
1, 0.8551, 0.1449
1, 0.8551, 0.1449
1, 0.8513, 0.1487
1, 0.8484, 0.1516
1, 0.8429, 0.1571
1, 0.8501, 0.1499
1, 0.8501, 0.1499
1, 0.8513, 0.1487
1, 0.8493, 0.1507
1, 0.8494, 0.1506
1, 0.8443, 0.1557
1, 0.85, 0.15
1, 0.85, 0.15
1, 0.8493, 0.1507
1, 0.85, 0.15
1, 0.85, 0.15
1, 0.9158, 0.0842
1, 0.8389, 0.1611
1, 0.8389, 0.1611
0, 0.7898, 0.2102
1, 0.904, 0.096
1, 0.9078, 0.0922
1, 0.8188, 0.1812
1, 0.8154, 0.1846
1, 0.818, 0.182
1, 0.8156, 0.1844
1, 0.8038, 0.1962
1, 0.8012, 0.1988
1, 0.8043, 0.1957
1, 0.8117, 0.1883
1, 0.804, 0.196
1, 0.8091, 0.1909
1, 0.818, 0.182
1, 0.7903, 0.2097
1, 0.8188, 0.1812
1, 0.8154, 0.1846
1, 0.8155, 0.1845
1, 0.818, 0.182
1, 0.8167, 0.1833
1, 0.8141, 0.1859
1, 0.8145, 0.1855
1, 0.8168, 0.1832
1, 0.8151, 0.1849
1, 0.8166, 0.1834
1, 0.8144, 0.1856
1, 0.8147, 0.1853
1, 0.8146, 0.1854
1, 0.8173, 0.1827
1, 0.8169, 0.1831
1, 0.8163, 0.1837
1, 0.8177, 0.1823
1, 0.814, 0.186
1, 0.814, 0.186
1, 0.8173, 0.1827
1, 0.814, 0.186
1, 0.8177, 0.1823
1, 0.8151, 0.1849
1, 0.8163, 0.1837
1, 0.8146, 0.1854
1, 0.8141, 0.1859
1, 0.8145, 0.1855
1, 0.8151, 0.1849
1, 0.8166, 0.1834
1, 0.815, 0.185
1, 0.8151, 0.1849
1, 0.8167, 0.1833
1, 0.8147, 0.1853
1, 0.8151, 0.1849
1, 0.814, 0.186
1, 0.819, 0.181
1, 0.8178, 0.1822
1, 0.8139, 0.1861
1, 0.7933, 0.2067
1, 0.8188, 0.1812
1, 0.8013, 0.1987
1, 0.8039, 0.1961
1, 0.8045, 0.1955
1, 0.8153, 0.1847
1, 0.8155, 0.1845
1, 0.818, 0.182
1, 0.779, 0.221
1, 0.8108, 0.1892
1, 0.8188, 0.1812
1, 0.8154, 0.1846
1, 0.8124, 0.1876
1, 0.8129, 0.1871
1, 0.7809, 0.2191
1, 0.8157, 0.1843
1, 0.8136, 0.1864
1, 0.8185, 0.1815
1, 0.814, 0.186
1, 0.815, 0.185
1, 0.815, 0.185
1, 0.8151, 0.1849
1, 0.8151, 0.1849
1, 0.8173, 0.1827
1, 0.8151, 0.1849
1, 0.8147, 0.1853
1, 0.814, 0.186
1, 0.8151, 0.1849
1, 0.8144, 0.1856
1, 0.8151, 0.1849
1, 0.815, 0.185
1, 0.815, 0.185
1, 0.8152, 0.1848
1, 0.8169, 0.1831
1, 0.8168, 0.1832
1, 0.8151, 0.1849
1, 0.814, 0.186
1, 0.8151, 0.1849
1, 0.8163, 0.1837
1, 0.8151, 0.1849
1, 0.8177, 0.1823
1, 0.8151, 0.1849
1, 0.8173, 0.1827
1, 0.8177, 0.1823
1, 0.8149, 0.1851
1, 0.8151, 0.1849
1, 0.8146, 0.1854
1, 0.8151, 0.1849
1, 0.815, 0.185
1, 0.8163, 0.1837
1, 0.814, 0.186
1, 0.8142, 0.1858
1, 0.8173, 0.1827
1, 0.8168, 0.1832
1, 0.8142, 0.1858
1, 0.8168, 0.1832
1, 0.8147, 0.1853
1, 0.8142, 0.1858
1, 0.8142, 0.1858
1, 0.814, 0.186
1, 0.8167, 0.1833
1, 0.814, 0.186
1, 0.8168, 0.1832
1, 0.8168, 0.1832
1, 0.8169, 0.1831
1, 0.8173, 0.1827
1, 0.8142, 0.1858
1, 0.8168, 0.1832
1, 0.814, 0.186
1, 0.8173, 0.1827
1, 0.814, 0.186
1, 0.814, 0.186
1, 0.8169, 0.1831
1, 0.8141, 0.1859
1, 0.8169, 0.1831
1, 0.8166, 0.1834
1, 0.814, 0.186
1, 0.8173, 0.1827
1, 0.814, 0.186
1, 0.8169, 0.1831
1, 0.8163, 0.1837
1, 0.814, 0.186
1, 0.8177, 0.1823
1, 0.8169, 0.1831
1, 0.8151, 0.1849
1, 0.8053, 0.1947
1, 0.8177, 0.1823
1, 0.8151, 0.1849
1, 0.814, 0.186
1, 0.8155, 0.1845
1, 0.8146, 0.1854
1, 0.8151, 0.1849
1, 0.8151, 0.1849
1, 0.8146, 0.1854
1, 0.8155, 0.1845
1, 0.814, 0.186
1, 0.815, 0.185
1, 0.8173, 0.1827
1, 0.8151, 0.1849
1, 0.814, 0.186
1, 0.815, 0.185
1, 0.8151, 0.1849
1, 0.8163, 0.1837
1, 0.8151, 0.1849
1, 0.8173, 0.1827
1, 0.8177, 0.1823
1, 0.8151, 0.1849
1, 0.8151, 0.1849
1, 0.8155, 0.1845
1, 0.8151, 0.1849
1, 0.8107, 0.1893
1, 0.8173, 0.1827
1, 0.8139, 0.1861
1, 0.814, 0.186
1, 0.8142, 0.1858
1, 0.8169, 0.1831
1, 0.8168, 0.1832
1, 0.814, 0.186
1, 0.8144, 0.1856
1, 0.814, 0.186
1, 0.8166, 0.1834
1, 0.8169, 0.1831
1, 0.8144, 0.1856
1, 0.814, 0.186
1, 0.8173, 0.1827
1, 0.8163, 0.1837
1, 0.8166, 0.1834
1, 0.814, 0.186
1, 0.8169, 0.1831
1, 0.8154, 0.1846
1, 0.8188, 0.1812
1, 0.8178, 0.1822
1, 0.819, 0.181
1, 0.8118, 0.1882
1, 0.8036, 0.1964
1, 0.818, 0.182
1, 0.8155, 0.1845
1, 0.8156, 0.1844
1, 0.818, 0.182
1, 0.8014, 0.1986
1, 0.8041, 0.1959
1, 0.8156, 0.1844
1, 0.818, 0.182
1, 0.8042, 0.1958
1, 0.8081, 0.1919
1, 0.8124, 0.1876
1, 0.8122, 0.1878
1, 0.8135, 0.1865
1, 0.8188, 0.1812
1, 0.8136, 0.1864
1, 0.8048, 0.1952
1, 0.8039, 0.1961
1, 0.8023, 0.1977
1, 0.8042, 0.1958
1, 0.8137, 0.1863
1, 0.7706, 0.2294
1, 0.7304, 0.2696
1, 0.7859, 0.2141
1, 0.7683, 0.2317
1, 0.7304, 0.2696
1, 0.7749, 0.2251
1, 0.728, 0.272
1, 0.7304, 0.2696
1, 0.7296, 0.2704
1, 0.7304, 0.2696
1, 0.7821, 0.2179
1, 0.7303, 0.2697
1, 0.7305, 0.2695
1, 0.784, 0.216
1, 0.7304, 0.2696
1, 0.7788, 0.2212
1, 0.7305, 0.2695
1, 0.7304, 0.2696
0, 0.8025, 0.1975
1, 0.775, 0.225
1, 0.785, 0.215
1, 0.7708, 0.2292
0, 0.8029, 0.1971
0, 0.8036, 0.1964
1, 0.7788, 0.2212
1, 0.7316, 0.2684
1, 0.7595, 0.2405
1, 0.7317, 0.2683
1, 0.7322, 0.2678
1, 0.7872, 0.2128
1, 0.7632, 0.2368
1, 0.7321, 0.2679
1, 0.7322, 0.2678
1, 0.7321, 0.2679
1, 0.785, 0.215
1, 0.7596, 0.2404
1, 0.7316, 0.2684
1, 0.7322, 0.2678
1, 0.7329, 0.2671
1, 0.7303, 0.2697
1, 0.7327, 0.2673
1, 0.7287, 0.2713
1, 0.7827, 0.2173
1, 0.7831, 0.2169
1, 0.7837, 0.2163
