0, 0.6743, 0.3257
0, 0.6667, 0.3333
0, 0.6701, 0.3299
0, 0.6724, 0.3276
0, 0.67, 0.33
0, 0.6689, 0.3311
0, 0.6671, 0.3329
0, 0.6742, 0.3258
0, 0.7362, 0.2638
0, 0.67, 0.33
0, 0.3962, 0.6038
0, 0.3947, 0.6053
0, 0.41, 0.59
0, 0.4038, 0.5962
0, 0.4032, 0.5968
0, 0.4049, 0.5951
0, 0.4101, 0.5899
0, 0.4044, 0.5956
0, 0.3952, 0.6048
0, 0.4091, 0.5909
0, 0.3954, 0.6046
0, 0.4022, 0.5978
0, 0.3876, 0.6124
0, 0.3985, 0.6015
0, 0.3925, 0.6075
0, 0.3784, 0.6216
0, 0.3981, 0.6019
0, 0.4133, 0.5867
0, 0.4071, 0.5929
0, 0.4151, 0.5849
0, 0.4067, 0.5933
0, 0.4049, 0.5951
0, 0.405, 0.595
0, 0.4069, 0.5931
0, 0.4081, 0.5919
0, 0.3792, 0.6208
0, 0.4009, 0.5991
0, 0.4134, 0.5866
0, 0.3854, 0.6146
0, 0.4151, 0.5849
0, 0.4046, 0.5954
0, 0.4131, 0.5869
0, 0.407, 0.593
0, 0.4031, 0.5969
0, 0.4071, 0.5929
0, 0.4071, 0.5929
0, 0.4039, 0.5961
0, 0.402, 0.598
0, 0.401, 0.599
0, 0.4066, 0.5934
0, 0.4036, 0.5964
0, 0.4111, 0.5889
0, 0.4077, 0.5923
0, 0.4034, 0.5966
0, 0.4111, 0.5889
0, 0.4028, 0.5972
0, 0.407, 0.593
0, 0.4079, 0.5921
0, 0.4021, 0.5979
0, 0.4034, 0.5966
0, 0.4035, 0.5965
0, 0.3978, 0.6022
0, 0.3963, 0.6037
0, 0.4037, 0.5963
0, 0.4072, 0.5928
0, 0.41, 0.59
0, 0.3963, 0.6037
0, 0.4077, 0.5923
0, 0.4028, 0.5972
0, 0.4072, 0.5928
0, 0.4045, 0.5955
0, 0.4022, 0.5978
0, 0.3874, 0.6126
0, 0.4063, 0.5937
0, 0.4134, 0.5866
0, 0.4134, 0.5866
0, 0.4132, 0.5868
0, 0.404, 0.596
0, 0.4071, 0.5929
0, 0.4151, 0.5849
0, 0.4122, 0.5878
0, 0.4063, 0.5937
0, 0.4073, 0.5927
0, 0.3939, 0.6061
0, 0.4137, 0.5863
0, 0.401, 0.599
0, 0.3967, 0.6033
0, 0.4073, 0.5927
0, 0.4146, 0.5854
0, 0.4073, 0.5927
0, 0.4081, 0.5919
0, 0.4134, 0.5866
0, 0.4145, 0.5855
0, 0.4128, 0.5872
0, 0.413, 0.587
0, 0.3981, 0.6019
0, 0.401, 0.599
0, 0.4077, 0.5923
0, 0.4083, 0.5917
0, 0.3992, 0.6008
0, 0.4151, 0.5849
0, 0.413, 0.587
0, 0.4134, 0.5866
0, 0.4083, 0.5917
0, 0.414, 0.586
0, 0.4035, 0.5965
0, 0.3936, 0.6064
0, 0.4072, 0.5928
0, 0.3977, 0.6023
0, 0.3992, 0.6008
0, 0.4015, 0.5985
0, 0.3931, 0.6069
0, 0.4076, 0.5924
0, 0.4087, 0.5913
0, 0.3934, 0.6066
0, 0.4034, 0.5966
0, 0.4103, 0.5897
0, 0.4034, 0.5966
0, 0.4097, 0.5903
0, 0.4077, 0.5923
0, 0.402, 0.598
0, 0.4072, 0.5928
0, 0.391, 0.609
0, 0.3978, 0.6022
0, 0.4028, 0.5972
0, 0.3977, 0.6023
0, 0.393, 0.607
0, 0.4074, 0.5926
0, 0.3949, 0.6051
0, 0.3835, 0.6165
0, 0.3941, 0.6059
0, 0.4111, 0.5889
0, 0.4034, 0.5966
0, 0.4072, 0.5928
0, 0.4116, 0.5884
0, 0.3977, 0.6023
0, 0.4093, 0.5907
0, 0.4099, 0.5901
0, 0.3797, 0.6203
0, 0.396, 0.604
0, 0.4111, 0.5889
0, 0.3977, 0.6023
0, 0.3978, 0.6022
0, 0.4054, 0.5946
0, 0.4076, 0.5924
0, 0.4094, 0.5906
0, 0.4036, 0.5964
0, 0.4014, 0.5986
0, 0.4035, 0.5965
0, 0.4039, 0.5961
0, 0.3975, 0.6025
0, 0.4034, 0.5966
0, 0.4097, 0.5903
0, 0.4036, 0.5964
0, 0.3978, 0.6022
0, 0.4072, 0.5928
0, 0.4001, 0.5999
0, 0.4076, 0.5924
0, 0.3977, 0.6023
0, 0.3978, 0.6022
0, 0.4077, 0.5923
0, 0.4037, 0.5963
0, 0.4028, 0.5972
0, 0.4028, 0.5972
0, 0.4087, 0.5913
0, 0.4036, 0.5964
0, 0.407, 0.593
0, 0.4099, 0.5901
0, 0.4021, 0.5979
0, 0.4034, 0.5966
0, 0.4069, 0.5931
0, 0.4003, 0.5997
0, 0.4076, 0.5924
0, 0.4072, 0.5928
0, 0.407, 0.593
0, 0.4103, 0.5897
0, 0.4077, 0.5923
0, 0.404, 0.596
0, 0.4001, 0.5999
0, 0.4038, 0.5962
0, 0.4003, 0.5997
0, 0.4008, 0.5992
0, 0.3977, 0.6023
0, 0.411, 0.589
0, 0.407, 0.593
0, 0.4077, 0.5923
0, 0.4037, 0.5963
0, 0.4046, 0.5954
0, 0.4049, 0.5951
0, 0.4033, 0.5967
0, 0.4017, 0.5983
0, 0.4046, 0.5954
0, 0.4076, 0.5924
0, 0.4116, 0.5884
0, 0.4141, 0.5859
0, 0.408, 0.592
0, 0.4037, 0.5963
0, 0.4155, 0.5845
0, 0.4063, 0.5937
0, 0.4151, 0.5849
0, 0.4079, 0.5921
0, 0.401, 0.599
0, 0.4134, 0.5866
0, 0.4069, 0.5931
0, 0.3889, 0.6111
0, 0.401, 0.599
0, 0.4066, 0.5934
0, 0.4022, 0.5978
0, 0.413, 0.587
0, 0.3969, 0.6031
0, 0.4135, 0.5865
0, 0.4115, 0.5885
0, 0.3794, 0.6206
0, 0.4145, 0.5855
0, 0.4087, 0.5913
0, 0.4078, 0.5922
0, 0.4072, 0.5928
0, 0.4031, 0.5969
0, 0.4155, 0.5845
0, 0.4135, 0.5865
0, 0.4133, 0.5867
0, 0.4023, 0.5977
0, 0.4083, 0.5917
0, 0.404, 0.596
0, 0.4075, 0.5925
0, 0.3906, 0.6094
0, 0.3984, 0.6016
0, 0.3988, 0.6012
0, 0.3433, 0.6567
0, 0.4114, 0.5886
0, 0.3936, 0.6064
0, 0.3917, 0.6083
0, 0.4079, 0.5921
0, 0.3704, 0.6296
0, 0.4031, 0.5969
0, 0.3471, 0.6529
0, 0.4153, 0.5847
0, 0.4224, 0.5776
0, 0.3964, 0.6036
1, 0.3535, 0.6465
1, 0.3245, 0.6755
1, 0.3529, 0.6471
0, 0.4037, 0.5963
0, 0.3823, 0.6177
1, 0.3208, 0.6792
0, 0.4109, 0.5891
0, 0.4143, 0.5857
0, 0.4072, 0.5928
0, 0.4154, 0.5846
0, 0.4215, 0.5785
0, 0.4177, 0.5823
0, 0.425, 0.575
0, 0.4205, 0.5795
0, 0.4197, 0.5803
0, 0.4092, 0.5908
0, 0.4165, 0.5835
0, 0.4108, 0.5892
0, 0.4081, 0.5919
0, 0.4138, 0.5862
0, 0.3349, 0.6651
0, 0.4144, 0.5856
0, 0.4049, 0.5951
0, 0.3968, 0.6032
0, 0.4103, 0.5897
0, 0.4048, 0.5952
0, 0.4075, 0.5925
0, 0.4076, 0.5924
0, 0.4161, 0.5839
0, 0.3905, 0.6095
0, 0.414, 0.586
0, 0.4047, 0.5953
0, 0.3946, 0.6054
0, 0.3985, 0.6015
0, 0.4146, 0.5854
0, 0.4108, 0.5892
0, 0.4137, 0.5863
0, 0.4117, 0.5883
0, 0.4058, 0.5942
0, 0.3994, 0.6006
0, 0.406, 0.594
0, 0.4059, 0.5941
0, 0.4069, 0.5931
0, 0.4132, 0.5868
0, 0.4116, 0.5884
0, 0.3946, 0.6054
0, 0.4146, 0.5854
0, 0.4032, 0.5968
0, 0.4035, 0.5965
0, 0.4042, 0.5958
0, 0.4105, 0.5895
0, 0.409, 0.591
0, 0.4093, 0.5907
0, 0.4081, 0.5919
0, 0.4133, 0.5867
0, 0.3979, 0.6021
0, 0.4145, 0.5855
0, 0.4104, 0.5896
0, 0.4134, 0.5866
0, 0.4126, 0.5874
0, 0.4143, 0.5857
0, 0.4091, 0.5909
0, 0.4225, 0.5775
0, 0.4146, 0.5854
0, 0.4137, 0.5863
0, 0.4129, 0.5871
0, 0.4015, 0.5985
1, 0.4325, 0.5675
0, 0.4135, 0.5865
0, 0.4128, 0.5872
0, 0.4115, 0.5885
0, 0.407, 0.593
0, 0.4078, 0.5922
0, 0.4076, 0.5924
0, 0.404, 0.596
0, 0.4164, 0.5836
0, 0.4021, 0.5979
0, 0.4053, 0.5947
0, 0.4082, 0.5918
0, 0.4099, 0.5901
0, 0.4098, 0.5902
0, 0.4097, 0.5903
0, 0.3988, 0.6012
0, 0.4092, 0.5908
0, 0.3941, 0.6059
0, 0.4077, 0.5923
0, 0.4147, 0.5853
0, 0.4146, 0.5854
0, 0.4059, 0.5941
0, 0.3895, 0.6105
0, 0.4017, 0.5983
0, 0.396, 0.604
0, 0.4115, 0.5885
0, 0.3563, 0.6437
0, 0.4036, 0.5964
0, 0.4122, 0.5878
0, 0.411, 0.589
0, 0.3949, 0.6051
0, 0.4036, 0.5964
0, 0.3968, 0.6032
0, 0.4076, 0.5924
0, 0.4049, 0.5951
0, 0.4068, 0.5932
0, 0.4076, 0.5924
0, 0.4051, 0.5949
0, 0.4113, 0.5887
0, 0.4113, 0.5887
0, 0.4078, 0.5922
0, 0.4025, 0.5975
1, 0.3679, 0.6321
1, 0.3666, 0.6334
0, 0.4023, 0.5977
0, 0.4077, 0.5923
0, 0.3923, 0.6077
0, 0.4139, 0.5861
0, 0.402, 0.598
0, 0.3955, 0.6045
0, 0.4122, 0.5878
0, 0.3993, 0.6007
0, 0.408, 0.592
1, 0.37, 0.63
1, 0.38, 0.62
0, 0.4166, 0.5834
1, 0.3793, 0.6207
1, 0.3793, 0.6207
0, 0.3889, 0.6111
0, 0.3918, 0.6082
0, 0.396, 0.604
0, 0.4089, 0.5911
0, 0.4013, 0.5987
0, 0.3953, 0.6047
0, 0.3955, 0.6045
0, 0.4062, 0.5938
0, 0.4146, 0.5854
1, 0.3704, 0.6296
0, 0.4055, 0.5945
0, 0.4113, 0.5887
0, 0.4084, 0.5916
0, 0.4137, 0.5863
0, 0.4017, 0.5983
0, 0.4, 0.6
0, 0.4137, 0.5863
0, 0.391, 0.609
0, 0.4123, 0.5877
0, 0.4016, 0.5984
1, 0.3861, 0.6139
1, 0.3774, 0.6226
1, 0.3724, 0.6276
1, 0.3759, 0.6241
1, 0.3195, 0.6805
1, 0.3769, 0.6231
1, 0.3787, 0.6213
1, 0.376, 0.624
1, 0.3846, 0.6154
1, 0.3698, 0.6302
1, 0.3182, 0.6818
1, 0.3839, 0.6161
0, 0.9717, 0.0283
1, 0.3647, 0.6353
1, 0.3769, 0.6231
1, 0.3785, 0.6215
1, 0.3713, 0.6287
1, 0.3143, 0.6857
1, 0.3813, 0.6187
1, 0.3778, 0.6222
1, 0.3789, 0.6211
1, 0.3776, 0.6224
1, 0.3777, 0.6223
1, 0.3754, 0.6246
1, 0.3834, 0.6166
1, 0.3777, 0.6223
1, 0.3777, 0.6223
1, 0.3767, 0.6233
1, 0.3834, 0.6166
0, 0.9774, 0.0226
0, 0.9745, 0.0255
0, 0.9749, 0.0251
0, 0.9778, 0.0222
0, 0.9757, 0.0243
0, 0.9724, 0.0276
0, 0.9715, 0.0285
0, 0.9735, 0.0265
0, 0.971, 0.029
0, 0.9763, 0.0237
0, 0.9743, 0.0257
0, 0.9764, 0.0236
0, 0.9767, 0.0233
0, 0.9763, 0.0237
0, 0.9713, 0.0287
0, 0.9713, 0.0287
0, 0.9713, 0.0287
0, 0.9748, 0.0252
0, 0.9742, 0.0258
0, 0.9718, 0.0282
0, 0.9781, 0.0219
0, 0.9749, 0.0251
0, 0.9665, 0.0335
0, 0.9763, 0.0237
0, 0.975, 0.025
0, 0.9747, 0.0253
0, 0.9749, 0.0251
0, 0.9735, 0.0265
0, 0.9723, 0.0277
0, 0.9767, 0.0233
0, 0.9757, 0.0243
0, 0.9739, 0.0261
0, 0.9655, 0.0345
0, 0.9731, 0.0269
0, 0.9781, 0.0219
0, 0.9784, 0.0216
0, 0.9744, 0.0256
0, 0.974, 0.026
0, 0.9759, 0.0241
0, 0.9731, 0.0269
0, 0.9711, 0.0289
0, 0.9711, 0.0289
0, 0.9765, 0.0235
0, 0.9728, 0.0272
0, 0.9715, 0.0285
0, 0.9742, 0.0258
0, 0.9718, 0.0282
0, 0.9743, 0.0257
0, 0.9743, 0.0257
0, 0.9742, 0.0258
0, 0.9755, 0.0245
0, 0.9753, 0.0247
0, 0.9727, 0.0273
0, 0.9736, 0.0264
0, 0.9734, 0.0266
0, 0.9712, 0.0288
0, 0.9742, 0.0258
0, 0.9748, 0.0252
0, 0.9712, 0.0288
0, 0.9743, 0.0257
0, 0.9732, 0.0268
0, 0.9711, 0.0289
0, 0.9712, 0.0288
0, 0.9776, 0.0224
0, 0.9732, 0.0268
0, 0.9726, 0.0274
0, 0.9743, 0.0257
0, 0.9735, 0.0265
0, 0.9744, 0.0256
0, 0.9754, 0.0246
0, 0.9743, 0.0257
0, 0.9727, 0.0273
0, 0.9771, 0.0229
0, 0.9729, 0.0271
0, 0.9765, 0.0235
0, 0.9748, 0.0252
0, 0.9718, 0.0282
0, 0.9747, 0.0253
0, 0.9732, 0.0268
0, 0.9755, 0.0245
0, 0.9739, 0.0261
0, 0.9733, 0.0267
0, 0.9742, 0.0258
0, 0.9744, 0.0256
0, 0.9774, 0.0226
0, 0.9737, 0.0263
0, 0.9754, 0.0246
0, 0.9782, 0.0218
0, 0.9748, 0.0252
0, 0.976, 0.024
0, 0.9747, 0.0253
0, 0.9734, 0.0266
0, 0.9729, 0.0271
0, 0.9748, 0.0252
0, 0.9747, 0.0253
0, 0.9718, 0.0282
0, 0.965, 0.035
0, 0.9733, 0.0267
0, 0.9743, 0.0257
0, 0.9718, 0.0282
0, 0.976, 0.024
0, 0.9716, 0.0284
0, 0.9671, 0.0329
0, 0.9749, 0.0251
0, 0.9776, 0.0224
0, 0.9746, 0.0254
0, 0.9742, 0.0258
0, 0.9755, 0.0245
0, 0.9741, 0.0259
0, 0.9723, 0.0277
0, 0.9712, 0.0288
0, 0.9722, 0.0278
0, 0.9742, 0.0258
0, 0.9727, 0.0273
0, 0.9741, 0.0259
0, 0.9776, 0.0224
0, 0.9759, 0.0241
0, 0.9725, 0.0275
0, 0.9721, 0.0279
0, 0.9648, 0.0352
0, 0.9735, 0.0265
0, 0.9746, 0.0254
0, 0.9759, 0.0241
0, 0.9776, 0.0224
0, 0.9725, 0.0275
0, 0.9743, 0.0257
0, 0.9646, 0.0354
0, 0.9648, 0.0352
0, 0.9776, 0.0224
0, 0.9712, 0.0288
0, 0.9755, 0.0245
0, 0.9759, 0.0241
0, 0.9741, 0.0259
0, 0.9741, 0.0259
0, 0.9718, 0.0282
0, 0.9721, 0.0279
0, 0.9776, 0.0224
0, 0.9741, 0.0259
0, 0.9729, 0.0271
0, 0.9712, 0.0288
0, 0.9776, 0.0224
0, 0.9759, 0.0241
0, 0.9724, 0.0276
0, 0.9646, 0.0354
0, 0.9735, 0.0265
0, 0.9776, 0.0224
0, 0.9738, 0.0262
0, 0.9648, 0.0352
0, 0.9776, 0.0224
0, 0.9741, 0.0259
0, 0.9713, 0.0287
0, 0.9734, 0.0266
0, 0.9734, 0.0266
0, 0.9759, 0.0241
0, 0.9762, 0.0238
0, 0.9776, 0.0224
0, 0.9773, 0.0227
0, 0.9722, 0.0278
0, 0.9776, 0.0224
0, 0.9648, 0.0352
0, 0.9718, 0.0282
0, 0.9745, 0.0255
0, 0.9776, 0.0224
0, 0.9729, 0.0271
0, 0.9727, 0.0273
0, 0.9761, 0.0239
0, 0.9746, 0.0254
0, 0.9734, 0.0266
0, 0.9732, 0.0268
0, 0.9737, 0.0263
0, 0.9753, 0.0247
0, 0.9742, 0.0258
0, 0.9727, 0.0273
0, 0.9776, 0.0224
0, 0.9743, 0.0257
0, 0.9648, 0.0352
0, 0.9742, 0.0258
0, 0.9745, 0.0255
0, 0.9734, 0.0266
0, 0.9742, 0.0258
0, 0.9776, 0.0224
0, 0.9745, 0.0255
0, 0.9741, 0.0259
0, 0.971, 0.029
0, 0.9735, 0.0265
0, 0.9727, 0.0273
0, 0.9709, 0.0291
0, 0.9741, 0.0259
0, 0.9738, 0.0262
0, 0.9725, 0.0275
0, 0.9725, 0.0275
0, 0.9744, 0.0256
0, 0.9741, 0.0259
0, 0.9726, 0.0274
0, 0.9718, 0.0282
0, 0.9708, 0.0292
0, 0.9742, 0.0258
0, 0.9729, 0.0271
0, 0.9712, 0.0288
0, 0.972, 0.028
0, 0.9722, 0.0278
0, 0.9732, 0.0268
0, 0.9742, 0.0258
0, 0.9725, 0.0275
0, 0.9741, 0.0259
0, 0.97, 0.03
0, 0.9755, 0.0245
0, 0.9746, 0.0254
0, 0.9744, 0.0256
0, 0.9776, 0.0224
0, 0.9712, 0.0288
0, 0.9709, 0.0291
0, 0.9734, 0.0266
0, 0.9737, 0.0263
0, 0.9763, 0.0237
0, 0.975, 0.025
0, 0.9773, 0.0227
0, 0.9735, 0.0265
0, 0.9747, 0.0253
0, 0.9733, 0.0267
0, 0.9743, 0.0257
0, 0.9665, 0.0335
0, 0.9755, 0.0245
0, 0.9732, 0.0268
0, 0.9765, 0.0235
0, 0.9742, 0.0258
0, 0.9743, 0.0257
0, 0.9665, 0.0335
0, 0.9748, 0.0252
0, 0.9744, 0.0256
0, 0.9732, 0.0268
0, 0.9748, 0.0252
0, 0.9748, 0.0252
0, 0.9743, 0.0257
0, 0.9695, 0.0305
0, 0.9742, 0.0258
0, 0.9772, 0.0228
0, 0.9772, 0.0228
0, 0.9754, 0.0246
0, 0.9598, 0.0402
0, 0.9768, 0.0232
0, 0.9755, 0.0245
0, 0.9768, 0.0232
0, 0.9771, 0.0229
0, 0.9772, 0.0228
0, 0.9772, 0.0228
0, 0.9956, 0.0044
0, 0.9735, 0.0265
0, 0.9748, 0.0252
0, 0.9734, 0.0266
0, 0.9795, 0.0205
0, 0.9809, 0.0191
0, 0.9843, 0.0157
0, 0.982, 0.018
0, 0.9831, 0.0169
0, 0.984, 0.016
0, 0.9818, 0.0182
0, 0.9845, 0.0155
0, 0.9859, 0.0141
0, 0.9841, 0.0159
0, 0.9823, 0.0177
0, 0.986, 0.014
0, 0.9828, 0.0172
0, 0.9854, 0.0146
0, 0.9856, 0.0144
0, 0.9828, 0.0172
0, 0.9856, 0.0144
0, 0.9858, 0.0142
0, 0.9828, 0.0172
0, 0.9846, 0.0154
0, 0.9848, 0.0152
0, 0.9843, 0.0157
0, 0.9826, 0.0174
0, 0.991, 0.009
0, 0.9912, 0.0088
0, 0.9912, 0.0088
0, 0.9913, 0.0087
0, 0.9912, 0.0088
0, 0.9908, 0.0092
0, 0.9898, 0.0102
0, 0.9899, 0.0101
0, 0.9915, 0.0085
0, 0.9912, 0.0088
0, 0.9895, 0.0105
0, 0.9899, 0.0101
0, 0.9896, 0.0104
0, 0.9897, 0.0103
0, 0.9911, 0.0089
0, 0.9899, 0.0101
0, 0.9906, 0.0094
0, 0.9913, 0.0087
0, 0.9911, 0.0089
0, 0.9916, 0.0084
0, 0.9917, 0.0083
0, 0.9915, 0.0085
0, 0.9903, 0.0097
0, 0.9914, 0.0086
0, 0.9909, 0.0091
0, 0.991, 0.009
0, 0.9926, 0.0074
0, 0.9917, 0.0083
0, 0.9923, 0.0077
0, 0.9916, 0.0084
0, 0.9906, 0.0094
0, 0.9924, 0.0076
0, 0.9926, 0.0074
0, 0.9916, 0.0084
0, 0.992, 0.008
0, 0.9919, 0.0081
0, 0.9917, 0.0083
0, 0.9915, 0.0085
0, 0.9919, 0.0081
0, 0.9924, 0.0076
0, 0.9915, 0.0085
0, 0.9918, 0.0082
0, 0.9914, 0.0086
0, 0.9924, 0.0076
0, 0.9916, 0.0084
0, 0.9915, 0.0085
0, 0.9913, 0.0087
0, 0.9914, 0.0086
0, 0.9936, 0.0064
0, 0.9954, 0.0046
0, 0.9954, 0.0046
0, 0.9953, 0.0047
0, 0.9955, 0.0045
0, 0.9958, 0.0042
0, 0.9954, 0.0046
0, 0.9954, 0.0046
0, 0.9956, 0.0044
0, 0.9955, 0.0045
0, 0.996, 0.004
0, 0.9955, 0.0045
0, 0.9953, 0.0047
0, 0.9954, 0.0046
0, 0.9954, 0.0046
0, 0.9959, 0.0041
0, 0.9956, 0.0044
0, 0.996, 0.004
0, 0.996, 0.004
0, 0.9957, 0.0043
0, 0.9959, 0.0041
0, 0.9961, 0.0039
0, 0.9961, 0.0039
0, 0.996, 0.004
0, 0.9961, 0.0039
0, 0.9944, 0.0056
0, 0.9953, 0.0047
0, 0.9957, 0.0043
0, 0.9961, 0.0039
0, 0.996, 0.004
0, 0.996, 0.004
0, 0.996, 0.004
0, 0.9961, 0.0039
0, 0.9961, 0.0039
0, 0.9961, 0.0039
0, 0.9953, 0.0047
0, 0.9961, 0.0039
0, 0.9955, 0.0045
0, 0.9961, 0.0039
0, 0.9956, 0.0044
0, 0.9933, 0.0067
0, 0.995, 0.005
0, 0.9954, 0.0046
0, 0.9956, 0.0044
0, 0.9959, 0.0041
0, 0.996, 0.004
0, 0.9953, 0.0047
0, 0.9954, 0.0046
0, 0.9937, 0.0063
0, 0.9947, 0.0053
0, 0.9946, 0.0054
0, 0.9958, 0.0042
0, 0.9957, 0.0043
0, 0.996, 0.004
0, 0.9952, 0.0048
0, 0.9953, 0.0047
0, 0.9955, 0.0045
0, 0.9961, 0.0039
0, 0.9959, 0.0041
0, 0.9962, 0.0038
0, 0.9963, 0.0037
0, 0.996, 0.004
0, 0.996, 0.004
0, 0.9962, 0.0038
1, 0.3774, 0.6226
1, 0.3848, 0.6152
1, 0.3775, 0.6225
1, 0.3853, 0.6147
1, 0.3787, 0.6213
1, 0.3773, 0.6227
1, 0.3282, 0.6718
1, 0.3867, 0.6133
1, 0.3265, 0.6735
1, 0.3285, 0.6715
1, 0.3168, 0.6832
1, 0.3146, 0.6854
1, 0.3776, 0.6224
1, 0.3778, 0.6222
1, 0.3766, 0.6234
1, 0.3814, 0.6186
0, 0.9992, 0.0008
0, 0.8149, 0.1851
0, 0.8522, 0.1478
0, 0.9717, 0.0283
0, 0.9994, 0.0006
0, 0.9993, 0.0007
0, 0.9996, 0.0004
0, 0.9997, 0.0003
0, 0.9996, 0.0004
0, 0.9996, 0.0004
0, 0.9996, 0.0004
0, 0.9997, 0.0003
0, 0.9996, 0.0004
0, 0.9554, 0.0446
1, 0.5215, 0.4785
1, 0.4946, 0.5054
1, 0.4399, 0.5601
1, 0.4433, 0.5567
1, 0.3691, 0.6309
1, 0.9593, 0.0407
1, 0.9577, 0.0423
1, 0.9577, 0.0423
1, 0.9578, 0.0422
1, 0.9576, 0.0424
1, 0.9577, 0.0423
1, 0.9556, 0.0444
0, 0.8462, 0.1538
0, 0.8463, 0.1537
0, 0.8448, 0.1552
0, 0.8454, 0.1546
1, 0.3193, 0.6807
1, 0.3163, 0.6837
0, 0.3883, 0.6117
0, 0.3886, 0.6114
0, 0.4527, 0.5473
0, 0.3886, 0.6114
0, 0.3758, 0.6242
0, 0.4595, 0.5405
0, 0.519, 0.481
0, 0.3981, 0.6019
0, 0.5763, 0.4237
0, 0.576, 0.424
0, 0.5164, 0.4836
0, 0.514, 0.486
0, 0.5135, 0.4865
0, 0.5287, 0.4713
0, 0.5059, 0.4941
0, 0.5854, 0.4146
0, 0.524, 0.476
0, 0.5887, 0.4113
1, 0.3769, 0.6231
1, 0.3265, 0.6735
1, 0.3778, 0.6222
1, 0.3775, 0.6225
1, 0.3775, 0.6225
1, 0.3775, 0.6225
1, 0.3834, 0.6166
1, 0.9576, 0.0424
1, 0.3769, 0.6231
1, 0.3793, 0.6207
1, 0.3775, 0.6225
1, 0.3834, 0.6166
1, 0.3146, 0.6854
1, 0.3839, 0.6161
1, 0.3146, 0.6854
1, 0.3778, 0.6222
1, 0.3146, 0.6854
1, 0.3759, 0.6241
1, 0.3163, 0.6837
1, 0.4946, 0.5054
1, 0.3759, 0.6241
1, 0.3793, 0.6207
1, 0.3834, 0.6166
1, 0.3766, 0.6234
1, 0.9577, 0.0423
1, 0.3769, 0.6231
1, 0.3839, 0.6161
1, 0.4946, 0.5054
1, 0.9577, 0.0423
1, 0.3861, 0.6139
1, 0.4946, 0.5054
1, 0.3759, 0.6241
1, 0.3163, 0.6837
1, 0.38, 0.62
1, 0.4946, 0.5054
1, 0.3867, 0.6133
1, 0.3265, 0.6735
1, 0.3766, 0.6234
1, 0.3774, 0.6226
1, 0.3146, 0.6854
1, 0.3698, 0.6302
1, 0.3775, 0.6225
1, 0.3143, 0.6857
1, 0.3814, 0.6186
1, 0.3777, 0.6223
1, 0.3143, 0.6857
1, 0.3861, 0.6139
1, 0.5215, 0.4785
1, 0.3265, 0.6735
1, 0.3245, 0.6755
1, 0.3775, 0.6225
1, 0.4325, 0.5675
1, 0.3776, 0.6224
1, 0.3698, 0.6302
1, 0.3245, 0.6755
1, 0.3724, 0.6276
1, 0.3143, 0.6857
1, 0.3285, 0.6715
1, 0.3146, 0.6854
1, 0.3146, 0.6854
1, 0.3146, 0.6854
1, 0.3193, 0.6807
1, 0.3285, 0.6715
1, 0.3285, 0.6715
1, 0.9577, 0.0423
1, 0.3285, 0.6715
1, 0.3146, 0.6854
1, 0.3867, 0.6133
1, 0.3143, 0.6857
1, 0.3143, 0.6857
1, 0.3867, 0.6133
1, 0.3767, 0.6233
1, 0.4325, 0.5675
1, 0.4433, 0.5567
1, 0.3778, 0.6222
1, 0.3778, 0.6222
1, 0.3867, 0.6133
1, 0.3691, 0.6309
1, 0.9577, 0.0423
1, 0.3245, 0.6755
1, 0.3535, 0.6465
1, 0.3245, 0.6755
1, 0.3848, 0.6152
1, 0.3834, 0.6166
1, 0.3168, 0.6832
1, 0.4399, 0.5601
1, 0.3193, 0.6807
1, 0.3143, 0.6857
1, 0.3193, 0.6807
1, 0.38, 0.62
1, 0.3867, 0.6133
1, 0.3282, 0.6718
1, 0.3834, 0.6166
1, 0.5215, 0.4785
1, 0.3769, 0.6231
1, 0.3848, 0.6152
1, 0.3647, 0.6353
1, 0.3285, 0.6715
1, 0.3282, 0.6718
1, 0.3834, 0.6166
1, 0.3775, 0.6225
1, 0.3754, 0.6246
1, 0.4433, 0.5567
1, 0.9578, 0.0422
1, 0.3787, 0.6213
1, 0.3834, 0.6166
1, 0.3193, 0.6807
1, 0.4946, 0.5054
1, 0.3285, 0.6715
1, 0.9577, 0.0423
1, 0.3839, 0.6161
1, 0.3769, 0.6231
1, 0.3769, 0.6231
1, 0.3769, 0.6231
1, 0.9578, 0.0422
1, 0.3143, 0.6857
1, 0.3143, 0.6857
1, 0.3163, 0.6837
1, 0.3285, 0.6715
1, 0.3146, 0.6854
1, 0.9556, 0.0444
1, 0.3679, 0.6321
1, 0.3774, 0.6226
1, 0.38, 0.62
1, 0.3776, 0.6224
1, 0.3793, 0.6207
1, 0.3867, 0.6133
1, 0.3769, 0.6231
1, 0.3785, 0.6215
1, 0.3834, 0.6166
1, 0.3778, 0.6222
1, 0.3769, 0.6231
1, 0.3698, 0.6302
1, 0.3282, 0.6718
1, 0.3208, 0.6792
1, 0.3754, 0.6246
1, 0.3769, 0.6231
1, 0.3285, 0.6715
1, 0.3778, 0.6222
1, 0.3777, 0.6223
1, 0.3265, 0.6735
1, 0.3698, 0.6302
1, 0.3691, 0.6309
1, 0.4946, 0.5054
1, 0.3285, 0.6715
1, 0.3265, 0.6735
1, 0.3787, 0.6213
1, 0.3839, 0.6161
1, 0.3647, 0.6353
1, 0.9556, 0.0444
1, 0.3775, 0.6225
1, 0.3193, 0.6807
1, 0.3208, 0.6792
1, 0.3759, 0.6241
1, 0.4946, 0.5054
1, 0.3776, 0.6224
1, 0.3793, 0.6207
1, 0.3769, 0.6231
1, 0.3195, 0.6805
1, 0.3282, 0.6718
1, 0.3774, 0.6226
1, 0.4946, 0.5054
1, 0.3146, 0.6854
1, 0.3143, 0.6857
1, 0.3182, 0.6818
1, 0.3769, 0.6231
1, 0.3814, 0.6186
1, 0.4433, 0.5567
1, 0.3777, 0.6223
1, 0.3193, 0.6807
1, 0.3776, 0.6224
1, 0.3834, 0.6166
1, 0.3777, 0.6223
1, 0.3769, 0.6231
1, 0.3867, 0.6133
1, 0.3146, 0.6854
1, 0.9577, 0.0423
1, 0.3265, 0.6735
1, 0.3146, 0.6854
1, 0.3767, 0.6233
1, 0.3193, 0.6807
1, 0.3143, 0.6857
1, 0.3793, 0.6207
1, 0.3777, 0.6223
1, 0.3839, 0.6161
1, 0.4399, 0.5601
1, 0.3767, 0.6233
1, 0.3769, 0.6231
1, 0.3776, 0.6224
1, 0.3769, 0.6231
1, 0.3776, 0.6224
1, 0.9593, 0.0407
1, 0.3778, 0.6222
1, 0.3839, 0.6161
1, 0.3775, 0.6225
1, 0.3776, 0.6224
1, 0.3774, 0.6226
1, 0.3146, 0.6854
1, 0.3787, 0.6213
1, 0.3691, 0.6309
1, 0.3777, 0.6223
1, 0.3285, 0.6715
1, 0.3867, 0.6133
1, 0.3793, 0.6207
1, 0.3193, 0.6807
1, 0.3839, 0.6161
1, 0.3245, 0.6755
1, 0.3776, 0.6224
1, 0.3146, 0.6854
1, 0.3777, 0.6223
1, 0.3143, 0.6857
1, 0.3839, 0.6161
1, 0.3143, 0.6857
1, 0.9577, 0.0423
1, 0.3793, 0.6207
1, 0.3767, 0.6233
1, 0.3713, 0.6287
1, 0.3839, 0.6161
1, 0.3775, 0.6225
1, 0.3776, 0.6224
1, 0.3285, 0.6715
1, 0.4433, 0.5567
1, 0.3853, 0.6147
1, 0.3647, 0.6353
1, 0.3769, 0.6231
1, 0.9577, 0.0423
1, 0.3769, 0.6231
1, 0.3168, 0.6832
1, 0.3143, 0.6857
1, 0.3793, 0.6207
1, 0.9556, 0.0444
1, 0.3867, 0.6133
1, 0.3867, 0.6133
1, 0.3146, 0.6854
1, 0.3778, 0.6222
1, 0.4325, 0.5675
1, 0.3163, 0.6837
1, 0.38, 0.62
1, 0.3143, 0.6857
1, 0.3776, 0.6224
1, 0.3143, 0.6857
1, 0.4399, 0.5601
1, 0.3767, 0.6233
1, 0.3834, 0.6166
1, 0.3778, 0.6222
1, 0.3143, 0.6857
1, 0.3839, 0.6161
1, 0.3146, 0.6854
1, 0.3775, 0.6225
1, 0.3767, 0.6233
1, 0.4946, 0.5054
1, 0.4433, 0.5567
1, 0.3793, 0.6207
1, 0.3861, 0.6139
1, 0.3143, 0.6857
1, 0.3846, 0.6154
1, 0.3713, 0.6287
1, 0.3143, 0.6857
1, 0.4946, 0.5054
1, 0.9556, 0.0444
1, 0.3787, 0.6213
1, 0.3867, 0.6133
1, 0.3867, 0.6133
1, 0.3839, 0.6161
1, 0.3834, 0.6166
1, 0.9556, 0.0444
1, 0.3834, 0.6166
1, 0.3769, 0.6231
1, 0.3285, 0.6715
1, 0.3846, 0.6154
1, 0.3778, 0.6222
1, 0.3146, 0.6854
1, 0.3679, 0.6321
1, 0.3774, 0.6226
1, 0.3182, 0.6818
1, 0.3793, 0.6207
1, 0.3754, 0.6246
1, 0.3265, 0.6735
1, 0.3769, 0.6231
1, 0.3759, 0.6241
1, 0.3143, 0.6857
1, 0.3285, 0.6715
1, 0.9556, 0.0444
1, 0.3776, 0.6224
1, 0.3163, 0.6837
1, 0.3691, 0.6309
1, 0.3698, 0.6302
1, 0.3848, 0.6152
1, 0.3769, 0.6231
1, 0.3282, 0.6718
1, 0.3193, 0.6807
1, 0.3282, 0.6718
1, 0.3775, 0.6225
1, 0.3834, 0.6166
1, 0.3787, 0.6213
1, 0.4433, 0.5567
1, 0.3867, 0.6133
1, 0.3143, 0.6857
1, 0.3793, 0.6207
1, 0.9577, 0.0423
1, 0.3778, 0.6222
1, 0.3285, 0.6715
1, 0.3193, 0.6807
1, 0.9577, 0.0423
1, 0.3146, 0.6854
1, 0.3245, 0.6755
1, 0.3775, 0.6225
1, 0.3146, 0.6854
1, 0.9577, 0.0423
1, 0.3793, 0.6207
1, 0.3265, 0.6735
1, 0.3848, 0.6152
1, 0.3775, 0.6225
1, 0.3774, 0.6226
1, 0.3778, 0.6222
1, 0.9577, 0.0423
1, 0.3774, 0.6226
1, 0.3777, 0.6223
1, 0.38, 0.62
1, 0.3769, 0.6231
1, 0.3146, 0.6854
1, 0.4946, 0.5054
1, 0.3143, 0.6857
1, 0.4433, 0.5567
1, 0.3793, 0.6207
1, 0.3698, 0.6302
1, 0.3793, 0.6207
1, 0.3775, 0.6225
1, 0.3759, 0.6241
1, 0.3793, 0.6207
1, 0.3834, 0.6166
1, 0.9577, 0.0423
1, 0.3182, 0.6818
1, 0.3146, 0.6854
1, 0.9577, 0.0423
1, 0.3759, 0.6241
1, 0.3867, 0.6133
1, 0.38, 0.62
1, 0.3774, 0.6226
1, 0.3143, 0.6857
1, 0.3834, 0.6166
1, 0.3776, 0.6224
1, 0.3143, 0.6857
1, 0.3754, 0.6246
1, 0.3775, 0.6225
1, 0.3846, 0.6154
1, 0.4946, 0.5054
1, 0.3814, 0.6186
1, 0.9593, 0.0407
1, 0.3713, 0.6287
1, 0.4399, 0.5601
1, 0.4946, 0.5054
1, 0.3848, 0.6152
1, 0.3777, 0.6223
1, 0.3775, 0.6225
1, 0.3265, 0.6735
1, 0.9556, 0.0444
1, 0.3778, 0.6222
1, 0.3182, 0.6818
1, 0.9556, 0.0444
1, 0.3848, 0.6152
1, 0.9577, 0.0423
1, 0.3265, 0.6735
1, 0.3848, 0.6152
1, 0.3776, 0.6224
1, 0.3767, 0.6233
1, 0.3793, 0.6207
1, 0.3285, 0.6715
1, 0.3265, 0.6735
1, 0.3778, 0.6222
1, 0.3143, 0.6857
1, 0.3839, 0.6161
1, 0.3778, 0.6222
1, 0.3282, 0.6718
1, 0.4433, 0.5567
1, 0.3769, 0.6231
1, 0.3777, 0.6223
1, 0.3143, 0.6857
1, 0.3867, 0.6133
1, 0.3793, 0.6207
1, 0.3775, 0.6225
1, 0.3759, 0.6241
1, 0.3679, 0.6321
1, 0.3759, 0.6241
1, 0.3846, 0.6154
1, 0.3793, 0.6207
1, 0.3143, 0.6857
1, 0.3839, 0.6161
1, 0.3193, 0.6807
1, 0.38, 0.62
1, 0.3265, 0.6735
1, 0.3775, 0.6225
1, 0.376, 0.624
1, 0.3146, 0.6854
1, 0.3146, 0.6854
1, 0.3769, 0.6231
1, 0.3777, 0.6223
1, 0.3814, 0.6186
1, 0.9593, 0.0407
1, 0.9593, 0.0407
1, 0.3182, 0.6818
1, 0.3285, 0.6715
1, 0.3785, 0.6215
1, 0.3143, 0.6857
1, 0.3146, 0.6854
1, 0.3773, 0.6227
1, 0.3193, 0.6807
1, 0.3146, 0.6854
1, 0.9577, 0.0423
1, 0.3182, 0.6818
1, 0.3282, 0.6718
1, 0.3774, 0.6226
1, 0.3839, 0.6161
1, 0.3778, 0.6222
1, 0.3143, 0.6857
1, 0.3774, 0.6226
1, 0.3846, 0.6154
1, 0.3282, 0.6718
1, 0.3834, 0.6166
1, 0.3146, 0.6854
1, 0.4433, 0.5567
1, 0.3265, 0.6735
1, 0.3143, 0.6857
1, 0.3777, 0.6223
1, 0.4946, 0.5054
1, 0.3834, 0.6166
1, 0.3163, 0.6837
1, 0.3861, 0.6139
1, 0.9577, 0.0423
1, 0.3775, 0.6225
1, 0.3759, 0.6241
1, 0.3759, 0.6241
1, 0.3787, 0.6213
1, 0.3285, 0.6715
1, 0.3867, 0.6133
1, 0.3163, 0.6837
1, 0.3778, 0.6222
1, 0.3867, 0.6133
1, 0.3146, 0.6854
1, 0.3774, 0.6226
1, 0.3285, 0.6715
1, 0.9577, 0.0423
1, 0.3143, 0.6857
1, 0.4946, 0.5054
1, 0.3778, 0.6222
1, 0.3647, 0.6353
1, 0.3766, 0.6234
1, 0.3778, 0.6222
1, 0.3285, 0.6715
1, 0.3769, 0.6231
1, 0.3698, 0.6302
1, 0.3775, 0.6225
1, 0.3834, 0.6166
1, 0.3143, 0.6857
1, 0.3285, 0.6715
1, 0.3773, 0.6227
1, 0.3846, 0.6154
1, 0.3778, 0.6222
1, 0.3777, 0.6223
1, 0.3769, 0.6231
1, 0.3867, 0.6133
1, 0.3776, 0.6224
1, 0.3774, 0.6226
1, 0.3834, 0.6166
1, 0.3775, 0.6225
1, 0.3776, 0.6224
1, 0.3846, 0.6154
1, 0.3769, 0.6231
1, 0.3774, 0.6226
1, 0.3775, 0.6225
1, 0.3867, 0.6133
1, 0.9593, 0.0407
1, 0.3793, 0.6207
1, 0.3793, 0.6207
1, 0.3698, 0.6302
1, 0.3265, 0.6735
1, 0.9577, 0.0423
1, 0.3245, 0.6755
1, 0.3265, 0.6735
1, 0.3774, 0.6226
1, 0.3793, 0.6207
1, 0.3767, 0.6233
1, 0.9593, 0.0407
1, 0.3861, 0.6139
1, 0.3848, 0.6152
1, 0.3834, 0.6166
1, 0.3146, 0.6854
1, 0.3793, 0.6207
1, 0.3767, 0.6233
1, 0.3146, 0.6854
1, 0.3776, 0.6224
1, 0.3766, 0.6234
1, 0.3775, 0.6225
1, 0.3529, 0.6471
1, 0.9593, 0.0407
1, 0.3143, 0.6857
1, 0.3285, 0.6715
1, 0.38, 0.62
1, 0.3861, 0.6139
1, 0.3778, 0.6222
1, 0.3834, 0.6166
1, 0.3778, 0.6222
1, 0.3861, 0.6139
1, 0.3182, 0.6818
1, 0.4946, 0.5054
1, 0.3839, 0.6161
1, 0.3793, 0.6207
1, 0.3285, 0.6715
1, 0.3793, 0.6207
1, 0.3777, 0.6223
1, 0.3691, 0.6309
1, 0.3759, 0.6241
1, 0.3193, 0.6807
1, 0.3777, 0.6223
1, 0.3776, 0.6224
1, 0.3834, 0.6166
1, 0.3143, 0.6857
1, 0.3265, 0.6735
1, 0.3776, 0.6224
1, 0.3834, 0.6166
1, 0.38, 0.62
1, 0.3793, 0.6207
1, 0.3285, 0.6715
1, 0.3282, 0.6718
1, 0.3647, 0.6353
1, 0.9577, 0.0423
1, 0.3839, 0.6161
1, 0.3285, 0.6715
1, 0.3285, 0.6715
1, 0.3846, 0.6154
1, 0.9556, 0.0444
1, 0.3775, 0.6225
1, 0.4946, 0.5054
1, 0.3285, 0.6715
1, 0.3848, 0.6152
1, 0.3776, 0.6224
1, 0.3285, 0.6715
1, 0.3146, 0.6854
1, 0.3848, 0.6152
1, 0.3867, 0.6133
1, 0.3208, 0.6792
1, 0.3285, 0.6715
1, 0.3146, 0.6854
1, 0.4399, 0.5601
1, 0.3778, 0.6222
1, 0.3793, 0.6207
1, 0.3146, 0.6854
1, 0.3759, 0.6241
1, 0.4325, 0.5675
1, 0.3834, 0.6166
1, 0.3767, 0.6233
1, 0.3774, 0.6226
1, 0.3146, 0.6854
1, 0.3778, 0.6222
1, 0.3285, 0.6715
1, 0.3867, 0.6133
1, 0.3146, 0.6854
1, 0.3834, 0.6166
1, 0.3834, 0.6166
1, 0.3867, 0.6133
1, 0.3143, 0.6857
1, 0.3195, 0.6805
1, 0.3285, 0.6715
1, 0.3774, 0.6226
1, 0.3778, 0.6222
1, 0.3777, 0.6223
1, 0.3867, 0.6133
1, 0.9578, 0.0422
1, 0.3777, 0.6223
1, 0.3846, 0.6154
1, 0.3867, 0.6133
1, 0.3146, 0.6854
1, 0.3839, 0.6161
1, 0.3143, 0.6857
1, 0.3754, 0.6246
1, 0.38, 0.62
1, 0.3285, 0.6715
1, 0.3265, 0.6735
1, 0.3775, 0.6225
1, 0.3143, 0.6857
1, 0.3143, 0.6857
1, 0.3776, 0.6224
1, 0.9577, 0.0423
1, 0.3834, 0.6166
1, 0.376, 0.624
1, 0.9593, 0.0407
1, 0.3834, 0.6166
1, 0.3861, 0.6139
1, 0.3846, 0.6154
1, 0.3834, 0.6166
1, 0.3146, 0.6854
1, 0.4399, 0.5601
1, 0.3867, 0.6133
1, 0.3759, 0.6241
1, 0.3182, 0.6818
1, 0.3143, 0.6857
1, 0.3529, 0.6471
1, 0.3861, 0.6139
1, 0.3163, 0.6837
1, 0.4946, 0.5054
1, 0.9577, 0.0423
1, 0.3775, 0.6225
1, 0.3777, 0.6223
1, 0.3867, 0.6133
1, 0.3848, 0.6152
1, 0.3285, 0.6715
1, 0.3265, 0.6735
1, 0.3775, 0.6225
1, 0.3769, 0.6231
1, 0.4946, 0.5054
1, 0.3775, 0.6225
1, 0.9578, 0.0422
1, 0.3867, 0.6133
1, 0.3789, 0.6211
1, 0.3143, 0.6857
1, 0.3769, 0.6231
1, 0.3713, 0.6287
1, 0.3787, 0.6213
1, 0.3163, 0.6837
1, 0.3759, 0.6241
1, 0.3193, 0.6807
1, 0.3759, 0.6241
1, 0.3193, 0.6807
1, 0.4399, 0.5601
1, 0.3834, 0.6166
1, 0.9556, 0.0444
1, 0.3146, 0.6854
1, 0.3861, 0.6139
1, 0.3778, 0.6222
1, 0.3846, 0.6154
1, 0.3775, 0.6225
1, 0.9577, 0.0423
1, 0.3698, 0.6302
1, 0.3282, 0.6718
1, 0.3767, 0.6233
1, 0.3848, 0.6152
1, 0.3698, 0.6302
1, 0.3195, 0.6805
1, 0.3759, 0.6241
1, 0.3776, 0.6224
1, 0.3245, 0.6755
1, 0.3769, 0.6231
1, 0.3774, 0.6226
1, 0.3146, 0.6854
1, 0.3867, 0.6133
1, 0.3775, 0.6225
1, 0.3834, 0.6166
1, 0.38, 0.62
1, 0.3146, 0.6854
1, 0.4399, 0.5601
1, 0.3163, 0.6837
1, 0.3777, 0.6223
1, 0.3793, 0.6207
1, 0.3793, 0.6207
1, 0.3163, 0.6837
1, 0.3793, 0.6207
1, 0.3754, 0.6246
1, 0.3146, 0.6854
1, 0.3143, 0.6857
1, 0.4325, 0.5675
1, 0.3778, 0.6222
1, 0.3793, 0.6207
1, 0.3775, 0.6225
1, 0.3787, 0.6213
1, 0.3282, 0.6718
1, 0.3245, 0.6755
1, 0.3839, 0.6161
1, 0.3839, 0.6161
1, 0.3146, 0.6854
1, 0.3146, 0.6854
1, 0.3793, 0.6207
1, 0.3778, 0.6222
1, 0.3769, 0.6231
1, 0.3143, 0.6857
1, 0.9577, 0.0423
1, 0.3793, 0.6207
1, 0.4433, 0.5567
1, 0.3867, 0.6133
1, 0.3245, 0.6755
1, 0.3793, 0.6207
1, 0.3285, 0.6715
1, 0.3834, 0.6166
1, 0.9577, 0.0423
1, 0.9593, 0.0407
1, 0.3775, 0.6225
1, 0.376, 0.624
1, 0.4946, 0.5054
1, 0.3777, 0.6223
1, 0.4946, 0.5054
1, 0.3775, 0.6225
1, 0.4399, 0.5601
1, 0.3163, 0.6837
1, 0.3754, 0.6246
1, 0.3724, 0.6276
1, 0.3143, 0.6857
1, 0.3163, 0.6837
1, 0.3143, 0.6857
1, 0.3285, 0.6715
1, 0.3867, 0.6133
1, 0.3787, 0.6213
1, 0.3195, 0.6805
1, 0.3848, 0.6152
1, 0.3787, 0.6213
1, 0.3867, 0.6133
1, 0.3776, 0.6224
1, 0.3691, 0.6309
1, 0.3867, 0.6133
1, 0.3775, 0.6225
1, 0.3146, 0.6854
1, 0.3143, 0.6857
1, 0.4946, 0.5054
1, 0.3867, 0.6133
1, 0.9576, 0.0424
1, 0.3777, 0.6223
1, 0.3285, 0.6715
1, 0.9556, 0.0444
1, 0.3146, 0.6854
1, 0.3861, 0.6139
1, 0.3778, 0.6222
1, 0.4946, 0.5054
1, 0.3775, 0.6225
1, 0.3146, 0.6854
1, 0.3146, 0.6854
1, 0.3769, 0.6231
