0, 0.9141, 0.0859
0, 0.9157, 0.0843
0, 0.9165, 0.0835
0, 0.9188, 0.0812
0, 0.9106, 0.0894
0, 0.9146, 0.0854
0, 0.9152, 0.0848
0, 0.9144, 0.0856
0, 0.9164, 0.0836
0, 0.9145, 0.0855
0, 0.8891, 0.1109
0, 0.8945, 0.1055
0, 0.8853, 0.1147
0, 0.8873, 0.1127
0, 0.8911, 0.1089
0, 0.9162, 0.0838
0, 0.915, 0.085
0, 0.9137, 0.0863
0, 0.9131, 0.0869
0, 0.9136, 0.0864
0, 0.9137, 0.0863
0, 0.9148, 0.0852
0, 0.9136, 0.0864
0, 0.9178, 0.0822
0, 0.9131, 0.0869
0, 0.9156, 0.0844
0, 0.8951, 0.1049
0, 0.9162, 0.0838
0, 0.9157, 0.0843
0, 0.9082, 0.0918
0, 0.9067, 0.0933
0, 0.9087, 0.0913
0, 0.9087, 0.0913
0, 0.9091, 0.0909
0, 0.9098, 0.0902
0, 0.9069, 0.0931
0, 0.9079, 0.0921
0, 0.909, 0.091
0, 0.9098, 0.0902
0, 0.909, 0.091
0, 0.9087, 0.0913
0, 0.9085, 0.0915
0, 0.9069, 0.0931
0, 0.9077, 0.0923
0, 0.9099, 0.0901
0, 0.9083, 0.0917
0, 0.909, 0.091
0, 0.909, 0.091
0, 0.909, 0.091
0, 0.9084, 0.0916
0, 0.9094, 0.0906
0, 0.9092, 0.0908
0, 0.907, 0.093
0, 0.9087, 0.0913
0, 0.909, 0.091
0, 0.909, 0.091
0, 0.9084, 0.0916
0, 0.9076, 0.0924
0, 0.9066, 0.0934
0, 0.907, 0.093
0, 0.906, 0.094
0, 0.9039, 0.0961
0, 0.9042, 0.0958
0, 0.9079, 0.0921
0, 0.909, 0.091
0, 0.9054, 0.0946
0, 0.9097, 0.0903
0, 0.9078, 0.0922
0, 0.9084, 0.0916
0, 0.9101, 0.0899
0, 0.8916, 0.1084
0, 0.9065, 0.0935
0, 0.9096, 0.0904
0, 0.9108, 0.0892
0, 0.9058, 0.0942
0, 0.9076, 0.0924
0, 0.9074, 0.0926
0, 0.9078, 0.0922
0, 0.9078, 0.0922
0, 0.9033, 0.0967
0, 0.9098, 0.0902
0, 0.9091, 0.0909
0, 0.9088, 0.0912
0, 0.908, 0.092
0, 0.9056, 0.0944
0, 0.9079, 0.0921
0, 0.9077, 0.0923
0, 0.9076, 0.0924
0, 0.9105, 0.0895
0, 0.8093, 0.1907
0, 0.9055, 0.0945
0, 0.9065, 0.0935
0, 0.9039, 0.0961
0, 0.9089, 0.0911
0, 0.9036, 0.0964
0, 0.9116, 0.0884
0, 0.9079, 0.0921
0, 0.9081, 0.0919
0, 0.9042, 0.0958
0, 0.903, 0.097
0, 0.9114, 0.0886
0, 0.9161, 0.0839
0, 0.9149, 0.0851
0, 0.9142, 0.0858
0, 0.9107, 0.0893
0, 0.9081, 0.0919
0, 0.9116, 0.0884
0, 0.9133, 0.0867
0, 0.8941, 0.1059
0, 0.8901, 0.1099
0, 0.8902, 0.1098
0, 0.8901, 0.1099
0, 0.8902, 0.1098
0, 0.8902, 0.1098
0, 0.8907, 0.1093
0, 0.8901, 0.1099
0, 0.8901, 0.1099
0, 0.8902, 0.1098
0, 0.8902, 0.1098
0, 0.8901, 0.1099
0, 0.8901, 0.1099
0, 0.8902, 0.1098
0, 0.8901, 0.1099
0, 0.8931, 0.1069
0, 0.893, 0.107
0, 0.8931, 0.1069
0, 0.8891, 0.1109
0, 0.889, 0.111
0, 0.8892, 0.1108
0, 0.8891, 0.1109
0, 0.8897, 0.1103
0, 0.8924, 0.1076
0, 0.8888, 0.1112
0, 0.8866, 0.1134
0, 0.8906, 0.1094
0, 0.8826, 0.1174
0, 0.8973, 0.1027
0, 0.8507, 0.1493
0, 0.896, 0.104
0, 0.8957, 0.1043
0, 0.8963, 0.1037
0, 0.8934, 0.1066
0, 0.8856, 0.1144
0, 0.8918, 0.1082
0, 0.889, 0.111
0, 0.8868, 0.1132
0, 0.8922, 0.1078
0, 0.8962, 0.1038
0, 0.8878, 0.1122
0, 0.893, 0.107
0, 0.8962, 0.1038
0, 0.8957, 0.1043
0, 0.8936, 0.1064
0, 0.8903, 0.1097
0, 0.8912, 0.1088
0, 0.8873, 0.1127
0, 0.8989, 0.1011
0, 0.913, 0.087
1, 0.8183, 0.1817
1, 0.804, 0.196
0, 0.8944, 0.1056
0, 0.8919, 0.1081
0, 0.8871, 0.1129
0, 0.885, 0.115
0, 0.8922, 0.1078
1, 0.8024, 0.1976
1, 0.806, 0.194
1, 0.8062, 0.1938
0, 0.893, 0.107
1, 0.0297, 0.9703
0, 0.8141, 0.1859
0, 0.8483, 0.1517
1, 0.0491, 0.9509
0, 0.7925, 0.2075
0, 0.8171, 0.1829
1, 0.0198, 0.9802
0, 0.814, 0.186
0, 0.8551, 0.1449
0, 0.8584, 0.1416
0, 0.8583, 0.1417
0, 0.9057, 0.0943
0, 0.8581, 0.1419
0, 0.8198, 0.1802
0, 0.8092, 0.1908
0, 0.8093, 0.1907
0, 0.8139, 0.1861
0, 0.8139, 0.1861
0, 0.9546, 0.0454
0, 0.8182, 0.1818
0, 0.8215, 0.1785
0, 0.8183, 0.1817
0, 0.8179, 0.1821
0, 0.8196, 0.1804
0, 0.8181, 0.1819
0, 0.8181, 0.1819
1, 0.7548, 0.2452
0, 0.8196, 0.1804
0, 0.9099, 0.0901
0, 0.8211, 0.1789
0, 0.9087, 0.0913
0, 0.9039, 0.0961
0, 0.9057, 0.0943
0, 0.9045, 0.0955
0, 0.9063, 0.0937
0, 0.8188, 0.1812
0, 0.8168, 0.1832
0, 0.8118, 0.1882
0, 0.8125, 0.1875
0, 0.8202, 0.1798
0, 0.9071, 0.0929
0, 0.8083, 0.1917
0, 0.8052, 0.1948
0, 0.9087, 0.0913
0, 0.9096, 0.0904
0, 0.8169, 0.1831
0, 0.9075, 0.0925
0, 0.9061, 0.0939
0, 0.9064, 0.0936
0, 0.8175, 0.1825
0, 0.9078, 0.0922
0, 0.9076, 0.0924
0, 0.8181, 0.1819
0, 0.8152, 0.1848
0, 0.8162, 0.1838
0, 0.8168, 0.1832
1, 0.0015, 0.9985
0, 0.8082, 0.1918
0, 0.8112, 0.1888
0, 0.4274, 0.5726
0, 0.7807, 0.2193
0, 0.2601, 0.7399
0, 0.819, 0.181
0, 0.8189, 0.1811
0, 0.8133, 0.1867
0, 0.8134, 0.1866
0, 0.8134, 0.1866
0, 0.8134, 0.1866
0, 0.9088, 0.0912
0, 0.9089, 0.0911
0, 0.942, 0.058
1, 0.8216, 0.1784
0, 0.8196, 0.1804
0, 0.861, 0.139
0, 0.8114, 0.1886
0, 0.8084, 0.1916
0, 0.856, 0.144
0, 0.8606, 0.1394
0, 0.9081, 0.0919
0, 0.8154, 0.1846
0, 0.8188, 0.1812
0, 0.9537, 0.0463
1, 0.8156, 0.1844
0, 0.808, 0.192
0, 0.8161, 0.1839
0, 0.8071, 0.1929
0, 0.8196, 0.1804
1, 0.8265, 0.1735
1, 0.8262, 0.1738
1, 0.824, 0.176
1, 0.819, 0.181
0, 0.8242, 0.1758
0, 0.4521, 0.5479
0, 0.8216, 0.1784
0, 0.8196, 0.1804
0, 0.817, 0.183
0, 0.8154, 0.1846
0, 0.8171, 0.1829
0, 0.8142, 0.1858
0, 0.822, 0.178
0, 0.8233, 0.1767
0, 0.8211, 0.1789
1, 0.0017, 0.9983
0, 0.8607, 0.1393
0, 0.816, 0.184
0, 0.8579, 0.1421
0, 0.8562, 0.1438
0, 0.8202, 0.1798
0, 0.8171, 0.1829
0, 0.8594, 0.1406
0, 0.8191, 0.1809
0, 0.8198, 0.1802
0, 0.8206, 0.1794
0, 0.8208, 0.1792
0, 0.8245, 0.1755
0, 0.8206, 0.1794
0, 0.823, 0.177
0, 0.8206, 0.1794
0, 0.8246, 0.1754
0, 0.8265, 0.1735
0, 0.8222, 0.1778
0, 0.8228, 0.1772
0, 0.8221, 0.1779
0, 0.8199, 0.1801
0, 0.8219, 0.1781
0, 0.8206, 0.1794
0, 0.8204, 0.1796
0, 0.8206, 0.1794
0, 0.8209, 0.1791
0, 0.8221, 0.1779
0, 0.8205, 0.1795
0, 0.8208, 0.1792
0, 0.8601, 0.1399
0, 0.8168, 0.1832
0, 0.8193, 0.1807
0, 0.8179, 0.1821
1, 0.0137, 0.9863
1, 0.8133, 0.1867
1, 0.8129, 0.1871
1, 0.8084, 0.1916
1, 0.8128, 0.1872
1, 0.8178, 0.1822
1, 0.8087, 0.1913
1, 0.8153, 0.1847
1, 0.8147, 0.1853
1, 0.8086, 0.1914
1, 0.8087, 0.1913
1, 0.8195, 0.1805
1, 0.8213, 0.1787
1, 0.8139, 0.1861
1, 0.0191, 0.9809
1, 0.0627, 0.9373
1, 0.8102, 0.1898
1, 0.8136, 0.1864
1, 0.0404, 0.9596
1, 0.8156, 0.1844
1, 0.048, 0.952
1, 0.8177, 0.1823
1, 0.8175, 0.1825
1, 0.8153, 0.1847
1, 0.8177, 0.1823
1, 0.8112, 0.1888
1, 0.8083, 0.1917
1, 0.806, 0.194
1, 0.8121, 0.1879
1, 0.8153, 0.1847
1, 0.8131, 0.1869
1, 0.8153, 0.1847
1, 0.8166, 0.1834
1, 0.8194, 0.1806
1, 0.802, 0.198
0, 0.8576, 0.1424
1, 0.821, 0.179
1, 0.8153, 0.1847
1, 0.8194, 0.1806
1, 0.8208, 0.1792
1, 0.8196, 0.1804
1, 0.8147, 0.1853
1, 0.8189, 0.1811
1, 0.8195, 0.1805
1, 0.0284, 0.9716
1, 0.8152, 0.1848
1, 0.8152, 0.1848
1, 0.809, 0.191
1, 0.8154, 0.1846
1, 0.8189, 0.1811
1, 0.8002, 0.1998
1, 0.8147, 0.1853
1, 0.8185, 0.1815
1, 0.8153, 0.1847
1, 0.8195, 0.1805
1, 0.0277, 0.9723
1, 0.8152, 0.1848
1, 0.8154, 0.1846
1, 0.8154, 0.1846
1, 0.8152, 0.1848
0, 0.9389, 0.0611
1, 0.8712, 0.1288
1, 0.8852, 0.1148
1, 0.8459, 0.1541
1, 0.8424, 0.1576
0, 0.9457, 0.0543
0, 0.9032, 0.0968
0, 0.9501, 0.0499
0, 0.9459, 0.0541
0, 0.9466, 0.0534
0, 0.9451, 0.0549
0, 0.9464, 0.0536
0, 0.9498, 0.0502
0, 0.8872, 0.1128
0, 0.8755, 0.1245
0, 0.9005, 0.0995
0, 0.8388, 0.1612
0, 0.9356, 0.0644
0, 0.9005, 0.0995
0, 0.8116, 0.1884
0, 0.8997, 0.1003
0, 0.9704, 0.0296
0, 0.9017, 0.0983
0, 0.7814, 0.2186
0, 0.7857, 0.2143
0, 0.9005, 0.0995
0, 0.8895, 0.1105
0, 0.9316, 0.0684
1, 0.8029, 0.1971
1, 0.8093, 0.1907
0, 0.8906, 0.1094
0, 0.8981, 0.1019
0, 0.9497, 0.0503
1, 0.8909, 0.1091
0, 0.9007, 0.0993
0, 0.8983, 0.1017
0, 0.8953, 0.1047
0, 0.8947, 0.1053
1, 0.8923, 0.1077
0, 0.9024, 0.0976
0, 0.8892, 0.1108
0, 0.8991, 0.1009
0, 0.898, 0.102
0, 0.8955, 0.1045
0, 0.8767, 0.1233
0, 0.8991, 0.1009
0, 0.8974, 0.1026
0, 0.8979, 0.1021
0, 0.8979, 0.1021
0, 0.8985, 0.1015
0, 0.8992, 0.1008
0, 0.8992, 0.1008
0, 0.815, 0.185
0, 0.8994, 0.1006
0, 0.2715, 0.7285
1, 0.8971, 0.1029
1, 0.003, 0.997
0, 0.8989, 0.1011
1, 0.0107, 0.9893
0, 0.2232, 0.7768
0, 0.1666, 0.8334
0, 0.1589, 0.8411
0, 0.1446, 0.8554
0, 0.1754, 0.8246
0, 0.2131, 0.7869
0, 0.2167, 0.7833
0, 0.27, 0.73
0, 0.2707, 0.7293
1, 0.0256, 0.9744
1, 0.0067, 0.9933
1, 0.0208, 0.9792
1, 0.0206, 0.9794
1, 0.0214, 0.9786
1, 0.0301, 0.9699
1, 0.0228, 0.9772
1, 0.04, 0.96
1, 0.0221, 0.9779
1, 0.0219, 0.9781
1, 0.0242, 0.9758
1, 0.0066, 0.9934
1, 0.0407, 0.9593
1, 0.021, 0.979
1, 0.02, 0.98
1, 0.022, 0.978
1, 0.0215, 0.9785
1, 0.0384, 0.9616
1, 0.0209, 0.9791
1, 0.0348, 0.9652
1, 0.0229, 0.9771
1, 0.0221, 0.9779
1, 0.0202, 0.9798
1, 0.007, 0.993
1, 0.0114, 0.9886
1, 0.8265, 0.1735
1, 0.8459, 0.1541
1, 0.8459, 0.1541
1, 0.804, 0.196
1, 0.8152, 0.1848
1, 0.8153, 0.1847
1, 0.8087, 0.1913
1, 0.8189, 0.1811
1, 0.8152, 0.1848
1, 0.8084, 0.1916
1, 0.802, 0.198
1, 0.819, 0.181
1, 0.804, 0.196
1, 0.0114, 0.9886
1, 0.8195, 0.1805
1, 0.8459, 0.1541
1, 0.8002, 0.1998
1, 0.0214, 0.9786
1, 0.8195, 0.1805
1, 0.8189, 0.1811
1, 0.8265, 0.1735
1, 0.8153, 0.1847
1, 0.8262, 0.1738
1, 0.04, 0.96
1, 0.8459, 0.1541
1, 0.8128, 0.1872
1, 0.8459, 0.1541
1, 0.0198, 0.9802
1, 0.0301, 0.9699
1, 0.0114, 0.9886
1, 0.804, 0.196
1, 0.022, 0.978
1, 0.8909, 0.1091
1, 0.0348, 0.9652
1, 0.0114, 0.9886
1, 0.0198, 0.9802
1, 0.8024, 0.1976
1, 0.04, 0.96
1, 0.0627, 0.9373
1, 0.0219, 0.9781
1, 0.8216, 0.1784
1, 0.8152, 0.1848
1, 0.0015, 0.9985
1, 0.0202, 0.9798
1, 0.8459, 0.1541
1, 0.0114, 0.9886
1, 0.8152, 0.1848
1, 0.0297, 0.9703
1, 0.8128, 0.1872
1, 0.8459, 0.1541
1, 0.0017, 0.9983
1, 0.8459, 0.1541
1, 0.8154, 0.1846
1, 0.0107, 0.9893
1, 0.802, 0.198
1, 0.802, 0.198
1, 0.0284, 0.9716
1, 0.804, 0.196
1, 0.0348, 0.9652
1, 0.804, 0.196
1, 0.8133, 0.1867
1, 0.0284, 0.9716
1, 0.8084, 0.1916
1, 0.806, 0.194
1, 0.0107, 0.9893
1, 0.8002, 0.1998
1, 0.0284, 0.9716
1, 0.8194, 0.1806
1, 0.8128, 0.1872
1, 0.8153, 0.1847
1, 0.802, 0.198
1, 0.0221, 0.9779
1, 0.8971, 0.1029
1, 0.7548, 0.2452
1, 0.8153, 0.1847
1, 0.8459, 0.1541
1, 0.0284, 0.9716
1, 0.8923, 0.1077
1, 0.0017, 0.9983
1, 0.8262, 0.1738
1, 0.7548, 0.2452
1, 0.8002, 0.1998
1, 0.802, 0.198
1, 0.824, 0.176
1, 0.8189, 0.1811
1, 0.007, 0.993
1, 0.8002, 0.1998
1, 0.8121, 0.1879
1, 0.003, 0.997
1, 0.0067, 0.9933
1, 0.8133, 0.1867
1, 0.8852, 0.1148
1, 0.8139, 0.1861
1, 0.0114, 0.9886
1, 0.8185, 0.1815
1, 0.8121, 0.1879
1, 0.8002, 0.1998
1, 0.8189, 0.1811
1, 0.0114, 0.9886
1, 0.0107, 0.9893
1, 0.0384, 0.9616
1, 0.824, 0.176
1, 0.8194, 0.1806
1, 0.7548, 0.2452
1, 0.806, 0.194
1, 0.8265, 0.1735
1, 0.0348, 0.9652
1, 0.0066, 0.9934
1, 0.804, 0.196
1, 0.0301, 0.9699
1, 0.7548, 0.2452
1, 0.8121, 0.1879
1, 0.0208, 0.9792
1, 0.0114, 0.9886
1, 0.8002, 0.1998
1, 0.8909, 0.1091
1, 0.802, 0.198
1, 0.8712, 0.1288
1, 0.8971, 0.1029
1, 0.8459, 0.1541
1, 0.0284, 0.9716
1, 0.8216, 0.1784
1, 0.0384, 0.9616
1, 0.8083, 0.1917
1, 0.8024, 0.1976
1, 0.0191, 0.9809
1, 0.04, 0.96
1, 0.8121, 0.1879
1, 0.8852, 0.1148
1, 0.0202, 0.9798
1, 0.8152, 0.1848
1, 0.0277, 0.9723
1, 0.0284, 0.9716
1, 0.8062, 0.1938
1, 0.0214, 0.9786
1, 0.8459, 0.1541
1, 0.0284, 0.9716
1, 0.8152, 0.1848
1, 0.8971, 0.1029
1, 0.8459, 0.1541
1, 0.819, 0.181
1, 0.0067, 0.9933
1, 0.8084, 0.1916
1, 0.8178, 0.1822
1, 0.8093, 0.1907
1, 0.804, 0.196
1, 0.0284, 0.9716
1, 0.821, 0.179
1, 0.0348, 0.9652
1, 0.0114, 0.9886
1, 0.0348, 0.9652
1, 0.8909, 0.1091
1, 0.8147, 0.1853
1, 0.0221, 0.9779
1, 0.8195, 0.1805
1, 0.804, 0.196
1, 0.0066, 0.9934
1, 0.8195, 0.1805
1, 0.8923, 0.1077
1, 0.8923, 0.1077
1, 0.8121, 0.1879
1, 0.8909, 0.1091
1, 0.048, 0.952
1, 0.8185, 0.1815
1, 0.8084, 0.1916
1, 0.8152, 0.1848
1, 0.0206, 0.9794
1, 0.8923, 0.1077
1, 0.0284, 0.9716
1, 0.0301, 0.9699
1, 0.0198, 0.9802
1, 0.8093, 0.1907
1, 0.8152, 0.1848
1, 0.8923, 0.1077
1, 0.8923, 0.1077
1, 0.8112, 0.1888
1, 0.8139, 0.1861
1, 0.048, 0.952
1, 0.806, 0.194
1, 0.804, 0.196
1, 0.802, 0.198
1, 0.0219, 0.9781
1, 0.0284, 0.9716
1, 0.8128, 0.1872
1, 0.8153, 0.1847
1, 0.804, 0.196
1, 0.0221, 0.9779
1, 0.8459, 0.1541
1, 0.804, 0.196
1, 0.819, 0.181
1, 0.8166, 0.1834
1, 0.8112, 0.1888
1, 0.8459, 0.1541
1, 0.8459, 0.1541
1, 0.8153, 0.1847
1, 0.8152, 0.1848
1, 0.802, 0.198
1, 0.8062, 0.1938
1, 0.0284, 0.9716
1, 0.8154, 0.1846
1, 0.0284, 0.9716
1, 0.0627, 0.9373
1, 0.802, 0.198
1, 0.8128, 0.1872
1, 0.0198, 0.9802
1, 0.8183, 0.1817
1, 0.0407, 0.9593
1, 0.0301, 0.9699
1, 0.04, 0.96
1, 0.02, 0.98
1, 0.0114, 0.9886
1, 0.8154, 0.1846
1, 0.8002, 0.1998
1, 0.802, 0.198
1, 0.8923, 0.1077
1, 0.8183, 0.1817
1, 0.8971, 0.1029
1, 0.8093, 0.1907
1, 0.8147, 0.1853
1, 0.0297, 0.9703
1, 0.8265, 0.1735
1, 0.804, 0.196
1, 0.8923, 0.1077
1, 0.0017, 0.9983
1, 0.0284, 0.9716
1, 0.8128, 0.1872
1, 0.8153, 0.1847
1, 0.8024, 0.1976
1, 0.0202, 0.9798
1, 0.8147, 0.1853
1, 0.8152, 0.1848
1, 0.8153, 0.1847
1, 0.8154, 0.1846
1, 0.0301, 0.9699
