0, 0.9891, 0.0109
0, 0.9807, 0.0193
0, 0.9929, 0.0071
0, 0.9659, 0.0341
0, 0.9657, 0.0343
0, 0.9806, 0.0194
0, 0.981, 0.019
0, 0.9895, 0.0105
0, 0.978, 0.022
0, 0.9806, 0.0194
0, 0.9742, 0.0258
0, 0.9823, 0.0177
0, 0.9657, 0.0343
0, 0.9658, 0.0342
0, 0.9908, 0.0092
0, 0.9489, 0.0511
0, 0.9812, 0.0188
0, 0.9993, 0.0007
0, 0.9804, 0.0196
0, 0.9838, 0.0162
0, 0.9789, 0.0211
0, 0.9878, 0.0122
0, 0.9869, 0.0131
0, 0.9787, 0.0213
0, 0.9739, 0.0261
0, 0.9434, 0.0566
0, 0.9974, 0.0026
0, 0.8982, 0.1018
0, 0.9804, 0.0196
0, 0.9999, 0.0001
0, 0.9823, 0.0177
0, 0.9841, 0.0159
0, 0.9822, 0.0178
0, 0.9972, 0.0028
0, 0.986, 0.014
0, 0.9894, 0.0106
0, 0.9886, 0.0114
0, 0.9998, 0.0002
0, 0.9998, 0.0002
0, 0.9701, 0.0299
0, 0.9002, 0.0998
0, 0.9926, 0.0074
0, 0.9937, 0.0063
0, 0.9975, 0.0025
0, 0.9898, 0.0102
0, 0.9875, 0.0125
0, 0.9995, 0.0005
0, 0.9995, 0.0005
0, 0.9865, 0.0135
0, 0.9864, 0.0136
0, 0.9863, 0.0137
0, 0.9826, 0.0174
0, 0.9864, 0.0136
0, 0.9921, 0.0079
0, 0.9838, 0.0162
0, 0.986, 0.014
0, 0.9827, 0.0173
0, 0.9864, 0.0136
0, 0.9925, 0.0075
0, 0.9901, 0.0099
0, 0.9894, 0.0106
0, 0.9723, 0.0277
0, 0.9975, 0.0025
0, 0.9768, 0.0232
0, 0.9925, 0.0075
0, 0.9902, 0.0098
0, 0.9901, 0.0099
0, 0.9876, 0.0124
0, 0.9876, 0.0124
0, 1.0, 0.0
0, 0.9941, 0.0059
0, 0.9865, 0.0135
0, 0.9985, 0.0015
0, 0.9987, 0.0013
0, 0.9986, 0.0014
0, 0.9862, 0.0138
0, 0.9999, 0.0001
0, 0.9986, 0.0014
0, 0.8978, 0.1022
0, 0.9987, 0.0013
0, 0.9949, 0.0051
0, 0.9989, 0.0011
0, 0.9948, 0.0052
0, 0.9021, 0.0979
0, 0.9995, 0.0005
0, 0.9994, 0.0006
0, 0.9995, 0.0005
0, 0.9933, 0.0067
0, 0.9979, 0.0021
0, 0.9997, 0.0003
0, 0.9997, 0.0003
0, 0.9988, 0.0012
0, 0.9985, 0.0015
0, 0.9986, 0.0014
0, 0.9972, 0.0028
0, 0.9962, 0.0038
0, 0.9998, 0.0002
0, 0.9685, 0.0315
0, 0.9606, 0.0394
0, 1.0, 0.0
0, 0.9999, 0.0001
0, 1.0, 0.0
0, 0.9999, 0.0001
0, 0.9939, 0.0061
0, 0.9992, 0.0008
0, 1.0, 0.0
0, 0.9919, 0.0081
0, 0.9943, 0.0057
0, 1.0, 0.0
1, 0.0563, 0.9437
0, 0.9919, 0.0081
1, 0.5537, 0.4463
0, 0.9968, 0.0032
0, 0.9913, 0.0087
0, 0.9971, 0.0029
0, 0.9913, 0.0087
0, 0.8713, 0.1287
1, 0.0715, 0.9285
0, 0.9913, 0.0087
1, 0.9994, 0.0006
0, 0.9977, 0.0023
0, 0.9913, 0.0087
0, 0.9957, 0.0043
0, 0.9966, 0.0034
1, 0.984, 0.016
0, 0.9971, 0.0029
0, 0.896, 0.104
0, 0.9865, 0.0135
0, 0.9877, 0.0123
0, 0.9935, 0.0065
0, 0.9926, 0.0074
0, 0.9921, 0.0079
0, 0.9911, 0.0089
0, 0.9931, 0.0069
0, 0.9881, 0.0119
0, 0.9941, 0.0059
1, 0.0515, 0.9485
1, 0.0514, 0.9486
0, 0.9932, 0.0068
0, 0.9932, 0.0068
0, 0.9904, 0.0096
0, 0.9973, 0.0027
0, 1.0, 0.0
1, 0.0511, 0.9489
0, 0.9907, 0.0093
0, 0.9904, 0.0096
1, 0.0507, 0.9493
0, 0.9997, 0.0003
0, 0.9937, 0.0063
0, 0.9997, 0.0003
0, 0.9972, 0.0028
0, 0.9972, 0.0028
0, 0.9972, 0.0028
0, 0.9954, 0.0046
0, 0.997, 0.003
0, 0.9964, 0.0036
0, 0.9954, 0.0046
0, 0.9939, 0.0061
0, 0.9972, 0.0028
0, 0.9961, 0.0039
0, 0.9992, 0.0008
0, 0.9797, 0.0203
0, 0.9963, 0.0037
0, 0.9997, 0.0003
0, 0.9997, 0.0003
0, 0.9993, 0.0007
0, 0.9869, 0.0131
0, 0.999, 0.001
0, 0.999, 0.001
0, 0.9947, 0.0053
0, 0.999, 0.001
0, 0.9993, 0.0007
0, 0.9992, 0.0008
0, 0.9873, 0.0127
0, 0.9926, 0.0074
0, 0.9779, 0.0221
1, 0.9941, 0.0059
0, 0.9995, 0.0005
0, 0.9914, 0.0086
1, 0.9997, 0.0003
1, 0.9997, 0.0003
1, 0.9598, 0.0402
0, 0.9991, 0.0009
0, 0.9988, 0.0012
0, 0.996, 0.004
1, 0.9929, 0.0071
1, 0.9968, 0.0032
0, 0.9899, 0.0101
1, 0.9905, 0.0095
1, 0.9799, 0.0201
0, 0.9987, 0.0013
1, 0.9817, 0.0183
0, 0.9997, 0.0003
0, 0.9947, 0.0053
0, 0.9993, 0.0007
0, 0.9996, 0.0004
0, 0.9989, 0.0011
0, 0.9997, 0.0003
0, 0.9989, 0.0011
0, 0.9997, 0.0003
0, 0.9998, 0.0002
0, 0.9999, 0.0001
0, 0.9999, 0.0001
1, 0.9987, 0.0013
1, 0.9988, 0.0012
1, 0.0436, 0.9564
1, 0.0522, 0.9478
0, 1.0, 0.0
0, 1.0, 0.0
0, 1.0, 0.0
0, 1.0, 0.0
0, 1.0, 0.0
0, 0.9509, 0.0491
0, 1.0, 0.0
0, 0.9995, 0.0005
0, 1.0, 0.0
0, 1.0, 0.0
0, 1.0, 0.0
0, 0.9997, 0.0003
1, 0.1057, 0.8943
1, 0.0725, 0.9275
1, 0.0727, 0.9273
1, 0.0725, 0.9275
0, 0.9973, 0.0027
0, 0.9882, 0.0118
0, 0.9973, 0.0027
0, 0.985, 0.015
0, 0.9965, 0.0035
0, 0.9882, 0.0118
0, 0.9808, 0.0192
0, 0.9919, 0.0081
0, 0.9907, 0.0093
0, 0.9935, 0.0065
0, 0.9935, 0.0065
0, 0.9827, 0.0173
0, 0.9824, 0.0176
0, 0.9823, 0.0177
0, 0.9972, 0.0028
0, 0.9957, 0.0043
0, 0.9937, 0.0063
0, 0.9975, 0.0025
0, 0.9837, 0.0163
0, 0.987, 0.013
0, 0.9748, 0.0252
0, 0.6383666666666667, 0.36163333333333336
0, 0.967, 0.033
0, 0.9808666666666668, 0.019133333333333336
0, 0.9872, 0.0128
0, 0.9899, 0.0101
0, 0.9882, 0.0118
1, 0.9905, 0.0095
0, 0.9935, 0.0065
0, 0.667, 0.333
0, 0.7078, 0.2922
0, 0.9816, 0.0184
0, 0.9906, 0.0094
0, 0.9905, 0.0095
0, 0.9689, 0.0311
1, 0.9621, 0.0379
0, 0.7482, 0.2518
0, 0.9393, 0.0607
0, 0.992, 0.008
0, 0.9898, 0.0102
0, 0.9477, 0.0523
0, 0.7882, 0.2118
0, 0.968, 0.032
0, 0.9977, 0.0023
0, 0.9905, 0.0095
0, 0.9818, 0.0182
0, 0.9905, 0.0095
0, 0.9719, 0.0281
1, 0.2836, 0.7164
0, 0.9982, 0.0018
0, 0.9922, 0.0078
0, 0.9914, 0.0086
0, 0.993, 0.007
0, 0.9842, 0.0158
0, 0.9867, 0.0133
0, 0.993, 0.007
0, 0.7457, 0.2543
0, 0.9935, 0.0065
0, 0.965, 0.035
0, 0.9668, 0.0332
0, 0.7117, 0.2883
0, 0.9906, 0.0094
0, 0.9868, 0.0132
0, 0.7792, 0.2208
0, 0.9935, 0.0065
0, 0.9935, 0.0065
0, 0.9862, 0.0138
0, 0.9899, 0.0101
0, 0.9947, 0.0053
0, 0.9904, 0.0096
0, 0.9904, 0.0096
0, 0.9809, 0.0191
0, 0.9818, 0.0182
0, 0.9752, 0.0248
0, 0.9912, 0.0088
0, 0.992, 0.008
0, 0.9985, 0.0015
0, 0.9838, 0.0162
0, 0.9984, 0.0016
0, 0.9984, 0.0016
0, 0.992, 0.008
0, 0.9914, 0.0086
0, 0.9981, 0.0019
0, 0.9858, 0.0142
0, 0.9885, 0.0115
0, 0.9824, 0.0176
0, 0.9813, 0.0187
0, 0.9729, 0.0271
0, 0.9704, 0.0296
0, 0.9785, 0.0215
0, 0.9778, 0.0222
0, 0.9831, 0.0169
0, 0.984, 0.016
0, 0.997, 0.003
0, 0.9675, 0.0325
0, 0.9885, 0.0115
0, 0.9824, 0.0176
0, 0.9304, 0.0696
0, 0.9817, 0.0183
0, 0.9876, 0.0124
0, 0.9675, 0.0325
0, 0.9824, 0.0176
0, 0.9885, 0.0115
0, 0.9773, 0.0227
0, 0.9812, 0.0188
0, 0.8871, 0.1129
0, 0.9699, 0.0301
0, 0.9316, 0.0684
1, 0.0078, 0.9922
0, 0.9578, 0.0422
0, 0.969, 0.031
1, 0.2873666666666667, 0.7126333333333333
0, 0.9271, 0.0729
0, 0.9881, 0.0119
0, 0.95, 0.05
0, 0.9532, 0.0468
0, 0.9556, 0.0444
0, 0.8461, 0.1539
0, 0.8618, 0.1382
0, 0.9704, 0.0296
0, 0.9063, 0.0937
0, 0.9705, 0.0295
0, 0.9562, 0.0438
0, 0.9712, 0.0288
0, 0.9683, 0.0317
0, 0.9712, 0.0288
0, 0.9526, 0.0474
0, 0.9715, 0.0285
0, 0.9567, 0.0433
0, 0.9615, 0.0385
0, 0.9817, 0.0183
0, 0.9997, 0.0003
0, 0.9996, 0.0004
0, 0.9995, 0.0005
0, 0.9982, 0.0018
0, 0.9914, 0.0086
0, 0.9813, 0.0187
0, 0.9958, 0.0042
0, 0.9986, 0.0014
0, 0.9932, 0.0068
0, 0.9801, 0.0199
0, 0.9854, 0.0146
0, 0.999, 0.001
0, 0.9957, 0.0043
0, 0.9975, 0.0025
0, 0.9989, 0.0011
0, 0.9493, 0.0507
0, 0.9473, 0.0527
0, 1.0, 0.0
0, 0.9899, 0.0101
0, 0.9936, 0.0064
0, 0.9894, 0.0106
0, 0.9958, 0.0042
0, 0.9958, 0.0042
0, 0.9868, 0.0132
0, 0.9983, 0.0017
0, 0.9982, 0.0018
0, 0.9982, 0.0018
0, 0.9991, 0.0009
0, 0.9998, 0.0002
0, 0.9897, 0.0103
0, 0.9899, 0.0101
0, 1.0, 0.0
0, 0.9957, 0.0043
0, 0.9995, 0.0005
0, 0.998, 0.002
0, 0.9974, 0.0026
0, 0.9958, 0.0042
0, 0.9709, 0.0291
0, 0.9969, 0.0031
0, 0.9891, 0.0109
0, 0.9892, 0.0108
0, 0.9958, 0.0042
0, 0.9996, 0.0004
0, 0.9984, 0.0016
0, 0.9962, 0.0038
0, 0.9938, 0.0062
0, 0.9992, 0.0008
0, 0.9676, 0.0324
0, 0.9962, 0.0038
0, 0.9892, 0.0108
0, 0.9936, 0.0064
0, 0.9947, 0.0053
0, 0.9971, 0.0029
0, 0.9973, 0.0027
0, 0.9949, 0.0051
0, 0.9972, 0.0028
0, 0.9997, 0.0003
0, 0.9892, 0.0108
0, 0.9951, 0.0049
0, 0.9895, 0.0105
0, 0.9974, 0.0026
0, 0.9986, 0.0014
0, 0.9977, 0.0023
0, 0.9962, 0.0038
0, 1.0, 0.0
0, 0.9974, 0.0026
0, 0.9962, 0.0038
0, 0.9973, 0.0027
0, 0.9999, 0.0001
0, 0.9983, 0.0017
0, 0.9958, 0.0042
0, 0.9998, 0.0002
0, 0.9974, 0.0026
0, 0.9999, 0.0001
0, 0.9966, 0.0034
0, 0.9743, 0.0257
0, 0.9997, 0.0003
0, 0.9999, 0.0001
0, 0.9965, 0.0035
0, 0.9961, 0.0039
0, 0.9999, 0.0001
0, 0.9972, 0.0028
0, 0.998, 0.002
0, 0.9994, 0.0006
0, 0.9979, 0.0021
0, 0.9983, 0.0017
0, 1.0, 0.0
0, 0.999, 0.001
0, 0.999, 0.001
0, 0.996, 0.004
0, 1.0, 0.0
0, 1.0, 0.0
0, 0.9991, 0.0009
0, 0.9996, 0.0004
0, 0.992, 0.008
0, 0.999, 0.001
0, 0.996, 0.004
0, 0.9995, 0.0005
0, 0.9993, 0.0007
0, 0.9913, 0.0087
0, 0.9993, 0.0007
0, 0.9984, 0.0016
0, 0.9997, 0.0003
0, 0.991, 0.009
0, 0.9998, 0.0002
0, 0.991, 0.009
0, 0.9984, 0.0016
0, 0.9909, 0.0091
0, 0.9944, 0.0056
0, 0.9998, 0.0002
0, 0.9998, 0.0002
0, 1.0, 0.0
0, 0.9969, 0.0031
0, 0.9999, 0.0001
0, 0.9902, 0.0098
0, 0.9969, 0.0031
0, 0.9879, 0.0121
0, 0.9999, 0.0001
0, 1.0, 0.0
0, 0.9986, 0.0014
0, 0.9985, 0.0015
0, 0.9998, 0.0002
0, 0.9979, 0.0021
0, 0.9823, 0.0177
0, 0.9985, 0.0015
0, 0.9969, 0.0031
0, 0.9974, 0.0026
0, 0.999, 0.001
0, 0.9984, 0.0016
0, 0.9983, 0.0017
0, 0.9934, 0.0066
0, 0.9946, 0.0054
0, 0.9997, 0.0003
0, 0.9962, 0.0038
0, 0.9997, 0.0003
0, 0.9983, 0.0017
0, 0.9997, 0.0003
0, 0.9983, 0.0017
0, 0.9834, 0.0166
0, 0.9919, 0.0081
0, 0.999, 0.001
0, 0.9994, 0.0006
0, 0.9994, 0.0006
0, 0.9975, 0.0025
0, 0.9978, 0.0022
0, 0.9959, 0.0041
0, 0.9975, 0.0025
0, 0.9949, 0.0051
0, 0.9997, 0.0003
0, 0.9998, 0.0002
0, 0.9998, 0.0002
0, 0.9978, 0.0022
0, 0.9974, 0.0026
0, 0.9998, 0.0002
0, 0.9856, 0.0144
0, 1.0, 0.0
0, 0.998, 0.002
0, 0.9838, 0.0162
0, 0.9981, 0.0019
0, 0.9981, 0.0019
0, 0.9854, 0.0146
0, 0.9995, 0.0005
0, 0.9997, 0.0003
0, 0.9923, 0.0077
0, 0.9873, 0.0127
0, 0.9718, 0.0282
0, 0.999, 0.001
0, 0.9981, 0.0019
0, 0.9991, 0.0009
0, 0.9988, 0.0012
0, 0.9947, 0.0053
0, 0.9999, 0.0001
0, 0.988, 0.012
0, 0.9988, 0.0012
0, 0.9999, 0.0001
0, 0.985, 0.015
0, 0.996, 0.004
0, 0.9949, 0.0051
0, 0.9999, 0.0001
0, 0.9786, 0.0214
0, 0.9752, 0.0248
0, 0.9988, 0.0012
0, 0.9892, 0.0108
0, 0.98, 0.02
0, 0.9822, 0.0178
0, 0.9829, 0.0171
0, 0.9421, 0.0579
0, 0.9388, 0.0612
0, 0.9827, 0.0173
0, 0.9906, 0.0094
0, 0.9858, 0.0142
0, 0.9652, 0.0348
1, 0.9809, 0.0191
0, 0.9876, 0.0124
0, 0.9442, 0.0558
0, 0.9878, 0.0122
0, 0.9826, 0.0174
0, 0.9688, 0.0312
0, 0.985, 0.015
1, 0.956, 0.044
0, 0.9443, 0.0557
0, 0.9699, 0.0301
0, 0.9958, 0.0042
0, 0.9928, 0.0072
0, 0.9971, 0.0029
0, 0.9907, 0.0093
0, 0.9951, 0.0049
0, 0.9968, 0.0032
0, 0.9971, 0.0029
0, 0.9834, 0.0166
0, 0.9932, 0.0068
0, 0.9932, 0.0068
0, 0.9834, 0.0166
0, 0.9879, 0.0121
0, 0.9946, 0.0054
0, 0.9715, 0.0285
0, 0.9946, 0.0054
0, 0.994, 0.006
0, 0.9928, 0.0072
0, 0.9828, 0.0172
0, 0.9939, 0.0061
0, 0.9928, 0.0072
0, 0.9973, 0.0027
0, 0.9989, 0.0011
0, 0.9994, 0.0006
0, 0.9458, 0.0542
0, 0.9906, 0.0094
0, 0.9915, 0.0085
0, 0.9948, 0.0052
0, 0.9967, 0.0033
0, 0.9873, 0.0127
0, 0.9941, 0.0059
0, 0.9994, 0.0006
0, 0.9975, 0.0025
0, 0.9707, 0.0293
0, 0.9893, 0.0107
0, 0.9938, 0.0062
0, 0.9902, 0.0098
0, 0.9967, 0.0033
0, 0.9969, 0.0031
0, 0.9968, 0.0032
0, 0.9998, 0.0002
0, 0.9999, 0.0001
0, 1.0, 0.0
0, 0.6656, 0.3344
0, 0.6691, 0.3309
0, 0.6656, 0.3344
1, 0.6268, 0.3732
0, 0.6656, 0.3344
0, 0.6704, 0.3296
0, 0.6626, 0.3374
1, 0.0442, 0.9558
0, 0.6685, 0.3315
0, 0.5716, 0.4284
0, 0.6464, 0.3536
0, 0.6464, 0.3536
0, 0.5786, 0.4214
0, 0.6656, 0.3344
0, 0.5839, 0.4161
0, 0.6649, 0.3351
0, 0.5839, 0.4161
0, 0.6657, 0.3343
1, 0.091, 0.909
1, 0.0908, 0.9092
1, 0.0016, 0.9984
1, 0.002, 0.998
1, 0.0012, 0.9988
1, 0.0036, 0.9964
1, 0.0026, 0.9974
1, 0.0033, 0.9967
1, 0.0116, 0.9884
1, 0.0031, 0.9969
1, 0.0634, 0.9366
1, 0.0057, 0.9943
1, 0.0232, 0.9768
1, 0.0228, 0.9772
