1, 0.867, 0.133
1, 0.8677, 0.1323
1, 0.8764, 0.1236
1, 0.8736, 0.1264
1, 0.8714, 0.1286
1, 0.875, 0.125
1, 0.8728, 0.1272
1, 0.8757, 0.1243
1, 0.8684, 0.1316
1, 0.8676, 0.1324
1, 0.8756, 0.1244
1, 0.8684, 0.1316
1, 0.8756, 0.1244
1, 0.8759, 0.1241
1, 0.8675, 0.1325
1, 0.8751, 0.1249
1, 0.8757, 0.1243
1, 0.8762, 0.1238
1, 0.8662, 0.1338
1, 0.8673, 0.1327
1, 0.8754, 0.1246
1, 0.8687, 0.1313
1, 0.8709, 0.1291
1, 0.8762, 0.1238
1, 0.875, 0.125
1, 0.8755, 0.1245
1, 0.8756, 0.1244
1, 0.8754, 0.1246
1, 0.8676, 0.1324
1, 0.876, 0.124
1, 0.8755, 0.1245
1, 0.8668, 0.1332
1, 0.1638, 0.8362
1, 0.7335, 0.2665
1, 0.8669, 0.1331
1, 0.8661, 0.1339
1, 0.8644, 0.1356
1, 0.5419, 0.4581
1, 0.871, 0.129
1, 0.8654, 0.1346
1, 0.8659, 0.1341
1, 0.8637, 0.1363
1, 0.8638, 0.1362
1, 0.8632, 0.1368
1, 0.8714, 0.1286
1, 0.8677, 0.1323
1, 0.8632, 0.1368
1, 0.8721, 0.1279
1, 0.8729, 0.1271
1, 0.8721, 0.1279
1, 0.8729, 0.1271
1, 0.8638, 0.1362
1, 0.8692, 0.1308
1, 0.8721, 0.1279
1, 0.8729, 0.1271
1, 0.8636, 0.1364
1, 0.8632, 0.1368
1, 0.8635, 0.1365
1, 0.8632, 0.1368
1, 0.8651, 0.1349
1, 0.8706, 0.1294
1, 0.8751, 0.1249
1, 0.872, 0.128
1, 0.8645, 0.1355
1, 0.8729, 0.1271
1, 0.8646, 0.1354
1, 0.8709, 0.1291
1, 0.8637, 0.1363
1, 0.8762, 0.1238
1, 0.8762, 0.1238
1, 0.8749, 0.1251
1, 0.8725, 0.1275
1, 0.8728, 0.1272
1, 0.8749, 0.1251
1, 0.8727, 0.1273
1, 0.8752, 0.1248
1, 0.8721, 0.1279
1, 0.8754, 0.1246
1, 0.874, 0.126
1, 0.8738, 0.1262
1, 0.8738, 0.1262
1, 0.874, 0.126
1, 0.873, 0.127
1, 0.874, 0.126
1, 0.8732, 0.1268
1, 0.874, 0.126
1, 0.8733, 0.1267
1, 0.8739, 0.1261
1, 0.8722, 0.1278
1, 0.8717, 0.1283
1, 0.8743, 0.1257
1, 0.8725, 0.1275
1, 0.8733, 0.1267
1, 0.8763, 0.1237
1, 0.874, 0.126
1, 0.875, 0.125
1, 0.8738, 0.1262
1, 0.8737, 0.1263
1, 0.874, 0.126
1, 0.8725, 0.1275
1, 0.8763, 0.1237
1, 0.8739, 0.1261
1, 0.8738, 0.1262
1, 0.8732, 0.1268
1, 0.8738, 0.1262
1, 0.8647, 0.1353
1, 0.8749, 0.1251
1, 0.8757, 0.1243
1, 0.8675, 0.1325
1, 0.8635, 0.1365
1, 0.871, 0.129
1, 0.875, 0.125
1, 0.8758, 0.1242
1, 0.8746, 0.1254
1, 0.8706, 0.1294
1, 0.8753, 0.1247
1, 0.8742, 0.1258
1, 0.8756, 0.1244
1, 0.8639, 0.1361
1, 0.874, 0.126
1, 0.8747, 0.1253
1, 0.8634, 0.1366
1, 0.8765, 0.1235
1, 0.8741, 0.1259
1, 0.8739, 0.1261
1, 0.8754, 0.1246
1, 0.8742, 0.1258
1, 0.8706, 0.1294
1, 0.8739, 0.1261
1, 0.8716, 0.1284
1, 0.8718, 0.1282
1, 0.8739, 0.1261
1, 0.8716, 0.1284
1, 0.8736, 0.1264
1, 0.869, 0.131
1, 0.8716, 0.1284
1, 0.8649, 0.1351
1, 0.8806, 0.1194
1, 0.8704, 0.1296
1, 0.8647, 0.1353
1, 0.8636, 0.1364
1, 0.8652, 0.1348
1, 0.8654, 0.1346
1, 0.8659, 0.1341
1, 0.8632, 0.1368
1, 0.8671, 0.1329
1, 0.8715, 0.1285
1, 0.8628, 0.1372
1, 0.8748, 0.1252
1, 0.8741, 0.1259
1, 0.8741, 0.1259
1, 0.8718, 0.1282
1, 0.8718, 0.1282
1, 0.8741, 0.1259
1, 0.8741, 0.1259
1, 0.8724, 0.1276
1, 0.8741, 0.1259
1, 0.8723, 0.1277
1, 0.8741, 0.1259
1, 0.8756, 0.1244
1, 0.8741, 0.1259
1, 0.8724, 0.1276
1, 0.8741, 0.1259
1, 0.8741, 0.1259
1, 0.8738, 0.1262
1, 0.8741, 0.1259
1, 0.8741, 0.1259
1, 0.8741, 0.1259
1, 0.8741, 0.1259
1, 0.8732, 0.1268
1, 0.8741, 0.1259
1, 0.8721, 0.1279
1, 0.8741, 0.1259
1, 0.8724, 0.1276
1, 0.8741, 0.1259
1, 0.8763, 0.1237
1, 0.8726, 0.1274
1, 0.8641, 0.1359
1, 0.873, 0.127
1, 0.8643, 0.1357
1, 0.8615, 0.1385
1, 0.8723, 0.1277
1, 0.8653, 0.1347
1, 0.871, 0.129
1, 0.8758, 0.1242
1, 0.8731, 0.1269
1, 0.8698, 0.1302
1, 0.8729, 0.1271
1, 0.8734, 0.1266
1, 0.8734, 0.1266
1, 0.8729, 0.1271
0, 0.9631, 0.0369
1, 0.8708, 0.1292
1, 0.8729, 0.1271
1, 0.8737, 0.1263
1, 0.8745, 0.1255
1, 0.8725, 0.1275
1, 0.8735, 0.1265
0, 0.9637, 0.0363
1, 0.875, 0.125
1, 0.875, 0.125
1, 0.8758, 0.1242
1, 0.8745, 0.1255
1, 0.8709, 0.1291
1, 0.8708, 0.1292
1, 0.8742, 0.1258
1, 0.8758, 0.1242
1, 0.8749, 0.1251
1, 0.8745, 0.1255
1, 0.8737, 0.1263
0, 0.963, 0.037
1, 0.875, 0.125
1, 0.8739, 0.1261
1, 0.8763, 0.1237
1, 0.8708, 0.1292
0, 0.9631, 0.0369
1, 0.8737, 0.1263
1, 0.8749, 0.1251
1, 0.8737, 0.1263
1, 0.8746, 0.1254
1, 0.8711, 0.1289
1, 0.8716, 0.1284
1, 0.8729, 0.1271
1, 0.8703, 0.1297
1, 0.8745, 0.1255
1, 0.8736, 0.1264
1, 0.8735, 0.1265
1, 0.8758, 0.1242
1, 0.8724, 0.1276
1, 0.8739, 0.1261
1, 0.8708, 0.1292
1, 0.8734, 0.1266
1, 0.8736, 0.1264
1, 0.8758, 0.1242
1, 0.8745, 0.1255
1, 0.8727, 0.1273
1, 0.8725, 0.1275
1, 0.8731, 0.1269
1, 0.8745, 0.1255
1, 0.8724, 0.1276
1, 0.8741, 0.1259
1, 0.8725, 0.1275
1, 0.8708, 0.1292
1, 0.8732, 0.1268
1, 0.8738, 0.1262
1, 0.8734, 0.1266
1, 0.8729, 0.1271
1, 0.8702, 0.1298
1, 0.8737, 0.1263
1, 0.8694, 0.1306
1, 0.8726, 0.1274
1, 0.8731, 0.1269
1, 0.8737, 0.1263
1, 0.8741, 0.1259
1, 0.8731, 0.1269
1, 0.8755, 0.1245
1, 0.8722, 0.1278
0, 0.9647, 0.0353
1, 0.874, 0.126
1, 0.872, 0.128
1, 0.8728, 0.1272
1, 0.8729, 0.1271
1, 0.8716, 0.1284
1, 0.8745, 0.1255
1, 0.8725, 0.1275
1, 0.875, 0.125
1, 0.8757, 0.1243
1, 0.8737, 0.1263
1, 0.8737, 0.1263
1, 0.8721, 0.1279
1, 0.8734, 0.1266
1, 0.8745, 0.1255
1, 0.8733, 0.1267
1, 0.8752, 0.1248
1, 0.8731, 0.1269
1, 0.8724, 0.1276
1, 0.8735, 0.1265
1, 0.8758, 0.1242
1, 0.8717, 0.1283
1, 0.8739, 0.1261
1, 0.8744, 0.1256
1, 0.873, 0.127
1, 0.8729, 0.1271
1, 0.8727, 0.1273
1, 0.8713, 0.1287
1, 0.8719, 0.1281
1, 0.8758, 0.1242
1, 0.875, 0.125
1, 0.8734, 0.1266
1, 0.8744, 0.1256
1, 0.872, 0.128
1, 0.8729, 0.1271
0, 0.9655, 0.0345
1, 0.8738, 0.1262
1, 0.8737, 0.1263
1, 0.8728, 0.1272
1, 0.8735, 0.1265
1, 0.8746, 0.1254
1, 0.8725, 0.1275
1, 0.8708, 0.1292
1, 0.8749, 0.1251
1, 0.8737, 0.1263
1, 0.873, 0.127
1, 0.8749, 0.1251
1, 0.8716, 0.1284
1, 0.8729, 0.1271
1, 0.8726, 0.1274
1, 0.8739, 0.1261
1, 0.87, 0.13
1, 0.8726, 0.1274
1, 0.8715, 0.1285
1, 0.8745, 0.1255
1, 0.8758, 0.1242
1, 0.8723, 0.1277
1, 0.8719, 0.1281
1, 0.87, 0.13
1, 0.8722, 0.1278
0, 0.9649, 0.0351
0, 0.9636, 0.0364
1, 0.8759, 0.1241
1, 0.8745, 0.1255
1, 0.8736, 0.1264
1, 0.875, 0.125
1, 0.8732, 0.1268
1, 0.8732, 0.1268
1, 0.874, 0.126
1, 0.8723, 0.1277
1, 0.8737, 0.1263
1, 0.8725, 0.1275
1, 0.8726, 0.1274
1, 0.8732, 0.1268
1, 0.8734, 0.1266
1, 0.8729, 0.1271
1, 0.873, 0.127
1, 0.8723, 0.1277
1, 0.8737, 0.1263
1, 0.8734, 0.1266
1, 0.8727, 0.1273
1, 0.8749, 0.1251
1, 0.8731, 0.1269
1, 0.8695, 0.1305
1, 0.8737, 0.1263
1, 0.8737, 0.1263
1, 0.873, 0.127
1, 0.8726, 0.1274
1, 0.875, 0.125
1, 0.8737, 0.1263
1, 0.872, 0.128
1, 0.87, 0.13
1, 0.8727, 0.1273
1, 0.8725, 0.1275
1, 0.8717, 0.1283
1, 0.8732, 0.1268
1, 0.8725, 0.1275
1, 0.8731, 0.1269
1, 0.8735, 0.1265
1, 0.8737, 0.1263
1, 0.8758, 0.1242
1, 0.875, 0.125
1, 0.871, 0.129
1, 0.8739, 0.1261
1, 0.8729, 0.1271
1, 0.8749, 0.1251
1, 0.8735, 0.1265
1, 0.8719, 0.1281
1, 0.8731, 0.1269
1, 0.8734, 0.1266
1, 0.875, 0.125
0, 0.9649, 0.0351
1, 0.8731, 0.1269
1, 0.8737, 0.1263
1, 0.8724, 0.1276
1, 0.8725, 0.1275
1, 0.8745, 0.1255
1, 0.8744, 0.1256
1, 0.8729, 0.1271
1, 0.8708, 0.1292
1, 0.8715, 0.1285
1, 0.8744, 0.1256
1, 0.8737, 0.1263
0, 0.9636, 0.0364
1, 0.874, 0.126
1, 0.8745, 0.1255
1, 0.8727, 0.1273
1, 0.8727, 0.1273
1, 0.8732, 0.1268
0, 0.9626, 0.0374
1, 0.8729, 0.1271
1, 0.8718, 0.1282
1, 0.8713, 0.1287
1, 0.8748, 0.1252
1, 0.8757, 0.1243
1, 0.8717, 0.1283
1, 0.8745, 0.1255
1, 0.8706, 0.1294
1, 0.8708, 0.1292
1, 0.8739, 0.1261
1, 0.8739, 0.1261
1, 0.8718, 0.1282
1, 0.8704, 0.1296
1, 0.8755, 0.1245
1, 0.8726, 0.1274
1, 0.8758, 0.1242
1, 0.8757, 0.1243
1, 0.7642, 0.2358
1, 0.8726, 0.1274
1, 0.8717, 0.1283
1, 0.8758, 0.1242
1, 0.8745, 0.1255
1, 0.8757, 0.1243
1, 0.7658, 0.2342
1, 0.8737, 0.1263
1, 0.8726, 0.1274
0, 0.9631, 0.0369
1, 0.8731, 0.1269
1, 0.8743, 0.1257
1, 0.8733, 0.1267
1, 0.8758, 0.1242
1, 0.875, 0.125
1, 0.8729, 0.1271
0, 0.9637, 0.0363
1, 0.8758, 0.1242
1, 0.871, 0.129
1, 0.8709, 0.1291
1, 0.8745, 0.1255
1, 0.8731, 0.1269
1, 0.8758, 0.1242
0, 0.9631, 0.0369
1, 0.873, 0.127
1, 0.8698, 0.1302
1, 0.875, 0.125
1, 0.8742, 0.1258
1, 0.8729, 0.1271
1, 0.8735, 0.1265
1, 0.8726, 0.1274
1, 0.8745, 0.1255
1, 0.8734, 0.1266
1, 0.8708, 0.1292
1, 0.8734, 0.1266
1, 0.8708, 0.1292
1, 0.8737, 0.1263
1, 0.8745, 0.1255
1, 0.8749, 0.1251
1, 0.8726, 0.1274
1, 0.8708, 0.1292
1, 0.8744, 0.1256
1, 0.8709, 0.1291
1, 0.8727, 0.1273
1, 0.8745, 0.1255
1, 0.8758, 0.1242
1, 0.8737, 0.1263
1, 0.8735, 0.1265
1, 0.8737, 0.1263
1, 0.8737, 0.1263
0, 0.963, 0.037
1, 0.8762, 0.1238
1, 0.8724, 0.1276
1, 0.8736, 0.1264
0, 0.9631, 0.0369
1, 0.8726, 0.1274
1, 0.8749, 0.1251
1, 0.8758, 0.1242
1, 0.8749, 0.1251
1, 0.8711, 0.1289
1, 0.8744, 0.1256
1, 0.8702, 0.1298
1, 0.8737, 0.1263
1, 0.8729, 0.1271
1, 0.8724, 0.1276
1, 0.8745, 0.1255
1, 0.8727, 0.1273
1, 0.8715, 0.1285
1, 0.8746, 0.1254
1, 0.8744, 0.1256
1, 0.8761, 0.1239
0, 0.9657, 0.0343
1, 0.8769, 0.1231
1, 0.875, 0.125
1, 0.8781, 0.1219
1, 0.8771, 0.1229
1, 0.8747, 0.1253
1, 0.8768, 0.1232
1, 0.8769, 0.1231
1, 0.8781, 0.1219
1, 0.8746, 0.1254
1, 0.8756, 0.1244
1, 0.8767, 0.1233
1, 0.8759, 0.1241
0, 0.965, 0.035
1, 0.8759, 0.1241
1, 0.8781, 0.1219
1, 0.8752, 0.1248
1, 0.8743, 0.1257
1, 0.875, 0.125
1, 0.8769, 0.1231
1, 0.8761, 0.1239
1, 0.8763, 0.1237
0, 0.9641, 0.0359
1, 0.8767, 0.1233
1, 0.8762, 0.1238
1, 0.8751, 0.1249
0, 0.9657, 0.0343
1, 0.8749, 0.1251
1, 0.876, 0.124
0, 0.9643, 0.0357
1, 0.8781, 0.1219
1, 0.8767, 0.1233
1, 0.8771, 0.1229
1, 0.8755, 0.1245
1, 0.8732, 0.1268
1, 0.8741, 0.1259
1, 0.8736, 0.1264
0, 0.9643, 0.0357
1, 0.8767, 0.1233
1, 0.8764, 0.1236
1, 0.8774, 0.1226
1, 0.8725, 0.1275
1, 0.876, 0.124
1, 0.8756, 0.1244
1, 0.8748, 0.1252
1, 0.8737, 0.1263
1, 0.8752, 0.1248
1, 0.8766, 0.1234
0, 0.9638, 0.0362
1, 0.8763, 0.1237
1, 0.8763, 0.1237
1, 0.8731, 0.1269
1, 0.8733, 0.1267
1, 0.8767, 0.1233
1, 0.8774, 0.1226
1, 0.8746, 0.1254
1, 0.8739, 0.1261
0, 0.9643, 0.0357
1, 0.8775, 0.1225
1, 0.8763, 0.1237
1, 0.8751, 0.1249
1, 0.8738, 0.1262
1, 0.8769, 0.1231
1, 0.8735, 0.1265
1, 0.8763, 0.1237
1, 0.7683, 0.2317
1, 0.8747, 0.1253
1, 0.8768, 0.1232
1, 0.8763, 0.1237
1, 0.8727, 0.1273
1, 0.8743, 0.1257
1, 0.8733, 0.1267
0, 0.9638, 0.0362
1, 0.8775, 0.1225
1, 0.8759, 0.1241
0, 0.9657, 0.0343
1, 0.8769, 0.1231
1, 0.8767, 0.1233
1, 0.8761, 0.1239
1, 0.8757, 0.1243
1, 0.8768, 0.1232
0, 0.9655, 0.0345
1, 0.8759, 0.1241
1, 0.8767, 0.1233
0, 0.9649, 0.0351
1, 0.8754, 0.1246
1, 0.8756, 0.1244
1, 0.8733, 0.1267
1, 0.8759, 0.1241
1, 0.7682, 0.2318
1, 0.8763, 0.1237
1, 0.8734, 0.1266
1, 0.8763, 0.1237
1, 0.876, 0.124
1, 0.8764, 0.1236
1, 0.8747, 0.1253
1, 0.8781, 0.1219
1, 0.8751, 0.1249
1, 0.8768, 0.1232
0, 0.9655, 0.0345
1, 0.8751, 0.1249
1, 0.874, 0.126
1, 0.8743, 0.1257
1, 0.8764, 0.1236
1, 0.8763, 0.1237
1, 0.8778, 0.1222
1, 0.8762, 0.1238
1, 0.8781, 0.1219
1, 0.8746, 0.1254
1, 0.8774, 0.1226
1, 0.8749, 0.1251
1, 0.8738, 0.1262
1, 0.8766, 0.1234
1, 0.8719, 0.1281
1, 0.8759, 0.1241
1, 0.8756, 0.1244
1, 0.8732, 0.1268
1, 0.8756, 0.1244
1, 0.8757, 0.1243
1, 0.8767, 0.1233
1, 0.875, 0.125
1, 0.8749, 0.1251
1, 0.8767, 0.1233
1, 0.8735, 0.1265
1, 0.8742, 0.1258
1, 0.8769, 0.1231
1, 0.8754, 0.1246
1, 0.8772, 0.1228
1, 0.8755, 0.1245
1, 0.8733, 0.1267
1, 0.8763, 0.1237
1, 0.873, 0.127
1, 0.8756, 0.1244
1, 0.8736, 0.1264
1, 0.8736, 0.1264
1, 0.8749, 0.1251
1, 0.876, 0.124
1, 0.8732, 0.1268
1, 0.8737, 0.1263
1, 0.8768, 0.1232
1, 0.8751, 0.1249
1, 0.8733, 0.1267
1, 0.8754, 0.1246
1, 0.8751, 0.1249
0, 0.9643, 0.0357
1, 0.876, 0.124
1, 0.8765, 0.1235
0, 0.9644, 0.0356
1, 0.8751, 0.1249
1, 0.8762, 0.1238
1, 0.8768, 0.1232
1, 0.8751, 0.1249
1, 0.8763, 0.1237
1, 0.8751, 0.1249
0, 0.9643, 0.0357
0, 0.9649, 0.0351
1, 0.8768, 0.1232
1, 0.8774, 0.1226
1, 0.8761, 0.1239
0, 0.9653, 0.0347
1, 0.8763, 0.1237
1, 0.8763, 0.1237
1, 0.8749, 0.1251
1, 0.8735, 0.1265
1, 0.8752, 0.1248
1, 0.874, 0.126
1, 0.8723, 0.1277
1, 0.8781, 0.1219
1, 0.8781, 0.1219
1, 0.8726, 0.1274
1, 0.8775, 0.1225
0, 0.9643, 0.0357
1, 0.8775, 0.1225
1, 0.8733, 0.1267
1, 0.8754, 0.1246
1, 0.8781, 0.1219
1, 0.8781, 0.1219
1, 0.8764, 0.1236
1, 0.8726, 0.1274
1, 0.885, 0.115
1, 0.8759, 0.1241
1, 0.8781, 0.1219
1, 0.8751, 0.1249
1, 0.8756, 0.1244
1, 0.8759, 0.1241
1, 0.8769, 0.1231
1, 0.8751, 0.1249
1, 0.8751, 0.1249
1, 0.8768, 0.1232
1, 0.876, 0.124
1, 0.8781, 0.1219
0, 0.9643, 0.0357
1, 0.8733, 0.1267
1, 0.8749, 0.1251
1, 0.8763, 0.1237
1, 0.8731, 0.1269
1, 0.885, 0.115
1, 0.8759, 0.1241
1, 0.8721, 0.1279
1, 0.8767, 0.1233
1, 0.8734, 0.1266
1, 0.8733, 0.1267
1, 0.876, 0.124
1, 0.8768, 0.1232
1, 0.8751, 0.1249
1, 0.8759, 0.1241
0, 0.9643, 0.0357
1, 0.8747, 0.1253
0, 0.9641, 0.0359
0, 0.9652, 0.0348
1, 0.8763, 0.1237
0, 0.9638, 0.0362
1, 0.8763, 0.1237
1, 0.8766, 0.1234
1, 0.8733, 0.1267
1, 0.8781, 0.1219
1, 0.8739, 0.1261
1, 0.8749, 0.1251
1, 0.8749, 0.1251
1, 0.874, 0.126
1, 0.8761, 0.1239
1, 0.8781, 0.1219
1, 0.873, 0.127
1, 0.8775, 0.1225
1, 0.8736, 0.1264
1, 0.8742, 0.1258
1, 0.8757, 0.1243
1, 0.8757, 0.1243
1, 0.8759, 0.1241
1, 0.8767, 0.1233
1, 0.8754, 0.1246
1, 0.8751, 0.1249
1, 0.8733, 0.1267
0, 0.9644, 0.0356
1, 0.876, 0.124
1, 0.8745, 0.1255
1, 0.8763, 0.1237
1, 0.8768, 0.1232
1, 0.8746, 0.1254
0, 0.9653, 0.0347
1, 0.8768, 0.1232
0, 0.9657, 0.0343
1, 0.8778, 0.1222
1, 0.8741, 0.1259
1, 0.8781, 0.1219
0, 0.9638, 0.0362
1, 0.8775, 0.1225
0, 0.9657, 0.0343
1, 0.8781, 0.1219
1, 0.8775, 0.1225
0, 0.9657, 0.0343
1, 0.8756, 0.1244
1, 0.8729, 0.1271
1, 0.8734, 0.1266
1, 0.8763, 0.1237
1, 0.874, 0.126
1, 0.8714, 0.1286
1, 0.8749, 0.1251
1, 0.8727, 0.1273
1, 0.8738, 0.1262
1, 0.8735, 0.1265
1, 0.8758, 0.1242
1, 0.8735, 0.1265
1, 0.8709, 0.1291
1, 0.8745, 0.1255
1, 0.8708, 0.1292
1, 0.8738, 0.1262
1, 0.875, 0.125
1, 0.8731, 0.1269
1, 0.8737, 0.1263
1, 0.8737, 0.1263
1, 0.8745, 0.1255
1, 0.8729, 0.1271
1, 0.8724, 0.1276
1, 0.8745, 0.1255
0, 0.9631, 0.0369
1, 0.8744, 0.1256
1, 0.8716, 0.1284
1, 0.8737, 0.1263
1, 0.8724, 0.1276
1, 0.875, 0.125
1, 0.8706, 0.1294
0, 0.9637, 0.0363
1, 0.874, 0.126
1, 0.8729, 0.1271
1, 0.8758, 0.1242
1, 0.8751, 0.1249
0, 0.9636, 0.0364
1, 0.8715, 0.1285
1, 0.8735, 0.1265
1, 0.8727, 0.1273
1, 0.875, 0.125
1, 0.8745, 0.1255
1, 0.8724, 0.1276
0, 0.9631, 0.0369
1, 0.8708, 0.1292
1, 0.874, 0.126
1, 0.8709, 0.1291
1, 0.8732, 0.1268
1, 0.8737, 0.1263
1, 0.871, 0.129
1, 0.8739, 0.1261
1, 0.8745, 0.1255
1, 0.8762, 0.1238
1, 0.8723, 0.1277
1, 0.8742, 0.1258
1, 0.8741, 0.1259
1, 0.8739, 0.1261
1, 0.8739, 0.1261
1, 0.8738, 0.1262
1, 0.8724, 0.1276
1, 0.8739, 0.1261
1, 0.8717, 0.1283
1, 0.873, 0.127
1, 0.8726, 0.1274
1, 0.8745, 0.1255
1, 0.8758, 0.1242
1, 0.8743, 0.1257
1, 0.8735, 0.1265
1, 0.8726, 0.1274
1, 0.8737, 0.1263
1, 0.8758, 0.1242
1, 0.8756, 0.1244
1, 0.8729, 0.1271
1, 0.8725, 0.1275
1, 0.8757, 0.1243
1, 0.8756, 0.1244
1, 0.8748, 0.1252
0, 0.962, 0.038
1, 0.7658, 0.2342
1, 0.8706, 0.1294
1, 0.8745, 0.1255
0, 0.9637, 0.0363
1, 0.8727, 0.1273
1, 0.8704, 0.1296
1, 0.8743, 0.1257
1, 0.8716, 0.1284
1, 0.7641, 0.2359
1, 0.8732, 0.1268
1, 0.8716, 0.1284
1, 0.8708, 0.1292
1, 0.873, 0.127
1, 0.8729, 0.1271
1, 0.8758, 0.1242
1, 0.8708, 0.1292
1, 0.8729, 0.1271
1, 0.8729, 0.1271
1, 0.8737, 0.1263
1, 0.8725, 0.1275
1, 0.8713, 0.1287
1, 0.8722, 0.1278
1, 0.8744, 0.1256
1, 0.8727, 0.1273
1, 0.8737, 0.1263
1, 0.8726, 0.1274
1, 0.8699, 0.1301
1, 0.8719, 0.1281
1, 0.875, 0.125
0, 0.9636, 0.0364
1, 0.875, 0.125
1, 0.8729, 0.1271
1, 0.8727, 0.1273
1, 0.8737, 0.1263
1, 0.874, 0.126
1, 0.8729, 0.1271
1, 0.8745, 0.1255
1, 0.8723, 0.1277
1, 0.8731, 0.1269
1, 0.8732, 0.1268
1, 0.8758, 0.1242
1, 0.8759, 0.1241
1, 0.8731, 0.1269
1, 0.8749, 0.1251
1, 0.8726, 0.1274
0, 0.9646, 0.0354
1, 0.8737, 0.1263
1, 0.8718, 0.1282
1, 0.8745, 0.1255
1, 0.874, 0.126
1, 0.8722, 0.1278
1, 0.87, 0.13
1, 0.8742, 0.1258
1, 0.874, 0.126
1, 0.8737, 0.1263
1, 0.8745, 0.1255
1, 0.8737, 0.1263
1, 0.8739, 0.1261
1, 0.8745, 0.1255
1, 0.8755, 0.1245
1, 0.8723, 0.1277
1, 0.8744, 0.1256
1, 0.8738, 0.1262
1, 0.8708, 0.1292
1, 0.8734, 0.1266
1, 0.8725, 0.1275
1, 0.8737, 0.1263
1, 0.874, 0.126
1, 0.8739, 0.1261
1, 0.8744, 0.1256
0, 0.9649, 0.0351
1, 0.8747, 0.1253
1, 0.8732, 0.1268
1, 0.8742, 0.1258
1, 0.875, 0.125
1, 0.8758, 0.1242
1, 0.8723, 0.1277
1, 0.87, 0.13
1, 0.874, 0.126
0, 0.963, 0.037
1, 0.8699, 0.1301
1, 0.8744, 0.1256
1, 0.8726, 0.1274
1, 0.8721, 0.1279
1, 0.8742, 0.1258
1, 0.8749, 0.1251
1, 0.874, 0.126
1, 0.8734, 0.1266
1, 0.8733, 0.1267
1, 0.8731, 0.1269
1, 0.8735, 0.1265
1, 0.8746, 0.1254
1, 0.8745, 0.1255
1, 0.8734, 0.1266
1, 0.874, 0.126
1, 0.8732, 0.1268
1, 0.8729, 0.1271
1, 0.8731, 0.1269
1, 0.875, 0.125
1, 0.875, 0.125
1, 0.8729, 0.1271
1, 0.8748, 0.1252
1, 0.8737, 0.1263
1, 0.8726, 0.1274
1, 0.8735, 0.1265
1, 0.875, 0.125
1, 0.8729, 0.1271
1, 0.8749, 0.1251
1, 0.8744, 0.1256
0, 0.9631, 0.0369
1, 0.8724, 0.1276
0, 0.963, 0.037
1, 0.8737, 0.1263
1, 0.8727, 0.1273
1, 0.8737, 0.1263
1, 0.8708, 0.1292
1, 0.8758, 0.1242
1, 0.8737, 0.1263
1, 0.8746, 0.1254
1, 0.8744, 0.1256
1, 0.8727, 0.1273
1, 0.8724, 0.1276
1, 0.8745, 0.1255
1, 0.8711, 0.1289
1, 0.8758, 0.1242
1, 0.8716, 0.1284
1, 0.8725, 0.1275
1, 0.8745, 0.1255
1, 0.8736, 0.1264
1, 0.87, 0.13
1, 0.8735, 0.1265
1, 0.8763, 0.1237
1, 0.8745, 0.1255
1, 0.8708, 0.1292
0, 0.9638, 0.0362
1, 0.8737, 0.1263
1, 0.8745, 0.1255
1, 0.8732, 0.1268
1, 0.8708, 0.1292
1, 0.8719, 0.1281
1, 0.8757, 0.1243
1, 0.8741, 0.1259
1, 0.8729, 0.1271
1, 0.8757, 0.1243
1, 0.8729, 0.1271
1, 0.8726, 0.1274
1, 0.8737, 0.1263
1, 0.8748, 0.1252
1, 0.873, 0.127
1, 0.8758, 0.1242
1, 0.8757, 0.1243
1, 0.8726, 0.1274
1, 0.8718, 0.1282
1, 0.8706, 0.1294
1, 0.8757, 0.1243
0, 0.9633, 0.0367
1, 0.8757, 0.1243
1, 0.8758, 0.1242
1, 0.7675, 0.2325
1, 0.8729, 0.1271
1, 0.8726, 0.1274
1, 0.8729, 0.1271
1, 0.874, 0.126
1, 0.8726, 0.1274
1, 0.8737, 0.1263
1, 0.8726, 0.1274
1, 0.8743, 0.1257
1, 0.8731, 0.1269
1, 0.8726, 0.1274
1, 0.8737, 0.1263
1, 0.872, 0.128
1, 0.7658, 0.2342
1, 0.8726, 0.1274
1, 0.8743, 0.1257
1, 0.8757, 0.1243
1, 0.8736, 0.1264
1, 0.8726, 0.1274
1, 0.8755, 0.1245
1, 0.8745, 0.1255
1, 0.8727, 0.1273
1, 0.8729, 0.1271
1, 0.8729, 0.1271
1, 0.8757, 0.1243
1, 0.8757, 0.1243
1, 0.8704, 0.1296
1, 0.8714, 0.1286
1, 0.8739, 0.1261
1, 0.8722, 0.1278
1, 0.8749, 0.1251
0, 0.9631, 0.0369
1, 0.8737, 0.1263
1, 0.8731, 0.1269
1, 0.8745, 0.1255
1, 0.8742, 0.1258
1, 0.875, 0.125
1, 0.8734, 0.1266
0, 0.9637, 0.0363
1, 0.8745, 0.1255
1, 0.8745, 0.1255
1, 0.8729, 0.1271
1, 0.8758, 0.1242
1, 0.8705, 0.1295
1, 0.873, 0.127
1, 0.8724, 0.1276
1, 0.875, 0.125
1, 0.8758, 0.1242
1, 0.8699, 0.1301
1, 0.8709, 0.1291
1, 0.8758, 0.1242
1, 0.871, 0.129
1, 0.8735, 0.1265
1, 0.8734, 0.1266
1, 0.8708, 0.1292
1, 0.8729, 0.1271
1, 0.8742, 0.1258
1, 0.8739, 0.1261
1, 0.8745, 0.1255
1, 0.8702, 0.1298
1, 0.8745, 0.1255
1, 0.8758, 0.1242
1, 0.875, 0.125
1, 0.8738, 0.1262
1, 0.8703, 0.1297
1, 0.874, 0.126
1, 0.874, 0.126
1, 0.8727, 0.1273
1, 0.8758, 0.1242
1, 0.8735, 0.1265
1, 0.8732, 0.1268
1, 0.8725, 0.1275
1, 0.8729, 0.1271
1, 0.8745, 0.1255
1, 0.8732, 0.1268
0, 0.9631, 0.0369
1, 0.8708, 0.1292
1, 0.8737, 0.1263
1, 0.8723, 0.1277
1, 0.8727, 0.1273
1, 0.8724, 0.1276
1, 0.8732, 0.1268
0, 0.9637, 0.0363
1, 0.8723, 0.1277
1, 0.8728, 0.1272
1, 0.8725, 0.1275
1, 0.8763, 0.1237
1, 0.8713, 0.1287
1, 0.8732, 0.1268
1, 0.8741, 0.1259
1, 0.7658, 0.2342
1, 0.8744, 0.1256
1, 0.8745, 0.1255
1, 0.8704, 0.1296
1, 0.8729, 0.1271
1, 0.8736, 0.1264
1, 0.8707, 0.1293
1, 0.8723, 0.1277
1, 0.875, 0.125
1, 0.8723, 0.1277
1, 0.8757, 0.1243
1, 0.8743, 0.1257
1, 0.8723, 0.1277
1, 0.8727, 0.1273
1, 0.8749, 0.1251
1, 0.872, 0.128
1, 0.8758, 0.1242
1, 0.8723, 0.1277
1, 0.8753, 0.1247
1, 0.8721, 0.1279
1, 0.8737, 0.1263
1, 0.8729, 0.1271
1, 0.8743, 0.1257
1, 0.8755, 0.1245
1, 0.8738, 0.1262
1, 0.874, 0.126
1, 0.8757, 0.1243
1, 0.8727, 0.1273
0, 0.9632, 0.0368
1, 0.8723, 0.1277
1, 0.8743, 0.1257
1, 0.8742, 0.1258
1, 0.8758, 0.1242
1, 0.8759, 0.1241
1, 0.8736, 0.1264
1, 0.8736, 0.1264
1, 0.8745, 0.1255
1, 0.8737, 0.1263
1, 0.8743, 0.1257
1, 0.8708, 0.1292
1, 0.8757, 0.1243
1, 0.8727, 0.1273
1, 0.8737, 0.1263
1, 0.8714, 0.1286
1, 0.7674, 0.2326
0, 0.9631, 0.0369
1, 0.875, 0.125
1, 0.8724, 0.1276
1, 0.8735, 0.1265
1, 0.874, 0.126
1, 0.8701, 0.1299
1, 0.8729, 0.1271
1, 0.8708, 0.1292
1, 0.8737, 0.1263
1, 0.8732, 0.1268
1, 0.8746, 0.1254
1, 0.8745, 0.1255
0, 0.9637, 0.0363
1, 0.8729, 0.1271
1, 0.8758, 0.1242
1, 0.874, 0.126
1, 0.8739, 0.1261
1, 0.8727, 0.1273
1, 0.8731, 0.1269
1, 0.8709, 0.1291
0, 0.9631, 0.0369
1, 0.874, 0.126
1, 0.8745, 0.1255
1, 0.8737, 0.1263
1, 0.8711, 0.1289
1, 0.8742, 0.1258
1, 0.8712, 0.1288
1, 0.8762, 0.1238
1, 0.8768, 0.1232
1, 0.8769, 0.1231
0, 0.9657, 0.0343
1, 0.8767, 0.1233
1, 0.8734, 0.1266
0, 0.9643, 0.0357
1, 0.8745, 0.1255
1, 0.8778, 0.1222
1, 0.8781, 0.1219
1, 0.8733, 0.1267
1, 0.8775, 0.1225
1, 0.8759, 0.1241
1, 0.8742, 0.1258
0, 0.9656, 0.0344
1, 0.8757, 0.1243
0, 0.9657, 0.0343
1, 0.8754, 0.1246
1, 0.8762, 0.1238
0, 0.9649, 0.0351
1, 0.8765, 0.1235
1, 0.8778, 0.1222
1, 0.8763, 0.1237
1, 0.8776, 0.1224
1, 0.8763, 0.1237
0, 0.9652, 0.0348
1, 0.8781, 0.1219
1, 0.8755, 0.1245
1, 0.8775, 0.1225
1, 0.8763, 0.1237
1, 0.8781, 0.1219
1, 0.876, 0.124
1, 0.8763, 0.1237
1, 0.8733, 0.1267
0, 0.9655, 0.0345
1, 0.8735, 0.1265
1, 0.8781, 0.1219
1, 0.8755, 0.1245
1, 0.8766, 0.1234
0, 0.9649, 0.0351
1, 0.8771, 0.1229
1, 0.876, 0.124
0, 0.9657, 0.0343
1, 0.8769, 0.1231
1, 0.8759, 0.1241
0, 0.9655, 0.0345
1, 0.8749, 0.1251
1, 0.8781, 0.1219
1, 0.8751, 0.1249
1, 0.8751, 0.1249
1, 0.885, 0.115
0, 0.9656, 0.0344
1, 0.8774, 0.1226
1, 0.8755, 0.1245
1, 0.8761, 0.1239
1, 0.875, 0.125
1, 0.8731, 0.1269
1, 0.8753, 0.1247
1, 0.8778, 0.1222
1, 0.8736, 0.1264
1, 0.8759, 0.1241
1, 0.8746, 0.1254
1, 0.8752, 0.1248
0, 0.9643, 0.0357
0, 0.9657, 0.0343
1, 0.8767, 0.1233
1, 0.8733, 0.1267
1, 0.8765, 0.1235
1, 0.8747, 0.1253
1, 0.8751, 0.1249
1, 0.876, 0.124
1, 0.8778, 0.1222
1, 0.8751, 0.1249
1, 0.8775, 0.1225
1, 0.8744, 0.1256
0, 0.9657, 0.0343
0, 0.9644, 0.0356
1, 0.8775, 0.1225
1, 0.8768, 0.1232
1, 0.8743, 0.1257
1, 0.8764, 0.1236
1, 0.8741, 0.1259
1, 0.8763, 0.1237
1, 0.8759, 0.1241
0, 0.9655, 0.0345
1, 0.8735, 0.1265
1, 0.8746, 0.1254
1, 0.8754, 0.1246
1, 0.8759, 0.1241
1, 0.876, 0.124
1, 0.8734, 0.1266
1, 0.8771, 0.1229
0, 0.9653, 0.0347
0, 0.9643, 0.0357
0, 0.9662, 0.0338
1, 0.8748, 0.1252
1, 0.8781, 0.1219
1, 0.8743, 0.1257
1, 0.8722, 0.1278
1, 0.874, 0.126
1, 0.8781, 0.1219
1, 0.8751, 0.1249
1, 0.8741, 0.1259
0, 0.9655, 0.0345
1, 0.8749, 0.1251
1, 0.8763, 0.1237
1, 0.8736, 0.1264
1, 0.8767, 0.1233
1, 0.8741, 0.1259
1, 0.8749, 0.1251
1, 0.8766, 0.1234
0, 0.9657, 0.0343
1, 0.8751, 0.1249
1, 0.8732, 0.1268
1, 0.8781, 0.1219
1, 0.877, 0.123
1, 0.8751, 0.1249
1, 0.8719, 0.1281
1, 0.8774, 0.1226
1, 0.8764, 0.1236
0, 0.9655, 0.0345
1, 0.8749, 0.1251
0, 0.9657, 0.0343
1, 0.8754, 0.1246
1, 0.8752, 0.1248
1, 0.8757, 0.1243
1, 0.8771, 0.1229
1, 0.8732, 0.1268
1, 0.8761, 0.1239
1, 0.874, 0.126
1, 0.8735, 0.1265
1, 0.8736, 0.1264
1, 0.8736, 0.1264
1, 0.8746, 0.1254
1, 0.876, 0.124
1, 0.8751, 0.1249
0, 0.9655, 0.0345
1, 0.8733, 0.1267
1, 0.877, 0.123
0, 0.9643, 0.0357
1, 0.876, 0.124
1, 0.8758, 0.1242
1, 0.8751, 0.1249
1, 0.8733, 0.1267
1, 0.8763, 0.1237
1, 0.8766, 0.1234
1, 0.8781, 0.1219
1, 0.8751, 0.1249
1, 0.8781, 0.1219
1, 0.8749, 0.1251
0, 0.9643, 0.0357
1, 0.8754, 0.1246
1, 0.8754, 0.1246
1, 0.8781, 0.1219
1, 0.873, 0.127
1, 0.8771, 0.1229
1, 0.8736, 0.1264
1, 0.8751, 0.1249
1, 0.8763, 0.1237
1, 0.8756, 0.1244
0, 0.965, 0.035
1, 0.8767, 0.1233
1, 0.8751, 0.1249
1, 0.8726, 0.1274
1, 0.8733, 0.1267
0, 0.9644, 0.0356
1, 0.8781, 0.1219
1, 0.876, 0.124
1, 0.8763, 0.1237
1, 0.8768, 0.1232
1, 0.8781, 0.1219
0, 0.9652, 0.0348
1, 0.8775, 0.1225
1, 0.8765, 0.1235
1, 0.8739, 0.1261
1, 0.8751, 0.1249
1, 0.8781, 0.1219
1, 0.8762, 0.1238
1, 0.8757, 0.1243
1, 0.8767, 0.1233
1, 0.8774, 0.1226
1, 0.8733, 0.1267
1, 0.8781, 0.1219
1, 0.8761, 0.1239
1, 0.8774, 0.1226
1, 0.876, 0.124
1, 0.8752, 0.1248
1, 0.8752, 0.1248
1, 0.8768, 0.1232
1, 0.8757, 0.1243
1, 0.8774, 0.1226
1, 0.877, 0.123
1, 0.8766, 0.1234
1, 0.8767, 0.1233
1, 0.8768, 0.1232
1, 0.8733, 0.1267
1, 0.876, 0.124
1, 0.8775, 0.1225
1, 0.8775, 0.1225
1, 0.8768, 0.1232
1, 0.8766, 0.1234
1, 0.8759, 0.1241
1, 0.8775, 0.1225
1, 0.8764, 0.1236
1, 0.8763, 0.1237
1, 0.8759, 0.1241
1, 0.8765, 0.1235
1, 0.8761, 0.1239
1, 0.8747, 0.1253
0, 0.9643, 0.0357
1, 0.8743, 0.1257
1, 0.8754, 0.1246
0, 0.9652, 0.0348
1, 0.8721, 0.1279
1, 0.8781, 0.1219
1, 0.8775, 0.1225
1, 0.8763, 0.1237
1, 0.8764, 0.1236
1, 0.8721, 0.1279
1, 0.8746, 0.1254
1, 0.8735, 0.1265
1, 0.8781, 0.1219
1, 0.8751, 0.1249
1, 0.8747, 0.1253
1, 0.8751, 0.1249
0, 0.9643, 0.0357
1, 0.8759, 0.1241
1, 0.8751, 0.1249
0, 0.9643, 0.0357
1, 0.8751, 0.1249
1, 0.8754, 0.1246
1, 0.8751, 0.1249
1, 0.8775, 0.1225
1, 0.8748, 0.1252
1, 0.8766, 0.1234
0, 0.9643, 0.0357
1, 0.8751, 0.1249
0, 0.9661, 0.0339
1, 0.8727, 0.1273
1, 0.8757, 0.1243
1, 0.8769, 0.1231
1, 0.8754, 0.1246
1, 0.8741, 0.1259
1, 0.8747, 0.1253
1, 0.8738, 0.1262
1, 0.8749, 0.1251
1, 0.8768, 0.1232
1, 0.8761, 0.1239
1, 0.8781, 0.1219
1, 0.8767, 0.1233
1, 0.8736, 0.1264
1, 0.8733, 0.1267
1, 0.8751, 0.1249
1, 0.8734, 0.1266
1, 0.8732, 0.1268
0, 0.9649, 0.0351
1, 0.8748, 0.1252
1, 0.8747, 0.1253
0, 0.9644, 0.0356
1, 0.876, 0.124
1, 0.8781, 0.1219
1, 0.8731, 0.1269
1, 0.8751, 0.1249
1, 0.8763, 0.1237
1, 0.8751, 0.1249
1, 0.8735, 0.1265
1, 0.8772, 0.1228
1, 0.8768, 0.1232
1, 0.8781, 0.1219
1, 0.8749, 0.1251
1, 0.8774, 0.1226
1, 0.8754, 0.1246
1, 0.8775, 0.1225
1, 0.8756, 0.1244
1, 0.8768, 0.1232
1, 0.8719, 0.1281
1, 0.8719, 0.1281
1, 0.8732, 0.1268
1, 0.8762, 0.1238
1, 0.8751, 0.1249
1, 0.8767, 0.1233
1, 0.8761, 0.1239
1, 0.8763, 0.1237
1, 0.8781, 0.1219
1, 0.8733, 0.1267
1, 0.8774, 0.1226
0, 0.9643, 0.0357
1, 0.8775, 0.1225
1, 0.8735, 0.1265
1, 0.8781, 0.1219
1, 0.8759, 0.1241
1, 0.876, 0.124
1, 0.8761, 0.1239
1, 0.8753, 0.1247
1, 0.8753, 0.1247
1, 0.8757, 0.1243
1, 0.8775, 0.1225
1, 0.8753, 0.1247
1, 0.8751, 0.1249
1, 0.8768, 0.1232
1, 0.8751, 0.1249
1, 0.8763, 0.1237
1, 0.8781, 0.1219
1, 0.8767, 0.1233
1, 0.8767, 0.1233
1, 0.8736, 0.1264
1, 0.876, 0.124
1, 0.8757, 0.1243
0, 0.965, 0.035
1, 0.8772, 0.1228
1, 0.8733, 0.1267
1, 0.8751, 0.1249
1, 0.876, 0.124
1, 0.8762, 0.1238
1, 0.8766, 0.1234
1, 0.8781, 0.1219
1, 0.875, 0.125
1, 0.876, 0.124
1, 0.8721, 0.1279
0, 0.9643, 0.0357
1, 0.8756, 0.1244
1, 0.8768, 0.1232
1, 0.872, 0.128
1, 0.877, 0.123
1, 0.8754, 0.1246
1, 0.8733, 0.1267
1, 0.8753, 0.1247
1, 0.872, 0.128
1, 0.8768, 0.1232
1, 0.8767, 0.1233
1, 0.8781, 0.1219
1, 0.8733, 0.1267
1, 0.8775, 0.1225
1, 0.8751, 0.1249
1, 0.8775, 0.1225
1, 0.8781, 0.1219
0, 0.9649, 0.0351
1, 0.876, 0.124
1, 0.8766, 0.1234
1, 0.8766, 0.1234
1, 0.8751, 0.1249
1, 0.8775, 0.1225
1, 0.8763, 0.1237
1, 0.8769, 0.1231
1, 0.8759, 0.1241
1, 0.8735, 0.1265
1, 0.8767, 0.1233
1, 0.8768, 0.1232
1, 0.8766, 0.1234
1, 0.877, 0.123
1, 0.8734, 0.1266
0, 0.9643, 0.0357
1, 0.8751, 0.1249
1, 0.8751, 0.1249
1, 0.8757, 0.1243
1, 0.8781, 0.1219
1, 0.877, 0.123
1, 0.8748, 0.1252
1, 0.8764, 0.1236
1, 0.8735, 0.1265
1, 0.8775, 0.1225
1, 0.8722, 0.1278
1, 0.876, 0.124
1, 0.8734, 0.1266
1, 0.8767, 0.1233
1, 0.8741, 0.1259
1, 0.876, 0.124
1, 0.8763, 0.1237
1, 0.8766, 0.1234
1, 0.8762, 0.1238
0, 0.9652, 0.0348
1, 0.8733, 0.1267
1, 0.877, 0.123
1, 0.8759, 0.1241
1, 0.8781, 0.1219
1, 0.8775, 0.1225
1, 0.8776, 0.1224
1, 0.8735, 0.1265
1, 0.876, 0.124
1, 0.8768, 0.1232
1, 0.8771, 0.1229
1, 0.8749, 0.1251
1, 0.876, 0.124
1, 0.8728, 0.1272
1, 0.8753, 0.1247
1, 0.8768, 0.1232
1, 0.8781, 0.1219
1, 0.8756, 0.1244
1, 0.8775, 0.1225
1, 0.876, 0.124
1, 0.8746, 0.1254
1, 0.8767, 0.1233
1, 0.8754, 0.1246
1, 0.8781, 0.1219
1, 0.8766, 0.1234
1, 0.8751, 0.1249
1, 0.8721, 0.1279
1, 0.8766, 0.1234
1, 0.8759, 0.1241
1, 0.8759, 0.1241
1, 0.8735, 0.1265
1, 0.8763, 0.1237
1, 0.875, 0.125
1, 0.8751, 0.1249
1, 0.8751, 0.1249
1, 0.8728, 0.1272
1, 0.8764, 0.1236
1, 0.8735, 0.1265
1, 0.8737, 0.1263
1, 0.8764, 0.1236
0, 0.9644, 0.0356
1, 0.8748, 0.1252
1, 0.876, 0.124
1, 0.8749, 0.1251
1, 0.876, 0.124
1, 0.876, 0.124
1, 0.8762, 0.1238
1, 0.8734, 0.1266
1, 0.8762, 0.1238
1, 0.872, 0.128
1, 0.8776, 0.1224
1, 0.8734, 0.1266
1, 0.8776, 0.1224
1, 0.8751, 0.1249
1, 0.8768, 0.1232
1, 0.876, 0.124
1, 0.8735, 0.1265
1, 0.876, 0.124
0, 0.9643, 0.0357
0, 0.9653, 0.0347
1, 0.8752, 0.1248
1, 0.8751, 0.1249
1, 0.8736, 0.1264
1, 0.8748, 0.1252
0, 0.9643, 0.0357
1, 0.8748, 0.1252
1, 0.8751, 0.1249
0, 0.9652, 0.0348
1, 0.8743, 0.1257
1, 0.8743, 0.1257
0, 0.9643, 0.0357
1, 0.8763, 0.1237
1, 0.8746, 0.1254
1, 0.8729, 0.1271
0, 0.9652, 0.0348
1, 0.8746, 0.1254
1, 0.8766, 0.1234
1, 0.8751, 0.1249
1, 0.8781, 0.1219
1, 0.8763, 0.1237
1, 0.8763, 0.1237
1, 0.8733, 0.1267
1, 0.8749, 0.1251
1, 0.8781, 0.1219
1, 0.8749, 0.1251
0, 0.9652, 0.0348
1, 0.8781, 0.1219
1, 0.8748, 0.1252
1, 0.8781, 0.1219
1, 0.8742, 0.1258
1, 0.8763, 0.1237
1, 0.8733, 0.1267
1, 0.8775, 0.1225
1, 0.8739, 0.1261
1, 0.8759, 0.1241
1, 0.8734, 0.1266
1, 0.8781, 0.1219
1, 0.8781, 0.1219
1, 0.8733, 0.1267
1, 0.876, 0.124
1, 0.8733, 0.1267
1, 0.8757, 0.1243
1, 0.8781, 0.1219
1, 0.885, 0.115
1, 0.885, 0.115
1, 0.8767, 0.1233
1, 0.8753, 0.1247
1, 0.8781, 0.1219
1, 0.8759, 0.1241
1, 0.8733, 0.1267
1, 0.8733, 0.1267
1, 0.8771, 0.1229
1, 0.8767, 0.1233
1, 0.8761, 0.1239
1, 0.876, 0.124
1, 0.8749, 0.1251
1, 0.8733, 0.1267
1, 0.8751, 0.1249
1, 0.8756, 0.1244
1, 0.8751, 0.1249
1, 0.8768, 0.1232
1, 0.876, 0.124
0, 0.9643, 0.0357
1, 0.8767, 0.1233
0, 0.9643, 0.0357
1, 0.8733, 0.1267
1, 0.8769, 0.1231
1, 0.8767, 0.1233
1, 0.8768, 0.1232
1, 0.8751, 0.1249
1, 0.8759, 0.1241
1, 0.876, 0.124
1, 0.8759, 0.1241
1, 0.8763, 0.1237
1, 0.8775, 0.1225
0, 0.965, 0.035
1, 0.8768, 0.1232
1, 0.873, 0.127
0, 0.965, 0.035
1, 0.8734, 0.1266
1, 0.8721, 0.1279
1, 0.8776, 0.1224
1, 0.8763, 0.1237
1, 0.8725, 0.1275
1, 0.8741, 0.1259
1, 0.8767, 0.1233
0, 0.9643, 0.0357
1, 0.8762, 0.1238
1, 0.8774, 0.1226
1, 0.8767, 0.1233
1, 0.8781, 0.1219
1, 0.8731, 0.1269
1, 0.8761, 0.1239
1, 0.8733, 0.1267
1, 0.8763, 0.1237
0, 0.9652, 0.0348
1, 0.8751, 0.1249
1, 0.8751, 0.1249
1, 0.8752, 0.1248
1, 0.876, 0.124
1, 0.8721, 0.1279
1, 0.8781, 0.1219
1, 0.8751, 0.1249
0, 0.9643, 0.0357
1, 0.8767, 0.1233
1, 0.8754, 0.1246
1, 0.8768, 0.1232
1, 0.8775, 0.1225
1, 0.872, 0.128
1, 0.8768, 0.1232
1, 0.8754, 0.1246
1, 0.8753, 0.1247
1, 0.8781, 0.1219
1, 0.8749, 0.1251
1, 0.8769, 0.1231
1, 0.8757, 0.1243
1, 0.872, 0.128
1, 0.8763, 0.1237
1, 0.8734, 0.1266
1, 0.8767, 0.1233
1, 0.8751, 0.1249
1, 0.8761, 0.1239
1, 0.8733, 0.1267
1, 0.8781, 0.1219
1, 0.8735, 0.1265
1, 0.8751, 0.1249
1, 0.8775, 0.1225
1, 0.8785, 0.1215
1, 0.876, 0.124
1, 0.8774, 0.1226
1, 0.8761, 0.1239
1, 0.875, 0.125
0, 0.9649, 0.0351
1, 0.876, 0.124
1, 0.8768, 0.1232
1, 0.8757, 0.1243
1, 0.8751, 0.1249
1, 0.8767, 0.1233
1, 0.8748, 0.1252
1, 0.8749, 0.1251
1, 0.8752, 0.1248
0, 0.9641, 0.0359
1, 0.8722, 0.1278
1, 0.8767, 0.1233
1, 0.8721, 0.1279
1, 0.8732, 0.1268
1, 0.8769, 0.1231
1, 0.8751, 0.1249
1, 0.8733, 0.1267
1, 0.877, 0.123
0, 0.9638, 0.0362
1, 0.8766, 0.1234
0, 0.9643, 0.0357
1, 0.8734, 0.1266
1, 0.876, 0.124
1, 0.8731, 0.1269
1, 0.877, 0.123
1, 0.8775, 0.1225
0, 0.9643, 0.0357
1, 0.8768, 0.1232
1, 0.8751, 0.1249
1, 0.8762, 0.1238
1, 0.8734, 0.1266
1, 0.8748, 0.1252
1, 0.8751, 0.1249
1, 0.8775, 0.1225
1, 0.8776, 0.1224
0, 0.9652, 0.0348
1, 0.8774, 0.1226
1, 0.8792, 0.1208
1, 0.8754, 0.1246
1, 0.8751, 0.1249
1, 0.8751, 0.1249
1, 0.8766, 0.1234
1, 0.8766, 0.1234
1, 0.8759, 0.1241
1, 0.876, 0.124
1, 0.8763, 0.1237
1, 0.8734, 0.1266
0, 0.9643, 0.0357
1, 0.877, 0.123
1, 0.8735, 0.1265
1, 0.8759, 0.1241
1, 0.8781, 0.1219
1, 0.8729, 0.1271
1, 0.8749, 0.1251
1, 0.8781, 0.1219
1, 0.8747, 0.1253
1, 0.8754, 0.1246
1, 0.8763, 0.1237
1, 0.8751, 0.1249
1, 0.8775, 0.1225
1, 0.8768, 0.1232
1, 0.8776, 0.1224
1, 0.8781, 0.1219
1, 0.8733, 0.1267
1, 0.8766, 0.1234
1, 0.8753, 0.1247
0, 0.9652, 0.0348
1, 0.8743, 0.1257
1, 0.8751, 0.1249
1, 0.8759, 0.1241
1, 0.8771, 0.1229
1, 0.8767, 0.1233
1, 0.8769, 0.1231
1, 0.8763, 0.1237
1, 0.8733, 0.1267
1, 0.8746, 0.1254
1, 0.8751, 0.1249
1, 0.876, 0.124
1, 0.8756, 0.1244
1, 0.8781, 0.1219
1, 0.874, 0.126
1, 0.8754, 0.1246
1, 0.8768, 0.1232
1, 0.8767, 0.1233
1, 0.8749, 0.1251
1, 0.8749, 0.1251
1, 0.8761, 0.1239
1, 0.8733, 0.1267
1, 0.8721, 0.1279
1, 0.8774, 0.1226
1, 0.8781, 0.1219
1, 0.8733, 0.1267
1, 0.8751, 0.1249
1, 0.8741, 0.1259
1, 0.876, 0.124
1, 0.8775, 0.1225
1, 0.876, 0.124
1, 0.8751, 0.1249
1, 0.8736, 0.1264
1, 0.8751, 0.1249
1, 0.8752, 0.1248
1, 0.8735, 0.1265
1, 0.8768, 0.1232
1, 0.8751, 0.1249
1, 0.8732, 0.1268
1, 0.8757, 0.1243
1, 0.8749, 0.1251
1, 0.8767, 0.1233
1, 0.8738, 0.1262
0, 0.9643, 0.0357
1, 0.8774, 0.1226
1, 0.8757, 0.1243
1, 0.8768, 0.1232
1, 0.8781, 0.1219
1, 0.8742, 0.1258
1, 0.8751, 0.1249
1, 0.8751, 0.1249
1, 0.8771, 0.1229
1, 0.8741, 0.1259
1, 0.8748, 0.1252
1, 0.8743, 0.1257
1, 0.8744, 0.1256
1, 0.8767, 0.1233
1, 0.8737, 0.1263
0, 0.9643, 0.0357
1, 0.8751, 0.1249
1, 0.8743, 0.1257
1, 0.874, 0.126
1, 0.8753, 0.1247
1, 0.8751, 0.1249
1, 0.8733, 0.1267
1, 0.8775, 0.1225
1, 0.8756, 0.1244
1, 0.8732, 0.1268
1, 0.8738, 0.1262
1, 0.8743, 0.1257
1, 0.8763, 0.1237
1, 0.876, 0.124
1, 0.8767, 0.1233
1, 0.8758, 0.1242
1, 0.8753, 0.1247
1, 0.8751, 0.1249
1, 0.8746, 0.1254
0, 0.9643, 0.0357
1, 0.8781, 0.1219
1, 0.8775, 0.1225
1, 0.8742, 0.1258
1, 0.8768, 0.1232
1, 0.8764, 0.1236
0, 0.9643, 0.0357
0, 0.9649, 0.0351
1, 0.8733, 0.1267
1, 0.8747, 0.1253
1, 0.8751, 0.1249
1, 0.8736, 0.1264
0, 0.9643, 0.0357
0, 0.9657, 0.0343
1, 0.8741, 0.1259
1, 0.8759, 0.1241
1, 0.876, 0.124
1, 0.8738, 0.1262
1, 0.8732, 0.1268
1, 0.8749, 0.1251
1, 0.8729, 0.1271
1, 0.8763, 0.1237
1, 0.8768, 0.1232
1, 0.8751, 0.1249
0, 0.9638, 0.0362
1, 0.8752, 0.1248
1, 0.8751, 0.1249
1, 0.8742, 0.1258
1, 0.8781, 0.1219
1, 0.8763, 0.1237
0, 0.9661, 0.0339
1, 0.8739, 0.1261
1, 0.8754, 0.1246
1, 0.8778, 0.1222
0, 0.9644, 0.0356
1, 0.8741, 0.1259
1, 0.8767, 0.1233
1, 0.8752, 0.1248
1, 0.8734, 0.1266
1, 0.8746, 0.1254
0, 0.9655, 0.0345
1, 0.8763, 0.1237
1, 0.8756, 0.1244
1, 0.8775, 0.1225
1, 0.8739, 0.1261
1, 0.8733, 0.1267
0, 0.9643, 0.0357
1, 0.8749, 0.1251
1, 0.8781, 0.1219
1, 0.8751, 0.1249
1, 0.8753, 0.1247
1, 0.8769, 0.1231
1, 0.8748, 0.1252
1, 0.8778, 0.1222
1, 0.8774, 0.1226
1, 0.8763, 0.1237
1, 0.8732, 0.1268
1, 0.8738, 0.1262
1, 0.8723, 0.1277
1, 0.8746, 0.1254
1, 0.8769, 0.1231
1, 0.8751, 0.1249
1, 0.8761, 0.1239
0, 0.965, 0.035
0, 0.9657, 0.0343
1, 0.8752, 0.1248
1, 0.8763, 0.1237
1, 0.8747, 0.1253
1, 0.8757, 0.1243
1, 0.875, 0.125
1, 0.8774, 0.1226
1, 0.8739, 0.1261
1, 0.876, 0.124
1, 0.8761, 0.1239
1, 0.8781, 0.1219
1, 0.875, 0.125
1, 0.8774, 0.1226
1, 0.8721, 0.1279
0, 0.9655, 0.0345
1, 0.8767, 0.1233
1, 0.877, 0.123
1, 0.8744, 0.1256
1, 0.8751, 0.1249
1, 0.8752, 0.1248
1, 0.8719, 0.1281
1, 0.8767, 0.1233
1, 0.8733, 0.1267
1, 0.8732, 0.1268
0, 0.9657, 0.0343
1, 0.8752, 0.1248
1, 0.8752, 0.1248
1, 0.8761, 0.1239
0, 0.9643, 0.0357
1, 0.8733, 0.1267
1, 0.8781, 0.1219
1, 0.876, 0.124
1, 0.877, 0.123
1, 0.8743, 0.1257
1, 0.8735, 0.1265
1, 0.8766, 0.1234
1, 0.8772, 0.1228
1, 0.8761, 0.1239
1, 0.8754, 0.1246
1, 0.8781, 0.1219
0, 0.9655, 0.0345
1, 0.876, 0.124
1, 0.8759, 0.1241
1, 0.8768, 0.1232
1, 0.8775, 0.1225
1, 0.8766, 0.1234
1, 0.8752, 0.1248
1, 0.8747, 0.1253
1, 0.8778, 0.1222
1, 0.8768, 0.1232
1, 0.8756, 0.1244
1, 0.8763, 0.1237
0, 0.9657, 0.0343
0, 0.965, 0.035
1, 0.8767, 0.1233
1, 0.8751, 0.1249
1, 0.8775, 0.1225
1, 0.8757, 0.1243
1, 0.8754, 0.1246
1, 0.8767, 0.1233
1, 0.8774, 0.1226
1, 0.8733, 0.1267
1, 0.8769, 0.1231
1, 0.8751, 0.1249
1, 0.8751, 0.1249
1, 0.8751, 0.1249
1, 0.8733, 0.1267
1, 0.8727, 0.1273
1, 0.8766, 0.1234
0, 0.9656, 0.0344
1, 0.8736, 0.1264
1, 0.8769, 0.1231
1, 0.8759, 0.1241
1, 0.8766, 0.1234
1, 0.8781, 0.1219
0, 0.9643, 0.0357
1, 0.876, 0.124
1, 0.8762, 0.1238
1, 0.8781, 0.1219
1, 0.8733, 0.1267
1, 0.8778, 0.1222
1, 0.8775, 0.1225
1, 0.8753, 0.1247
0, 0.9657, 0.0343
1, 0.8751, 0.1249
1, 0.8761, 0.1239
1, 0.875, 0.125
1, 0.8768, 0.1232
1, 0.876, 0.124
1, 0.8774, 0.1226
1, 0.8762, 0.1238
1, 0.8731, 0.1269
1, 0.8721, 0.1279
1, 0.8747, 0.1253
1, 0.8768, 0.1232
1, 0.8766, 0.1234
1, 0.8776, 0.1224
1, 0.8781, 0.1219
0, 0.9655, 0.0345
1, 0.8752, 0.1248
0, 0.9649, 0.0351
1, 0.885, 0.115
1, 0.8734, 0.1266
0, 0.9649, 0.0351
1, 0.876, 0.124
1, 0.8762, 0.1238
1, 0.8743, 0.1257
1, 0.8778, 0.1222
1, 0.876, 0.124
1, 0.8776, 0.1224
1, 0.8763, 0.1237
0, 0.9657, 0.0343
1, 0.8751, 0.1249
1, 0.8733, 0.1267
1, 0.877, 0.123
1, 0.8759, 0.1241
1, 0.8746, 0.1254
1, 0.8775, 0.1225
1, 0.885, 0.115
1, 0.8754, 0.1246
1, 0.8781, 0.1219
1, 0.8769, 0.1231
1, 0.8727, 0.1273
1, 0.8762, 0.1238
0, 0.9655, 0.0345
1, 0.8775, 0.1225
1, 0.8775, 0.1225
1, 0.8733, 0.1267
1, 0.8733, 0.1267
1, 0.8751, 0.1249
1, 0.8751, 0.1249
1, 0.8748, 0.1252
1, 0.8736, 0.1264
1, 0.8767, 0.1233
0, 0.9657, 0.0343
1, 0.876, 0.124
0, 0.9655, 0.0345
1, 0.8751, 0.1249
1, 0.8768, 0.1232
0, 0.9657, 0.0343
0, 0.9643, 0.0357
1, 0.8759, 0.1241
1, 0.8766, 0.1234
0, 0.9655, 0.0345
1, 0.8752, 0.1248
1, 0.8771, 0.1229
0, 0.9649, 0.0351
0, 0.9657, 0.0343
1, 0.8763, 0.1237
1, 0.8763, 0.1237
1, 0.8734, 0.1266
1, 0.8766, 0.1234
0, 0.9655, 0.0345
1, 0.8781, 0.1219
1, 0.7667, 0.2333
1, 0.8753, 0.1247
1, 0.875, 0.125
1, 0.8765, 0.1235
1, 0.8781, 0.1219
1, 0.8754, 0.1246
0, 0.9655, 0.0345
1, 0.8775, 0.1225
1, 0.8737, 0.1263
1, 0.873, 0.127
1, 0.8736, 0.1264
1, 0.8753, 0.1247
1, 0.8753, 0.1247
1, 0.8757, 0.1243
1, 0.8765, 0.1235
1, 0.875, 0.125
1, 0.8767, 0.1233
1, 0.8762, 0.1238
1, 0.8733, 0.1267
1, 0.8751, 0.1249
1, 0.876, 0.124
1, 0.876, 0.124
0, 0.9644, 0.0356
1, 0.8767, 0.1233
1, 0.8751, 0.1249
1, 0.8768, 0.1232
1, 0.8763, 0.1237
1, 0.8735, 0.1265
1, 0.875, 0.125
0, 0.9652, 0.0348
1, 0.8764, 0.1236
1, 0.8766, 0.1234
1, 0.8737, 0.1263
1, 0.8739, 0.1261
1, 0.877, 0.123
1, 0.8781, 0.1219
1, 0.8754, 0.1246
1, 0.8737, 0.1263
1, 0.8754, 0.1246
1, 0.8775, 0.1225
1, 0.8781, 0.1219
1, 0.8735, 0.1265
1, 0.8766, 0.1234
1, 0.8774, 0.1226
1, 0.8752, 0.1248
1, 0.8759, 0.1241
1, 0.8774, 0.1226
1, 0.8739, 0.1261
1, 0.8751, 0.1249
1, 0.8757, 0.1243
1, 0.8753, 0.1247
1, 0.8736, 0.1264
1, 0.8754, 0.1246
1, 0.8751, 0.1249
1, 0.8733, 0.1267
1, 0.8763, 0.1237
1, 0.8767, 0.1233
1, 0.8763, 0.1237
1, 0.8763, 0.1237
1, 0.8781, 0.1219
1, 0.8733, 0.1267
1, 0.8781, 0.1219
1, 0.8745, 0.1255
1, 0.8781, 0.1219
1, 0.8781, 0.1219
1, 0.8735, 0.1265
1, 0.876, 0.124
1, 0.8751, 0.1249
1, 0.874, 0.126
1, 0.8741, 0.1259
1, 0.877, 0.123
1, 0.8781, 0.1219
1, 0.8781, 0.1219
1, 0.8741, 0.1259
1, 0.8768, 0.1232
1, 0.8751, 0.1249
1, 0.8781, 0.1219
1, 0.8781, 0.1219
1, 0.8785, 0.1215
1, 0.8765, 0.1235
1, 0.876, 0.124
1, 0.8775, 0.1225
1, 0.8771, 0.1229
1, 0.8774, 0.1226
1, 0.8768, 0.1232
1, 0.875, 0.125
1, 0.875, 0.125
1, 0.8754, 0.1246
1, 0.8771, 0.1229
1, 0.8754, 0.1246
1, 0.8754, 0.1246
1, 0.8757, 0.1243
1, 0.8756, 0.1244
1, 0.8733, 0.1267
1, 0.874, 0.126
1, 0.8751, 0.1249
1, 0.8732, 0.1268
1, 0.8719, 0.1281
1, 0.8767, 0.1233
1, 0.8781, 0.1219
0, 0.965, 0.035
1, 0.8767, 0.1233
1, 0.8767, 0.1233
1, 0.8751, 0.1249
1, 0.8733, 0.1267
1, 0.8775, 0.1225
1, 0.8741, 0.1259
1, 0.8733, 0.1267
1, 0.8733, 0.1267
1, 0.8768, 0.1232
1, 0.8767, 0.1233
1, 0.8735, 0.1265
1, 0.876, 0.124
1, 0.8775, 0.1225
1, 0.876, 0.124
1, 0.876, 0.124
1, 0.8746, 0.1254
1, 0.8775, 0.1225
1, 0.8763, 0.1237
1, 0.8764, 0.1236
1, 0.8768, 0.1232
1, 0.8768, 0.1232
1, 0.8768, 0.1232
1, 0.8759, 0.1241
1, 0.872, 0.128
1, 0.8745, 0.1255
1, 0.8741, 0.1259
1, 0.8769, 0.1231
1, 0.8747, 0.1253
1, 0.8751, 0.1249
1, 0.8769, 0.1231
1, 0.8767, 0.1233
1, 0.8764, 0.1236
1, 0.8754, 0.1246
0, 0.9643, 0.0357
1, 0.8775, 0.1225
1, 0.8752, 0.1248
1, 0.8775, 0.1225
1, 0.8769, 0.1231
1, 0.8751, 0.1249
1, 0.8762, 0.1238
1, 0.8774, 0.1226
1, 0.8762, 0.1238
1, 0.8751, 0.1249
1, 0.8721, 0.1279
1, 0.8776, 0.1224
0, 0.9644, 0.0356
1, 0.8742, 0.1258
1, 0.8776, 0.1224
1, 0.8774, 0.1226
1, 0.8751, 0.1249
1, 0.8762, 0.1238
0, 0.9649, 0.0351
1, 0.878, 0.122
1, 0.874, 0.126
1, 0.876, 0.124
1, 0.876, 0.124
1, 0.8753, 0.1247
1, 0.8733, 0.1267
1, 0.8763, 0.1237
1, 0.8749, 0.1251
1, 0.8751, 0.1249
1, 0.875, 0.125
1, 0.8774, 0.1226
1, 0.8781, 0.1219
1, 0.8746, 0.1254
1, 0.8754, 0.1246
0, 0.9652, 0.0348
1, 0.8732, 0.1268
1, 0.8719, 0.1281
1, 0.874, 0.126
1, 0.875, 0.125
1, 0.8762, 0.1238
1, 0.8762, 0.1238
1, 0.8753, 0.1247
1, 0.8754, 0.1246
1, 0.8754, 0.1246
1, 0.8757, 0.1243
1, 0.8764, 0.1236
1, 0.8735, 0.1265
1, 0.8781, 0.1219
1, 0.8742, 0.1258
1, 0.8756, 0.1244
1, 0.8767, 0.1233
1, 0.8771, 0.1229
1, 0.8763, 0.1237
1, 0.8742, 0.1258
1, 0.8769, 0.1231
1, 0.8761, 0.1239
1, 0.8751, 0.1249
1, 0.8751, 0.1249
1, 0.8751, 0.1249
1, 0.8769, 0.1231
1, 0.8761, 0.1239
1, 0.8751, 0.1249
1, 0.8751, 0.1249
1, 0.8769, 0.1231
1, 0.8756, 0.1244
1, 0.8746, 0.1254
1, 0.8747, 0.1253
1, 0.8742, 0.1258
1, 0.8775, 0.1225
1, 0.8751, 0.1249
1, 0.8745, 0.1255
1, 0.8761, 0.1239
1, 0.8761, 0.1239
1, 0.8752, 0.1248
1, 0.8769, 0.1231
1, 0.8763, 0.1237
1, 0.8749, 0.1251
1, 0.8762, 0.1238
0, 0.9643, 0.0357
1, 0.8733, 0.1267
1, 0.8767, 0.1233
1, 0.8753, 0.1247
1, 0.8759, 0.1241
1, 0.8741, 0.1259
1, 0.8733, 0.1267
1, 0.876, 0.124
1, 0.8742, 0.1258
1, 0.8751, 0.1249
1, 0.8754, 0.1246
1, 0.8768, 0.1232
1, 0.8735, 0.1265
1, 0.8761, 0.1239
1, 0.8698, 0.1302
1, 0.8708, 0.1292
1, 0.8737, 0.1263
1, 0.8745, 0.1255
1, 0.8745, 0.1255
1, 0.8735, 0.1265
1, 0.8731, 0.1269
1, 0.871, 0.129
1, 0.8734, 0.1266
1, 0.8729, 0.1271
1, 0.8745, 0.1255
0, 0.9631, 0.0369
1, 0.8758, 0.1242
1, 0.8734, 0.1266
1, 0.8742, 0.1258
1, 0.8731, 0.1269
0, 0.9637, 0.0363
1, 0.8758, 0.1242
1, 0.8725, 0.1275
1, 0.8711, 0.1289
1, 0.8758, 0.1242
1, 0.875, 0.125
1, 0.8729, 0.1271
1, 0.8708, 0.1292
1, 0.875, 0.125
1, 0.8749, 0.1251
1, 0.8828, 0.1172
1, 0.8738, 0.1262
1, 0.8736, 0.1264
1, 0.8706, 0.1294
1, 0.8711, 0.1289
1, 0.8745, 0.1255
1, 0.8708, 0.1292
1, 0.8737, 0.1263
1, 0.8729, 0.1271
1, 0.8745, 0.1255
0, 0.9632, 0.0368
1, 0.8735, 0.1265
1, 0.8739, 0.1261
0, 0.9639, 0.0361
1, 0.8748, 0.1252
1, 0.8716, 0.1284
1, 0.8758, 0.1242
1, 0.8744, 0.1256
1, 0.874, 0.126
1, 0.8728, 0.1272
1, 0.8758, 0.1242
1, 0.8745, 0.1255
1, 0.8724, 0.1276
1, 0.8745, 0.1255
1, 0.8742, 0.1258
1, 0.873, 0.127
1, 0.8727, 0.1273
1, 0.8729, 0.1271
1, 0.8701, 0.1299
0, 0.9598, 0.0402
1, 0.874, 0.126
1, 0.872, 0.128
1, 0.8744, 0.1256
1, 0.8737, 0.1263
1, 0.874, 0.126
1, 0.8732, 0.1268
1, 0.8723, 0.1277
1, 0.8699, 0.1301
1, 0.8758, 0.1242
1, 0.874, 0.126
1, 0.8739, 0.1261
1, 0.8732, 0.1268
1, 0.8737, 0.1263
1, 0.8724, 0.1276
1, 0.874, 0.126
1, 0.8748, 0.1252
1, 0.8725, 0.1275
1, 0.875, 0.125
1, 0.8732, 0.1268
1, 0.8739, 0.1261
1, 0.8729, 0.1271
1, 0.8723, 0.1277
1, 0.8708, 0.1292
1, 0.8715, 0.1285
1, 0.8735, 0.1265
0, 0.9638, 0.0362
1, 0.8715, 0.1285
1, 0.8737, 0.1263
1, 0.8723, 0.1277
1, 0.875, 0.125
1, 0.8758, 0.1242
1, 0.8737, 0.1263
1, 0.8703, 0.1297
1, 0.8734, 0.1266
1, 0.8745, 0.1255
1, 0.8758, 0.1242
1, 0.8745, 0.1255
1, 0.874, 0.126
1, 0.8742, 0.1258
1, 0.8724, 0.1276
1, 0.8739, 0.1261
1, 0.8735, 0.1265
1, 0.8737, 0.1263
1, 0.8731, 0.1269
1, 0.8729, 0.1271
1, 0.8727, 0.1273
0, 0.9631, 0.0369
1, 0.8724, 0.1276
1, 0.8744, 0.1256
1, 0.873, 0.127
1, 0.8726, 0.1274
1, 0.8739, 0.1261
1, 0.872, 0.128
1, 0.8744, 0.1256
0, 0.963, 0.037
1, 0.8708, 0.1292
1, 0.8745, 0.1255
1, 0.8712, 0.1288
1, 0.87, 0.13
1, 0.8737, 0.1263
1, 0.8763, 0.1237
1, 0.8745, 0.1255
1, 0.8739, 0.1261
1, 0.8716, 0.1284
1, 0.8736, 0.1264
1, 0.8735, 0.1265
1, 0.8707, 0.1293
1, 0.8758, 0.1242
1, 0.8745, 0.1255
1, 0.875, 0.125
1, 0.8737, 0.1263
1, 0.8708, 0.1292
1, 0.8758, 0.1242
1, 0.8734, 0.1266
1, 0.8737, 0.1263
1, 0.8745, 0.1255
1, 0.8729, 0.1271
1, 0.8711, 0.1289
1, 0.8724, 0.1276
0, 0.9631, 0.0369
1, 0.8739, 0.1261
1, 0.8731, 0.1269
1, 0.8727, 0.1273
1, 0.8747, 0.1253
1, 0.8724, 0.1276
1, 0.8737, 0.1263
0, 0.963, 0.037
1, 0.8723, 0.1277
1, 0.8729, 0.1271
1, 0.8704, 0.1296
1, 0.8737, 0.1263
1, 0.8731, 0.1269
1, 0.8734, 0.1266
1, 0.8745, 0.1255
1, 0.8714, 0.1286
1, 0.875, 0.125
1, 0.8729, 0.1271
1, 0.8732, 0.1268
0, 0.9647, 0.0353
1, 0.8694, 0.1306
1, 0.8723, 0.1277
1, 0.8716, 0.1284
1, 0.8732, 0.1268
1, 0.8726, 0.1274
1, 0.873, 0.127
1, 0.8733, 0.1267
1, 0.8731, 0.1269
1, 0.8758, 0.1242
1, 0.874, 0.126
1, 0.874, 0.126
1, 0.8745, 0.1255
1, 0.8722, 0.1278
1, 0.8726, 0.1274
1, 0.8725, 0.1275
1, 0.8721, 0.1279
1, 0.8744, 0.1256
1, 0.8708, 0.1292
1, 0.8731, 0.1269
1, 0.8701, 0.1299
1, 0.8737, 0.1263
1, 0.8734, 0.1266
1, 0.874, 0.126
1, 0.872, 0.128
1, 0.8759, 0.1241
1, 0.872, 0.128
1, 0.8723, 0.1277
1, 0.8758, 0.1242
1, 0.8728, 0.1272
1, 0.8737, 0.1263
1, 0.875, 0.125
1, 0.8737, 0.1263
1, 0.8731, 0.1269
0, 0.9655, 0.0345
1, 0.8704, 0.1296
1, 0.87, 0.13
1, 0.8744, 0.1256
1, 0.8727, 0.1273
1, 0.8735, 0.1265
1, 0.8735, 0.1265
1, 0.8736, 0.1264
1, 0.8737, 0.1263
1, 0.8728, 0.1272
1, 0.8721, 0.1279
1, 0.8737, 0.1263
0, 0.963, 0.037
1, 0.875, 0.125
1, 0.8758, 0.1242
1, 0.8708, 0.1292
0, 0.9631, 0.0369
1, 0.8724, 0.1276
1, 0.8742, 0.1258
1, 0.8726, 0.1274
1, 0.8732, 0.1268
1, 0.8712, 0.1288
1, 0.8763, 0.1237
1, 0.8729, 0.1271
1, 0.8737, 0.1263
1, 0.8726, 0.1274
1, 0.8758, 0.1242
1, 0.8729, 0.1271
1, 0.8739, 0.1261
1, 0.8734, 0.1266
1, 0.8745, 0.1255
1, 0.8745, 0.1255
1, 0.8729, 0.1271
1, 0.8723, 0.1277
1, 0.875, 0.125
1, 0.872, 0.128
0, 0.965, 0.035
1, 0.8737, 0.1263
1, 0.8723, 0.1277
1, 0.8727, 0.1273
1, 0.8713, 0.1287
1, 0.8737, 0.1263
1, 0.8737, 0.1263
1, 0.8734, 0.1266
1, 0.8734, 0.1266
1, 0.8699, 0.1301
1, 0.8743, 0.1257
1, 0.8747, 0.1253
1, 0.8722, 0.1278
1, 0.8745, 0.1255
1, 0.8732, 0.1268
1, 0.8726, 0.1274
1, 0.8758, 0.1242
0, 0.9635, 0.0365
1, 0.8737, 0.1263
1, 0.8729, 0.1271
1, 0.8758, 0.1242
1, 0.875, 0.125
1, 0.8718, 0.1282
1, 0.8737, 0.1263
1, 0.8725, 0.1275
1, 0.8745, 0.1255
1, 0.8726, 0.1274
1, 0.8737, 0.1263
1, 0.8737, 0.1263
1, 0.8724, 0.1276
1, 0.8699, 0.1301
1, 0.8732, 0.1268
1, 0.8731, 0.1269
1, 0.8725, 0.1275
1, 0.8759, 0.1241
1, 0.873, 0.127
1, 0.8737, 0.1263
1, 0.8708, 0.1292
1, 0.8739, 0.1261
1, 0.8737, 0.1263
1, 0.8758, 0.1242
1, 0.8735, 0.1265
1, 0.8763, 0.1237
1, 0.8724, 0.1276
1, 0.8745, 0.1255
1, 0.8705, 0.1295
1, 0.8737, 0.1263
1, 0.8724, 0.1276
1, 0.8744, 0.1256
1, 0.8724, 0.1276
1, 0.8731, 0.1269
0, 0.9637, 0.0363
1, 0.8718, 0.1282
1, 0.875, 0.125
1, 0.8714, 0.1286
1, 0.8728, 0.1272
1, 0.8707, 0.1293
1, 0.8739, 0.1261
1, 0.8731, 0.1269
1, 0.874, 0.126
1, 0.8729, 0.1271
1, 0.8739, 0.1261
1, 0.8737, 0.1263
1, 0.8721, 0.1279
0, 0.9631, 0.0369
1, 0.8708, 0.1292
1, 0.8749, 0.1251
1, 0.8723, 0.1277
1, 0.8739, 0.1261
1, 0.8724, 0.1276
1, 0.8745, 0.1255
1, 0.872, 0.128
1, 0.8738, 0.1262
0, 0.9636, 0.0364
1, 0.8735, 0.1265
1, 0.8765, 0.1235
1, 0.8733, 0.1267
1, 0.8726, 0.1274
1, 0.8703, 0.1297
1, 0.8745, 0.1255
1, 0.8737, 0.1263
1, 0.8758, 0.1242
1, 0.8729, 0.1271
1, 0.8737, 0.1263
1, 0.8745, 0.1255
1, 0.8729, 0.1271
1, 0.8738, 0.1262
1, 0.8713, 0.1287
1, 0.8731, 0.1269
1, 0.8708, 0.1292
1, 0.8734, 0.1266
1, 0.8758, 0.1242
1, 0.8731, 0.1269
1, 0.8744, 0.1256
0, 0.9631, 0.0369
1, 0.8709, 0.1291
1, 0.8708, 0.1292
1, 0.8752, 0.1248
1, 0.8737, 0.1263
1, 0.8734, 0.1266
1, 0.8732, 0.1268
1, 0.8744, 0.1256
1, 0.8739, 0.1261
1, 0.8758, 0.1242
1, 0.8749, 0.1251
1, 0.8724, 0.1276
1, 0.875, 0.125
1, 0.8708, 0.1292
1, 0.874, 0.126
1, 0.8731, 0.1269
1, 0.8735, 0.1265
1, 0.8729, 0.1271
1, 0.8739, 0.1261
1, 0.8725, 0.1275
1, 0.8743, 0.1257
0, 0.9632, 0.0368
1, 0.874, 0.126
1, 0.8745, 0.1255
1, 0.8729, 0.1271
1, 0.8731, 0.1269
1, 0.874, 0.126
1, 0.8745, 0.1255
1, 0.8755, 0.1245
1, 0.8709, 0.1291
1, 0.8699, 0.1301
1, 0.875, 0.125
1, 0.8758, 0.1242
1, 0.874, 0.126
1, 0.8733, 0.1267
0, 0.9649, 0.0351
1, 0.8719, 0.1281
1, 0.8735, 0.1265
1, 0.8729, 0.1271
1, 0.8735, 0.1265
1, 0.8746, 0.1254
1, 0.8714, 0.1286
1, 0.8735, 0.1265
1, 0.8744, 0.1256
1, 0.8737, 0.1263
1, 0.8752, 0.1248
1, 0.8745, 0.1255
1, 0.8725, 0.1275
1, 0.8732, 0.1268
1, 0.8704, 0.1296
1, 0.8746, 0.1254
1, 0.8742, 0.1258
1, 0.8731, 0.1269
1, 0.8731, 0.1269
1, 0.8741, 0.1259
1, 0.8745, 0.1255
1, 0.8727, 0.1273
1, 0.873, 0.127
1, 0.8724, 0.1276
1, 0.8729, 0.1271
1, 0.8751, 0.1249
1, 0.8731, 0.1269
1, 0.8708, 0.1292
1, 0.8758, 0.1242
1, 0.8739, 0.1261
0, 0.9649, 0.0351
1, 0.8737, 0.1263
1, 0.8735, 0.1265
1, 0.8749, 0.1251
1, 0.8737, 0.1263
1, 0.8737, 0.1263
1, 0.8745, 0.1255
1, 0.875, 0.125
1, 0.875, 0.125
1, 0.8726, 0.1274
1, 0.8732, 0.1268
1, 0.8736, 0.1264
1, 0.8734, 0.1266
1, 0.874, 0.126
1, 0.8745, 0.1255
1, 0.87, 0.13
1, 0.8744, 0.1256
0, 0.9654, 0.0346
1, 0.8745, 0.1255
1, 0.8723, 0.1277
1, 0.8739, 0.1261
1, 0.8729, 0.1271
1, 0.875, 0.125
1, 0.8737, 0.1263
1, 0.875, 0.125
1, 0.8735, 0.1265
1, 0.875, 0.125
1, 0.8742, 0.1258
1, 0.8734, 0.1266
1, 0.8698, 0.1302
1, 0.8734, 0.1266
1, 0.8731, 0.1269
1, 0.8737, 0.1263
1, 0.8726, 0.1274
1, 0.8719, 0.1281
1, 0.8755, 0.1245
1, 0.872, 0.128
1, 0.8743, 0.1257
1, 0.875, 0.125
1, 0.8734, 0.1266
1, 0.873, 0.127
1, 0.8747, 0.1253
1, 0.8732, 0.1268
1, 0.8734, 0.1266
1, 0.8732, 0.1268
1, 0.8739, 0.1261
1, 0.8735, 0.1265
1, 0.8734, 0.1266
1, 0.8741, 0.1259
1, 0.874, 0.126
1, 0.8741, 0.1259
1, 0.8725, 0.1275
1, 0.8728, 0.1272
1, 0.8735, 0.1265
1, 0.8733, 0.1267
1, 0.8745, 0.1255
1, 0.874, 0.126
1, 0.8745, 0.1255
1, 0.875, 0.125
1, 0.873, 0.127
1, 0.8736, 0.1264
1, 0.8734, 0.1266
1, 0.8708, 0.1292
1, 0.8702, 0.1298
1, 0.8735, 0.1265
1, 0.8745, 0.1255
1, 0.8738, 0.1262
1, 0.8729, 0.1271
1, 0.8737, 0.1263
1, 0.8729, 0.1271
1, 0.8739, 0.1261
1, 0.8758, 0.1242
1, 0.8741, 0.1259
1, 0.8745, 0.1255
1, 0.8737, 0.1263
1, 0.8739, 0.1261
1, 0.8744, 0.1256
1, 0.8751, 0.1249
1, 0.8744, 0.1256
1, 0.8732, 0.1268
1, 0.8739, 0.1261
1, 0.8737, 0.1263
1, 0.8731, 0.1269
1, 0.8702, 0.1298
1, 0.8746, 0.1254
0, 0.9647, 0.0353
1, 0.8755, 0.1245
1, 0.8725, 0.1275
1, 0.875, 0.125
1, 0.8742, 0.1258
1, 0.875, 0.125
1, 0.8735, 0.1265
1, 0.874, 0.126
1, 0.875, 0.125
1, 0.8735, 0.1265
1, 0.875, 0.125
1, 0.8739, 0.1261
1, 0.8729, 0.1271
0, 0.9632, 0.0368
1, 0.882, 0.118
1, 0.8805, 0.1195
1, 0.882, 0.118
1, 0.8751, 0.1249
1, 0.882, 0.118
1, 0.8817, 0.1183
1, 0.882, 0.118
1, 0.8824, 0.1176
1, 0.8691, 0.1309
1, 0.8749, 0.1251
1, 0.8645, 0.1355
1, 0.8754, 0.1246
1, 0.8697, 0.1303
1, 0.7092, 0.2908
1, 0.7521, 0.2479
1, 0.8155, 0.1845
1, 0.848, 0.152
1, 0.8446, 0.1554
1, 0.8435, 0.1565
1, 0.5007, 0.4993
1, 0.8529, 0.1471
1, 0.8531, 0.1469
1, 0.8557, 0.1443
1, 0.8451, 0.1549
1, 0.8538, 0.1462
1, 0.8525, 0.1475
1, 0.8515, 0.1485
1, 0.8518, 0.1482
1, 0.8519, 0.1481
1, 0.8534, 0.1466
1, 0.856, 0.144
1, 0.8488, 0.1512
1, 0.853, 0.147
1, 0.8509, 0.1491
1, 0.8489, 0.1511
1, 0.8502, 0.1498
1, 0.8492, 0.1508
1, 0.8501, 0.1499
1, 0.849, 0.151
1, 0.8512, 0.1488
1, 0.8493, 0.1507
1, 0.8516, 0.1484
0, 0.8169, 0.1831
0, 0.8227, 0.1773
0, 0.8169, 0.1831
0, 0.9127, 0.0873
0, 0.8199, 0.1801
0, 0.819, 0.181
0, 0.9221, 0.0779
0, 0.82, 0.18
0, 0.9148, 0.0852
0, 0.8227, 0.1773
0, 0.819, 0.181
0, 0.819, 0.181
0, 0.8088, 0.1912
0, 0.9187, 0.0813
0, 0.82, 0.18
0, 0.9184, 0.0816
0, 0.9184, 0.0816
0, 0.8169, 0.1831
0, 0.9221, 0.0779
0, 0.9148, 0.0852
0, 0.8088, 0.1912
0, 0.9187, 0.0813
0, 0.819, 0.181
0, 0.82, 0.18
0, 0.819, 0.181
0, 0.8189, 0.1811
0, 0.9015, 0.0985
0, 0.824, 0.176
0, 0.8988, 0.1012
0, 0.8932, 0.1068
0, 0.8499, 0.1501
0, 0.8472, 0.1528
0, 0.8522, 0.1478
0, 0.7791, 0.2209
0, 0.8508, 0.1492
0, 0.8898, 0.1102
0, 0.8841, 0.1159
0, 0.751, 0.249
0, 0.8739, 0.1261
0, 0.8779, 0.1221
0, 0.7471, 0.2529
0, 0.7508, 0.2492
0, 0.8844, 0.1156
0, 0.751, 0.249
0, 0.883, 0.117
0, 0.7483, 0.2517
0, 0.7483, 0.2517
0, 0.8716, 0.1284
0, 0.7099, 0.2901
0, 0.8747, 0.1253
0, 0.7483, 0.2517
0, 0.8803, 0.1197
0, 0.8724, 0.1276
0, 0.8762, 0.1238
0, 0.8843, 0.1157
0, 0.8723, 0.1277
0, 0.8836, 0.1164
0, 0.884, 0.116
0, 0.7459, 0.2541
0, 0.8821, 0.1179
0, 0.8471, 0.1529
0, 0.8898, 0.1102
0, 0.8489, 0.1511
0, 0.8486, 0.1514
1, 0.8559, 0.1441
1, 0.862, 0.138
1, 0.848, 0.152
1, 0.8504, 0.1496
1, 0.8475, 0.1525
1, 0.85, 0.15
1, 0.8502, 0.1498
1, 0.8481, 0.1519
1, 0.8532, 0.1468
1, 0.8504, 0.1496
1, 0.8489, 0.1511
1, 0.8476, 0.1524
1, 0.8494, 0.1506
1, 0.8488, 0.1512
1, 0.8499, 0.1501
1, 0.8494, 0.1506
1, 0.8475, 0.1525
1, 0.8488, 0.1512
1, 0.8501, 0.1499
1, 0.8507, 0.1493
1, 0.847, 0.153
1, 0.8477, 0.1523
1, 0.8489, 0.1511
1, 0.8507, 0.1493
1, 0.8497, 0.1503
1, 0.8475, 0.1525
1, 0.8486, 0.1514
1, 0.8485, 0.1515
1, 0.8473, 0.1527
1, 0.8519, 0.1481
1, 0.8528, 0.1472
1, 0.8002, 0.1998
1, 0.8007, 0.1993
1, 0.8003, 0.1997
1, 0.7937, 0.2063
1, 0.7983, 0.2017
1, 0.7989, 0.2011
1, 0.7996, 0.2004
1, 0.7983, 0.2017
1, 0.7988, 0.2012
1, 0.7998, 0.2002
1, 0.8003, 0.1997
1, 0.7953, 0.2047
1, 0.7989, 0.2011
1, 0.8525, 0.1475
1, 0.851, 0.149
1, 0.8517, 0.1483
1, 0.8515, 0.1485
1, 0.8514, 0.1486
1, 0.8521, 0.1479
1, 0.7969, 0.2031
1, 0.8001, 0.1999
1, 0.8003, 0.1997
1, 0.8516, 0.1484
1, 0.8524, 0.1476
1, 0.8501, 0.1499
1, 0.8516, 0.1484
1, 0.8479, 0.1521
1, 0.8518, 0.1482
1, 0.8499, 0.1501
1, 0.8493, 0.1507
1, 0.8502, 0.1498
1, 0.8503, 0.1497
1, 0.8481, 0.1519
1, 0.8515, 0.1485
1, 0.8516, 0.1484
1, 0.8518, 0.1482
1, 0.8503, 0.1497
1, 0.8481, 0.1519
1, 0.8528, 0.1472
1, 0.8531, 0.1469
1, 0.853, 0.147
1, 0.8512, 0.1488
1, 0.8504, 0.1496
1, 0.8533, 0.1467
1, 0.8545, 0.1455
1, 0.8529, 0.1471
1, 0.8491, 0.1509
1, 0.8543, 0.1457
1, 0.852, 0.148
1, 0.8373, 0.1627
1, 0.8545, 0.1455
1, 0.851, 0.149
1, 0.8519, 0.1481
1, 0.8542, 0.1458
1, 0.8493, 0.1507
1, 0.8515, 0.1485
1, 0.8519, 0.1481
1, 0.8493, 0.1507
1, 0.853, 0.147
1, 0.8519, 0.1481
1, 0.8536, 0.1464
1, 0.8526, 0.1474
1, 0.8518, 0.1482
1, 0.8623, 0.1377
1, 0.8513, 0.1487
1, 0.8513, 0.1487
1, 0.8623, 0.1377
1, 0.85, 0.15
1, 0.8491, 0.1509
1, 0.8497, 0.1503
1, 0.8528, 0.1472
1, 0.8511, 0.1489
1, 0.8521, 0.1479
1, 0.8517, 0.1483
1, 0.8512, 0.1488
1, 0.8528, 0.1472
1, 0.8502, 0.1498
1, 0.854, 0.146
1, 0.8546, 0.1454
1, 0.8515, 0.1485
1, 0.8495, 0.1505
1, 0.86, 0.14
1, 0.8583, 0.1417
1, 0.8502, 0.1498
1, 0.846, 0.154
1, 0.8476, 0.1524
1, 0.8461, 0.1539
1, 0.8477, 0.1523
1, 0.848, 0.152
1, 0.8487, 0.1513
1, 0.8489, 0.1511
1, 0.8494, 0.1506
1, 0.8472, 0.1528
1, 0.848, 0.152
1, 0.8459, 0.1541
1, 0.8515, 0.1485
1, 0.8515, 0.1485
1, 0.842, 0.158
1, 0.851, 0.149
1, 0.8498, 0.1502
1, 0.8488, 0.1512
1, 0.8491, 0.1509
1, 0.8488, 0.1512
1, 0.8488, 0.1512
1, 0.8601, 0.1399
1, 0.8494, 0.1506
1, 0.8476, 0.1524
1, 0.8499, 0.1501
1, 0.8493, 0.1507
1, 0.8504, 0.1496
1, 0.8455, 0.1545
1, 0.8504, 0.1496
1, 0.8508, 0.1492
1, 0.8484, 0.1516
1, 0.8491, 0.1509
1, 0.8484, 0.1516
1, 0.8485, 0.1515
1, 0.8478, 0.1522
1, 0.8498, 0.1502
1, 0.8472, 0.1528
1, 0.8507, 0.1493
1, 0.8478, 0.1522
1, 0.8497, 0.1503
1, 0.8497, 0.1503
1, 0.8497, 0.1503
1, 0.8461, 0.1539
1, 0.8471, 0.1529
1, 0.845, 0.155
1, 0.8488, 0.1512
1, 0.8483, 0.1517
1, 0.8466, 0.1534
1, 0.8472, 0.1528
1, 0.845, 0.155
1, 0.8452, 0.1548
1, 0.8454, 0.1546
1, 0.8491, 0.1509
1, 0.8469, 0.1531
1, 0.8478, 0.1522
1, 0.8467, 0.1533
1, 0.8492, 0.1508
1, 0.8463, 0.1537
1, 0.8474, 0.1526
1, 0.846, 0.154
1, 0.8458, 0.1542
1, 0.8465, 0.1535
1, 0.8489, 0.1511
1, 0.8483, 0.1517
1, 0.8475, 0.1525
1, 0.8492, 0.1508
1, 0.8469, 0.1531
1, 0.8457, 0.1543
1, 0.8484, 0.1516
1, 0.8488, 0.1512
1, 0.8464, 0.1536
1, 0.8465, 0.1535
1, 0.8472, 0.1528
1, 0.8493, 0.1507
1, 0.8473, 0.1527
1, 0.8488, 0.1512
1, 0.8478, 0.1522
1, 0.8497, 0.1503
1, 0.8489, 0.1511
1, 0.8466, 0.1534
1, 0.8464, 0.1536
1, 0.8491, 0.1509
1, 0.8478, 0.1522
1, 0.8465, 0.1535
1, 0.8451, 0.1549
1, 0.8491, 0.1509
1, 0.8472, 0.1528
1, 0.8473, 0.1527
1, 0.8482, 0.1518
1, 0.8496, 0.1504
1, 0.849, 0.151
1, 0.8494, 0.1506
1, 0.8488, 0.1512
1, 0.8478, 0.1522
1, 0.8465, 0.1535
1, 0.8491, 0.1509
1, 0.841, 0.159
1, 0.8399, 0.1601
1, 0.842, 0.158
1, 0.8421, 0.1579
1, 0.8403, 0.1597
1, 0.846, 0.154
1, 0.842, 0.158
1, 0.8499, 0.1501
1, 0.8295, 0.1705
1, 0.8289, 0.1711
1, 0.8414, 0.1586
1, 0.8417, 0.1583
1, 0.8424, 0.1576
1, 0.8295, 0.1705
1, 0.84, 0.16
1, 0.8293, 0.1707
1, 0.8252, 0.1748
1, 0.8295, 0.1705
1, 0.7885, 0.2115
1, 0.7885, 0.2115
1, 0.7889, 0.2111
1, 0.7869, 0.2131
1, 0.7868, 0.2132
1, 0.7872, 0.2128
1, 0.7875, 0.2125
1, 0.7884, 0.2116
1, 0.8319, 0.1681
1, 0.8414, 0.1586
1, 0.8295, 0.1705
1, 0.8437, 0.1563
1, 0.8295, 0.1705
1, 0.8415, 0.1585
1, 0.8437, 0.1563
1, 0.8319, 0.1681
1, 0.8423, 0.1577
1, 0.8437, 0.1563
1, 0.8383, 0.1617
1, 0.8377, 0.1623
1, 0.8252, 0.1748
1, 0.8437, 0.1563
1, 0.8295, 0.1705
1, 0.8388, 0.1612
1, 0.8376, 0.1624
1, 0.8421, 0.1579
1, 0.8399, 0.1601
1, 0.8495, 0.1505
1, 0.8374, 0.1626
1, 0.8434, 0.1566
1, 0.8428, 0.1572
1, 0.8393, 0.1607
1, 0.8499, 0.1501
1, 0.8402, 0.1598
1, 0.8227, 0.1773
1, 0.8495, 0.1505
1, 0.8427, 0.1573
1, 0.8302, 0.1698
1, 0.8392, 0.1608
1, 0.84, 0.16
1, 0.8252, 0.1748
1, 0.8449, 0.1551
1, 0.8417, 0.1583
1, 0.8295, 0.1705
1, 0.8414, 0.1586
1, 0.843, 0.157
1, 0.8287, 0.1713
1, 0.8291, 0.1709
1, 0.8414, 0.1586
1, 0.8289, 0.1711
1, 0.8295, 0.1705
1, 0.8431, 0.1569
1, 0.8301, 0.1699
1, 0.8419, 0.1581
1, 0.8525, 0.1475
1, 0.847, 0.153
1, 0.8419, 0.1581
1, 0.8525, 0.1475
1, 0.8453, 0.1547
1, 0.8255, 0.1745
1, 0.8484, 0.1516
1, 0.842, 0.158
1, 0.8467, 0.1533
1, 0.8396, 0.1604
1, 0.8446, 0.1554
1, 0.8261, 0.1739
1, 0.8461, 0.1539
1, 0.8398, 0.1602
1, 0.789, 0.211
1, 0.7884, 0.2116
1, 0.7901, 0.2099
1, 0.7876, 0.2124
1, 0.7871, 0.2129
1, 0.7885, 0.2115
1, 0.7888, 0.2112
1, 0.7885, 0.2115
1, 0.7884, 0.2116
1, 0.7907, 0.2093
1, 0.7872, 0.2128
1, 0.7872, 0.2128
1, 0.7882, 0.2118
1, 0.7879, 0.2121
1, 0.7851, 0.2149
1, 0.8423, 0.1577
1, 0.842, 0.158
1, 0.832, 0.168
1, 0.8259, 0.1741
1, 0.8305, 0.1695
1, 0.8419, 0.1581
1, 0.8461, 0.1539
1, 0.8419, 0.1581
1, 0.8437, 0.1563
1, 0.846, 0.154
1, 0.8301, 0.1699
1, 0.847, 0.153
1, 0.8456, 0.1544
1, 0.8453, 0.1547
1, 0.8255, 0.1745
1, 0.8419, 0.1581
1, 0.8261, 0.1739
1, 0.8525, 0.1475
1, 0.8419, 0.1581
1, 0.8525, 0.1475
1, 0.8396, 0.1604
1, 0.8394, 0.1606
1, 0.8295, 0.1705
1, 0.8371, 0.1629
1, 0.8421, 0.1579
1, 0.8434, 0.1566
1, 0.8462, 0.1538
1, 0.8415, 0.1585
1, 0.8369, 0.1631
1, 0.8429, 0.1571
1, 0.8455, 0.1545
1, 0.8373, 0.1627
1, 0.8295, 0.1705
1, 0.8291, 0.1709
1, 0.8326, 0.1674
1, 0.8284, 0.1716
1, 0.8295, 0.1705
1, 0.8252, 0.1748
1, 0.8405, 0.1595
1, 0.8394, 0.1606
1, 0.8295, 0.1705
1, 0.8284, 0.1716
1, 0.8295, 0.1705
1, 0.8291, 0.1709
1, 0.8424, 0.1576
1, 0.8326, 0.1674
1, 0.8443, 0.1557
1, 0.8428, 0.1572
1, 0.8319, 0.1681
1, 0.8305, 0.1695
1, 0.8295, 0.1705
1, 0.8436, 0.1564
1, 0.8295, 0.1705
1, 0.8427, 0.1573
1, 0.8415, 0.1585
1, 0.8281, 0.1719
1, 0.8393, 0.1607
1, 0.8423, 0.1577
1, 0.8434, 0.1566
1, 0.8402, 0.1598
1, 0.8326, 0.1674
1, 0.8402, 0.1598
1, 0.8401, 0.1599
1, 0.8295, 0.1705
1, 0.8268, 0.1732
1, 0.8416, 0.1584
1, 0.8395, 0.1605
1, 0.8427, 0.1573
1, 0.8423, 0.1577
1, 0.8295, 0.1705
1, 0.8377, 0.1623
1, 0.7881, 0.2119
1, 0.842, 0.158
1, 0.8288, 0.1712
1, 0.8399, 0.1601
1, 0.8399, 0.1601
1, 0.8252, 0.1748
1, 0.842, 0.158
1, 0.837, 0.163
1, 0.827, 0.173
1, 0.84, 0.16
1, 0.8412, 0.1588
1, 0.8411, 0.1589
1, 0.8415, 0.1585
1, 0.8302, 0.1698
1, 0.8308, 0.1692
1, 0.8293, 0.1707
1, 0.8333, 0.1667
1, 0.8267, 0.1733
1, 0.8307, 0.1693
1, 0.8437, 0.1563
1, 0.8445, 0.1555
1, 0.8407, 0.1593
1, 0.8412, 0.1588
1, 0.8416, 0.1584
1, 0.8441, 0.1559
1, 0.8419, 0.1581
1, 0.8436, 0.1564
1, 0.8443, 0.1557
1, 0.8445, 0.1555
1, 0.8423, 0.1577
1, 0.8455, 0.1545
1, 0.8459, 0.1541
1, 0.845, 0.155
1, 0.8441, 0.1559
1, 0.8436, 0.1564
1, 0.8426, 0.1574
1, 0.8421, 0.1579
1, 0.8459, 0.1541
1, 0.845, 0.155
1, 0.842, 0.158
1, 0.8433, 0.1567
1, 0.8453, 0.1547
1, 0.8448, 0.1552
1, 0.8448, 0.1552
1, 0.8428, 0.1572
1, 0.8457, 0.1543
1, 0.845, 0.155
1, 0.846, 0.154
1, 0.8459, 0.1541
1, 0.8426, 0.1574
1, 0.8448, 0.1552
1, 0.8404, 0.1596
1, 0.8458, 0.1542
1, 0.8449, 0.1551
1, 0.8459, 0.1541
1, 0.8427, 0.1573
1, 0.8459, 0.1541
1, 0.8414, 0.1586
1, 0.8459, 0.1541
1, 0.8419, 0.1581
1, 0.8459, 0.1541
1, 0.8459, 0.1541
1, 0.8425, 0.1575
1, 0.8428, 0.1572
1, 0.85, 0.15
1, 0.8412, 0.1588
1, 0.8267, 0.1733
1, 0.8412, 0.1588
1, 0.8502, 0.1498
1, 0.8496, 0.1504
1, 0.8507, 0.1493
1, 0.8506, 0.1494
1, 0.8502, 0.1498
1, 0.8435, 0.1565
1, 0.8404, 0.1596
1, 0.8424, 0.1576
1, 0.8388, 0.1612
1, 0.8442, 0.1558
1, 0.8308, 0.1692
1, 0.8281, 0.1719
1, 0.8295, 0.1705
1, 0.8304, 0.1696
1, 0.8333, 0.1667
1, 0.8405, 0.1595
1, 0.8415, 0.1585
1, 0.8392, 0.1608
1, 0.8455, 0.1545
1, 0.8438, 0.1562
1, 0.8335, 0.1665
1, 0.8271, 0.1729
1, 0.8428, 0.1572
1, 0.8404, 0.1596
1, 0.8422, 0.1578
1, 0.8381, 0.1619
1, 0.8435, 0.1565
1, 0.8439, 0.1561
1, 0.8453, 0.1547
1, 0.8438, 0.1562
1, 0.8448, 0.1552
1, 0.8426, 0.1574
1, 0.8447, 0.1553
1, 0.8431, 0.1569
1, 0.8447, 0.1553
1, 0.8427, 0.1573
1, 0.8444, 0.1556
1, 0.8445, 0.1555
1, 0.8411, 0.1589
1, 0.8412, 0.1588
1, 0.847, 0.153
1, 0.8438, 0.1562
1, 0.8455, 0.1545
1, 0.8426, 0.1574
1, 0.8458, 0.1542
1, 0.8428, 0.1572
1, 0.8428, 0.1572
1, 0.8446, 0.1554
1, 0.8422, 0.1578
1, 0.8428, 0.1572
1, 0.8444, 0.1556
1, 0.8427, 0.1573
1, 0.8446, 0.1554
1, 0.8446, 0.1554
1, 0.8446, 0.1554
1, 0.8445, 0.1555
1, 0.8446, 0.1554
1, 0.8444, 0.1556
1, 0.8444, 0.1556
1, 0.8444, 0.1556
1, 0.8281, 0.1719
1, 0.8465, 0.1535
1, 0.8453, 0.1547
1, 0.8452, 0.1548
1, 0.8426, 0.1574
1, 0.8466, 0.1534
1, 0.846, 0.154
1, 0.8427, 0.1573
1, 0.8446, 0.1554
1, 0.8453, 0.1547
1, 0.8308, 0.1692
1, 0.8465, 0.1535
1, 0.8422, 0.1578
1, 0.8453, 0.1547
1, 0.8453, 0.1547
1, 0.8466, 0.1534
1, 0.8458, 0.1542
1, 0.8426, 0.1574
1, 0.8308, 0.1692
1, 0.8281, 0.1719
1, 0.8427, 0.1573
1, 0.8428, 0.1572
1, 0.8434, 0.1566
1, 0.8445, 0.1555
1, 0.842, 0.158
1, 0.8412, 0.1588
1, 0.8437, 0.1563
1, 0.8431, 0.1569
1, 0.8411, 0.1589
1, 0.8431, 0.1569
1, 0.8431, 0.1569
1, 0.8419, 0.1581
1, 0.8466, 0.1534
1, 0.8421, 0.1579
1, 0.8423, 0.1577
1, 0.8414, 0.1586
1, 0.8395, 0.1605
1, 0.842, 0.158
1, 0.841, 0.159
1, 0.84, 0.16
1, 0.8425, 0.1575
1, 0.8421, 0.1579
1, 0.8395, 0.1605
1, 0.842, 0.158
1, 0.8435, 0.1565
1, 0.8425, 0.1575
1, 0.8421, 0.1579
1, 0.8407, 0.1593
1, 0.8414, 0.1586
1, 0.843, 0.157
1, 0.8414, 0.1586
1, 0.8435, 0.1565
1, 0.8435, 0.1565
1, 0.8404, 0.1596
1, 0.8412, 0.1588
1, 0.8431, 0.1569
1, 0.8418, 0.1582
1, 0.8404, 0.1596
1, 0.8417, 0.1583
1, 0.8429, 0.1571
1, 0.8405, 0.1595
1, 0.8432, 0.1568
1, 0.8435, 0.1565
1, 0.8432, 0.1568
1, 0.8438, 0.1562
1, 0.8416, 0.1584
1, 0.8419, 0.1581
1, 0.8425, 0.1575
1, 0.8422, 0.1578
1, 0.8438, 0.1562
1, 0.843, 0.157
1, 0.8422, 0.1578
1, 0.8457, 0.1543
1, 0.8435, 0.1565
1, 0.8437, 0.1563
1, 0.8421, 0.1579
1, 0.8439, 0.1561
1, 0.8434, 0.1566
1, 0.8429, 0.1571
1, 0.8428, 0.1572
1, 0.8435, 0.1565
1, 0.8435, 0.1565
1, 0.8435, 0.1565
1, 0.8431, 0.1569
1, 0.8426, 0.1574
1, 0.843, 0.157
1, 0.8419, 0.1581
1, 0.8427, 0.1573
1, 0.8425, 0.1575
1, 0.8428, 0.1572
1, 0.8416, 0.1584
1, 0.8426, 0.1574
1, 0.8435, 0.1565
1, 0.8428, 0.1572
1, 0.8425, 0.1575
1, 0.8429, 0.1571
1, 0.8435, 0.1565
1, 0.8424, 0.1576
1, 0.8462, 0.1538
1, 0.8428, 0.1572
1, 0.8455, 0.1545
1, 0.8409, 0.1591
1, 0.8425, 0.1575
1, 0.8407, 0.1593
1, 0.8422, 0.1578
1, 0.8442, 0.1558
1, 0.8422, 0.1578
1, 0.8414, 0.1586
1, 0.8439, 0.1561
1, 0.8424, 0.1576
1, 0.8429, 0.1571
1, 0.842, 0.158
1, 0.8422, 0.1578
1, 0.8408, 0.1592
1, 0.8395, 0.1605
1, 0.8401, 0.1599
1, 0.8424, 0.1576
1, 0.844, 0.156
1, 0.8421, 0.1579
1, 0.844, 0.156
1, 0.8402, 0.1598
1, 0.8399, 0.1601
1, 0.8406, 0.1594
1, 0.8378, 0.1622
1, 0.8364, 0.1636
1, 0.6562, 0.3438
1, 0.8413, 0.1587
1, 0.6578, 0.3422
1, 0.8438, 0.1562
1, 0.8444, 0.1556
1, 0.8425, 0.1575
1, 0.8408, 0.1592
1, 0.8422, 0.1578
1, 0.8395, 0.1605
1, 0.6577, 0.3423
1, 0.8393, 0.1607
1, 0.5586, 0.4414
1, 0.6556, 0.3444
1, 0.8403, 0.1597
1, 0.7204, 0.2796
1, 0.844, 0.156
1, 0.8417, 0.1583
1, 0.8423, 0.1577
1, 0.8418, 0.1582
1, 0.8412, 0.1588
1, 0.8401, 0.1599
1, 0.8393, 0.1607
1, 0.8411, 0.1589
1, 0.8421, 0.1579
1, 0.8421, 0.1579
1, 0.8404, 0.1596
1, 0.8413, 0.1587
1, 0.8391, 0.1609
1, 0.841, 0.159
1, 0.8412, 0.1588
1, 0.8393, 0.1607
1, 0.8412, 0.1588
1, 0.8393, 0.1607
1, 0.8406, 0.1594
1, 0.8428, 0.1572
1, 0.8421, 0.1579
1, 0.8393, 0.1607
1, 0.8391, 0.1609
1, 0.8419, 0.1581
1, 0.8423, 0.1577
1, 0.8397, 0.1603
1, 0.8412, 0.1588
1, 0.8429, 0.1571
1, 0.8403, 0.1597
1, 0.8402, 0.1598
1, 0.8398, 0.1602
1, 0.843, 0.157
1, 0.8404, 0.1596
1, 0.842, 0.158
1, 0.8397, 0.1603
1, 0.8399, 0.1601
1, 0.8423, 0.1577
1, 0.8421, 0.1579
1, 0.8417, 0.1583
1, 0.8409, 0.1591
1, 0.8407, 0.1593
1, 0.841, 0.159
1, 0.8412, 0.1588
1, 0.8412, 0.1588
1, 0.8413, 0.1587
1, 0.8422, 0.1578
1, 0.8413, 0.1587
1, 0.8409, 0.1591
1, 0.8413, 0.1587
1, 0.8425, 0.1575
1, 0.8411, 0.1589
1, 0.8425, 0.1575
1, 0.8423, 0.1577
1, 0.8408, 0.1592
1, 0.8423, 0.1577
1, 0.842, 0.158
1, 0.8418, 0.1582
1, 0.8422, 0.1578
1, 0.844, 0.156
1, 0.8422, 0.1578
1, 0.842, 0.158
1, 0.8396, 0.1604
1, 0.8413, 0.1587
1, 0.8425, 0.1575
1, 0.8407, 0.1593
1, 0.8409, 0.1591
1, 0.8401, 0.1599
1, 0.8423, 0.1577
1, 0.8425, 0.1575
1, 0.8426, 0.1574
1, 0.8417, 0.1583
1, 0.8424, 0.1576
1, 0.8403, 0.1597
1, 0.8407, 0.1593
1, 0.8421, 0.1579
1, 0.8424, 0.1576
1, 0.843, 0.157
1, 0.8419, 0.1581
1, 0.8424, 0.1576
1, 0.8421, 0.1579
1, 0.8389, 0.1611
1, 0.8425, 0.1575
1, 0.839, 0.161
1, 0.8382, 0.1618
1, 0.8431, 0.1569
1, 0.8419, 0.1581
1, 0.8399, 0.1601
1, 0.8397, 0.1603
1, 0.8402, 0.1598
1, 0.8391, 0.1609
1, 0.8395, 0.1605
1, 0.84, 0.16
1, 0.8418, 0.1582
1, 0.8436, 0.1564
1, 0.8382, 0.1618
1, 0.8407, 0.1593
1, 0.839, 0.161
1, 0.8397, 0.1603
1, 0.8416, 0.1584
1, 0.8414, 0.1586
1, 0.8421, 0.1579
1, 0.8407, 0.1593
1, 0.8409, 0.1591
1, 0.8424, 0.1576
1, 0.8407, 0.1593
1, 0.8389, 0.1611
1, 0.84, 0.16
1, 0.8311, 0.1689
1, 0.8385, 0.1615
1, 0.8387, 0.1613
1, 0.8387, 0.1613
1, 0.8382, 0.1618
1, 0.8388, 0.1612
1, 0.8388, 0.1612
1, 0.8391, 0.1609
1, 0.8389, 0.1611
1, 0.8403, 0.1597
1, 0.8438, 0.1562
1, 0.8403, 0.1597
1, 0.8394, 0.1606
1, 0.8404, 0.1596
1, 0.8406, 0.1594
1, 0.841, 0.159
1, 0.8409, 0.1591
1, 0.8425, 0.1575
1, 0.8393, 0.1607
1, 0.8407, 0.1593
1, 0.8444, 0.1556
1, 0.8403, 0.1597
1, 0.8373, 0.1627
1, 0.8392, 0.1608
1, 0.7783, 0.2217
1, 0.8392, 0.1608
1, 0.8394, 0.1606
1, 0.8409, 0.1591
1, 0.8394, 0.1606
1, 0.8406, 0.1594
1, 0.8401, 0.1599
1, 0.8386, 0.1614
1, 0.8438, 0.1562
1, 0.8411, 0.1589
1, 0.8423, 0.1577
1, 0.8308, 0.1692
1, 0.8385, 0.1615
1, 0.8393, 0.1607
1, 0.8387, 0.1613
1, 0.8372, 0.1628
1, 0.8369, 0.1631
1, 0.8379, 0.1621
1, 0.839, 0.161
1, 0.8385, 0.1615
1, 0.8425, 0.1575
1, 0.8425, 0.1575
1, 0.8396, 0.1604
1, 0.8397, 0.1603
1, 0.8425, 0.1575
1, 0.8412, 0.1588
1, 0.8407, 0.1593
1, 0.8399, 0.1601
1, 0.8316, 0.1684
1, 0.8385, 0.1615
1, 0.8398, 0.1602
1, 0.8405, 0.1595
1, 0.8393, 0.1607
1, 0.8395, 0.1605
1, 0.8387, 0.1613
1, 0.8396, 0.1604
1, 0.8436, 0.1564
1, 0.8415, 0.1585
1, 0.8384, 0.1616
1, 0.8411, 0.1589
1, 0.8407, 0.1593
1, 0.842, 0.158
1, 0.8384, 0.1616
1, 0.8402, 0.1598
1, 0.8396, 0.1604
1, 0.8397, 0.1603
1, 0.8412, 0.1588
1, 0.8404, 0.1596
1, 0.841, 0.159
1, 0.839, 0.161
1, 0.838, 0.162
1, 0.841, 0.159
1, 0.8388, 0.1612
1, 0.8425, 0.1575
1, 0.8416, 0.1584
1, 0.8401, 0.1599
1, 0.8401, 0.1599
1, 0.8399, 0.1601
1, 0.8413, 0.1587
1, 0.8409, 0.1591
1, 0.8409, 0.1591
1, 0.8434, 0.1566
1, 0.841, 0.159
1, 0.8447, 0.1553
1, 0.8412, 0.1588
1, 0.8411, 0.1589
1, 0.8409, 0.1591
1, 0.8417, 0.1583
1, 0.8411, 0.1589
1, 0.8409, 0.1591
1, 0.8415, 0.1585
1, 0.841, 0.159
1, 0.841, 0.159
1, 0.8412, 0.1588
1, 0.8413, 0.1587
1, 0.8414, 0.1586
1, 0.8447, 0.1553
1, 0.8444, 0.1556
1, 0.8443, 0.1557
1, 0.8411, 0.1589
1, 0.8448, 0.1552
1, 0.839, 0.161
1, 0.8423, 0.1577
1, 0.8432, 0.1568
1, 0.8447, 0.1553
1, 0.841, 0.159
1, 0.8409, 0.1591
1, 0.8409, 0.1591
1, 0.8412, 0.1588
1, 0.8416, 0.1584
1, 0.8409, 0.1591
1, 0.8412, 0.1588
1, 0.8411, 0.1589
1, 0.8443, 0.1557
1, 0.844, 0.156
1, 0.8407, 0.1593
1, 0.8409, 0.1591
1, 0.8402, 0.1598
1, 0.8409, 0.1591
1, 0.8435, 0.1565
1, 0.8423, 0.1577
1, 0.8411, 0.1589
1, 0.8444, 0.1556
1, 0.8406, 0.1594
1, 0.8412, 0.1588
1, 0.8408, 0.1592
1, 0.8411, 0.1589
1, 0.8416, 0.1584
1, 0.8409, 0.1591
1, 0.8415, 0.1585
1, 0.841, 0.159
1, 0.841, 0.159
1, 0.8411, 0.1589
1, 0.8413, 0.1587
1, 0.8395, 0.1605
1, 0.8426, 0.1574
1, 0.8422, 0.1578
1, 0.8397, 0.1603
1, 0.8407, 0.1593
1, 0.8411, 0.1589
1, 0.8411, 0.1589
1, 0.8397, 0.1603
1, 0.8378, 0.1622
1, 0.8406, 0.1594
1, 0.8406, 0.1594
1, 0.843, 0.157
1, 0.8398, 0.1602
1, 0.841, 0.159
1, 0.8454, 0.1546
1, 0.8411, 0.1589
1, 0.8423, 0.1577
1, 0.8425, 0.1575
1, 0.8411, 0.1589
1, 0.8412, 0.1588
1, 0.8419, 0.1581
1, 0.8412, 0.1588
1, 0.842, 0.158
1, 0.839, 0.161
1, 0.8445, 0.1555
1, 0.8398, 0.1602
1, 0.8409, 0.1591
1, 0.8413, 0.1587
1, 0.8383, 0.1617
1, 0.8403, 0.1597
1, 0.8397, 0.1603
1, 0.8415, 0.1585
1, 0.8429, 0.1571
1, 0.8421, 0.1579
1, 0.8402, 0.1598
1, 0.8427, 0.1573
1, 0.8429, 0.1571
1, 0.8411, 0.1589
1, 0.8399, 0.1601
1, 0.8419, 0.1581
1, 0.8412, 0.1588
1, 0.8409, 0.1591
1, 0.8414, 0.1586
1, 0.8411, 0.1589
1, 0.8454, 0.1546
1, 0.8415, 0.1585
1, 0.8397, 0.1603
1, 0.839, 0.161
1, 0.8393, 0.1607
1, 0.8396, 0.1604
1, 0.8421, 0.1579
1, 0.839, 0.161
1, 0.842, 0.158
1, 0.841, 0.159
1, 0.8404, 0.1596
1, 0.8409, 0.1591
1, 0.8397, 0.1603
1, 0.843, 0.157
1, 0.8412, 0.1588
1, 0.8427, 0.1573
1, 0.8406, 0.1594
1, 0.8453, 0.1547
1, 0.841, 0.159
1, 0.842, 0.158
1, 0.8396, 0.1604
1, 0.8285, 0.1715
1, 0.8409, 0.1591
1, 0.8396, 0.1604
1, 0.8419, 0.1581
1, 0.8407, 0.1593
1, 0.841, 0.159
1, 0.8427, 0.1573
1, 0.8431, 0.1569
1, 0.8408, 0.1592
1, 0.8411, 0.1589
1, 0.841, 0.159
1, 0.8409, 0.1591
1, 0.8409, 0.1591
1, 0.8445, 0.1555
1, 0.8412, 0.1588
1, 0.841, 0.159
1, 0.8417, 0.1583
1, 0.8414, 0.1586
1, 0.841, 0.159
1, 0.8407, 0.1593
1, 0.841, 0.159
1, 0.8406, 0.1594
1, 0.8405, 0.1595
1, 0.8446, 0.1554
1, 0.8409, 0.1591
1, 0.8412, 0.1588
1, 0.841, 0.159
1, 0.8446, 0.1554
1, 0.8407, 0.1593
1, 0.842, 0.158
1, 0.842, 0.158
1, 0.8408, 0.1592
1, 0.8411, 0.1589
1, 0.8433, 0.1567
1, 0.8399, 0.1601
1, 0.8409, 0.1591
1, 0.8415, 0.1585
1, 0.8407, 0.1593
1, 0.8414, 0.1586
1, 0.839, 0.161
1, 0.8411, 0.1589
1, 0.8433, 0.1567
1, 0.8408, 0.1592
1, 0.8411, 0.1589
1, 0.8411, 0.1589
1, 0.8408, 0.1592
1, 0.8403, 0.1597
1, 0.8413, 0.1587
1, 0.8439, 0.1561
1, 0.8422, 0.1578
1, 0.8385, 0.1615
1, 0.8415, 0.1585
1, 0.8437, 0.1563
1, 0.8401, 0.1599
1, 0.8385, 0.1615
1, 0.8422, 0.1578
1, 0.8404, 0.1596
1, 0.8389, 0.1611
1, 0.8393, 0.1607
1, 0.8402, 0.1598
1, 0.84, 0.16
1, 0.8394, 0.1606
1, 0.8391, 0.1609
1, 0.85, 0.15
1, 0.8391, 0.1609
1, 0.8501, 0.1499
1, 0.8409, 0.1591
1, 0.8401, 0.1599
1, 0.84, 0.16
1, 0.8408, 0.1592
1, 0.8411, 0.1589
1, 0.8409, 0.1591
1, 0.8408, 0.1592
1, 0.8432, 0.1568
1, 0.8425, 0.1575
1, 0.8433, 0.1567
1, 0.8408, 0.1592
1, 0.8393, 0.1607
1, 0.8414, 0.1586
1, 0.8451, 0.1549
1, 0.8528, 0.1472
1, 0.8443, 0.1557
1, 0.8447, 0.1553
1, 0.8424, 0.1576
1, 0.8455, 0.1545
1, 0.8393, 0.1607
1, 0.8409, 0.1591
1, 0.8422, 0.1578
1, 0.8312, 0.1688
1, 0.8413, 0.1587
1, 0.8426, 0.1574
1, 0.8422, 0.1578
1, 0.8402, 0.1598
1, 0.8422, 0.1578
1, 0.8434, 0.1566
1, 0.8422, 0.1578
1, 0.8404, 0.1596
1, 0.8415, 0.1585
1, 0.8417, 0.1583
1, 0.842, 0.158
1, 0.8424, 0.1576
1, 0.8392, 0.1608
1, 0.8409, 0.1591
1, 0.8417, 0.1583
1, 0.8307, 0.1693
1, 0.8408, 0.1592
1, 0.8416, 0.1584
1, 0.839, 0.161
1, 0.8434, 0.1566
1, 0.8506, 0.1494
1, 0.8395, 0.1605
1, 0.8458, 0.1542
1, 0.843, 0.157
1, 0.8414, 0.1586
1, 0.8322, 0.1678
1, 0.843, 0.157
1, 0.8398, 0.1602
1, 0.8505, 0.1495
1, 0.8431, 0.1569
1, 0.8395, 0.1605
1, 0.8426, 0.1574
1, 0.843, 0.157
1, 0.8315, 0.1685
1, 0.842, 0.158
1, 0.8407, 0.1593
1, 0.8424, 0.1576
1, 0.8419, 0.1581
1, 0.8315, 0.1685
1, 0.8413, 0.1587
1, 0.8411, 0.1589
1, 0.8405, 0.1595
1, 0.8416, 0.1584
1, 0.8315, 0.1685
1, 0.8408, 0.1592
1, 0.8406, 0.1594
1, 0.8413, 0.1587
1, 0.8414, 0.1586
1, 0.8395, 0.1605
1, 0.8427, 0.1573
1, 0.8504, 0.1496
1, 0.8505, 0.1495
1, 0.8407, 0.1593
1, 0.8417, 0.1583
1, 0.8395, 0.1605
1, 0.8408, 0.1592
1, 0.8437, 0.1563
1, 0.8417, 0.1583
1, 0.8424, 0.1576
1, 0.8394, 0.1606
1, 0.8412, 0.1588
1, 0.8395, 0.1605
1, 0.8506, 0.1494
1, 0.8406, 0.1594
1, 0.8409, 0.1591
1, 0.8398, 0.1602
1, 0.843, 0.157
1, 0.843, 0.157
1, 0.8322, 0.1678
1, 0.8404, 0.1596
1, 0.8418, 0.1582
1, 0.842, 0.158
1, 0.8407, 0.1593
1, 0.8407, 0.1593
1, 0.8315, 0.1685
1, 0.8505, 0.1495
1, 0.8395, 0.1605
1, 0.8428, 0.1572
1, 0.8412, 0.1588
1, 0.8413, 0.1587
1, 0.8424, 0.1576
1, 0.8444, 0.1556
1, 0.8413, 0.1587
1, 0.8408, 0.1592
1, 0.8399, 0.1601
1, 0.8429, 0.1571
1, 0.8398, 0.1602
1, 0.8411, 0.1589
1, 0.8391, 0.1609
1, 0.8412, 0.1588
1, 0.8412, 0.1588
1, 0.8479, 0.1521
1, 0.8425, 0.1575
1, 0.8254, 0.1746
1, 0.8415, 0.1585
1, 0.8319, 0.1681
1, 0.8296, 0.1704
1, 0.8444, 0.1556
1, 0.8459, 0.1541
1, 0.8457, 0.1543
1, 0.8395, 0.1605
1, 0.8408, 0.1592
1, 0.8435, 0.1565
1, 0.841, 0.159
1, 0.8427, 0.1573
1, 0.8419, 0.1581
1, 0.8319, 0.1681
1, 0.8415, 0.1585
1, 0.8406, 0.1594
1, 0.8389, 0.1611
1, 0.8414, 0.1586
1, 0.8426, 0.1574
1, 0.8415, 0.1585
1, 0.8419, 0.1581
1, 0.832, 0.168
1, 0.8507, 0.1493
1, 0.8427, 0.1573
1, 0.8507, 0.1493
1, 0.8432, 0.1568
1, 0.8406, 0.1594
1, 0.8392, 0.1608
1, 0.8426, 0.1574
1, 0.8319, 0.1681
1, 0.8445, 0.1555
1, 0.8426, 0.1574
1, 0.8415, 0.1585
1, 0.8418, 0.1582
1, 0.8409, 0.1591
1, 0.843, 0.157
1, 0.8413, 0.1587
1, 0.8415, 0.1585
1, 0.8404, 0.1596
1, 0.8319, 0.1681
1, 0.842, 0.158
1, 0.842, 0.158
1, 0.8507, 0.1493
1, 0.8426, 0.1574
1, 0.8408, 0.1592
1, 0.8399, 0.1601
1, 0.8507, 0.1493
1, 0.8402, 0.1598
1, 0.8419, 0.1581
1, 0.8449, 0.1551
1, 0.8415, 0.1585
1, 0.832, 0.168
1, 0.8412, 0.1588
1, 0.8428, 0.1572
1, 0.8423, 0.1577
1, 0.8418, 0.1582
1, 0.8421, 0.1579
1, 0.843, 0.157
1, 0.8415, 0.1585
1, 0.8418, 0.1582
1, 0.8299, 0.1701
1, 0.8421, 0.1579
1, 0.8466, 0.1534
1, 0.8423, 0.1577
1, 0.8469, 0.1531
1, 0.8424, 0.1576
1, 0.8555, 0.1445
1, 0.845, 0.155
1, 0.8467, 0.1533
1, 0.8446, 0.1554
1, 0.8524, 0.1476
1, 0.8275, 0.1725
1, 0.8555, 0.1445
1, 0.8423, 0.1577
1, 0.8426, 0.1574
1, 0.845, 0.155
1, 0.8465, 0.1535
1, 0.8424, 0.1576
1, 0.8445, 0.1555
1, 0.8461, 0.1539
1, 0.8445, 0.1555
1, 0.8453, 0.1547
1, 0.8466, 0.1534
1, 0.8424, 0.1576
1, 0.8555, 0.1445
1, 0.8415, 0.1585
1, 0.8275, 0.1725
1, 0.8443, 0.1557
1, 0.8446, 0.1554
1, 0.8424, 0.1576
1, 0.8423, 0.1577
1, 0.8461, 0.1539
1, 0.8445, 0.1555
1, 0.8423, 0.1577
1, 0.8453, 0.1547
1, 0.8449, 0.1551
1, 0.8469, 0.1531
1, 0.8467, 0.1533
1, 0.8475, 0.1525
1, 0.8299, 0.1701
1, 0.8421, 0.1579
1, 0.8555, 0.1445
1, 0.8448, 0.1552
1, 0.8458, 0.1542
1, 0.8464, 0.1536
1, 0.8524, 0.1476
1, 0.8442, 0.1558
1, 0.8423, 0.1577
1, 0.845, 0.155
1, 0.8427, 0.1573
1, 0.8524, 0.1476
1, 0.844, 0.156
1, 0.8409, 0.1591
1, 0.8408, 0.1592
1, 0.8376, 0.1624
1, 0.8431, 0.1569
1, 0.8407, 0.1593
1, 0.8436, 0.1564
1, 0.8274, 0.1726
1, 0.8467, 0.1533
1, 0.8414, 0.1586
1, 0.838, 0.162
1, 0.8391, 0.1609
1, 0.8278, 0.1722
1, 0.8464, 0.1536
1, 0.842, 0.158
1, 0.8413, 0.1587
1, 0.8434, 0.1566
1, 0.8374, 0.1626
1, 0.8419, 0.1581
1, 0.8303, 0.1697
1, 0.8398, 0.1602
1, 0.8397, 0.1603
1, 0.8267, 0.1733
1, 0.8324, 0.1676
1, 0.8518, 0.1482
1, 0.8417, 0.1583
1, 0.8417, 0.1583
1, 0.8467, 0.1533
1, 0.8275, 0.1725
1, 0.8464, 0.1536
1, 0.8453, 0.1547
1, 0.8425, 0.1575
1, 0.8271, 0.1729
1, 0.8326, 0.1674
1, 0.841, 0.159
1, 0.8418, 0.1582
1, 0.8436, 0.1564
1, 0.8426, 0.1574
1, 0.8411, 0.1589
1, 0.8425, 0.1575
1, 0.8411, 0.1589
1, 0.8432, 0.1568
1, 0.8431, 0.1569
1, 0.84, 0.16
1, 0.843, 0.157
1, 0.8431, 0.1569
1, 0.8437, 0.1563
1, 0.8435, 0.1565
1, 0.8435, 0.1565
1, 0.8407, 0.1593
1, 0.8431, 0.1569
1, 0.84, 0.16
1, 0.8431, 0.1569
1, 0.8455, 0.1545
1, 0.8433, 0.1567
1, 0.8427, 0.1573
1, 0.8408, 0.1592
1, 0.8434, 0.1566
1, 0.8406, 0.1594
1, 0.842, 0.158
1, 0.8404, 0.1596
1, 0.8421, 0.1579
1, 0.8414, 0.1586
1, 0.8413, 0.1587
1, 0.8421, 0.1579
1, 0.8404, 0.1596
1, 0.8406, 0.1594
1, 0.8413, 0.1587
1, 0.8436, 0.1564
1, 0.8524, 0.1476
1, 0.8422, 0.1578
1, 0.8525, 0.1475
1, 0.841, 0.159
1, 0.8421, 0.1579
1, 0.8421, 0.1579
1, 0.8411, 0.1589
1, 0.8432, 0.1568
1, 0.8407, 0.1593
1, 0.8433, 0.1567
1, 0.8465, 0.1535
1, 0.8402, 0.1598
1, 0.844, 0.156
1, 0.842, 0.158
1, 0.8422, 0.1578
1, 0.8452, 0.1548
1, 0.8436, 0.1564
1, 0.842, 0.158
1, 0.8446, 0.1554
1, 0.8444, 0.1556
1, 0.8433, 0.1567
1, 0.841, 0.159
1, 0.8402, 0.1598
1, 0.8423, 0.1577
1, 0.8408, 0.1592
1, 0.8432, 0.1568
1, 0.8425, 0.1575
1, 0.844, 0.156
1, 0.8436, 0.1564
1, 0.8408, 0.1592
1, 0.8523, 0.1477
1, 0.8313, 0.1687
1, 0.8523, 0.1477
1, 0.8422, 0.1578
1, 0.8557, 0.1443
1, 0.8453, 0.1547
1, 0.844, 0.156
1, 0.8456, 0.1544
1, 0.8437, 0.1563
1, 0.8426, 0.1574
1, 0.8422, 0.1578
1, 0.8472, 0.1528
1, 0.8467, 0.1533
1, 0.8424, 0.1576
1, 0.8486, 0.1514
1, 0.8441, 0.1559
1, 0.83, 0.17
1, 0.8446, 0.1554
1, 0.8451, 0.1549
1, 0.8425, 0.1575
1, 0.8544, 0.1456
1, 0.8424, 0.1576
1, 0.8428, 0.1572
1, 0.843, 0.157
1, 0.8452, 0.1548
1, 0.8411, 0.1589
1, 0.8317, 0.1683
1, 0.8493, 0.1507
1, 0.8437, 0.1563
1, 0.8451, 0.1549
1, 0.842, 0.158
1, 0.8427, 0.1573
1, 0.8483, 0.1517
1, 0.8446, 0.1554
1, 0.8458, 0.1542
1, 0.8434, 0.1566
1, 0.842, 0.158
1, 0.8456, 0.1544
1, 0.8442, 0.1558
1, 0.8452, 0.1548
1, 0.8423, 0.1577
1, 0.8436, 0.1564
1, 0.8422, 0.1578
1, 0.8401, 0.1599
1, 0.8426, 0.1574
1, 0.842, 0.158
1, 0.8451, 0.1549
1, 0.842, 0.158
1, 0.8456, 0.1544
1, 0.8423, 0.1577
1, 0.8446, 0.1554
1, 0.8422, 0.1578
1, 0.8483, 0.1517
1, 0.8427, 0.1573
1, 0.8442, 0.1558
1, 0.8452, 0.1548
1, 0.8458, 0.1542
1, 0.8436, 0.1564
1, 0.8434, 0.1566
1, 0.8429, 0.1571
1, 0.8399, 0.1601
1, 0.842, 0.158
1, 0.8423, 0.1577
1, 0.8425, 0.1575
1, 0.842, 0.158
1, 0.8433, 0.1567
1, 0.8423, 0.1577
1, 0.8431, 0.1569
1, 0.8413, 0.1587
1, 0.842, 0.158
1, 0.843, 0.157
1, 0.8419, 0.1581
1, 0.8431, 0.1569
1, 0.842, 0.158
1, 0.8431, 0.1569
1, 0.8421, 0.1579
1, 0.843, 0.157
1, 0.8431, 0.1569
1, 0.8432, 0.1568
1, 0.8428, 0.1572
1, 0.843, 0.157
1, 0.8414, 0.1586
1, 0.8442, 0.1558
1, 0.8449, 0.1551
1, 0.8438, 0.1562
1, 0.8431, 0.1569
1, 0.8406, 0.1594
1, 0.843, 0.157
1, 0.8412, 0.1588
1, 0.841, 0.159
1, 0.8372, 0.1628
1, 0.8437, 0.1563
1, 0.8291, 0.1709
1, 0.84, 0.16
1, 0.8407, 0.1593
1, 0.843, 0.157
1, 0.8387, 0.1613
1, 0.8443, 0.1557
1, 0.839, 0.161
1, 0.8411, 0.1589
1, 0.8329, 0.1671
1, 0.8432, 0.1568
1, 0.8436, 0.1564
1, 0.8397, 0.1603
1, 0.8381, 0.1619
1, 0.8417, 0.1583
1, 0.8423, 0.1577
1, 0.8448, 0.1552
1, 0.8448, 0.1552
1, 0.8452, 0.1548
1, 0.8415, 0.1585
1, 0.844, 0.156
1, 0.8326, 0.1674
1, 0.8403, 0.1597
1, 0.8454, 0.1546
1, 0.8239, 0.1761
1, 0.8446, 0.1554
1, 0.8302, 0.1698
1, 0.8434, 0.1566
1, 0.8316, 0.1684
1, 0.8431, 0.1569
1, 0.8396, 0.1604
1, 0.8424, 0.1576
1, 0.8434, 0.1566
1, 0.8454, 0.1546
1, 0.8445, 0.1555
1, 0.8445, 0.1555
1, 0.8414, 0.1586
1, 0.8288, 0.1712
1, 0.8449, 0.1551
1, 0.8459, 0.1541
1, 0.8428, 0.1572
1, 0.8404, 0.1596
1, 0.8404, 0.1596
1, 0.8434, 0.1566
1, 0.8442, 0.1558
1, 0.8457, 0.1543
1, 0.8436, 0.1564
1, 0.8432, 0.1568
1, 0.8428, 0.1572
1, 0.8436, 0.1564
1, 0.8437, 0.1563
1, 0.8441, 0.1559
1, 0.8435, 0.1565
1, 0.8434, 0.1566
1, 0.8436, 0.1564
1, 0.8452, 0.1548
1, 0.8432, 0.1568
1, 0.8412, 0.1588
1, 0.8434, 0.1566
1, 0.8436, 0.1564
1, 0.8411, 0.1589
1, 0.8442, 0.1558
1, 0.8417, 0.1583
1, 0.8439, 0.1561
1, 0.8433, 0.1567
1, 0.8434, 0.1566
1, 0.8434, 0.1566
1, 0.846, 0.154
1, 0.8428, 0.1572
1, 0.8434, 0.1566
1, 0.8435, 0.1565
1, 0.844, 0.156
1, 0.8438, 0.1562
1, 0.8436, 0.1564
1, 0.8463, 0.1537
1, 0.8404, 0.1596
1, 0.844, 0.156
1, 0.8418, 0.1582
1, 0.8419, 0.1581
1, 0.8425, 0.1575
1, 0.8444, 0.1556
1, 0.8426, 0.1574
1, 0.8425, 0.1575
1, 0.8396, 0.1604
1, 0.8409, 0.1591
1, 0.8392, 0.1608
1, 0.8434, 0.1566
1, 0.8419, 0.1581
1, 0.8461, 0.1539
1, 0.8394, 0.1606
1, 0.8417, 0.1583
1, 0.8422, 0.1578
1, 0.8408, 0.1592
1, 0.8416, 0.1584
1, 0.8394, 0.1606
1, 0.8413, 0.1587
1, 0.8472, 0.1528
1, 0.8425, 0.1575
1, 0.8395, 0.1605
1, 0.8437, 0.1563
1, 0.8427, 0.1573
1, 0.843, 0.157
1, 0.8425, 0.1575
1, 0.8455, 0.1545
1, 0.8453, 0.1547
1, 0.8433, 0.1567
1, 0.8457, 0.1543
1, 0.8415, 0.1585
1, 0.843, 0.157
1, 0.8415, 0.1585
1, 0.845, 0.155
1, 0.8414, 0.1586
1, 0.8407, 0.1593
1, 0.8469, 0.1531
1, 0.8408, 0.1592
1, 0.8455, 0.1545
1, 0.8455, 0.1545
1, 0.8415, 0.1585
1, 0.8453, 0.1547
1, 0.843, 0.157
1, 0.8416, 0.1584
1, 0.8469, 0.1531
1, 0.8423, 0.1577
1, 0.8451, 0.1549
1, 0.8455, 0.1545
1, 0.8441, 0.1559
1, 0.8432, 0.1568
1, 0.8417, 0.1583
1, 0.843, 0.157
1, 0.843, 0.157
1, 0.8417, 0.1583
1, 0.843, 0.157
1, 0.8457, 0.1543
1, 0.842, 0.158
1, 0.8416, 0.1584
1, 0.8455, 0.1545
1, 0.8425, 0.1575
1, 0.845, 0.155
1, 0.8414, 0.1586
1, 0.843, 0.157
1, 0.8457, 0.1543
1, 0.8418, 0.1582
1, 0.8404, 0.1596
1, 0.84, 0.16
1, 0.8411, 0.1589
1, 0.8446, 0.1554
1, 0.8397, 0.1603
1, 0.8421, 0.1579
1, 0.8402, 0.1598
1, 0.8423, 0.1577
1, 0.8405, 0.1595
1, 0.8412, 0.1588
1, 0.8408, 0.1592
1, 0.8404, 0.1596
1, 0.8426, 0.1574
1, 0.8406, 0.1594
1, 0.8407, 0.1593
1, 0.8405, 0.1595
1, 0.842, 0.158
0, 0.8914, 0.1086
0, 0.8827, 0.1173
0, 0.8909, 0.1091
0, 0.8937, 0.1063
0, 0.9165, 0.0835
0, 0.9152, 0.0848
0, 0.8939, 0.1061
0, 0.8942, 0.1058
0, 0.9148, 0.0852
0, 0.9219, 0.0781
0, 0.9285, 0.0715
0, 0.9148, 0.0852
0, 0.922, 0.078
0, 0.917, 0.083
0, 0.9185, 0.0815
0, 0.9214, 0.0786
0, 0.9227, 0.0773
0, 0.9296, 0.0704
0, 0.9223, 0.0777
0, 0.9308, 0.0692
0, 0.9322, 0.0678
0, 0.9217, 0.0783
0, 0.9286, 0.0714
0, 0.9172, 0.0828
0, 0.9225, 0.0775
0, 0.9297, 0.0703
0, 0.91, 0.09
0, 0.9192, 0.0808
0, 0.9208, 0.0792
0, 0.9211, 0.0789
0, 0.9149, 0.0851
0, 0.9313, 0.0687
0, 0.9222, 0.0778
0, 0.9211, 0.0789
0, 0.9215, 0.0785
0, 0.9216, 0.0784
0, 0.9213, 0.0787
0, 0.9228, 0.0772
0, 0.9139, 0.0861
0, 0.9209, 0.0791
0, 0.9204, 0.0796
0, 0.9206, 0.0794
0, 0.9139, 0.0861
1, 0.5272, 0.4728
1, 0.5223, 0.4777
1, 0.528, 0.472
1, 0.5294, 0.4706
1, 0.868, 0.132
1, 0.8679, 0.1321
1, 0.8603, 0.1397
1, 0.8407, 0.1593
1, 0.8399, 0.1601
1, 0.501, 0.499
1, 0.8394, 0.1606
1, 0.8399, 0.1601
1, 0.8597, 0.1403
1, 0.8511, 0.1489
1, 0.8394, 0.1606
1, 0.5542, 0.4458
1, 0.8317, 0.1683
1, 0.5996, 0.4004
1, 0.8348, 0.1652
1, 0.5226, 0.4774
1, 0.8356, 0.1644
1, 0.8338, 0.1662
1, 0.8536, 0.1464
1, 0.5285, 0.4715
0, 0.8044, 0.1956
0, 0.7167, 0.2833
0, 0.7808, 0.2192
0, 0.7782, 0.2218
0, 0.7808, 0.2192
0, 0.6584, 0.3416
0, 0.7662, 0.2338
0, 0.7072, 0.2928
0, 0.7678, 0.2322
0, 0.8502, 0.1498
0, 0.8483, 0.1517
0, 0.8501, 0.1499
0, 0.8512, 0.1488
0, 0.9221, 0.0779
0, 0.9221, 0.0779
0, 0.841, 0.159
0, 0.9186, 0.0814
0, 0.9253, 0.0747
0, 0.8502, 0.1498
0, 0.7806, 0.2194
0, 0.8539, 0.1461
0, 0.8535, 0.1465
0, 0.8512, 0.1488
0, 0.8511, 0.1489
0, 0.9221, 0.0779
0, 0.8483, 0.1517
0, 0.9221, 0.0779
0, 0.841, 0.159
0, 0.9169, 0.0831
0, 0.8502, 0.1498
0, 0.8535, 0.1465
0, 0.8483, 0.1517
0, 0.8502, 0.1498
0, 0.8511, 0.1489
0, 0.8502, 0.1498
0, 0.9253, 0.0747
0, 0.9186, 0.0814
0, 0.7769, 0.2231
0, 0.7671, 0.2329
0, 0.7111, 0.2889
0, 0.7098, 0.2902
0, 0.8492, 0.1508
0, 0.8465, 0.1535
0, 0.9414, 0.0586
0, 0.9404, 0.0596
0, 0.9299, 0.0701
0, 0.9397, 0.0603
0, 0.9318, 0.0682
0, 0.9309, 0.0691
0, 0.9329, 0.0671
0, 0.9386, 0.0614
0, 0.931, 0.069
0, 0.9386, 0.0614
0, 0.9382, 0.0618
0, 0.9318, 0.0682
0, 0.9386, 0.0614
0, 0.9387, 0.0613
0, 0.9312, 0.0688
0, 0.9312, 0.0688
0, 0.9323, 0.0677
0, 0.9397, 0.0603
0, 0.9392, 0.0608
0, 0.938, 0.062
0, 0.9397, 0.0603
0, 0.9403, 0.0597
0, 0.9395, 0.0605
0, 0.9406, 0.0594
0, 0.9392, 0.0608
0, 0.9385, 0.0615
0, 0.9421, 0.0579
0, 0.9402, 0.0598
0, 0.9381, 0.0619
0, 0.9313, 0.0687
0, 0.9397, 0.0603
0, 0.9392, 0.0608
0, 0.9386, 0.0614
0, 0.9397, 0.0603
0, 0.9383, 0.0617
0, 0.9392, 0.0608
0, 0.9397, 0.0603
0, 0.9393, 0.0607
0, 0.9401, 0.0599
0, 0.9397, 0.0603
0, 0.9391, 0.0609
0, 0.9398, 0.0602
0, 0.9387, 0.0613
0, 0.9381, 0.0619
0, 0.9401, 0.0599
0, 0.9406, 0.0594
0, 0.9412, 0.0588
0, 0.9411, 0.0589
0, 0.9389, 0.0611
0, 0.9309, 0.0691
0, 0.9386, 0.0614
0, 0.8247, 0.1753
0, 0.8464, 0.1536
0, 0.8447, 0.1553
0, 0.8469, 0.1531
0, 0.8478, 0.1522
0, 0.8402, 0.1598
0, 0.8412, 0.1588
0, 0.8598, 0.1402
0, 0.8378, 0.1622
0, 0.8421, 0.1579
0, 0.8389, 0.1611
0, 0.8423, 0.1577
0, 0.8471, 0.1529
0, 0.8465, 0.1535
0, 0.8616, 0.1384
0, 0.8405, 0.1595
0, 0.8392, 0.1608
0, 0.8465, 0.1535
0, 0.5237, 0.4763
0, 0.9501, 0.0499
0, 0.95, 0.05
0, 0.9499, 0.0501
0, 0.9505, 0.0495
0, 0.9501, 0.0499
0, 0.951, 0.049
0, 0.9498, 0.0502
0, 0.9504, 0.0496
0, 0.9494, 0.0506
0, 0.9502, 0.0498
0, 0.9498, 0.0502
0, 0.9507, 0.0493
0, 0.9496, 0.0504
0, 0.9493, 0.0507
0, 0.9501, 0.0499
0, 0.9501, 0.0499
0, 0.9498, 0.0502
0, 0.9501, 0.0499
0, 0.9502, 0.0498
0, 0.9499, 0.0501
0, 0.9508, 0.0492
0, 0.947, 0.053
0, 0.9503, 0.0497
0, 0.9502, 0.0498
0, 0.9448, 0.0552
0, 0.9488, 0.0512
0, 0.9486, 0.0514
0, 0.9493, 0.0507
0, 0.9499, 0.0501
0, 0.9493, 0.0507
0, 0.9499, 0.0501
0, 0.9501, 0.0499
0, 0.9498, 0.0502
0, 0.9508, 0.0492
0, 0.9497, 0.0503
0, 0.949, 0.051
0, 0.9498, 0.0502
0, 0.9501, 0.0499
0, 0.9498, 0.0502
0, 0.9509, 0.0491
0, 0.9504, 0.0496
0, 0.9498, 0.0502
0, 0.9499, 0.0501
0, 0.951, 0.049
0, 0.9505, 0.0495
0, 0.9498, 0.0502
0, 0.9504, 0.0496
0, 0.9503, 0.0497
0, 0.9499, 0.0501
0, 0.9501, 0.0499
0, 0.9498, 0.0502
0, 0.9491, 0.0509
0, 0.9503, 0.0497
0, 0.9501, 0.0499
0, 0.9569, 0.0431
0, 0.9158, 0.0842
0, 0.9494, 0.0506
0, 0.9247, 0.0753
0, 0.9433, 0.0567
0, 0.9496, 0.0504
0, 0.949, 0.051
0, 0.9433, 0.0567
0, 0.9479, 0.0521
0, 0.9501, 0.0499
0, 0.9491, 0.0509
0, 0.9469, 0.0531
0, 0.9482, 0.0518
0, 0.95, 0.05
0, 0.949, 0.051
0, 0.9484, 0.0516
0, 0.9502, 0.0498
0, 0.9482, 0.0518
0, 0.9502, 0.0498
0, 0.9503, 0.0497
0, 0.9496, 0.0504
0, 0.9503, 0.0497
0, 0.9496, 0.0504
0, 0.9485, 0.0515
0, 0.9433, 0.0567
0, 0.9483, 0.0517
0, 0.9495, 0.0505
0, 0.9499, 0.0501
0, 0.9484, 0.0516
0, 0.9496, 0.0504
0, 0.9457, 0.0543
0, 0.9472, 0.0528
0, 0.9482, 0.0518
0, 0.9437, 0.0563
0, 0.9464, 0.0536
0, 0.9437, 0.0563
0, 0.948, 0.052
0, 0.9439, 0.0561
0, 0.9456, 0.0544
0, 0.9468, 0.0532
0, 0.9424, 0.0576
0, 0.9483, 0.0517
0, 0.948, 0.052
0, 0.9473, 0.0527
0, 0.9474, 0.0526
0, 0.9446, 0.0554
0, 0.9478, 0.0522
0, 0.9451, 0.0549
0, 0.9472, 0.0528
0, 0.9452, 0.0548
0, 0.9546, 0.0454
0, 0.9459, 0.0541
0, 0.8294, 0.1706
0, 0.9474, 0.0526
0, 0.8344, 0.1656
0, 0.9446, 0.0554
0, 0.9472, 0.0528
0, 0.9473, 0.0527
0, 0.9465, 0.0535
0, 0.9446, 0.0554
0, 0.9474, 0.0526
0, 0.9473, 0.0527
0, 0.9445, 0.0555
0, 0.9476, 0.0524
0, 0.9469, 0.0531
0, 0.9445, 0.0555
0, 0.9475, 0.0525
0, 0.947, 0.053
0, 0.9481, 0.0519
0, 0.9469, 0.0531
0, 0.9459, 0.0541
0, 0.9469, 0.0531
0, 0.95, 0.05
0, 0.9457, 0.0543
0, 0.9497, 0.0503
0, 0.9487, 0.0513
0, 0.9496, 0.0504
0, 0.9501, 0.0499
0, 0.948, 0.052
0, 0.9471, 0.0529
0, 0.9478, 0.0522
0, 0.945, 0.055
0, 0.9449, 0.0551
0, 0.9454, 0.0546
0, 0.9477, 0.0523
0, 0.948, 0.052
0, 0.945, 0.055
0, 0.9477, 0.0523
0, 0.9477, 0.0523
0, 0.9472, 0.0528
0, 0.9454, 0.0546
0, 0.9472, 0.0528
0, 0.9477, 0.0523
0, 0.9478, 0.0522
0, 0.948, 0.052
0, 0.9454, 0.0546
0, 0.9478, 0.0522
0, 0.948, 0.052
0, 0.9477, 0.0523
0, 0.9477, 0.0523
0, 0.9455, 0.0545
0, 0.948, 0.052
0, 0.9454, 0.0546
0, 0.9472, 0.0528
0, 0.9454, 0.0546
0, 0.9478, 0.0522
0, 0.945, 0.055
0, 0.945, 0.055
0, 0.9472, 0.0528
0, 0.9477, 0.0523
0, 0.9476, 0.0524
0, 0.9446, 0.0554
0, 0.9447, 0.0553
0, 0.9477, 0.0523
0, 0.9454, 0.0546
0, 0.9217, 0.0783
0, 0.945, 0.055
0, 0.9452, 0.0548
0, 0.9473, 0.0527
0, 0.9479, 0.0521
0, 0.9476, 0.0524
0, 0.9481, 0.0519
0, 0.9479, 0.0521
0, 0.9457, 0.0543
0, 0.9454, 0.0546
0, 0.9454, 0.0546
0, 0.9478, 0.0522
0, 0.9476, 0.0524
0, 0.9477, 0.0523
0, 0.9479, 0.0521
0, 0.9478, 0.0522
0, 0.9477, 0.0523
0, 0.9478, 0.0522
0, 0.9477, 0.0523
0, 0.9477, 0.0523
0, 0.9481, 0.0519
0, 0.9478, 0.0522
0, 0.9479, 0.0521
0, 0.9478, 0.0522
0, 0.9481, 0.0519
0, 0.9458, 0.0542
0, 0.9457, 0.0543
0, 0.9476, 0.0524
0, 0.9476, 0.0524
0, 0.9454, 0.0546
0, 0.9478, 0.0522
0, 0.9479, 0.0521
0, 0.9452, 0.0548
0, 0.9458, 0.0542
0, 0.9451, 0.0549
0, 0.9472, 0.0528
0, 0.9476, 0.0524
0, 0.9474, 0.0526
0, 0.9479, 0.0521
0, 0.948, 0.052
0, 0.9457, 0.0543
0, 0.9478, 0.0522
0, 0.8385, 0.1615
0, 0.9479, 0.0521
0, 0.8394, 0.1606
0, 0.9453, 0.0547
0, 0.9479, 0.0521
0, 0.8366, 0.1634
0, 0.9453, 0.0547
0, 0.945, 0.055
0, 0.9476, 0.0524
0, 0.9479, 0.0521
0, 0.9484, 0.0516
0, 0.9452, 0.0548
0, 0.9212, 0.0788
0, 0.9476, 0.0524
0, 0.948, 0.052
0, 0.9454, 0.0546
0, 0.9473, 0.0527
0, 0.9454, 0.0546
0, 0.9473, 0.0527
0, 0.9483, 0.0517
0, 0.948, 0.052
0, 0.9478, 0.0522
0, 0.9483, 0.0517
0, 0.945, 0.055
0, 0.9483, 0.0517
0, 0.9483, 0.0517
1, 0.7789, 0.2211
1, 0.8885, 0.1115
1, 0.8318, 0.1682
1, 0.8551, 0.1449
1, 0.8553, 0.1447
1, 0.8565, 0.1435
1, 0.8557, 0.1443
0, 0.9562, 0.0438
1, 0.8288, 0.1712
1, 0.8321, 0.1679
1, 0.7894, 0.2106
0, 0.9575, 0.0425
1, 0.8897, 0.1103
0, 0.9785, 0.0215
0, 0.9235, 0.0765
0, 0.9751, 0.0249
0, 0.9227, 0.0773
0, 0.9805, 0.0195
0, 0.9503, 0.0497
0, 0.9509, 0.0491
1, 0.8884, 0.1116
1, 0.8895, 0.1105
1, 0.8863, 0.1137
1, 0.8846, 0.1154
1, 0.8906, 0.1094
1, 0.8896, 0.1104
1, 0.8885, 0.1115
1, 0.8889, 0.1111
1, 0.8899, 0.1101
1, 0.8877, 0.1123
1, 0.8883, 0.1117
1, 0.8896, 0.1104
1, 0.8879, 0.1121
1, 0.8881, 0.1119
1, 0.8872, 0.1128
1, 0.8622, 0.1378
1, 0.8886, 0.1114
1, 0.8872, 0.1128
1, 0.8878, 0.1122
1, 0.8875, 0.1125
1, 0.8697, 0.1303
1, 0.877, 0.123
1, 0.8866, 0.1134
1, 0.8878, 0.1122
1, 0.8871, 0.1129
1, 0.832, 0.168
1, 0.8873, 0.1127
1, 0.8484, 0.1516
1, 0.846, 0.154
1, 0.8899, 0.1101
1, 0.8872, 0.1128
1, 0.8876, 0.1124
1, 0.8289, 0.1711
1, 0.832, 0.168
1, 0.8881, 0.1119
1, 0.8883, 0.1117
1, 0.8884, 0.1116
1, 0.8906, 0.1094
1, 0.888, 0.112
1, 0.8892, 0.1108
1, 0.8887, 0.1113
1, 0.888, 0.112
1, 0.8887, 0.1113
1, 0.8895, 0.1105
1, 0.8788, 0.1212
1, 0.89, 0.11
1, 0.8885, 0.1115
1, 0.8881, 0.1119
1, 0.8256, 0.1744
1, 0.8015, 0.1985
1, 0.8898, 0.1102
0, 0.9238, 0.0762
0, 0.9198, 0.0802
0, 0.8729, 0.1271
0, 0.9505, 0.0495
0, 0.9482, 0.0518
0, 0.9191, 0.0809
0, 0.9203, 0.0797
1, 0.8886, 0.1114
1, 0.8871, 0.1129
1, 0.8792, 0.1208
1, 0.8873, 0.1127
1, 0.8876, 0.1124
1, 0.8871, 0.1129
1, 0.8769, 0.1231
1, 0.8885, 0.1115
1, 0.887, 0.113
1, 0.8873, 0.1127
1, 0.8892, 0.1108
1, 0.8897, 0.1103
1, 0.8339, 0.1661
1, 0.8523, 0.1477
1, 0.8526, 0.1474
1, 0.8523, 0.1477
1, 0.8403, 0.1597
1, 0.8904, 0.1096
1, 0.8445, 0.1555
1, 0.8204, 0.1796
1, 0.8319, 0.1681
1, 0.8308, 0.1692
1, 0.8311, 0.1689
1, 0.8885, 0.1115
1, 0.8784, 0.1216
1, 0.6874, 0.3126
1, 0.7196, 0.2804
1, 0.7236, 0.2764
1, 0.7203, 0.2797
1, 0.6881, 0.3119
1, 0.7184, 0.2816
1, 0.6878, 0.3122
1, 0.6878, 0.3122
1, 0.7214, 0.2786
1, 0.7209, 0.2791
1, 0.7177, 0.2823
1, 0.7192, 0.2808
0, 0.7328, 0.2672
0, 0.7794, 0.2206
0, 0.7979, 0.2021
0, 0.7961, 0.2039
0, 0.796, 0.204
0, 0.7975, 0.2025
0, 0.8009, 0.1991
0, 0.8011, 0.1989
0, 0.7969, 0.2031
0, 0.8011, 0.1989
1, 0.8118, 0.1882
1, 0.7691, 0.2309
1, 0.7896, 0.2104
1, 0.7895, 0.2105
1, 0.7864, 0.2136
1, 0.7669, 0.2331
1, 0.7906, 0.2094
1, 0.7952, 0.2048
1, 0.7699, 0.2301
1, 0.7702, 0.2298
1, 0.7893, 0.2107
1, 0.8126, 0.1874
1, 0.7744, 0.2256
1, 0.777, 0.223
1, 0.7539, 0.2461
1, 0.7594, 0.2406
1, 0.7788, 0.2212
1, 0.8189, 0.1811
1, 0.8175, 0.1825
1, 0.772, 0.228
1, 0.7674, 0.2326
1, 0.8146, 0.1854
1, 0.8128, 0.1872
1, 0.7704, 0.2296
1, 0.7494, 0.2506
1, 0.819, 0.181
1, 0.7682, 0.2318
1, 0.774, 0.226
1, 0.7913, 0.2087
1, 0.794, 0.206
1, 0.8124, 0.1876
1, 0.7911, 0.2089
1, 0.7664, 0.2336
1, 0.7904, 0.2096
1, 0.7845, 0.2155
1, 0.7846, 0.2154
1, 0.7836, 0.2164
1, 0.7687, 0.2313
1, 0.7654, 0.2346
1, 0.7871, 0.2129
1, 0.7878, 0.2122
1, 0.7891, 0.2109
1, 0.7654, 0.2346
1, 0.7975, 0.2025
1, 0.8385, 0.1615
1, 0.9215, 0.0785
1, 0.7996, 0.2004
1, 0.9752, 0.0248
1, 0.9245, 0.0755
1, 0.9239, 0.0761
1, 0.9233, 0.0767
1, 0.821, 0.179
0, 0.3731, 0.6269
1, 0.9504, 0.0496
1, 0.9291, 0.0709
1, 0.9103, 0.0897
1, 0.9732, 0.0268
1, 0.9442, 0.0558
1, 0.9731, 0.0269
1, 0.828, 0.172
1, 0.8238, 0.1762
1, 0.8268, 0.1732
1, 0.8267, 0.1733
1, 0.8288, 0.1712
1, 0.83, 0.17
1, 0.8262, 0.1738
1, 0.8324, 0.1676
1, 0.827, 0.173
1, 0.8323, 0.1677
1, 0.8323, 0.1677
1, 0.8278, 0.1722
1, 0.8313, 0.1687
1, 0.8285, 0.1715
1, 0.8285, 0.1715
1, 0.8291, 0.1709
1, 0.8285, 0.1715
1, 0.8285, 0.1715
1, 0.93, 0.07
1, 0.8311, 0.1689
1, 0.831, 0.169
0, 0.8725, 0.1275
1, 0.9681, 0.0319
1, 0.9675, 0.0325
1, 0.8719, 0.1281
1, 0.8707, 0.1293
1, 0.8706, 0.1294
1, 0.8709, 0.1291
1, 0.8708, 0.1292
1, 0.8769, 0.1231
1, 0.8699, 0.1301
1, 0.8763, 0.1237
1, 0.8699, 0.1301
1, 0.876, 0.124
1, 0.8711, 0.1289
1, 0.8703, 0.1297
1, 0.8719, 0.1281
1, 0.8707, 0.1293
1, 0.8709, 0.1291
1, 0.8706, 0.1294
1, 0.8727, 0.1273
1, 0.8721, 0.1279
1, 0.8776, 0.1224
1, 0.8736, 0.1264
1, 0.8794, 0.1206
1, 0.8718, 0.1282
1, 0.8721, 0.1279
1, 0.8719, 0.1281
1, 0.8717, 0.1283
1, 0.8731, 0.1269
1, 0.8736, 0.1264
1, 0.872, 0.128
1, 0.8752, 0.1248
1, 0.8719, 0.1281
1, 0.8719, 0.1281
1, 0.8731, 0.1269
1, 0.8719, 0.1281
1, 0.8752, 0.1248
1, 0.8785, 0.1215
1, 0.872, 0.128
1, 0.8717, 0.1283
1, 0.8721, 0.1279
1, 0.8776, 0.1224
1, 0.8785, 0.1215
1, 0.8718, 0.1282
1, 0.8794, 0.1206
1, 0.8794, 0.1206
1, 0.8727, 0.1273
1, 0.8719, 0.1281
1, 0.8794, 0.1206
1, 0.871, 0.129
1, 0.8715, 0.1285
1, 0.8724, 0.1276
1, 0.8707, 0.1293
1, 0.8707, 0.1293
1, 0.8718, 0.1282
1, 0.8748, 0.1252
1, 0.87, 0.13
1, 0.8696, 0.1304
1, 0.8707, 0.1293
1, 0.8709, 0.1291
1, 0.8706, 0.1294
1, 0.8694, 0.1306
1, 0.8749, 0.1251
1, 0.8719, 0.1281
1, 0.8707, 0.1293
1, 0.8693, 0.1307
1, 0.8759, 0.1241
1, 0.8696, 0.1304
1, 0.8712, 0.1288
1, 0.8707, 0.1293
1, 0.8726, 0.1274
1, 0.8719, 0.1281
1, 0.8794, 0.1206
1, 0.8785, 0.1215
1, 0.8794, 0.1206
1, 0.8785, 0.1215
1, 0.8731, 0.1269
1, 0.8794, 0.1206
1, 0.8776, 0.1224
1, 0.8719, 0.1281
1, 0.8785, 0.1215
1, 0.8721, 0.1279
1, 0.8785, 0.1215
1, 0.8794, 0.1206
1, 0.8794, 0.1206
1, 0.878, 0.122
1, 0.8736, 0.1264
1, 0.8736, 0.1264
1, 0.8785, 0.1215
1, 0.8719, 0.1281
1, 0.8794, 0.1206
1, 0.872, 0.128
1, 0.8794, 0.1206
1, 0.875, 0.125
1, 0.8794, 0.1206
1, 0.8731, 0.1269
1, 0.875, 0.125
1, 0.8782, 0.1218
1, 0.8794, 0.1206
1, 0.8717, 0.1283
1, 0.8785, 0.1215
1, 0.8794, 0.1206
1, 0.872, 0.128
1, 0.8719, 0.1281
1, 0.8721, 0.1279
1, 0.8731, 0.1269
1, 0.8736, 0.1264
1, 0.8721, 0.1279
1, 0.8736, 0.1264
1, 0.8719, 0.1281
1, 0.8721, 0.1279
1, 0.8721, 0.1279
1, 0.8719, 0.1281
1, 0.8727, 0.1273
1, 0.8719, 0.1281
1, 0.8736, 0.1264
1, 0.8736, 0.1264
1, 0.8736, 0.1264
1, 0.8731, 0.1269
1, 0.8721, 0.1279
1, 0.8736, 0.1264
1, 0.8719, 0.1281
1, 0.8731, 0.1269
1, 0.8719, 0.1281
1, 0.8719, 0.1281
1, 0.8736, 0.1264
1, 0.8721, 0.1279
1, 0.8736, 0.1264
1, 0.8718, 0.1282
1, 0.8719, 0.1281
1, 0.8731, 0.1269
1, 0.8719, 0.1281
1, 0.8736, 0.1264
1, 0.872, 0.128
1, 0.8719, 0.1281
1, 0.8752, 0.1248
1, 0.8736, 0.1264
1, 0.8794, 0.1206
1, 0.8718, 0.1282
1, 0.875, 0.125
1, 0.8794, 0.1206
1, 0.8722, 0.1278
1, 0.8787, 0.1213
1, 0.8776, 0.1224
1, 0.8794, 0.1206
1, 0.8794, 0.1206
1, 0.8776, 0.1224
1, 0.8787, 0.1213
1, 0.8719, 0.1281
1, 0.8794, 0.1206
1, 0.8731, 0.1269
1, 0.8794, 0.1206
1, 0.8719, 0.1281
1, 0.8794, 0.1206
1, 0.8785, 0.1215
1, 0.872, 0.128
1, 0.8794, 0.1206
1, 0.8731, 0.1269
1, 0.8752, 0.1248
1, 0.8785, 0.1215
1, 0.8785, 0.1215
1, 0.8787, 0.1213
1, 0.8785, 0.1215
1, 0.8722, 0.1278
1, 0.8731, 0.1269
1, 0.8722, 0.1278
1, 0.8719, 0.1281
1, 0.8721, 0.1279
1, 0.8736, 0.1264
1, 0.8736, 0.1264
1, 0.8719, 0.1281
1, 0.8721, 0.1279
1, 0.8719, 0.1281
1, 0.8718, 0.1282
1, 0.8736, 0.1264
1, 0.8721, 0.1279
1, 0.8719, 0.1281
1, 0.8731, 0.1269
1, 0.872, 0.128
1, 0.8718, 0.1282
1, 0.8719, 0.1281
1, 0.8736, 0.1264
1, 0.8707, 0.1293
1, 0.8719, 0.1281
1, 0.8708, 0.1292
1, 0.8739, 0.1261
1, 0.8767, 0.1233
1, 0.8673, 0.1327
1, 0.8706, 0.1294
1, 0.8709, 0.1291
1, 0.8709, 0.1291
1, 0.8706, 0.1294
1, 0.8768, 0.1232
1, 0.8704, 0.1296
1, 0.8709, 0.1291
1, 0.8706, 0.1294
1, 0.8699, 0.1301
1, 0.876, 0.124
1, 0.8701, 0.1299
1, 0.8772, 0.1228
1, 0.8707, 0.1293
1, 0.8718, 0.1282
1, 0.8712, 0.1288
1, 0.8715, 0.1285
1, 0.8699, 0.1301
1, 0.8762, 0.1238
1, 0.8707, 0.1293
1, 0.8714, 0.1286
1, 0.777, 0.223
1, 0.7609, 0.2391
1, 0.814, 0.186
1, 0.754, 0.246
1, 0.7609, 0.2391
1, 0.7751, 0.2249
1, 0.76, 0.24
1, 0.7611, 0.2389
1, 0.7611, 0.2389
1, 0.7612, 0.2388
1, 0.788, 0.212
1, 0.7609, 0.2391
1, 0.7608, 0.2392
1, 0.812, 0.188
1, 0.7611, 0.2389
1, 0.8052, 0.1948
1, 0.7608, 0.2392
1, 0.761, 0.239
0, 0.8083, 0.1917
1, 0.8025, 0.1975
1, 0.7613, 0.2387
1, 0.7831, 0.2169
0, 0.809, 0.191
0, 0.8081, 0.1919
1, 0.7792, 0.2208
1, 0.7524, 0.2476
1, 0.7718, 0.2282
1, 0.7524, 0.2476
1, 0.7527, 0.2473
1, 0.8093, 0.1907
1, 0.7703, 0.2297
1, 0.7526, 0.2474
1, 0.7528, 0.2472
1, 0.7526, 0.2474
1, 0.8148, 0.1852
1, 0.7713, 0.2287
1, 0.7516, 0.2484
1, 0.7531, 0.2469
1, 0.7524, 0.2476
1, 0.7526, 0.2474
1, 0.7526, 0.2474
1, 0.7522, 0.2478
1, 0.8083, 0.1917
1, 0.8079, 0.1921
1, 0.807, 0.193
