1, 0.2939, 0.7061
1, 0.2986, 0.7014
1, 0.2986, 0.7014
0, 0.2278, 0.7722
1, 0.2983, 0.7017
1, 0.2957, 0.7043
1, 0.3633, 0.6367
1, 0.2907, 0.7093
1, 0.277, 0.723
0, 0.2157, 0.7843
1, 0.2735, 0.7265
1, 0.2741, 0.7259
1, 0.2707, 0.7293
1, 0.2675, 0.7325
1, 0.2599, 0.7401
1, 0.2576, 0.7424
1, 0.2673, 0.7327
1, 0.2642, 0.7358
1, 0.2582, 0.7418
1, 0.2581, 0.7419
1, 0.2585, 0.7415
1, 0.2494, 0.7506
1, 0.2514, 0.7486
1, 0.2513, 0.7487
1, 0.2483, 0.7517
1, 0.2514, 0.7486
1, 0.2585, 0.7415
1, 0.2545, 0.7455
1, 0.254, 0.746
1, 0.2538, 0.7462
1, 0.2538, 0.7462
1, 0.2457, 0.7543
1, 0.2456, 0.7544
1, 0.2498, 0.7502
1, 0.255, 0.745
1, 0.2562, 0.7438
1, 0.2498, 0.7502
1, 0.2867, 0.7133
1, 0.2524, 0.7476
1, 0.2531, 0.7469
1, 0.249, 0.751
1, 0.2586, 0.7414
1, 0.2437, 0.7563
1, 0.2411, 0.7589
1, 0.2538, 0.7462
1, 0.2396, 0.7604
1, 0.24, 0.76
1, 0.239, 0.761
1, 0.2412, 0.7588
1, 0.2415, 0.7585
1, 0.2401, 0.7599
1, 0.2424, 0.7576
1, 0.2459, 0.7541
1, 0.2458, 0.7542
1, 0.2408, 0.7592
1, 0.2405, 0.7595
1, 0.2375, 0.7625
1, 0.2384, 0.7616
1, 0.2399, 0.7601
1, 0.2355, 0.7645
1, 0.2729, 0.7271
1, 0.2732, 0.7268
1, 0.2374, 0.7626
1, 0.2337, 0.7663
1, 0.2379, 0.7621
1, 0.2781, 0.7219
1, 0.2646, 0.7354
1, 0.2476, 0.7524
1, 0.2726, 0.7274
1, 0.247, 0.753
1, 0.238, 0.762
1, 0.2384, 0.7616
1, 0.2823, 0.7177
1, 0.2961, 0.7039
1, 0.2519, 0.7481
1, 0.2393, 0.7607
1, 0.2496, 0.7504
1, 0.261, 0.739
1, 0.2293, 0.7707
1, 0.2573, 0.7427
1, 0.2822, 0.7178
1, 0.2296, 0.7704
1, 0.23, 0.77
1, 0.2252, 0.7748
1, 0.245, 0.755
1, 0.2377, 0.7623
1, 0.2236, 0.7764
1, 0.2295, 0.7705
1, 0.2396, 0.7604
1, 0.2419, 0.7581
1, 0.2439, 0.7561
1, 0.2421, 0.7579
1, 0.2389, 0.7611
1, 0.2421, 0.7579
1, 0.2406, 0.7594
1, 0.2353, 0.7647
1, 0.2423, 0.7577
1, 0.2367, 0.7633
1, 0.2464, 0.7536
1, 0.2227, 0.7773
1, 0.2239, 0.7761
1, 0.2165, 0.7835
1, 0.2301, 0.7699
1, 0.2266, 0.7734
1, 0.2266, 0.7734
1, 0.2265, 0.7735
1, 0.2266, 0.7734
1, 0.2257, 0.7743
1, 0.2266, 0.7734
1, 0.2266, 0.7734
1, 0.2266, 0.7734
1, 0.2266, 0.7734
1, 0.2266, 0.7734
1, 0.2266, 0.7734
1, 0.2266, 0.7734
1, 0.2248, 0.7752
1, 0.2266, 0.7734
1, 0.2266, 0.7734
1, 0.2173, 0.7827
1, 0.2266, 0.7734
1, 0.2265, 0.7735
1, 0.2266, 0.7734
1, 0.2281, 0.7719
1, 0.2248, 0.7752
1, 0.2227, 0.7773
1, 0.2225, 0.7775
1, 0.2235, 0.7765
1, 0.2439, 0.7561
1, 0.2307, 0.7693
1, 0.229, 0.771
1, 0.2436, 0.7564
1, 0.242, 0.758
1, 0.2408, 0.7592
1, 0.2425, 0.7575
1, 0.2688, 0.7312
1, 0.2279, 0.7721
1, 0.2276, 0.7724
1, 0.2197, 0.7803
1, 0.2197, 0.7803
1, 0.269, 0.731
1, 0.2204, 0.7796
1, 0.2287, 0.7713
1, 0.2245, 0.7755
1, 0.2282, 0.7718
1, 0.22, 0.78
1, 0.2237, 0.7763
1, 0.223, 0.777
1, 0.2215, 0.7785
1, 0.2238, 0.7762
1, 0.2237, 0.7763
1, 0.2242, 0.7758
1, 0.2254, 0.7746
1, 0.227, 0.773
1, 0.2228, 0.7772
1, 0.2587, 0.7413
1, 0.2202, 0.7798
1, 0.2246, 0.7754
1, 0.2228, 0.7772
1, 0.2224, 0.7776
1, 0.2352, 0.7648
1, 0.2242, 0.7758
1, 0.2228, 0.7772
1, 0.2434, 0.7566
1, 0.2258, 0.7742
1, 0.2227, 0.7773
1, 0.22, 0.78
1, 0.2215, 0.7785
1, 0.2278, 0.7722
1, 0.2236, 0.7764
1, 0.2198, 0.7802
1, 0.2235, 0.7765
1, 0.2242, 0.7758
1, 0.2197, 0.7803
1, 0.2351, 0.7649
1, 0.2282, 0.7718
1, 0.2228, 0.7772
1, 0.224, 0.776
1, 0.2319, 0.7681
1, 0.2241, 0.7759
1, 0.2263, 0.7737
1, 0.228, 0.772
1, 0.2282, 0.7718
1, 0.223, 0.777
1, 0.225, 0.775
1, 0.2283, 0.7717
1, 0.2199, 0.7801
1, 0.2256, 0.7744
1, 0.2285, 0.7715
1, 0.224, 0.776
1, 0.2191, 0.7809
1, 0.2235, 0.7765
1, 0.2253, 0.7747
1, 0.2263, 0.7737
1, 0.2254, 0.7746
1, 0.2183, 0.7817
1, 0.2314, 0.7686
1, 0.2281, 0.7719
1, 0.2177, 0.7823
1, 0.2262, 0.7738
1, 0.2278, 0.7722
1, 0.2239, 0.7761
1, 0.219, 0.781
1, 0.228, 0.772
1, 0.2237, 0.7763
1, 0.2328, 0.7672
1, 0.2193, 0.7807
1, 0.2494, 0.7506
1, 0.2288, 0.7712
1, 0.2179, 0.7821
1, 0.2225, 0.7775
1, 0.2232, 0.7768
1, 0.2228, 0.7772
1, 0.2318, 0.7682
1, 0.2282, 0.7718
1, 0.235, 0.765
1, 0.2153, 0.7847
1, 0.22, 0.78
1, 0.2227, 0.7773
1, 0.225, 0.775
1, 0.2214, 0.7786
1, 0.2215, 0.7785
1, 0.2228, 0.7772
1, 0.2185, 0.7815
1, 0.2242, 0.7758
1, 0.2283, 0.7717
1, 0.2273, 0.7727
1, 0.2228, 0.7772
1, 0.2161, 0.7839
1, 0.228, 0.772
1, 0.2197, 0.7803
1, 0.2192, 0.7808
1, 0.2434, 0.7566
1, 0.2325, 0.7675
1, 0.2206, 0.7794
1, 0.2254, 0.7746
1, 0.2179, 0.7821
1, 0.2309, 0.7691
1, 0.2207, 0.7793
1, 0.2313, 0.7687
1, 0.2279, 0.7721
1, 0.2263, 0.7737
1, 0.2181, 0.7819
1, 0.2193, 0.7807
1, 0.2288, 0.7712
1, 0.223, 0.777
1, 0.2187, 0.7813
1, 0.2198, 0.7802
1, 0.2228, 0.7772
1, 0.2276, 0.7724
1, 0.2351, 0.7649
1, 0.2178, 0.7822
1, 0.224, 0.776
1, 0.2232, 0.7768
1, 0.2225, 0.7775
1, 0.2351, 0.7649
1, 0.224, 0.776
1, 0.2217, 0.7783
1, 0.225, 0.775
1, 0.2282, 0.7718
1, 0.2251, 0.7749
1, 0.22, 0.78
1, 0.2247, 0.7753
1, 0.2228, 0.7772
1, 0.2215, 0.7785
1, 0.2215, 0.7785
1, 0.2272, 0.7728
1, 0.2242, 0.7758
1, 0.2204, 0.7796
1, 0.2256, 0.7744
1, 0.2221, 0.7779
1, 0.2174, 0.7826
1, 0.2197, 0.7803
1, 0.2267, 0.7733
1, 0.2256, 0.7744
1, 0.2193, 0.7807
1, 0.22, 0.78
1, 0.2222, 0.7778
1, 0.2278, 0.7722
1, 0.231, 0.769
1, 0.2215, 0.7785
1, 0.2189, 0.7811
1, 0.2242, 0.7758
1, 0.219, 0.781
1, 0.2181, 0.7819
1, 0.2352, 0.7648
1, 0.224, 0.776
1, 0.2283, 0.7717
1, 0.2211, 0.7789
1, 0.2153, 0.7847
1, 0.2251, 0.7749
1, 0.2358, 0.7642
1, 0.2279, 0.7721
1, 0.2307, 0.7693
1, 0.2213, 0.7787
1, 0.2256, 0.7744
1, 0.2272, 0.7728
1, 0.223, 0.777
1, 0.2181, 0.7819
1, 0.2245, 0.7755
1, 0.2287, 0.7713
1, 0.2216, 0.7784
1, 0.228, 0.772
1, 0.2228, 0.7772
1, 0.2434, 0.7566
1, 0.2248, 0.7752
1, 0.2199, 0.7801
1, 0.2197, 0.7803
1, 0.2261, 0.7739
1, 0.2253, 0.7747
1, 0.2252, 0.7748
1, 0.2211, 0.7789
1, 0.2263, 0.7737
1, 0.2204, 0.7796
1, 0.2199, 0.7801
1, 0.2225, 0.7775
1, 0.2259, 0.7741
1, 0.2263, 0.7737
1, 0.2155, 0.7845
1, 0.2282, 0.7718
1, 0.2295, 0.7705
1, 0.2188, 0.7812
1, 0.2201, 0.7799
1, 0.22, 0.78
1, 0.2228, 0.7772
1, 0.2197, 0.7803
1, 0.22, 0.78
1, 0.2225, 0.7775
1, 0.2228, 0.7772
1, 0.2225, 0.7775
1, 0.2225, 0.7775
1, 0.2263, 0.7737
1, 0.2279, 0.7721
1, 0.2215, 0.7785
1, 0.2225, 0.7775
1, 0.2279, 0.7721
1, 0.2258, 0.7742
1, 0.223, 0.777
1, 0.2208, 0.7792
1, 0.2253, 0.7747
1, 0.2199, 0.7801
1, 0.221, 0.779
1, 0.2199, 0.7801
1, 0.2279, 0.7721
1, 0.2242, 0.7758
1, 0.2187, 0.7813
1, 0.2191, 0.7809
1, 0.2138, 0.7862
1, 0.2196, 0.7804
1, 0.2189, 0.7811
1, 0.2171, 0.7829
1, 0.2282, 0.7718
1, 0.2264, 0.7736
1, 0.2195, 0.7805
1, 0.2155, 0.7845
1, 0.2181, 0.7819
1, 0.269, 0.731
1, 0.2204, 0.7796
1, 0.2287, 0.7713
1, 0.2245, 0.7755
1, 0.2282, 0.7718
1, 0.2237, 0.7763
1, 0.22, 0.78
1, 0.223, 0.777
1, 0.2238, 0.7762
1, 0.2215, 0.7785
1, 0.2237, 0.7763
1, 0.2242, 0.7758
1, 0.2254, 0.7746
1, 0.2271, 0.7729
1, 0.2228, 0.7772
1, 0.2202, 0.7798
1, 0.2587, 0.7413
1, 0.2246, 0.7754
1, 0.2224, 0.7776
1, 0.2228, 0.7772
1, 0.2352, 0.7648
1, 0.2688, 0.7312
1, 0.2279, 0.7721
1, 0.2276, 0.7724
1, 0.2197, 0.7803
1, 0.2295, 0.7705
1, 0.2256, 0.7744
1, 0.223, 0.777
1, 0.2258, 0.7742
1, 0.2352, 0.7648
1, 0.224, 0.776
1, 0.2235, 0.7765
1, 0.2251, 0.7749
1, 0.2261, 0.7739
1, 0.2216, 0.7784
1, 0.2319, 0.7681
1, 0.2241, 0.7759
1, 0.2289, 0.7711
1, 0.2245, 0.7755
1, 0.2277, 0.7723
1, 0.2227, 0.7773
1, 0.2192, 0.7808
1, 0.2225, 0.7775
1, 0.2228, 0.7772
1, 0.2282, 0.7718
1, 0.22, 0.78
1, 0.2351, 0.7649
1, 0.224, 0.776
1, 0.2215, 0.7785
1, 0.2228, 0.7772
1, 0.2251, 0.7749
1, 0.2242, 0.7758
1, 0.2278, 0.7722
1, 0.2197, 0.7803
1, 0.2282, 0.7718
1, 0.2197, 0.7803
1, 0.2193, 0.7807
1, 0.222, 0.778
1, 0.2221, 0.7779
1, 0.2321, 0.7679
1, 0.2253, 0.7747
1, 0.2175, 0.7825
1, 0.2194, 0.7806
1, 0.224, 0.776
1, 0.2289, 0.7711
1, 0.2234, 0.7766
1, 0.2275, 0.7725
1, 0.2248, 0.7752
1, 0.223, 0.777
1, 0.2264, 0.7736
1, 0.2199, 0.7801
1, 0.2205, 0.7795
1, 0.2241, 0.7759
1, 0.2241, 0.7759
1, 0.2214, 0.7786
1, 0.2253, 0.7747
1, 0.2171, 0.7829
1, 0.2192, 0.7808
1, 0.2174, 0.7826
1, 0.2234, 0.7766
1, 0.2274, 0.7726
1, 0.2205, 0.7795
1, 0.2214, 0.7786
1, 0.2261, 0.7739
1, 0.2174, 0.7826
1, 0.2242, 0.7758
1, 0.2202, 0.7798
1, 0.2255, 0.7745
1, 0.2261, 0.7739
1, 0.2229, 0.7771
1, 0.2185, 0.7815
1, 0.2202, 0.7798
1, 0.2317, 0.7683
1, 0.2146, 0.7854
1, 0.2199, 0.7801
1, 0.2254, 0.7746
1, 0.2176, 0.7824
1, 0.2205, 0.7795
1, 0.2274, 0.7726
1, 0.2276, 0.7724
1, 0.2352, 0.7648
1, 0.2228, 0.7772
1, 0.2354, 0.7646
1, 0.2302, 0.7698
1, 0.2319, 0.7681
1, 0.2228, 0.7772
1, 0.2229, 0.7771
1, 0.2262, 0.7738
1, 0.2205, 0.7795
1, 0.2276, 0.7724
1, 0.2162, 0.7838
1, 0.2255, 0.7745
1, 0.2276, 0.7724
1, 0.2629, 0.7371
1, 0.2221, 0.7779
1, 0.2214, 0.7786
1, 0.2289, 0.7711
1, 0.2198, 0.7802
1, 0.2214, 0.7786
1, 0.2276, 0.7724
1, 0.2274, 0.7726
1, 0.2317, 0.7683
1, 0.2233, 0.7767
1, 0.2237, 0.7763
1, 0.2254, 0.7746
1, 0.222, 0.778
1, 0.2236, 0.7764
1, 0.2353, 0.7647
1, 0.214, 0.786
1, 0.2196, 0.7804
1, 0.2664, 0.7336
1, 0.2276, 0.7724
1, 0.2241, 0.7759
1, 0.2248, 0.7752
1, 0.2205, 0.7795
1, 0.2276, 0.7724
1, 0.2567, 0.7433
1, 0.2199, 0.7801
1, 0.225, 0.775
1, 0.222, 0.778
1, 0.2262, 0.7738
1, 0.2214, 0.7786
1, 0.2358, 0.7642
1, 0.2241, 0.7759
1, 0.2664, 0.7336
1, 0.2567, 0.7433
1, 0.2214, 0.7786
1, 0.2289, 0.7711
1, 0.2275, 0.7725
1, 0.2351, 0.7649
1, 0.2358, 0.7642
1, 0.2278, 0.7722
1, 0.2664, 0.7336
1, 0.2289, 0.7711
1, 0.2254, 0.7746
1, 0.2275, 0.7725
1, 0.2356, 0.7644
1, 0.2191, 0.7809
1, 0.2261, 0.7739
1, 0.2279, 0.7721
1, 0.2274, 0.7726
1, 0.2233, 0.7767
1, 0.2239, 0.7761
1, 0.2255, 0.7745
1, 0.2261, 0.7739
1, 0.2265, 0.7735
1, 0.22, 0.78
1, 0.2247, 0.7753
1, 0.2261, 0.7739
1, 0.2219, 0.7781
1, 0.2226, 0.7774
1, 0.223, 0.777
1, 0.2184, 0.7816
1, 0.2227, 0.7773
1, 0.2205, 0.7795
1, 0.2181, 0.7819
1, 0.2233, 0.7767
1, 0.2256, 0.7744
1, 0.226, 0.774
1, 0.222, 0.778
1, 0.2295, 0.7705
1, 0.2205, 0.7795
1, 0.2157, 0.7843
1, 0.2239, 0.7761
1, 0.2174, 0.7826
1, 0.2214, 0.7786
1, 0.2223, 0.7777
1, 0.2205, 0.7795
1, 0.2354, 0.7646
1, 0.2253, 0.7747
1, 0.2205, 0.7795
1, 0.2205, 0.7795
1, 0.2219, 0.7781
1, 0.2266, 0.7734
1, 0.2247, 0.7753
1, 0.2254, 0.7746
1, 0.2186, 0.7814
1, 0.2214, 0.7786
1, 0.2262, 0.7738
1, 0.2205, 0.7795
1, 0.2245, 0.7755
1, 0.2221, 0.7779
1, 0.2256, 0.7744
1, 0.2231, 0.7769
1, 0.2279, 0.7721
1, 0.225, 0.775
1, 0.2214, 0.7786
1, 0.2236, 0.7764
1, 0.2234, 0.7766
1, 0.2576, 0.7424
1, 0.2221, 0.7779
1, 0.2253, 0.7747
1, 0.2214, 0.7786
1, 0.2214, 0.7786
1, 0.2233, 0.7767
1, 0.2162, 0.7838
1, 0.2186, 0.7814
1, 0.2283, 0.7717
1, 0.2195, 0.7805
1, 0.2239, 0.7761
1, 0.2234, 0.7766
1, 0.2205, 0.7795
1, 0.2276, 0.7724
1, 0.2214, 0.7786
1, 0.2214, 0.7786
1, 0.2181, 0.7819
1, 0.2199, 0.7801
1, 0.2193, 0.7807
1, 0.2576, 0.7424
1, 0.2352, 0.7648
1, 0.2269, 0.7731
1, 0.2192, 0.7808
1, 0.222, 0.778
1, 0.2202, 0.7798
1, 0.2186, 0.7814
1, 0.2248, 0.7752
1, 0.2248, 0.7752
1, 0.2283, 0.7717
1, 0.2234, 0.7766
1, 0.2241, 0.7759
1, 0.2276, 0.7724
1, 0.2276, 0.7724
1, 0.2214, 0.7786
1, 0.2224, 0.7776
1, 0.2186, 0.7814
1, 0.2199, 0.7801
1, 0.2199, 0.7801
1, 0.2207, 0.7793
1, 0.2205, 0.7795
1, 0.2243, 0.7757
1, 0.2247, 0.7753
1, 0.2202, 0.7798
1, 0.222, 0.778
1, 0.222, 0.778
1, 0.2185, 0.7815
1, 0.2214, 0.7786
1, 0.2241, 0.7759
1, 0.2241, 0.7759
1, 0.2195, 0.7805
1, 0.2205, 0.7795
1, 0.2169, 0.7831
1, 0.2199, 0.7801
1, 0.2221, 0.7779
1, 0.2243, 0.7757
1, 0.2274, 0.7726
1, 0.2214, 0.7786
1, 0.2188, 0.7812
1, 0.2219, 0.7781
1, 0.2354, 0.7646
1, 0.224, 0.776
1, 0.2153, 0.7847
1, 0.2289, 0.7711
1, 0.2185, 0.7815
1, 0.2229, 0.7771
1, 0.2248, 0.7752
1, 0.2171, 0.7829
1, 0.222, 0.778
1, 0.2266, 0.7734
1, 0.2231, 0.7769
1, 0.2199, 0.7801
1, 0.2276, 0.7724
1, 0.2352, 0.7648
1, 0.2289, 0.7711
1, 0.2146, 0.7854
1, 0.2323, 0.7677
1, 0.224, 0.776
1, 0.2199, 0.7801
1, 0.2202, 0.7798
1, 0.224, 0.776
1, 0.2245, 0.7755
1, 0.2186, 0.7814
1, 0.2205, 0.7795
1, 0.221, 0.779
1, 0.222, 0.778
1, 0.2248, 0.7752
1, 0.222, 0.778
1, 0.2214, 0.7786
1, 0.2178, 0.7822
1, 0.2161, 0.7839
1, 0.2262, 0.7738
1, 0.2241, 0.7759
1, 0.226, 0.774
1, 0.2246, 0.7754
1, 0.2199, 0.7801
1, 0.2305, 0.7695
1, 0.2279, 0.7721
1, 0.2214, 0.7786
1, 0.2205, 0.7795
1, 0.221, 0.779
1, 0.2243, 0.7757
1, 0.2257, 0.7743
1, 0.2255, 0.7745
1, 0.2228, 0.7772
1, 0.2194, 0.7806
1, 0.2227, 0.7773
1, 0.2222, 0.7778
1, 0.2282, 0.7718
1, 0.226, 0.774
1, 0.2204, 0.7796
1, 0.22, 0.78
1, 0.221, 0.779
1, 0.2215, 0.7785
1, 0.2258, 0.7742
1, 0.2242, 0.7758
1, 0.2282, 0.7718
1, 0.2197, 0.7803
1, 0.2409, 0.7591
1, 0.2196, 0.7804
1, 0.235, 0.765
1, 0.2254, 0.7746
1, 0.228, 0.772
1, 0.2258, 0.7742
1, 0.2494, 0.7506
1, 0.2233, 0.7767
1, 0.2262, 0.7738
1, 0.2278, 0.7722
1, 0.223, 0.777
1, 0.2239, 0.7761
1, 0.2243, 0.7757
1, 0.224, 0.776
1, 0.2358, 0.7642
1, 0.2264, 0.7736
1, 0.2283, 0.7717
1, 0.2214, 0.7786
1, 0.225, 0.775
1, 0.2246, 0.7754
1, 0.2223, 0.7777
1, 0.2305, 0.7695
1, 0.2275, 0.7725
1, 0.2232, 0.7768
1, 0.2223, 0.7777
1, 0.2247, 0.7753
1, 0.2281, 0.7719
1, 0.2238, 0.7762
1, 0.2265, 0.7735
1, 0.2304, 0.7696
1, 0.2221, 0.7779
1, 0.228, 0.772
1, 0.2216, 0.7784
1, 0.2273, 0.7727
1, 0.2291, 0.7709
1, 0.225, 0.775
1, 0.2281, 0.7719
1, 0.2278, 0.7722
1, 0.2235, 0.7765
1, 0.2261, 0.7739
1, 0.2288, 0.7712
1, 0.2282, 0.7718
1, 0.227, 0.773
1, 0.2221, 0.7779
1, 0.229, 0.771
1, 0.2221, 0.7779
1, 0.2223, 0.7777
1, 0.2247, 0.7753
1, 0.2249, 0.7751
1, 0.2305, 0.7695
1, 0.2238, 0.7762
1, 0.2247, 0.7753
1, 0.2265, 0.7735
1, 0.2249, 0.7751
1, 0.23, 0.77
1, 0.2217, 0.7783
1, 0.2285, 0.7715
1, 0.2239, 0.7761
1, 0.2231, 0.7769
1, 0.229, 0.771
1, 0.2188, 0.7812
1, 0.2232, 0.7768
1, 0.2205, 0.7795
1, 0.2217, 0.7783
1, 0.2224, 0.7776
1, 0.2217, 0.7783
1, 0.2279, 0.7721
1, 0.2249, 0.7751
1, 0.225, 0.775
1, 0.2218, 0.7782
1, 0.2161, 0.7839
1, 0.23, 0.77
1, 0.2286, 0.7714
1, 0.2221, 0.7779
1, 0.221, 0.779
1, 0.2286, 0.7714
1, 0.2275, 0.7725
1, 0.2179, 0.7821
1, 0.2238, 0.7762
1, 0.2265, 0.7735
1, 0.2311, 0.7689
1, 0.2248, 0.7752
1, 0.2277, 0.7723
1, 0.2349, 0.7651
1, 0.2278, 0.7722
1, 0.2215, 0.7785
1, 0.2205, 0.7795
1, 0.2379, 0.7621
1, 0.2307, 0.7693
1, 0.2313, 0.7687
1, 0.2272, 0.7728
1, 0.2372, 0.7628
1, 0.2375, 0.7625
1, 0.2331, 0.7669
1, 0.2339, 0.7661
1, 0.2213, 0.7787
1, 0.2202, 0.7798
1, 0.2223, 0.7777
1, 0.2196, 0.7804
1, 0.2259, 0.7741
1, 0.2247, 0.7753
1, 0.2256, 0.7744
1, 0.2301, 0.7699
1, 0.2207, 0.7793
1, 0.2247, 0.7753
1, 0.2247, 0.7753
1, 0.2305, 0.7695
1, 0.2263, 0.7737
1, 0.2262, 0.7738
1, 0.2221, 0.7779
1, 0.2237, 0.7763
1, 0.2278, 0.7722
1, 0.2305, 0.7695
1, 0.2372, 0.7628
1, 0.2277, 0.7723
1, 0.2223, 0.7777
1, 0.2262, 0.7738
1, 0.227, 0.773
1, 0.2238, 0.7762
1, 0.2272, 0.7728
1, 0.228, 0.772
1, 0.224, 0.776
1, 0.2265, 0.7735
1, 0.2242, 0.7758
1, 0.2372, 0.7628
1, 0.2644, 0.7356
1, 0.2278, 0.7722
1, 0.2264, 0.7736
1, 0.2231, 0.7769
1, 0.2221, 0.7779
1, 0.2274, 0.7726
1, 0.2303, 0.7697
1, 0.2308, 0.7692
1, 0.2275, 0.7725
1, 0.2247, 0.7753
1, 0.2746, 0.7254
1, 0.2371, 0.7629
1, 0.2287, 0.7713
1, 0.2263, 0.7737
1, 0.2221, 0.7779
1, 0.2297, 0.7703
1, 0.2253, 0.7747
1, 0.2332, 0.7668
1, 0.2252, 0.7748
1, 0.2223, 0.7777
1, 0.2212, 0.7788
1, 0.2275, 0.7725
1, 0.2333, 0.7667
1, 0.2274, 0.7726
1, 0.2513, 0.7487
1, 0.2302, 0.7698
1, 0.2605, 0.7395
1, 0.2221, 0.7779
1, 0.2304, 0.7696
1, 0.2202, 0.7798
1, 0.2299, 0.7701
1, 0.2286, 0.7714
1, 0.23, 0.77
1, 0.2227, 0.7773
1, 0.2231, 0.7769
1, 0.2235, 0.7765
1, 0.2234, 0.7766
1, 0.2282, 0.7718
1, 0.2351, 0.7649
1, 0.2235, 0.7765
1, 0.2258, 0.7742
1, 0.224, 0.776
1, 0.223, 0.777
1, 0.225, 0.775
1, 0.2263, 0.7737
1, 0.2216, 0.7784
1, 0.2319, 0.7681
1, 0.2241, 0.7759
1, 0.2309, 0.7691
1, 0.2242, 0.7758
1, 0.228, 0.772
1, 0.2227, 0.7773
1, 0.2191, 0.7809
1, 0.2235, 0.7765
1, 0.2228, 0.7772
1, 0.2282, 0.7718
1, 0.22, 0.78
1, 0.2354, 0.7646
1, 0.2241, 0.7759
1, 0.2215, 0.7785
1, 0.2228, 0.7772
1, 0.2256, 0.7744
1, 0.2242, 0.7758
1, 0.2277, 0.7723
1, 0.2197, 0.7803
1, 0.2282, 0.7718
1, 0.2197, 0.7803
1, 0.2283, 0.7717
1, 0.2256, 0.7744
1, 0.2203, 0.7797
1, 0.2279, 0.7721
1, 0.2225, 0.7775
1, 0.2202, 0.7798
1, 0.2186, 0.7814
1, 0.2191, 0.7809
1, 0.2253, 0.7747
1, 0.228, 0.772
1, 0.2186, 0.7814
1, 0.2225, 0.7775
1, 0.2188, 0.7812
1, 0.2279, 0.7721
1, 0.2279, 0.7721
1, 0.2239, 0.7761
1, 0.221, 0.779
1, 0.2225, 0.7775
1, 0.2225, 0.7775
1, 0.2247, 0.7753
1, 0.2279, 0.7721
1, 0.2203, 0.7797
1, 0.2196, 0.7804
1, 0.2211, 0.7789
1, 0.216, 0.784
1, 0.2279, 0.7721
1, 0.2279, 0.7721
1, 0.2225, 0.7775
1, 0.2205, 0.7795
1, 0.2195, 0.7805
1, 0.2282, 0.7718
1, 0.2205, 0.7795
1, 0.22, 0.78
1, 0.2228, 0.7772
1, 0.2216, 0.7784
1, 0.2215, 0.7785
1, 0.2225, 0.7775
1, 0.2216, 0.7784
1, 0.2279, 0.7721
1, 0.22, 0.78
1, 0.2242, 0.7758
1, 0.2228, 0.7772
1, 0.2261, 0.7739
1, 0.2203, 0.7797
1, 0.2204, 0.7796
1, 0.2224, 0.7776
1, 0.2138, 0.7862
1, 0.2199, 0.7801
1, 0.2202, 0.7798
1, 0.2278, 0.7722
1, 0.2197, 0.7803
1, 0.224, 0.776
1, 0.22, 0.78
1, 0.2203, 0.7797
1, 0.2224, 0.7776
1, 0.2147, 0.7853
1, 0.2228, 0.7772
1, 0.2201, 0.7799
1, 0.2587, 0.7413
1, 0.2244, 0.7756
1, 0.2228, 0.7772
1, 0.2224, 0.7776
1, 0.2352, 0.7648
1, 0.2688, 0.7312
1, 0.2279, 0.7721
1, 0.2254, 0.7746
1, 0.2276, 0.7724
1, 0.2197, 0.7803
1, 0.2182, 0.7818
1, 0.269, 0.731
1, 0.2204, 0.7796
1, 0.2287, 0.7713
1, 0.2245, 0.7755
1, 0.2282, 0.7718
1, 0.2237, 0.7763
1, 0.22, 0.78
1, 0.223, 0.777
1, 0.2238, 0.7762
1, 0.2215, 0.7785
1, 0.2237, 0.7763
1, 0.2278, 0.7722
1, 0.2242, 0.7758
1, 0.2215, 0.7785
1, 0.2317, 0.7683
1, 0.2225, 0.7775
1, 0.2248, 0.7752
1, 0.2256, 0.7744
1, 0.2348, 0.7652
1, 0.2258, 0.7742
1, 0.2171, 0.7829
1, 0.2202, 0.7798
1, 0.2205, 0.7795
1, 0.2261, 0.7739
1, 0.2309, 0.7691
1, 0.223, 0.777
1, 0.2231, 0.7769
1, 0.2273, 0.7727
1, 0.2284, 0.7716
1, 0.2282, 0.7718
1, 0.2196, 0.7804
1, 0.225, 0.775
1, 0.2194, 0.7806
1, 0.2242, 0.7758
1, 0.2235, 0.7765
1, 0.2228, 0.7772
1, 0.2352, 0.7648
1, 0.2238, 0.7762
1, 0.225, 0.775
1, 0.2238, 0.7762
1, 0.2282, 0.7718
1, 0.2228, 0.7772
1, 0.2227, 0.7773
1, 0.22, 0.78
1, 0.2197, 0.7803
1, 0.2281, 0.7719
1, 0.2193, 0.7807
1, 0.2247, 0.7753
1, 0.2198, 0.7802
1, 0.22, 0.78
1, 0.2196, 0.7804
1, 0.2195, 0.7805
1, 0.2184, 0.7816
1, 0.2198, 0.7802
1, 0.2224, 0.7776
1, 0.2203, 0.7797
1, 0.2198, 0.7802
1, 0.2242, 0.7758
1, 0.2184, 0.7816
1, 0.2264, 0.7736
1, 0.2208, 0.7792
1, 0.2282, 0.7718
1, 0.2197, 0.7803
1, 0.2279, 0.7721
1, 0.2163, 0.7837
1, 0.2237, 0.7763
1, 0.2224, 0.7776
1, 0.2213, 0.7787
1, 0.2184, 0.7816
1, 0.2183, 0.7817
1, 0.2237, 0.7763
1, 0.2209, 0.7791
1, 0.2184, 0.7816
1, 0.2157, 0.7843
1, 0.2197, 0.7803
1, 0.2197, 0.7803
1, 0.2184, 0.7816
1, 0.2251, 0.7749
1, 0.2228, 0.7772
1, 0.2186, 0.7814
1, 0.2224, 0.7776
1, 0.2228, 0.7772
1, 0.2279, 0.7721
1, 0.2278, 0.7722
1, 0.2138, 0.7862
1, 0.228, 0.772
1, 0.2215, 0.7785
1, 0.2253, 0.7747
1, 0.2197, 0.7803
1, 0.2262, 0.7738
1, 0.2278, 0.7722
1, 0.2317, 0.7683
1, 0.22, 0.78
1, 0.2194, 0.7806
1, 0.2204, 0.7796
1, 0.2229, 0.7771
1, 0.2254, 0.7746
1, 0.2227, 0.7773
1, 0.2199, 0.7801
1, 0.2263, 0.7737
1, 0.22, 0.78
1, 0.2287, 0.7713
1, 0.2197, 0.7803
1, 0.2215, 0.7785
1, 0.2257, 0.7743
1, 0.2203, 0.7797
1, 0.2238, 0.7762
1, 0.2212, 0.7788
1, 0.2261, 0.7739
1, 0.2268, 0.7732
1, 0.2256, 0.7744
1, 0.2242, 0.7758
1, 0.2246, 0.7754
1, 0.2245, 0.7755
1, 0.2267, 0.7733
1, 0.2206, 0.7794
1, 0.2248, 0.7752
1, 0.2282, 0.7718
1, 0.2228, 0.7772
1, 0.2198, 0.7802
1, 0.22, 0.78
1, 0.2275, 0.7725
1, 0.2276, 0.7724
1, 0.2253, 0.7747
1, 0.2629, 0.7371
1, 0.2205, 0.7795
1, 0.2248, 0.7752
1, 0.2243, 0.7757
1, 0.2262, 0.7738
1, 0.2234, 0.7766
1, 0.2238, 0.7762
1, 0.2199, 0.7801
1, 0.2276, 0.7724
1, 0.2231, 0.7769
1, 0.2195, 0.7805
1, 0.2253, 0.7747
1, 0.2212, 0.7788
1, 0.2226, 0.7774
1, 0.2199, 0.7801
1, 0.2235, 0.7765
1, 0.2279, 0.7721
1, 0.2288, 0.7712
1, 0.2205, 0.7795
1, 0.2205, 0.7795
1, 0.2179, 0.7821
1, 0.2242, 0.7758
1, 0.2214, 0.7786
1, 0.2353, 0.7647
1, 0.222, 0.778
1, 0.2233, 0.7767
1, 0.2259, 0.7741
1, 0.2186, 0.7814
1, 0.2214, 0.7786
1, 0.2185, 0.7815
1, 0.2214, 0.7786
1, 0.2354, 0.7646
1, 0.2253, 0.7747
1, 0.2251, 0.7749
1, 0.2241, 0.7759
1, 0.2239, 0.7761
1, 0.2171, 0.7829
1, 0.2195, 0.7805
1, 0.2205, 0.7795
1, 0.2175, 0.7825
1, 0.2253, 0.7747
1, 0.2214, 0.7786
1, 0.2254, 0.7746
1, 0.2214, 0.7786
1, 0.2214, 0.7786
1, 0.2576, 0.7424
1, 0.2181, 0.7819
1, 0.2279, 0.7721
1, 0.2181, 0.7819
1, 0.2188, 0.7812
1, 0.2429, 0.7571
1, 0.2185, 0.7815
1, 0.2239, 0.7761
1, 0.2422, 0.7578
1, 0.2186, 0.7814
1, 0.2283, 0.7717
1, 0.2243, 0.7757
1, 0.22, 0.78
1, 0.2261, 0.7739
1, 0.2194, 0.7806
1, 0.2246, 0.7754
1, 0.2188, 0.7812
1, 0.2229, 0.7771
1, 0.2248, 0.7752
1, 0.2318, 0.7682
1, 0.2185, 0.7815
1, 0.2202, 0.7798
1, 0.2276, 0.7724
1, 0.2226, 0.7774
1, 0.2214, 0.7786
1, 0.2157, 0.7843
1, 0.2191, 0.7809
1, 0.2276, 0.7724
1, 0.2276, 0.7724
1, 0.2242, 0.7758
1, 0.2629, 0.7371
1, 0.2319, 0.7681
1, 0.2199, 0.7801
1, 0.2199, 0.7801
1, 0.2205, 0.7795
1, 0.222, 0.778
1, 0.2239, 0.7761
1, 0.2184, 0.7816
1, 0.2186, 0.7814
1, 0.2253, 0.7747
1, 0.2289, 0.7711
1, 0.222, 0.778
1, 0.222, 0.778
1, 0.2241, 0.7759
1, 0.2209, 0.7791
1, 0.2214, 0.7786
1, 0.2276, 0.7724
1, 0.2241, 0.7759
1, 0.2182, 0.7818
1, 0.2186, 0.7814
1, 0.2241, 0.7759
1, 0.2241, 0.7759
1, 0.2205, 0.7795
1, 0.2269, 0.7731
1, 0.2286, 0.7714
1, 0.2181, 0.7819
1, 0.2243, 0.7757
1, 0.2195, 0.7805
1, 0.2158, 0.7842
1, 0.2279, 0.7721
1, 0.2181, 0.7819
1, 0.2186, 0.7814
1, 0.2213, 0.7787
1, 0.2336, 0.7664
1, 0.2214, 0.7786
1, 0.225, 0.775
1, 0.2191, 0.7809
1, 0.2255, 0.7745
1, 0.2629, 0.7371
1, 0.2167, 0.7833
1, 0.2224, 0.7776
1, 0.2979, 0.7021
1, 0.2233, 0.7767
1, 0.2182, 0.7818
1, 0.2319, 0.7681
1, 0.2353, 0.7647
1, 0.2262, 0.7738
1, 0.2188, 0.7812
1, 0.2248, 0.7752
1, 0.2191, 0.7809
1, 0.2196, 0.7804
1, 0.2239, 0.7761
1, 0.2199, 0.7801
1, 0.2166, 0.7834
1, 0.2286, 0.7714
1, 0.2214, 0.7786
1, 0.2276, 0.7724
1, 0.2159, 0.7841
1, 0.2186, 0.7814
1, 0.2629, 0.7371
1, 0.2422, 0.7578
1, 0.2199, 0.7801
1, 0.224, 0.776
1, 0.2245, 0.7755
1, 0.2152, 0.7848
1, 0.227, 0.773
1, 0.2205, 0.7795
1, 0.2205, 0.7795
1, 0.2289, 0.7711
1, 0.2214, 0.7786
1, 0.219, 0.781
1, 0.2186, 0.7814
1, 0.2276, 0.7724
1, 0.2203, 0.7797
1, 0.2243, 0.7757
1, 0.2275, 0.7725
1, 0.222, 0.778
1, 0.2146, 0.7854
1, 0.2266, 0.7734
1, 0.2188, 0.7812
1, 0.2241, 0.7759
1, 0.2188, 0.7812
1, 0.2291, 0.7709
1, 0.22, 0.78
1, 0.2226, 0.7774
1, 0.2214, 0.7786
1, 0.2279, 0.7721
1, 0.2262, 0.7738
1, 0.2162, 0.7838
1, 0.2223, 0.7777
1, 0.221, 0.779
1, 0.2354, 0.7646
1, 0.2185, 0.7815
1, 0.2205, 0.7795
1, 0.2288, 0.7712
1, 0.2286, 0.7714
1, 0.2239, 0.7761
1, 0.2231, 0.7769
1, 0.2176, 0.7824
1, 0.2168, 0.7832
1, 0.2188, 0.7812
1, 0.2172, 0.7828
1, 0.2463, 0.7537
1, 0.2233, 0.7767
1, 0.2185, 0.7815
1, 0.2318, 0.7682
1, 0.2248, 0.7752
1, 0.2205, 0.7795
1, 0.2245, 0.7755
1, 0.2165, 0.7835
1, 0.2205, 0.7795
1, 0.2239, 0.7761
1, 0.2205, 0.7795
1, 0.2171, 0.7829
1, 0.2275, 0.7725
1, 0.2214, 0.7786
1, 0.2188, 0.7812
1, 0.2199, 0.7801
1, 0.2188, 0.7812
1, 0.2629, 0.7371
1, 0.2219, 0.7781
1, 0.2262, 0.7738
1, 0.2188, 0.7812
1, 0.2289, 0.7711
1, 0.22, 0.78
1, 0.2262, 0.7738
1, 0.222, 0.778
1, 0.2193, 0.7807
1, 0.2188, 0.7812
1, 0.2251, 0.7749
1, 0.2276, 0.7724
1, 0.2279, 0.7721
1, 0.2234, 0.7766
1, 0.2188, 0.7812
1, 0.2241, 0.7759
1, 0.2214, 0.7786
1, 0.2253, 0.7747
1, 0.2321, 0.7679
1, 0.2973, 0.7027
1, 0.2186, 0.7814
1, 0.2261, 0.7739
1, 0.2193, 0.7807
1, 0.2276, 0.7724
1, 0.2233, 0.7767
1, 0.2189, 0.7811
1, 0.2229, 0.7771
1, 0.2191, 0.7809
1, 0.2179, 0.7821
1, 0.2219, 0.7781
1, 0.2239, 0.7761
1, 0.2279, 0.7721
1, 0.2191, 0.7809
1, 0.2276, 0.7724
1, 0.2236, 0.7764
1, 0.2317, 0.7683
1, 0.2255, 0.7745
1, 0.2235, 0.7765
1, 0.2199, 0.7801
1, 0.2198, 0.7802
1, 0.221, 0.779
1, 0.2234, 0.7766
1, 0.2276, 0.7724
1, 0.2253, 0.7747
1, 0.2271, 0.7729
1, 0.2188, 0.7812
1, 0.222, 0.778
1, 0.2195, 0.7805
1, 0.2354, 0.7646
1, 0.2196, 0.7804
1, 0.2199, 0.7801
1, 0.2323, 0.7677
1, 0.2252, 0.7748
1, 0.2221, 0.7779
1, 0.2241, 0.7759
1, 0.2193, 0.7807
1, 0.222, 0.778
1, 0.2365, 0.7635
1, 0.2254, 0.7746
1, 0.2291, 0.7709
1, 0.2224, 0.7776
1, 0.2221, 0.7779
1, 0.2241, 0.7759
1, 0.2282, 0.7718
1, 0.2256, 0.7744
1, 0.2238, 0.7762
1, 0.2279, 0.7721
1, 0.2296, 0.7704
1, 0.2336, 0.7664
1, 0.2205, 0.7795
1, 0.2274, 0.7726
1, 0.2205, 0.7795
1, 0.2221, 0.7779
1, 0.2233, 0.7767
1, 0.2174, 0.7826
1, 0.2238, 0.7762
1, 0.2353, 0.7647
1, 0.2354, 0.7646
1, 0.2253, 0.7747
1, 0.2181, 0.7819
1, 0.2239, 0.7761
1, 0.2286, 0.7714
1, 0.2255, 0.7745
1, 0.2254, 0.7746
1, 0.2195, 0.7805
1, 0.2422, 0.7578
1, 0.2261, 0.7739
1, 0.2205, 0.7795
1, 0.2271, 0.7729
1, 0.2242, 0.7758
1, 0.2318, 0.7682
1, 0.2198, 0.7802
1, 0.2239, 0.7761
1, 0.2238, 0.7762
1, 0.2275, 0.7725
1, 0.2198, 0.7802
1, 0.2253, 0.7747
1, 0.2231, 0.7769
1, 0.2265, 0.7735
1, 0.224, 0.776
1, 0.2205, 0.7795
1, 0.2293, 0.7707
1, 0.2226, 0.7774
1, 0.2195, 0.7805
1, 0.2238, 0.7762
1, 0.2224, 0.7776
1, 0.2214, 0.7786
1, 0.2232, 0.7768
1, 0.2214, 0.7786
1, 0.2629, 0.7371
1, 0.2192, 0.7808
1, 0.2238, 0.7762
1, 0.2289, 0.7711
1, 0.2185, 0.7815
1, 0.2223, 0.7777
1, 0.2276, 0.7724
1, 0.2214, 0.7786
1, 0.2219, 0.7781
1, 0.2309, 0.7691
1, 0.2214, 0.7786
1, 0.2239, 0.7761
1, 0.2664, 0.7336
1, 0.2205, 0.7795
1, 0.2576, 0.7424
1, 0.2238, 0.7762
1, 0.2256, 0.7744
1, 0.2191, 0.7809
1, 0.2274, 0.7726
1, 0.2181, 0.7819
1, 0.2185, 0.7815
1, 0.2248, 0.7752
1, 0.2186, 0.7814
1, 0.2283, 0.7717
1, 0.2324, 0.7676
1, 0.2276, 0.7724
1, 0.2195, 0.7805
1, 0.2205, 0.7795
1, 0.2255, 0.7745
1, 0.2277, 0.7723
1, 0.2199, 0.7801
1, 0.2238, 0.7762
1, 0.2199, 0.7801
1, 0.2174, 0.7826
1, 0.2261, 0.7739
1, 0.2231, 0.7769
1, 0.222, 0.778
1, 0.2184, 0.7816
1, 0.222, 0.778
1, 0.236, 0.764
1, 0.2205, 0.7795
1, 0.2241, 0.7759
1, 0.2257, 0.7743
1, 0.2195, 0.7805
1, 0.2244, 0.7756
1, 0.2241, 0.7759
1, 0.2221, 0.7779
1, 0.2266, 0.7734
1, 0.2361, 0.7639
1, 0.2205, 0.7795
1, 0.2219, 0.7781
1, 0.2279, 0.7721
1, 0.2567, 0.7433
1, 0.2257, 0.7743
1, 0.2214, 0.7786
1, 0.2198, 0.7802
1, 0.2273, 0.7727
1, 0.2205, 0.7795
1, 0.2205, 0.7795
1, 0.2253, 0.7747
1, 0.2205, 0.7795
1, 0.2258, 0.7742
1, 0.2295, 0.7705
1, 0.2205, 0.7795
1, 0.2188, 0.7812
1, 0.2226, 0.7774
1, 0.2181, 0.7819
1, 0.2214, 0.7786
1, 0.2224, 0.7776
1, 0.221, 0.779
1, 0.2358, 0.7642
1, 0.2236, 0.7764
1, 0.2175, 0.7825
1, 0.2629, 0.7371
1, 0.2274, 0.7726
1, 0.2664, 0.7336
1, 0.2257, 0.7743
1, 0.2186, 0.7814
1, 0.2214, 0.7786
1, 0.2289, 0.7711
1, 0.2248, 0.7752
1, 0.2231, 0.7769
1, 0.2205, 0.7795
1, 0.2214, 0.7786
1, 0.2255, 0.7745
1, 0.2275, 0.7725
1, 0.2205, 0.7795
1, 0.2276, 0.7724
1, 0.2205, 0.7795
1, 0.2242, 0.7758
1, 0.2205, 0.7795
1, 0.2219, 0.7781
1, 0.2205, 0.7795
1, 0.2245, 0.7755
1, 0.2261, 0.7739
1, 0.2199, 0.7801
1, 0.2214, 0.7786
1, 0.2181, 0.7819
1, 0.225, 0.775
1, 0.2214, 0.7786
1, 0.2354, 0.7646
1, 0.2205, 0.7795
1, 0.222, 0.778
1, 0.2214, 0.7786
1, 0.2279, 0.7721
1, 0.224, 0.776
1, 0.2271, 0.7729
1, 0.2186, 0.7814
1, 0.2214, 0.7786
1, 0.2241, 0.7759
1, 0.2248, 0.7752
1, 0.225, 0.775
1, 0.2233, 0.7767
1, 0.2214, 0.7786
1, 0.2238, 0.7762
1, 0.2214, 0.7786
1, 0.2276, 0.7724
1, 0.2231, 0.7769
1, 0.2321, 0.7679
1, 0.2257, 0.7743
1, 0.2354, 0.7646
1, 0.2191, 0.7809
1, 0.2199, 0.7801
1, 0.2214, 0.7786
1, 0.2239, 0.7761
1, 0.2239, 0.7761
1, 0.2205, 0.7795
1, 0.2214, 0.7786
1, 0.2189, 0.7811
1, 0.2221, 0.7779
1, 0.2245, 0.7755
1, 0.2185, 0.7815
1, 0.2229, 0.7771
1, 0.222, 0.778
1, 0.2248, 0.7752
1, 0.2318, 0.7682
1, 0.2214, 0.7786
1, 0.2265, 0.7735
1, 0.2276, 0.7724
1, 0.2241, 0.7759
1, 0.2214, 0.7786
1, 0.2276, 0.7724
1, 0.2255, 0.7745
1, 0.2206, 0.7794
1, 0.2199, 0.7801
1, 0.2422, 0.7578
1, 0.2199, 0.7801
1, 0.2629, 0.7371
1, 0.2276, 0.7724
1, 0.2214, 0.7786
1, 0.222, 0.778
1, 0.2186, 0.7814
1, 0.222, 0.778
1, 0.2289, 0.7711
1, 0.232, 0.768
1, 0.2248, 0.7752
1, 0.2226, 0.7774
1, 0.2205, 0.7795
1, 0.2276, 0.7724
1, 0.2241, 0.7759
1, 0.2241, 0.7759
1, 0.2317, 0.7683
1, 0.2191, 0.7809
1, 0.2276, 0.7724
1, 0.2174, 0.7826
1, 0.2229, 0.7771
1, 0.2199, 0.7801
1, 0.2336, 0.7664
1, 0.2253, 0.7747
1, 0.2205, 0.7795
1, 0.2279, 0.7721
1, 0.2276, 0.7724
1, 0.2354, 0.7646
1, 0.222, 0.778
1, 0.2174, 0.7826
1, 0.2205, 0.7795
1, 0.2199, 0.7801
1, 0.2353, 0.7647
1, 0.2241, 0.7759
1, 0.2181, 0.7819
1, 0.2221, 0.7779
1, 0.2233, 0.7767
1, 0.2254, 0.7746
1, 0.222, 0.778
1, 0.2205, 0.7795
1, 0.2257, 0.7743
1, 0.2286, 0.7714
1, 0.2239, 0.7761
1, 0.2241, 0.7759
1, 0.234, 0.766
1, 0.2422, 0.7578
1, 0.224, 0.776
1, 0.2279, 0.7721
1, 0.2309, 0.7691
1, 0.2277, 0.7723
1, 0.2214, 0.7786
1, 0.2214, 0.7786
1, 0.2275, 0.7725
1, 0.2266, 0.7734
1, 0.236, 0.764
1, 0.2354, 0.7646
1, 0.2206, 0.7794
1, 0.2253, 0.7747
1, 0.2205, 0.7795
1, 0.2247, 0.7753
1, 0.2233, 0.7767
1, 0.2292, 0.7708
1, 0.2324, 0.7676
1, 0.2247, 0.7753
1, 0.2241, 0.7759
1, 0.2429, 0.7571
1, 0.2254, 0.7746
1, 0.2214, 0.7786
1, 0.2239, 0.7761
1, 0.2214, 0.7786
1, 0.2301, 0.7699
1, 0.2226, 0.7774
1, 0.2235, 0.7765
1, 0.219, 0.781
1, 0.236, 0.764
1, 0.2199, 0.7801
1, 0.2205, 0.7795
1, 0.2289, 0.7711
1, 0.2276, 0.7724
1, 0.2275, 0.7725
1, 0.222, 0.778
1, 0.2214, 0.7786
1, 0.2999, 0.7001
1, 0.2241, 0.7759
1, 0.2205, 0.7795
1, 0.2279, 0.7721
1, 0.3039, 0.6961
1, 0.2214, 0.7786
1, 0.2295, 0.7705
1, 0.2214, 0.7786
1, 0.2321, 0.7679
1, 0.2256, 0.7744
1, 0.2233, 0.7767
1, 0.2296, 0.7704
1, 0.2186, 0.7814
1, 0.2296, 0.7704
1, 0.2229, 0.7771
1, 0.2239, 0.7761
1, 0.2214, 0.7786
1, 0.2276, 0.7724
1, 0.2354, 0.7646
1, 0.2576, 0.7424
1, 0.2253, 0.7747
1, 0.2199, 0.7801
1, 0.2271, 0.7729
1, 0.2185, 0.7815
1, 0.2254, 0.7746
1, 0.2283, 0.7717
1, 0.222, 0.778
1, 0.2206, 0.7794
1, 0.2255, 0.7745
1, 0.2276, 0.7724
1, 0.2241, 0.7759
1, 0.2318, 0.7682
1, 0.2239, 0.7761
1, 0.2199, 0.7801
1, 0.2226, 0.7774
1, 0.2276, 0.7724
1, 0.222, 0.778
1, 0.2241, 0.7759
1, 0.2629, 0.7371
1, 0.2317, 0.7683
1, 0.2205, 0.7795
1, 0.2289, 0.7711
1, 0.2243, 0.7757
1, 0.2253, 0.7747
1, 0.2276, 0.7724
1, 0.2354, 0.7646
1, 0.2181, 0.7819
1, 0.2254, 0.7746
1, 0.2274, 0.7726
1, 0.2199, 0.7801
1, 0.2318, 0.7682
1, 0.2214, 0.7786
1, 0.2239, 0.7761
1, 0.2255, 0.7745
1, 0.224, 0.776
1, 0.2205, 0.7795
1, 0.2245, 0.7755
1, 0.2261, 0.7739
1, 0.2214, 0.7786
1, 0.2271, 0.7729
1, 0.2629, 0.7371
1, 0.2279, 0.7721
1, 0.2294, 0.7706
1, 0.2289, 0.7711
1, 0.2226, 0.7774
1, 0.2276, 0.7724
1, 0.2214, 0.7786
1, 0.2238, 0.7762
1, 0.221, 0.779
1, 0.2321, 0.7679
1, 0.2191, 0.7809
1, 0.2189, 0.7811
1, 0.2221, 0.7779
1, 0.2274, 0.7726
1, 0.2229, 0.7771
1, 0.2205, 0.7795
1, 0.2255, 0.7745
1, 0.2214, 0.7786
1, 0.222, 0.778
1, 0.3354, 0.6646
1, 0.2276, 0.7724
1, 0.2276, 0.7724
1, 0.2199, 0.7801
1, 0.2165, 0.7835
1, 0.2276, 0.7724
1, 0.2198, 0.7802
1, 0.2276, 0.7724
1, 0.2191, 0.7809
1, 0.2241, 0.7759
1, 0.3093, 0.6907
1, 0.2226, 0.7774
1, 0.222, 0.778
1, 0.2214, 0.7786
1, 0.2274, 0.7726
1, 0.2174, 0.7826
1, 0.2279, 0.7721
1, 0.2276, 0.7724
1, 0.2629, 0.7371
1, 0.2336, 0.7664
1, 0.2241, 0.7759
1, 0.2199, 0.7801
1, 0.2266, 0.7734
1, 0.2185, 0.7815
1, 0.2255, 0.7745
1, 0.2567, 0.7433
1, 0.2248, 0.7752
1, 0.2233, 0.7767
1, 0.222, 0.778
1, 0.2353, 0.7647
1, 0.2205, 0.7795
1, 0.2165, 0.7835
1, 0.2261, 0.7739
1, 0.2276, 0.7724
1, 0.2239, 0.7761
1, 0.2241, 0.7759
1, 0.2286, 0.7714
1, 0.2181, 0.7819
1, 0.2199, 0.7801
1, 0.2422, 0.7578
1, 0.2358, 0.7642
1, 0.2238, 0.7762
1, 0.2279, 0.7721
1, 0.2279, 0.7721
1, 0.222, 0.778
1, 0.2263, 0.7737
1, 0.2239, 0.7761
1, 0.2664, 0.7336
1, 0.2162, 0.7838
1, 0.2206, 0.7794
1, 0.2275, 0.7725
1, 0.2238, 0.7762
1, 0.2241, 0.7759
1, 0.2247, 0.7753
1, 0.2289, 0.7711
1, 0.2238, 0.7762
1, 0.2318, 0.7682
1, 0.2214, 0.7786
1, 0.2191, 0.7809
1, 0.2275, 0.7725
1, 0.2194, 0.7806
1, 0.2226, 0.7774
1, 0.2205, 0.7795
1, 0.2279, 0.7721
1, 0.2245, 0.7755
1, 0.2221, 0.7779
1, 0.2239, 0.7761
1, 0.2629, 0.7371
1, 0.2214, 0.7786
1, 0.2221, 0.7779
1, 0.2279, 0.7721
1, 0.2238, 0.7762
1, 0.2318, 0.7682
1, 0.2289, 0.7711
1, 0.2233, 0.7767
1, 0.2276, 0.7724
1, 0.2205, 0.7795
1, 0.2239, 0.7761
1, 0.2214, 0.7786
1, 0.2233, 0.7767
1, 0.2195, 0.7805
1, 0.2629, 0.7371
1, 0.2576, 0.7424
1, 0.2205, 0.7795
1, 0.2188, 0.7812
1, 0.3071, 0.6929
1, 0.2239, 0.7761
1, 0.2221, 0.7779
1, 0.2289, 0.7711
1, 0.2238, 0.7762
1, 0.2276, 0.7724
1, 0.2263, 0.7737
1, 0.2283, 0.7717
1, 0.2188, 0.7812
1, 0.2175, 0.7825
1, 0.2203, 0.7797
1, 0.2247, 0.7753
1, 0.3138, 0.6862
1, 0.2233, 0.7767
1, 0.2271, 0.7729
1, 0.2276, 0.7724
1, 0.2193, 0.7807
1, 0.2206, 0.7794
1, 0.2279, 0.7721
1, 0.2231, 0.7769
1, 0.3126, 0.6874
1, 0.2226, 0.7774
1, 0.2199, 0.7801
1, 0.2205, 0.7795
1, 0.2255, 0.7745
1, 0.2221, 0.7779
1, 0.2242, 0.7758
1, 0.2238, 0.7762
1, 0.2205, 0.7795
1, 0.222, 0.778
1, 0.2237, 0.7763
1, 0.2226, 0.7774
1, 0.2233, 0.7767
1, 0.2265, 0.7735
1, 0.2214, 0.7786
1, 0.2241, 0.7759
1, 0.224, 0.776
1, 0.2989, 0.7011
1, 0.2195, 0.7805
1, 0.2239, 0.7761
1, 0.3074, 0.6926
1, 0.2214, 0.7786
1, 0.2205, 0.7795
1, 0.2243, 0.7757
1, 0.2221, 0.7779
1, 0.2238, 0.7762
1, 0.2214, 0.7786
1, 0.303, 0.697
1, 0.2269, 0.7731
1, 0.2181, 0.7819
1, 0.2205, 0.7795
1, 0.2422, 0.7578
1, 0.2206, 0.7794
1, 0.2214, 0.7786
1, 0.2247, 0.7753
1, 0.2181, 0.7819
1, 0.2195, 0.7805
1, 0.2191, 0.7809
1, 0.2664, 0.7336
1, 0.2248, 0.7752
1, 0.2199, 0.7801
1, 0.2221, 0.7779
1, 0.2226, 0.7774
1, 0.2253, 0.7747
1, 0.2238, 0.7762
1, 0.2214, 0.7786
1, 0.2205, 0.7795
1, 0.2248, 0.7752
1, 0.224, 0.776
1, 0.2185, 0.7815
1, 0.2199, 0.7801
1, 0.2237, 0.7763
1, 0.2245, 0.7755
1, 0.2926, 0.7074
1, 0.2214, 0.7786
1, 0.2276, 0.7724
1, 0.2241, 0.7759
1, 0.2361, 0.7639
1, 0.2257, 0.7743
1, 0.2336, 0.7664
1, 0.2258, 0.7742
1, 0.2353, 0.7647
1, 0.2274, 0.7726
1, 0.2286, 0.7714
1, 0.2422, 0.7578
1, 0.2255, 0.7745
1, 0.2146, 0.7854
1, 0.2275, 0.7725
1, 0.2261, 0.7739
1, 0.2279, 0.7721
1, 0.2264, 0.7736
1, 0.2238, 0.7762
1, 0.2198, 0.7802
1, 0.2233, 0.7767
1, 0.2191, 0.7809
1, 0.2239, 0.7761
1, 0.2221, 0.7779
1, 0.2216, 0.7784
1, 0.2266, 0.7734
1, 0.2203, 0.7797
1, 0.2247, 0.7753
1, 0.2244, 0.7756
1, 0.2171, 0.7829
1, 0.2205, 0.7795
1, 0.2226, 0.7774
1, 0.2174, 0.7826
1, 0.2205, 0.7795
1, 0.2215, 0.7785
1, 0.2227, 0.7773
1, 0.2205, 0.7795
1, 0.2221, 0.7779
1, 0.2181, 0.7819
1, 0.2264, 0.7736
1, 0.2234, 0.7766
1, 0.2214, 0.7786
1, 0.2224, 0.7776
1, 0.2214, 0.7786
1, 0.2205, 0.7795
1, 0.2247, 0.7753
1, 0.2198, 0.7802
1, 0.2214, 0.7786
1, 0.2275, 0.7725
1, 0.2214, 0.7786
1, 0.2238, 0.7762
1, 0.2664, 0.7336
1, 0.2191, 0.7809
1, 0.2255, 0.7745
1, 0.2185, 0.7815
1, 0.2221, 0.7779
1, 0.2248, 0.7752
1, 0.2261, 0.7739
1, 0.2276, 0.7724
1, 0.2199, 0.7801
1, 0.2286, 0.7714
1, 0.222, 0.778
1, 0.2228, 0.7772
1, 0.2205, 0.7795
1, 0.2241, 0.7759
1, 0.2195, 0.7805
1, 0.2175, 0.7825
1, 0.2223, 0.7777
1, 0.2567, 0.7433
1, 0.2205, 0.7795
1, 0.2242, 0.7758
1, 0.2358, 0.7642
1, 0.2664, 0.7336
1, 0.2245, 0.7755
1, 0.2205, 0.7795
1, 0.2289, 0.7711
1, 0.2214, 0.7786
1, 0.2175, 0.7825
1, 0.2275, 0.7725
1, 0.2214, 0.7786
1, 0.2279, 0.7721
1, 0.2205, 0.7795
1, 0.2664, 0.7336
1, 0.2242, 0.7758
1, 0.2199, 0.7801
1, 0.2188, 0.7812
1, 0.2233, 0.7767
1, 0.2248, 0.7752
1, 0.224, 0.776
1, 0.2239, 0.7761
1, 0.2276, 0.7724
1, 0.2214, 0.7786
1, 0.2199, 0.7801
1, 0.2271, 0.7729
1, 0.222, 0.778
1, 0.2214, 0.7786
1, 0.2206, 0.7794
1, 0.2255, 0.7745
1, 0.2241, 0.7759
1, 0.2422, 0.7578
1, 0.2186, 0.7814
1, 0.2226, 0.7774
1, 0.2567, 0.7433
1, 0.2248, 0.7752
1, 0.2199, 0.7801
1, 0.2358, 0.7642
1, 0.2664, 0.7336
1, 0.222, 0.778
1, 0.2205, 0.7795
1, 0.2205, 0.7795
1, 0.2214, 0.7786
1, 0.2276, 0.7724
1, 0.2218, 0.7782
1, 0.2243, 0.7757
1, 0.2181, 0.7819
1, 0.225, 0.775
1, 0.2205, 0.7795
1, 0.2214, 0.7786
1, 0.2265, 0.7735
1, 0.2262, 0.7738
1, 0.2664, 0.7336
1, 0.2188, 0.7812
1, 0.2214, 0.7786
1, 0.2214, 0.7786
1, 0.2243, 0.7757
1, 0.2186, 0.7814
1, 0.2199, 0.7801
1, 0.2248, 0.7752
1, 0.2289, 0.7711
1, 0.2205, 0.7795
1, 0.2215, 0.7785
1, 0.224, 0.776
1, 0.2245, 0.7755
1, 0.2214, 0.7786
1, 0.2276, 0.7724
1, 0.2214, 0.7786
1, 0.2231, 0.7769
1, 0.2353, 0.7647
1, 0.2199, 0.7801
1, 0.2269, 0.7731
1, 0.2265, 0.7735
1, 0.2205, 0.7795
1, 0.2188, 0.7812
1, 0.222, 0.778
1, 0.2247, 0.7753
1, 0.2248, 0.7752
1, 0.2295, 0.7705
1, 0.2214, 0.7786
1, 0.2214, 0.7786
1, 0.2241, 0.7759
1, 0.2244, 0.7756
1, 0.2276, 0.7724
1, 0.2226, 0.7774
1, 0.2321, 0.7679
1, 0.221, 0.779
1, 0.2199, 0.7801
1, 0.2976, 0.7024
1, 0.2567, 0.7433
1, 0.2186, 0.7814
1, 0.2229, 0.7771
1, 0.2214, 0.7786
1, 0.222, 0.778
1, 0.2321, 0.7679
1, 0.2276, 0.7724
1, 0.2241, 0.7759
1, 0.2205, 0.7795
1, 0.2233, 0.7767
1, 0.2199, 0.7801
1, 0.2194, 0.7806
1, 0.2358, 0.7642
1, 0.2229, 0.7771
1, 0.2219, 0.7781
1, 0.2277, 0.7723
1, 0.222, 0.778
1, 0.3, 0.7
1, 0.2664, 0.7336
1, 0.2276, 0.7724
1, 0.2205, 0.7795
1, 0.2289, 0.7711
1, 0.2241, 0.7759
1, 0.2197, 0.7803
1, 0.2199, 0.7801
1, 0.2324, 0.7676
1, 0.2275, 0.7725
1, 0.222, 0.778
1, 0.2236, 0.7764
1, 0.222, 0.778
1, 0.2239, 0.7761
1, 0.2241, 0.7759
1, 0.236, 0.764
1, 0.2257, 0.7743
1, 0.2251, 0.7749
1, 0.2279, 0.7721
1, 0.2214, 0.7786
1, 0.2174, 0.7826
1, 0.2302, 0.7698
1, 0.2336, 0.7664
1, 0.2253, 0.7747
1, 0.2233, 0.7767
1, 0.2354, 0.7646
1, 0.2215, 0.7785
1, 0.2214, 0.7786
1, 0.2253, 0.7747
1, 0.2353, 0.7647
1, 0.2239, 0.7761
1, 0.2354, 0.7646
1, 0.2279, 0.7721
1, 0.2254, 0.7746
1, 0.2286, 0.7714
1, 0.2188, 0.7812
1, 0.2233, 0.7767
1, 0.2248, 0.7752
1, 0.2422, 0.7578
1, 0.2266, 0.7734
1, 0.2318, 0.7682
1, 0.2233, 0.7767
1, 0.2239, 0.7761
1, 0.2206, 0.7794
1, 0.2262, 0.7738
1, 0.2255, 0.7745
1, 0.2275, 0.7725
1, 0.2239, 0.7761
1, 0.2199, 0.7801
1, 0.2223, 0.7777
1, 0.2226, 0.7774
1, 0.222, 0.778
1, 0.2629, 0.7371
1, 0.2243, 0.7757
1, 0.2286, 0.7714
1, 0.2241, 0.7759
1, 0.2264, 0.7736
1, 0.2264, 0.7736
1, 0.2228, 0.7772
1, 0.2205, 0.7795
1, 0.2587, 0.7413
1, 0.225, 0.775
1, 0.2228, 0.7772
1, 0.2224, 0.7776
1, 0.2352, 0.7648
1, 0.2245, 0.7755
1, 0.2688, 0.7312
1, 0.2279, 0.7721
1, 0.2276, 0.7724
1, 0.2197, 0.7803
1, 0.2186, 0.7814
1, 0.269, 0.731
1, 0.2204, 0.7796
1, 0.2287, 0.7713
1, 0.2245, 0.7755
1, 0.2282, 0.7718
1, 0.2237, 0.7763
1, 0.22, 0.78
1, 0.223, 0.777
1, 0.2238, 0.7762
1, 0.2215, 0.7785
1, 0.2237, 0.7763
1, 0.2242, 0.7758
1, 0.2253, 0.7747
1, 0.2223, 0.7777
1, 0.2206, 0.7794
1, 0.2238, 0.7762
1, 0.2261, 0.7739
1, 0.22, 0.78
1, 0.231, 0.769
1, 0.2235, 0.7765
1, 0.2204, 0.7796
1, 0.2228, 0.7772
1, 0.2215, 0.7785
1, 0.2286, 0.7714
1, 0.2228, 0.7772
1, 0.2645, 0.7355
1, 0.2282, 0.7718
1, 0.2197, 0.7803
1, 0.2241, 0.7759
1, 0.2202, 0.7798
1, 0.2242, 0.7758
1, 0.2261, 0.7739
1, 0.2245, 0.7755
1, 0.2225, 0.7775
1, 0.2315, 0.7685
1, 0.2174, 0.7826
1, 0.2282, 0.7718
1, 0.22, 0.78
1, 0.2265, 0.7735
1, 0.2196, 0.7804
1, 0.2215, 0.7785
1, 0.2237, 0.7763
1, 0.2184, 0.7816
1, 0.2283, 0.7717
1, 0.2242, 0.7758
1, 0.2182, 0.7818
1, 0.2219, 0.7781
1, 0.2232, 0.7768
1, 0.2356, 0.7644
1, 0.2256, 0.7744
1, 0.2206, 0.7794
1, 0.2234, 0.7766
1, 0.2255, 0.7745
1, 0.2228, 0.7772
1, 0.2268, 0.7732
1, 0.225, 0.775
1, 0.2257, 0.7743
1, 0.2264, 0.7736
1, 0.2204, 0.7796
1, 0.2254, 0.7746
1, 0.2212, 0.7788
1, 0.2263, 0.7737
1, 0.2258, 0.7742
1, 0.2197, 0.7803
1, 0.2191, 0.7809
1, 0.2206, 0.7794
1, 0.2285, 0.7715
1, 0.2247, 0.7753
1, 0.2192, 0.7808
1, 0.2255, 0.7745
1, 0.2254, 0.7746
1, 0.2225, 0.7775
1, 0.2267, 0.7733
1, 0.2282, 0.7718
1, 0.2228, 0.7772
1, 0.2196, 0.7804
1, 0.2256, 0.7744
1, 0.2234, 0.7766
1, 0.2228, 0.7772
1, 0.2258, 0.7742
1, 0.2355, 0.7645
1, 0.2282, 0.7718
1, 0.2215, 0.7785
1, 0.2284, 0.7716
1, 0.2236, 0.7764
1, 0.2256, 0.7744
1, 0.235, 0.765
1, 0.22, 0.78
1, 0.2198, 0.7802
1, 0.2197, 0.7803
1, 0.2316, 0.7684
1, 0.2279, 0.7721
1, 0.2197, 0.7803
1, 0.2242, 0.7758
1, 0.2227, 0.7773
1, 0.2206, 0.7794
1, 0.2441, 0.7559
1, 0.2235, 0.7765
1, 0.2263, 0.7737
1, 0.2293, 0.7707
1, 0.2233, 0.7767
1, 0.2242, 0.7758
1, 0.224, 0.776
1, 0.2241, 0.7759
1, 0.223, 0.777
1, 0.2319, 0.7681
1, 0.224, 0.776
1, 0.2195, 0.7805
1, 0.2283, 0.7717
1, 0.2227, 0.7773
1, 0.2235, 0.7765
1, 0.2228, 0.7772
1, 0.2282, 0.7718
1, 0.2434, 0.7566
1, 0.228, 0.772
1, 0.22, 0.78
1, 0.2228, 0.7772
1, 0.2263, 0.7737
1, 0.2215, 0.7785
1, 0.2242, 0.7758
1, 0.2197, 0.7803
1, 0.2282, 0.7718
1, 0.2198, 0.7802
1, 0.22, 0.78
1, 0.2291, 0.7709
1, 0.2256, 0.7744
1, 0.2358, 0.7642
1, 0.2258, 0.7742
1, 0.2244, 0.7756
1, 0.2235, 0.7765
1, 0.2253, 0.7747
1, 0.2262, 0.7738
1, 0.2243, 0.7757
1, 0.2307, 0.7693
1, 0.2221, 0.7779
1, 0.2232, 0.7768
1, 0.2215, 0.7785
1, 0.2228, 0.7772
1, 0.2242, 0.7758
1, 0.2181, 0.7819
1, 0.2287, 0.7713
1, 0.2274, 0.7726
1, 0.2228, 0.7772
1, 0.2161, 0.7839
1, 0.228, 0.772
1, 0.2197, 0.7803
1, 0.2306, 0.7694
1, 0.2228, 0.7772
1, 0.2253, 0.7747
1, 0.2434, 0.7566
1, 0.2195, 0.7805
1, 0.2263, 0.7737
1, 0.2254, 0.7746
1, 0.2182, 0.7818
1, 0.2319, 0.7681
1, 0.2286, 0.7714
1, 0.2176, 0.7824
1, 0.2261, 0.7739
1, 0.2238, 0.7762
1, 0.228, 0.772
1, 0.223, 0.777
1, 0.2355, 0.7645
1, 0.219, 0.781
1, 0.2327, 0.7673
1, 0.2193, 0.7807
1, 0.23, 0.77
1, 0.2494, 0.7506
1, 0.2278, 0.7722
1, 0.2188, 0.7812
1, 0.2225, 0.7775
1, 0.2254, 0.7746
1, 0.2232, 0.7768
1, 0.2282, 0.7718
1, 0.2153, 0.7847
1, 0.22, 0.78
1, 0.2263, 0.7737
1, 0.2255, 0.7745
1, 0.2199, 0.7801
1, 0.2233, 0.7767
1, 0.223, 0.777
1, 0.2279, 0.7721
1, 0.224, 0.776
1, 0.2196, 0.7804
1, 0.2283, 0.7717
1, 0.2227, 0.7773
1, 0.2238, 0.7762
1, 0.2228, 0.7772
1, 0.2282, 0.7718
1, 0.2434, 0.7566
1, 0.228, 0.772
1, 0.22, 0.78
1, 0.2228, 0.7772
1, 0.2263, 0.7737
1, 0.2215, 0.7785
1, 0.2242, 0.7758
1, 0.2197, 0.7803
1, 0.2287, 0.7713
1, 0.2198, 0.7802
1, 0.2184, 0.7816
1, 0.2299, 0.7701
1, 0.2256, 0.7744
1, 0.2242, 0.7758
1, 0.2321, 0.7679
1, 0.2258, 0.7742
1, 0.2229, 0.7771
1, 0.2235, 0.7765
1, 0.2508, 0.7492
1, 0.2314, 0.7686
1, 0.2228, 0.7772
1, 0.2243, 0.7757
1, 0.2185, 0.7815
1, 0.23, 0.77
1, 0.2165, 0.7835
1, 0.2202, 0.7798
1, 0.2242, 0.7758
1, 0.2254, 0.7746
1, 0.2268, 0.7732
1, 0.2254, 0.7746
1, 0.2312, 0.7688
1, 0.2228, 0.7772
1, 0.2228, 0.7772
1, 0.2448, 0.7552
1, 0.2248, 0.7752
1, 0.2225, 0.7775
1, 0.2192, 0.7808
1, 0.2157, 0.7843
1, 0.2187, 0.7813
1, 0.2283, 0.7717
1, 0.2364, 0.7636
1, 0.2307, 0.7693
1, 0.2237, 0.7763
1, 0.2329, 0.7671
1, 0.2215, 0.7785
1, 0.2263, 0.7737
1, 0.2232, 0.7768
1, 0.2295, 0.7705
1, 0.2178, 0.7822
1, 0.22, 0.78
1, 0.2197, 0.7803
1, 0.2288, 0.7712
1, 0.2301, 0.7699
1, 0.2253, 0.7747
1, 0.2282, 0.7718
1, 0.2262, 0.7738
1, 0.2212, 0.7788
1, 0.2197, 0.7803
1, 0.2215, 0.7785
1, 0.2288, 0.7712
1, 0.2274, 0.7726
1, 0.2311, 0.7689
1, 0.2197, 0.7803
1, 0.2235, 0.7765
1, 0.2332, 0.7668
1, 0.223, 0.777
1, 0.2216, 0.7784
1, 0.2177, 0.7823
1, 0.2203, 0.7797
1, 0.2241, 0.7759
1, 0.2239, 0.7761
1, 0.2257, 0.7743
1, 0.2249, 0.7751
1, 0.2204, 0.7796
1, 0.2216, 0.7784
1, 0.226, 0.774
1, 0.2242, 0.7758
1, 0.2215, 0.7785
1, 0.2282, 0.7718
1, 0.22, 0.78
1, 0.2227, 0.7773
1, 0.2257, 0.7743
1, 0.2282, 0.7718
1, 0.2193, 0.7807
1, 0.2363, 0.7637
1, 0.2197, 0.7803
1, 0.2249, 0.7751
1, 0.2261, 0.7739
1, 0.2258, 0.7742
1, 0.22, 0.78
1, 0.2228, 0.7772
1, 0.2298, 0.7702
1, 0.2334, 0.7666
1, 0.2239, 0.7761
1, 0.2263, 0.7737
1, 0.22, 0.78
1, 0.2256, 0.7744
1, 0.2228, 0.7772
1, 0.2206, 0.7794
1, 0.2282, 0.7718
1, 0.2215, 0.7785
1, 0.2253, 0.7747
1, 0.226, 0.774
1, 0.2242, 0.7758
1, 0.2204, 0.7796
1, 0.225, 0.775
1, 0.2257, 0.7743
1, 0.2623, 0.7377
1, 0.2248, 0.7752
1, 0.2197, 0.7803
1, 0.2258, 0.7742
1, 0.2351, 0.7649
1, 0.2206, 0.7794
1, 0.2252, 0.7748
1, 0.2196, 0.7804
1, 0.2281, 0.7719
1, 0.2255, 0.7745
1, 0.2727, 0.7273
1, 0.2264, 0.7736
1, 0.2249, 0.7751
1, 0.2232, 0.7768
1, 0.2218, 0.7782
1, 0.2276, 0.7724
1, 0.2188, 0.7812
1, 0.2232, 0.7768
1, 0.2264, 0.7736
1, 0.2248, 0.7752
1, 0.2187, 0.7813
1, 0.2225, 0.7775
1, 0.2257, 0.7743
1, 0.2219, 0.7781
1, 0.2257, 0.7743
1, 0.2199, 0.7801
1, 0.2225, 0.7775
1, 0.2213, 0.7787
1, 0.2264, 0.7736
1, 0.2358, 0.7642
1, 0.2448, 0.7552
1, 0.2257, 0.7743
1, 0.2242, 0.7758
1, 0.2361, 0.7639
1, 0.2622, 0.7378
1, 0.2206, 0.7794
1, 0.2577, 0.7423
1, 0.2186, 0.7814
1, 0.2276, 0.7724
1, 0.2276, 0.7724
1, 0.2538, 0.7462
1, 0.2277, 0.7723
1, 0.2228, 0.7772
1, 0.2253, 0.7747
1, 0.2582, 0.7418
1, 0.2526, 0.7474
1, 0.2288, 0.7712
1, 0.2268, 0.7732
1, 0.2515, 0.7485
1, 0.22, 0.78
1, 0.2198, 0.7802
1, 0.231, 0.769
1, 0.2728, 0.7272
1, 0.2448, 0.7552
1, 0.2503, 0.7497
1, 0.2344, 0.7656
1, 0.2288, 0.7712
1, 0.2575, 0.7425
1, 0.2279, 0.7721
1, 0.2685, 0.7315
1, 0.2386, 0.7614
1, 0.2528, 0.7472
1, 0.2505, 0.7495
1, 0.2282, 0.7718
1, 0.2197, 0.7803
1, 0.2204, 0.7796
1, 0.2679, 0.7321
1, 0.2215, 0.7785
1, 0.2234, 0.7766
1, 0.2616, 0.7384
1, 0.2319, 0.7681
1, 0.2351, 0.7649
1, 0.2248, 0.7752
1, 0.2556, 0.7444
1, 0.2281, 0.7719
1, 0.2157, 0.7843
1, 0.2351, 0.7649
1, 0.227, 0.773
1, 0.2256, 0.7744
1, 0.2297, 0.7703
1, 0.2197, 0.7803
1, 0.2598, 0.7402
1, 0.2268, 0.7732
1, 0.2215, 0.7785
1, 0.2351, 0.7649
1, 0.2573, 0.7427
1, 0.2283, 0.7717
1, 0.2351, 0.7649
1, 0.2233, 0.7767
1, 0.254, 0.746
1, 0.2228, 0.7772
1, 0.2282, 0.7718
1, 0.2279, 0.7721
1, 0.228, 0.772
1, 0.22, 0.78
1, 0.2728, 0.7272
1, 0.225, 0.775
1, 0.2215, 0.7785
1, 0.2204, 0.7796
1, 0.2197, 0.7803
1, 0.2257, 0.7743
1, 0.2276, 0.7724
1, 0.2502, 0.7498
1, 0.2242, 0.7758
1, 0.2556, 0.7444
1, 0.2511, 0.7489
1, 0.2612, 0.7388
1, 0.2273, 0.7727
1, 0.2596, 0.7404
1, 0.2567, 0.7433
1, 0.2577, 0.7423
1, 0.2258, 0.7742
1, 0.226, 0.774
1, 0.2206, 0.7794
1, 0.2448, 0.7552
1, 0.2255, 0.7745
1, 0.2259, 0.7741
1, 0.2358, 0.7642
1, 0.2248, 0.7752
1, 0.2216, 0.7784
1, 0.2524, 0.7476
1, 0.2361, 0.7639
1, 0.2257, 0.7743
1, 0.2679, 0.7321
1, 0.2268, 0.7732
1, 0.2281, 0.7719
1, 0.2541, 0.7459
1, 0.2267, 0.7733
1, 0.2263, 0.7737
1, 0.2276, 0.7724
1, 0.2526, 0.7474
1, 0.2256, 0.7744
1, 0.2288, 0.7712
1, 0.2279, 0.7721
1, 0.2206, 0.7794
1, 0.2199, 0.7801
1, 0.2268, 0.7732
1, 0.2672, 0.7328
1, 0.2253, 0.7747
1, 0.2622, 0.7378
1, 0.2252, 0.7748
1, 0.2279, 0.7721
1, 0.2279, 0.7721
1, 0.2324, 0.7676
1, 0.2279, 0.7721
1, 0.2767, 0.7233
1, 0.2319, 0.7681
1, 0.2071, 0.7929
1, 0.2649, 0.7351
1, 0.2644, 0.7356
1, 0.264, 0.736
1, 0.2636, 0.7364
1, 0.2718, 0.7282
1, 0.2605, 0.7395
1, 0.2635, 0.7365
1, 0.2726, 0.7274
1, 0.2663, 0.7337
1, 0.2634, 0.7366
1, 0.2712, 0.7288
1, 0.2719, 0.7281
1, 0.2633, 0.7367
0, 0.7962, 0.2038
1, 0.2602, 0.7398
1, 0.2639, 0.7361
1, 0.2657, 0.7343
1, 0.2703, 0.7297
1, 0.2672, 0.7328
1, 0.2646, 0.7354
1, 0.2766, 0.7234
1, 0.2771, 0.7229
1, 0.2656, 0.7344
1, 0.2587, 0.7413
0, 0.7978, 0.2022
0, 0.8001, 0.1999
0, 0.7997, 0.2003
0, 0.7996, 0.2004
0, 0.8001, 0.1999
0, 0.7956, 0.2044
0, 0.7992, 0.2008
1, 0.2584, 0.7416
1, 0.2631, 0.7369
1, 0.3199, 0.6801
1, 0.2683, 0.7317
1, 0.2634, 0.7366
1, 0.2689, 0.7311
1, 0.2632, 0.7368
1, 0.2297, 0.7703
1, 0.2639, 0.7361
1, 0.2281, 0.7719
1, 0.2653, 0.7347
1, 0.2637, 0.7363
1, 0.2317, 0.7683
1, 0.2616, 0.7384
1, 0.2241, 0.7759
1, 0.2207, 0.7793
1, 0.2468, 0.7532
1, 0.2601, 0.7399
1, 0.3073, 0.6927
1, 0.3059, 0.6941
1, 0.3062, 0.6938
1, 0.3068, 0.6932
1, 0.2652, 0.7348
1, 0.3067, 0.6933
1, 0.3082, 0.6918
1, 0.2742, 0.7258
1, 0.3011, 0.6989
1, 0.2929, 0.7071
1, 0.2532, 0.7468
1, 0.2417, 0.7583
1, 0.2372, 0.7628
1, 0.2384, 0.7616
1, 0.2379, 0.7621
1, 0.2723, 0.7277
1, 0.2724, 0.7276
1, 0.2723, 0.7277
1, 0.3378, 0.6622
1, 0.3388, 0.6612
1, 0.2877, 0.7123
1, 0.2959, 0.7041
1, 0.2798, 0.7202
1, 0.3327, 0.6673
1, 0.3377, 0.6623
1, 0.2249, 0.7751
1, 0.232, 0.768
1, 0.245, 0.755
1, 0.2323, 0.7677
1, 0.2324, 0.7676
1, 0.2348, 0.7652
1, 0.2414, 0.7586
1, 0.2391, 0.7609
1, 0.2795, 0.7205
1, 0.2785, 0.7215
1, 0.2324, 0.7676
1, 0.2272, 0.7728
1, 0.2333, 0.7667
1, 0.2367, 0.7633
1, 0.2374, 0.7626
1, 0.2306, 0.7694
1, 0.2274, 0.7726
1, 0.2328, 0.7672
1, 0.2336, 0.7664
1, 0.237, 0.763
1, 0.237, 0.763
1, 0.2311, 0.7689
1, 0.2315, 0.7685
1, 0.2648, 0.7352
1, 0.2356, 0.7644
1, 0.2351, 0.7649
1, 0.2391, 0.7609
1, 0.2325, 0.7675
1, 0.2299, 0.7701
1, 0.2287, 0.7713
1, 0.3204, 0.6796
1, 0.2307, 0.7693
1, 0.2364, 0.7636
1, 0.2307, 0.7693
1, 0.23, 0.77
1, 0.2273, 0.7727
1, 0.2323, 0.7677
1, 0.2372, 0.7628
1, 0.2367, 0.7633
1, 0.2333, 0.7667
1, 0.2333, 0.7667
1, 0.2267, 0.7733
1, 0.2374, 0.7626
1, 0.2335, 0.7665
1, 0.2322, 0.7678
1, 0.2369, 0.7631
1, 0.2303, 0.7697
1, 0.2371, 0.7629
1, 0.2267, 0.7733
1, 0.2299, 0.7701
1, 0.3131, 0.6869
1, 0.2485, 0.7515
1, 0.2372, 0.7628
1, 0.2485, 0.7515
1, 0.2366, 0.7634
1, 0.319, 0.681
1, 0.2352, 0.7648
1, 0.2769, 0.7231
1, 0.2298, 0.7702
1, 0.2314, 0.7686
1, 0.2358, 0.7642
1, 0.2307, 0.7693
1, 0.2287, 0.7713
1, 0.2462, 0.7538
1, 0.2305, 0.7695
1, 0.2318, 0.7682
1, 0.233, 0.767
1, 0.2808, 0.7192
1, 0.2297, 0.7703
1, 0.2303, 0.7697
1, 0.2317, 0.7683
1, 0.2743, 0.7257
1, 0.2798, 0.7202
1, 0.2506, 0.7494
1, 0.2364, 0.7636
1, 0.2414, 0.7586
1, 0.2737, 0.7263
1, 0.2693, 0.7307
1, 0.2372, 0.7628
1, 0.2703, 0.7297
1, 0.2802, 0.7198
1, 0.2722, 0.7278
1, 0.2712, 0.7288
1, 0.2396, 0.7604
1, 0.2535, 0.7465
1, 0.2308, 0.7692
1, 0.2384, 0.7616
1, 0.2357, 0.7643
1, 0.2426, 0.7574
1, 0.2362, 0.7638
1, 0.2488, 0.7512
1, 0.236, 0.764
1, 0.2426, 0.7574
1, 0.2362, 0.7638
1, 0.2488, 0.7512
1, 0.2349, 0.7651
1, 0.2426, 0.7574
1, 0.2775, 0.7225
1, 0.2357, 0.7643
1, 0.3029, 0.6971
1, 0.32, 0.68
1, 0.2401, 0.7599
1, 0.2796, 0.7204
1, 0.3138, 0.6862
1, 0.2426, 0.7574
1, 0.3105, 0.6895
1, 0.2433, 0.7567
1, 0.2265, 0.7735
1, 0.2792, 0.7208
1, 0.2393, 0.7607
1, 0.2257, 0.7743
1, 0.2301, 0.7699
1, 0.2323, 0.7677
1, 0.2781, 0.7219
1, 0.2299, 0.7701
1, 0.2256, 0.7744
1, 0.2456, 0.7544
1, 0.2289, 0.7711
1, 0.2782, 0.7218
1, 0.2414, 0.7586
1, 0.2383, 0.7617
1, 0.2426, 0.7574
1, 0.2292, 0.7708
1, 0.2419, 0.7581
1, 0.2403, 0.7597
1, 0.236, 0.764
1, 0.2369, 0.7631
1, 0.236, 0.764
1, 0.2375, 0.7625
1, 0.2402, 0.7598
1, 0.2426, 0.7574
1, 0.2372, 0.7628
1, 0.2286, 0.7714
1, 0.2371, 0.7629
1, 0.2723, 0.7277
1, 0.2422, 0.7578
1, 0.2286, 0.7714
1, 0.2345, 0.7655
1, 0.2723, 0.7277
1, 0.2384, 0.7616
1, 0.237, 0.763
1, 0.2275, 0.7725
1, 0.2386, 0.7614
1, 0.2336, 0.7664
1, 0.2712, 0.7288
1, 0.2651, 0.7349
1, 0.2262, 0.7738
0, 0.1552, 0.8448
0, 0.1647, 0.8353
1, 0.2424, 0.7576
1, 0.2433, 0.7567
1, 0.2487, 0.7513
1, 0.2371, 0.7629
1, 0.2723, 0.7277
1, 0.2336, 0.7664
1, 0.2357, 0.7643
1, 0.2288, 0.7712
1, 0.2291, 0.7709
1, 0.2279, 0.7721
1, 0.2273, 0.7727
1, 0.2384, 0.7616
1, 0.2345, 0.7655
1, 0.2286, 0.7714
1, 0.2333, 0.7667
1, 0.2422, 0.7578
1, 0.2723, 0.7277
1, 0.2372, 0.7628
1, 0.2386, 0.7614
1, 0.2397, 0.7603
1, 0.2426, 0.7574
1, 0.2322, 0.7678
1, 0.2448, 0.7552
1, 0.2392, 0.7608
1, 0.2376, 0.7624
1, 0.2373, 0.7627
1, 0.2352, 0.7648
1, 0.2312, 0.7688
1, 0.2367, 0.7633
1, 0.2419, 0.7581
1, 0.2426, 0.7574
1, 0.2833, 0.7167
1, 0.2424, 0.7576
1, 0.2357, 0.7643
1, 0.2426, 0.7574
1, 0.2333, 0.7667
1, 0.2242, 0.7758
1, 0.238, 0.762
1, 0.2426, 0.7574
1, 0.2833, 0.7167
1, 0.2294, 0.7706
1, 0.3214, 0.6786
1, 0.2424, 0.7576
1, 0.2488, 0.7512
1, 0.2253, 0.7747
1, 0.2426, 0.7574
1, 0.2796, 0.7204
1, 0.2426, 0.7574
1, 0.2356, 0.7644
1, 0.2356, 0.7644
1, 0.2321, 0.7679
1, 0.2405, 0.7595
1, 0.2382, 0.7618
1, 0.2558, 0.7442
1, 0.2182, 0.7818
1, 0.2335, 0.7665
1, 0.2284, 0.7716
1, 0.2426, 0.7574
1, 0.2833, 0.7167
1, 0.2464, 0.7536
1, 0.2387, 0.7613
1, 0.2433, 0.7567
1, 0.2378, 0.7622
1, 0.2295, 0.7705
1, 0.2796, 0.7204
1, 0.2426, 0.7574
1, 0.2818, 0.7182
1, 0.2277, 0.7723
1, 0.2357, 0.7643
1, 0.2277, 0.7723
1, 0.2422, 0.7578
1, 0.2447, 0.7553
1, 0.2281, 0.7719
1, 0.2428, 0.7572
1, 0.2285, 0.7715
1, 0.2304, 0.7696
1, 0.2305, 0.7695
1, 0.2838, 0.7162
1, 0.2322, 0.7678
1, 0.2355, 0.7645
1, 0.2409, 0.7591
1, 0.2425, 0.7575
1, 0.2455, 0.7545
1, 0.2493, 0.7507
1, 0.227, 0.773
1, 0.2301, 0.7699
1, 0.2371, 0.7629
1, 0.2439, 0.7561
1, 0.2297, 0.7703
1, 0.2264, 0.7736
1, 0.2321, 0.7679
1, 0.2426, 0.7574
1, 0.2354, 0.7646
1, 0.2275, 0.7725
1, 0.2417, 0.7583
1, 0.2353, 0.7647
1, 0.235, 0.765
1, 0.2388, 0.7612
1, 0.2257, 0.7743
1, 0.2275, 0.7725
1, 0.2314, 0.7686
1, 0.2374, 0.7626
1, 0.2295, 0.7705
1, 0.2333, 0.7667
1, 0.2266, 0.7734
1, 0.2298, 0.7702
1, 0.2279, 0.7721
1, 0.2265, 0.7735
1, 0.2316, 0.7684
1, 0.2325, 0.7675
1, 0.2274, 0.7726
1, 0.2312, 0.7688
1, 0.2265, 0.7735
1, 0.2374, 0.7626
1, 0.2266, 0.7734
1, 0.2267, 0.7733
1, 0.2318, 0.7682
1, 0.2374, 0.7626
1, 0.2315, 0.7685
1, 0.2303, 0.7697
1, 0.2267, 0.7733
1, 0.2266, 0.7734
1, 0.2314, 0.7686
1, 0.2315, 0.7685
1, 0.2259, 0.7741
1, 0.2343, 0.7657
1, 0.2312, 0.7688
1, 0.2338, 0.7662
1, 0.2299, 0.7701
1, 0.2267, 0.7733
1, 0.2796, 0.7204
1, 0.2329, 0.7671
1, 0.2796, 0.7204
1, 0.276, 0.724
1, 0.2348, 0.7652
1, 0.277, 0.723
1, 0.2434, 0.7566
1, 0.2759, 0.7241
1, 0.2313, 0.7687
1, 0.2234, 0.7766
1, 0.2306, 0.7694
1, 0.2268, 0.7732
1, 0.2252, 0.7748
1, 0.2328, 0.7672
1, 0.2399, 0.7601
1, 0.2463, 0.7537
1, 0.2344, 0.7656
1, 0.2399, 0.7601
1, 0.2526, 0.7474
1, 0.2442, 0.7558
1, 0.2391, 0.7609
1, 0.235, 0.765
1, 0.3032, 0.6968
1, 0.2316, 0.7684
1, 0.2305, 0.7695
1, 0.2313, 0.7687
1, 0.2719, 0.7281
1, 0.226, 0.774
1, 0.2283, 0.7717
1, 0.3096, 0.6904
1, 0.233, 0.767
1, 0.2248, 0.7752
1, 0.2281, 0.7719
1, 0.2295, 0.7705
1, 0.2243, 0.7757
1, 0.2388, 0.7612
1, 0.2205, 0.7795
1, 0.2312, 0.7688
1, 0.2288, 0.7712
1, 0.2268, 0.7732
1, 0.2204, 0.7796
1, 0.2318, 0.7682
1, 0.2367, 0.7633
1, 0.2312, 0.7688
1, 0.2253, 0.7747
1, 0.2371, 0.7629
1, 0.2386, 0.7614
1, 0.2388, 0.7612
1, 0.2246, 0.7754
1, 0.2358, 0.7642
1, 0.2254, 0.7746
1, 0.2386, 0.7614
1, 0.2311, 0.7689
1, 0.2253, 0.7747
1, 0.2312, 0.7688
1, 0.2386, 0.7614
1, 0.2248, 0.7752
1, 0.2312, 0.7688
1, 0.2388, 0.7612
1, 0.2276, 0.7724
1, 0.2312, 0.7688
1, 0.2268, 0.7732
1, 0.2301, 0.7699
1, 0.2237, 0.7763
1, 0.2271, 0.7729
1, 0.2405, 0.7595
1, 0.2311, 0.7689
1, 0.2371, 0.7629
1, 0.2383, 0.7617
1, 0.2322, 0.7678
1, 0.2383, 0.7617
1, 0.2239, 0.7761
1, 0.2319, 0.7681
1, 0.2289, 0.7711
1, 0.2371, 0.7629
1, 0.2392, 0.7608
1, 0.2383, 0.7617
1, 0.2311, 0.7689
1, 0.2227, 0.7773
1, 0.2349, 0.7651
1, 0.228, 0.772
1, 0.2322, 0.7678
1, 0.2271, 0.7729
1, 0.2241, 0.7759
1, 0.2247, 0.7753
1, 0.2325, 0.7675
1, 0.2269, 0.7731
1, 0.2212, 0.7788
1, 0.2267, 0.7733
1, 0.2279, 0.7721
1, 0.2357, 0.7643
1, 0.2234, 0.7766
1, 0.2245, 0.7755
1, 0.2331, 0.7669
1, 0.232, 0.768
1, 0.2305, 0.7695
1, 0.2224, 0.7776
1, 0.2233, 0.7767
1, 0.2267, 0.7733
1, 0.2302, 0.7698
1, 0.2285, 0.7715
1, 0.2306, 0.7694
1, 0.232, 0.768
1, 0.2397, 0.7603
1, 0.228, 0.772
1, 0.2266, 0.7734
1, 0.2207, 0.7793
1, 0.2244, 0.7756
1, 0.2261, 0.7739
1, 0.226, 0.774
1, 0.2222, 0.7778
1, 0.2204, 0.7796
1, 0.2727, 0.7273
1, 0.2743, 0.7257
1, 0.2203, 0.7797
1, 0.2215, 0.7785
1, 0.2275, 0.7725
1, 0.2231, 0.7769
1, 0.2204, 0.7796
1, 0.2183, 0.7817
1, 0.2223, 0.7777
1, 0.2646, 0.7354
1, 0.2641, 0.7359
1, 0.2614, 0.7386
1, 0.2642, 0.7358
1, 0.2744, 0.7256
1, 0.237, 0.763
1, 0.2591, 0.7409
1, 0.2617, 0.7383
1, 0.2786, 0.7214
1, 0.2664, 0.7336
1, 0.2614, 0.7386
1, 0.2614, 0.7386
1, 0.2664, 0.7336
1, 0.2754, 0.7246
1, 0.2624, 0.7376
1, 0.2694, 0.7306
1, 0.2701, 0.7299
1, 0.2645, 0.7355
1, 0.2739, 0.7261
1, 0.2667, 0.7333
1, 0.2663, 0.7337
1, 0.2604, 0.7396
1, 0.2663, 0.7337
1, 0.2654, 0.7346
1, 0.2384, 0.7616
1, 0.2619, 0.7381
1, 0.2624, 0.7376
1, 0.2656, 0.7344
1, 0.2629, 0.7371
1, 0.2629, 0.7371
1, 0.2709, 0.7291
1, 0.2713, 0.7287
1, 0.2657, 0.7343
1, 0.2951, 0.7049
1, 0.2607, 0.7393
1, 0.2621, 0.7379
1, 0.2778, 0.7222
1, 0.267, 0.733
1, 0.2758, 0.7242
1, 0.2614, 0.7386
1, 0.2691, 0.7309
1, 0.2731, 0.7269
1, 0.2291, 0.7709
1, 0.2643, 0.7357
1, 0.2565, 0.7435
1, 0.2618, 0.7382
1, 0.273, 0.727
1, 0.2282, 0.7718
1, 0.2757, 0.7243
1, 0.2643, 0.7357
1, 0.2613, 0.7387
1, 0.2347, 0.7653
1, 0.2234, 0.7766
1, 0.2298, 0.7702
1, 0.2228, 0.7772
1, 0.2294, 0.7706
1, 0.2781, 0.7219
1, 0.2277, 0.7723
1, 0.2805, 0.7195
1, 0.2224, 0.7776
1, 0.2554, 0.7446
1, 0.2591, 0.7409
1, 0.2674, 0.7326
1, 0.279, 0.721
1, 0.2702, 0.7298
1, 0.2859, 0.7141
1, 0.271, 0.729
1, 0.2859, 0.7141
1, 0.2646, 0.7354
1, 0.2255, 0.7745
1, 0.2235, 0.7765
1, 0.2282, 0.7718
1, 0.2221, 0.7779
1, 0.2317, 0.7683
1, 0.2213, 0.7787
1, 0.226, 0.774
1, 0.2282, 0.7718
1, 0.2281, 0.7719
1, 0.2221, 0.7779
1, 0.2236, 0.7764
1, 0.2241, 0.7759
1, 0.2222, 0.7778
1, 0.2221, 0.7779
1, 0.2266, 0.7734
1, 0.2196, 0.7804
1, 0.2193, 0.7807
1, 0.2208, 0.7792
1, 0.2274, 0.7726
1, 0.2264, 0.7736
1, 0.2226, 0.7774
1, 0.2443, 0.7557
1, 0.2272, 0.7728
1, 0.222, 0.778
1, 0.2262, 0.7738
1, 0.2194, 0.7806
1, 0.2283, 0.7717
1, 0.2211, 0.7789
1, 0.2282, 0.7718
1, 0.2287, 0.7713
1, 0.222, 0.778
1, 0.2215, 0.7785
1, 0.2272, 0.7728
1, 0.2303, 0.7697
1, 0.222, 0.778
1, 0.2301, 0.7699
1, 0.2193, 0.7807
1, 0.2214, 0.7786
1, 0.2218, 0.7782
1, 0.2217, 0.7783
1, 0.2241, 0.7759
1, 0.2217, 0.7783
1, 0.2276, 0.7724
1, 0.2221, 0.7779
1, 0.2237, 0.7763
1, 0.2326, 0.7674
1, 0.2268, 0.7732
1, 0.2305, 0.7695
1, 0.2352, 0.7648
1, 0.2237, 0.7763
1, 0.2279, 0.7721
1, 0.2209, 0.7791
1, 0.2225, 0.7775
1, 0.2209, 0.7791
1, 0.2215, 0.7785
1, 0.2221, 0.7779
1, 0.2241, 0.7759
1, 0.2225, 0.7775
1, 0.2173, 0.7827
1, 0.2194, 0.7806
1, 0.2207, 0.7793
1, 0.2284, 0.7716
1, 0.224, 0.776
1, 0.2281, 0.7719
1, 0.2299, 0.7701
1, 0.2256, 0.7744
1, 0.2545, 0.7455
1, 0.264, 0.736
1, 0.2295, 0.7705
1, 0.2423, 0.7577
1, 0.2634, 0.7366
1, 0.2805, 0.7195
1, 0.2249, 0.7751
1, 0.224, 0.776
1, 0.2648, 0.7352
1, 0.2348, 0.7652
1, 0.2248, 0.7752
1, 0.2284, 0.7716
1, 0.2268, 0.7732
1, 0.2702, 0.7298
1, 0.2696, 0.7304
1, 0.2307, 0.7693
1, 0.2744, 0.7256
1, 0.2643, 0.7357
1, 0.271, 0.729
1, 0.2268, 0.7732
1, 0.2309, 0.7691
1, 0.2232, 0.7768
1, 0.2214, 0.7786
1, 0.2296, 0.7704
1, 0.2278, 0.7722
1, 0.2231, 0.7769
1, 0.2256, 0.7744
1, 0.2351, 0.7649
1, 0.2238, 0.7762
1, 0.2245, 0.7755
1, 0.2175, 0.7825
1, 0.2291, 0.7709
1, 0.2275, 0.7725
1, 0.2279, 0.7721
1, 0.2261, 0.7739
1, 0.2276, 0.7724
1, 0.2271, 0.7729
1, 0.2279, 0.7721
1, 0.2245, 0.7755
1, 0.2307, 0.7693
1, 0.2291, 0.7709
1, 0.2225, 0.7775
1, 0.2291, 0.7709
1, 0.2298, 0.7702
1, 0.2294, 0.7706
1, 0.2452, 0.7548
1, 0.2237, 0.7763
1, 0.2279, 0.7721
1, 0.2237, 0.7763
1, 0.2222, 0.7778
1, 0.22, 0.78
1, 0.2302, 0.7698
1, 0.2229, 0.7771
1, 0.2211, 0.7789
1, 0.2613, 0.7387
1, 0.2202, 0.7798
1, 0.2251, 0.7749
1, 0.2212, 0.7788
1, 0.2264, 0.7736
1, 0.2171, 0.7829
1, 0.2208, 0.7792
1, 0.2235, 0.7765
1, 0.2216, 0.7784
1, 0.2213, 0.7787
1, 0.223, 0.777
1, 0.2312, 0.7688
1, 0.2217, 0.7783
1, 0.2263, 0.7737
1, 0.2295, 0.7705
1, 0.2324, 0.7676
1, 0.2285, 0.7715
1, 0.2252, 0.7748
1, 0.2217, 0.7783
1, 0.2253, 0.7747
1, 0.2247, 0.7753
1, 0.2706, 0.7294
1, 0.2228, 0.7772
1, 0.2302, 0.7698
1, 0.2295, 0.7705
1, 0.2278, 0.7722
1, 0.2278, 0.7722
1, 0.2256, 0.7744
1, 0.2624, 0.7376
1, 0.2264, 0.7736
1, 0.2279, 0.7721
1, 0.228, 0.772
1, 0.2227, 0.7773
1, 0.2266, 0.7734
1, 0.2269, 0.7731
1, 0.2278, 0.7722
1, 0.2341, 0.7659
1, 0.2245, 0.7755
1, 0.2216, 0.7784
1, 0.2292, 0.7708
1, 0.2288, 0.7712
1, 0.2234, 0.7766
1, 0.2289, 0.7711
1, 0.2283, 0.7717
1, 0.2215, 0.7785
1, 0.224, 0.776
1, 0.2314, 0.7686
1, 0.2281, 0.7719
1, 0.2248, 0.7752
1, 0.2311, 0.7689
1, 0.227, 0.773
1, 0.2272, 0.7728
1, 0.2256, 0.7744
1, 0.2313, 0.7687
1, 0.2255, 0.7745
1, 0.2222, 0.7778
1, 0.2224, 0.7776
1, 0.2261, 0.7739
1, 0.2287, 0.7713
1, 0.2282, 0.7718
1, 0.25, 0.75
1, 0.2304, 0.7696
1, 0.2468, 0.7532
1, 0.2291, 0.7709
1, 0.222, 0.778
1, 0.2308, 0.7692
0, 0.1687, 0.8313
0, 0.1724, 0.8276
0, 0.2273, 0.7727
0, 0.16, 0.84
0, 0.1595, 0.8405
0, 0.1713, 0.8287
0, 0.1841, 0.8159
0, 0.1607, 0.8393
0, 0.1606, 0.8394
0, 0.1607, 0.8393
0, 0.1599, 0.8401
0, 0.16, 0.84
0, 0.1819, 0.8181
0, 0.1615, 0.8385
0, 0.1599, 0.8401
0, 0.174, 0.826
0, 0.1598, 0.8402
0, 0.1604, 0.8396
0, 0.1606, 0.8394
0, 0.1608, 0.8392
0, 0.161, 0.839
0, 0.1599, 0.8401
0, 0.1608, 0.8392
0, 0.1539, 0.8461
0, 0.1606, 0.8394
0, 0.1889, 0.8111
0, 0.1621, 0.8379
0, 0.1607, 0.8393
0, 0.16, 0.84
0, 0.164, 0.836
0, 0.1609, 0.8391
0, 0.1609, 0.8391
0, 0.1637, 0.8363
0, 0.1601, 0.8399
0, 0.1596, 0.8404
0, 0.1619, 0.8381
0, 0.1609, 0.8391
0, 0.1607, 0.8393
0, 0.1602, 0.8398
0, 0.1599, 0.8401
0, 0.161, 0.839
0, 0.1604, 0.8396
0, 0.1599, 0.8401
0, 0.1919, 0.8081
0, 0.1611, 0.8389
0, 0.1538, 0.8462
0, 0.1612, 0.8388
0, 0.1602, 0.8398
0, 0.1763, 0.8237
0, 0.9196, 0.0804
0, 0.9391, 0.0609
0, 0.9392, 0.0608
1, 0.2654, 0.7346
1, 0.2709, 0.7291
0, 0.938, 0.062
1, 0.2657, 0.7343
0, 0.9384, 0.0616
1, 0.272, 0.728
1, 0.2678, 0.7322
1, 0.2803, 0.7197
1, 0.2657, 0.7343
0, 0.9404, 0.0596
0, 0.2095, 0.7905
0, 0.1693, 0.8307
0, 0.1836, 0.8164
0, 0.1861, 0.8139
0, 0.1946, 0.8054
0, 0.1768, 0.8232
0, 0.1595, 0.8405
0, 0.9413, 0.0587
0, 0.9418, 0.0582
0, 0.9415, 0.0585
0, 0.9412, 0.0588
0, 0.9424, 0.0576
0, 0.9414, 0.0586
0, 0.1601, 0.8399
0, 0.0409, 0.9591
0, 0.0188, 0.9812
0, 0.0196, 0.9804
0, 0.0403, 0.9597
0, 0.0406, 0.9594
0, 0.0409, 0.9591
0, 0.0201, 0.9799
0, 0.0192, 0.9808
0, 0.0185, 0.9815
0, 0.0413, 0.9587
0, 0.0198, 0.9802
0, 0.0224, 0.9776
0, 0.0206, 0.9794
0, 0.0409, 0.9591
0, 0.04, 0.96
0, 0.0214, 0.9786
0, 0.0204, 0.9796
0, 0.041, 0.959
0, 0.0411, 0.9589
0, 0.0224, 0.9776
0, 0.0203, 0.9797
0, 0.0422, 0.9578
0, 0.02, 0.98
0, 0.0192, 0.9808
0, 0.0409, 0.9591
0, 0.0198, 0.9802
0, 0.0409, 0.9591
0, 0.0172, 0.9828
0, 0.0218, 0.9782
0, 0.0407, 0.9593
0, 0.0424, 0.9576
0, 0.0224, 0.9776
0, 0.0221, 0.9779
0, 0.0174, 0.9826
0, 0.0221, 0.9779
0, 0.0212, 0.9788
0, 0.0222, 0.9778
0, 0.041, 0.959
0, 0.0414, 0.9586
0, 0.0407, 0.9593
0, 0.0452, 0.9548
0, 0.0221, 0.9779
0, 0.0441, 0.9559
0, 0.0221, 0.9779
0, 0.0411, 0.9589
0, 0.0205, 0.9795
0, 0.0409, 0.9591
0, 0.0184, 0.9816
0, 0.0353, 0.9647
0, 0.0217, 0.9783
0, 0.0196, 0.9804
0, 0.0407, 0.9593
0, 0.0229, 0.9771
0, 0.04, 0.96
0, 0.0177, 0.9823
0, 0.0217, 0.9783
0, 0.0196, 0.9804
0, 0.0407, 0.9593
0, 0.0235, 0.9765
0, 0.0423, 0.9577
0, 0.017, 0.983
0, 0.0407, 0.9593
0, 0.0173, 0.9827
0, 0.0162, 0.9838
0, 0.0392, 0.9608
0, 0.0176, 0.9824
0, 0.0185, 0.9815
0, 0.0188, 0.9812
0, 0.0407, 0.9593
0, 0.0418, 0.9582
0, 0.0404, 0.9596
0, 0.0406, 0.9594
0, 0.0368, 0.9632
0, 0.0208, 0.9792
0, 0.0871, 0.9129
0, 0.0424, 0.9576
0, 0.0356, 0.9644
0, 0.0342, 0.9658
0, 0.0406, 0.9594
0, 0.0871, 0.9129
0, 0.0194, 0.9806
0, 0.0315, 0.9685
0, 0.0424, 0.9576
1, 0.2373, 0.7627
0, 0.2715, 0.7285
0, 0.2329, 0.7671
0, 0.2514, 0.7486
0, 0.262, 0.738
0, 0.2582, 0.7418
0, 0.2478, 0.7522
0, 0.2351, 0.7649
0, 0.2782, 0.7218
0, 0.2352, 0.7648
0, 0.2526, 0.7474
0, 0.235, 0.765
0, 0.2325, 0.7675
0, 0.251, 0.749
0, 0.2397, 0.7603
0, 0.2737, 0.7263
0, 0.2329, 0.7671
0, 0.2353, 0.7647
0, 0.2448, 0.7552
0, 0.2352, 0.7648
0, 0.2352, 0.7648
0, 0.2753, 0.7247
0, 0.2851, 0.7149
0, 0.2439, 0.7561
0, 0.2559, 0.7441
0, 0.2349, 0.7651
0, 0.2448, 0.7552
0, 0.2715, 0.7285
0, 0.2523, 0.7477
0, 0.2476, 0.7524
0, 0.2403, 0.7597
0, 0.2474, 0.7526
0, 0.2583, 0.7417
0, 0.2347, 0.7653
0, 0.2443, 0.7557
0, 0.2325, 0.7675
0, 0.2453, 0.7547
0, 0.2471, 0.7529
0, 0.2831, 0.7169
0, 0.2457, 0.7543
0, 0.2326, 0.7674
0, 0.2447, 0.7553
0, 0.2475, 0.7525
0, 0.2461, 0.7539
0, 0.2475, 0.7525
0, 0.2402, 0.7598
0, 0.2575, 0.7425
0, 0.2457, 0.7543
0, 0.2704, 0.7296
0, 0.2387, 0.7613
0, 0.2387, 0.7613
0, 0.2352, 0.7648
0, 0.2405, 0.7595
0, 0.2397, 0.7603
0, 0.2715, 0.7285
0, 0.2588, 0.7412
0, 0.2422, 0.7578
0, 0.2351, 0.7649
0, 0.2456, 0.7544
0, 0.2352, 0.7648
0, 0.2715, 0.7285
0, 0.2348, 0.7652
0, 0.2349, 0.7651
0, 0.246, 0.754
0, 0.2474, 0.7526
0, 0.2545, 0.7455
0, 0.2386, 0.7614
0, 0.2456, 0.7544
0, 0.2388, 0.7612
0, 0.2381, 0.7619
0, 0.2545, 0.7455
0, 0.239, 0.761
0, 0.2386, 0.7614
0, 0.2393, 0.7607
0, 0.2472, 0.7528
0, 0.2456, 0.7544
0, 0.2456, 0.7544
0, 0.2385, 0.7615
0, 0.2325, 0.7675
0, 0.2457, 0.7543
0, 0.2361, 0.7639
0, 0.2454, 0.7546
0, 0.2463, 0.7537
0, 0.2471, 0.7529
0, 0.2327, 0.7673
0, 0.2831, 0.7169
0, 0.239, 0.761
0, 0.2556, 0.7444
0, 0.2387, 0.7613
0, 0.2476, 0.7524
0, 0.2351, 0.7649
0, 0.2471, 0.7529
0, 0.2474, 0.7526
0, 0.2352, 0.7648
0, 0.2763, 0.7237
0, 0.2473, 0.7527
0, 0.2352, 0.7648
0, 0.2353, 0.7647
0, 0.2587, 0.7413
0, 0.2715, 0.7285
0, 0.2387, 0.7613
0, 0.238, 0.762
0, 0.2385, 0.7615
0, 0.2397, 0.7603
0, 0.2698, 0.7302
0, 0.2347, 0.7653
0, 0.2475, 0.7525
0, 0.2442, 0.7558
0, 0.2351, 0.7649
0, 0.2384, 0.7616
0, 0.2349, 0.7651
0, 0.239, 0.761
0, 0.2362, 0.7638
0, 0.2456, 0.7544
0, 0.2342, 0.7658
0, 0.2352, 0.7648
0, 0.2352, 0.7648
0, 0.2551, 0.7449
0, 0.2407, 0.7593
0, 0.2315, 0.7685
0, 0.2389, 0.7611
0, 0.2449, 0.7551
0, 0.2303, 0.7697
0, 0.2464, 0.7536
0, 0.2456, 0.7544
0, 0.2372, 0.7628
0, 0.2576, 0.7424
0, 0.2366, 0.7634
0, 0.2709, 0.7291
0, 0.2316, 0.7684
0, 0.3, 0.7
0, 0.2316, 0.7684
0, 0.2522, 0.7478
0, 0.2365, 0.7635
0, 0.2372, 0.7628
0, 0.2365, 0.7635
0, 0.2366, 0.7634
0, 0.2526, 0.7474
0, 0.2424, 0.7576
0, 0.2349, 0.7651
0, 0.2429, 0.7571
1, 0.3985, 0.6015
0, 0.2547, 0.7453
1, 0.3893, 0.6107
0, 0.2695, 0.7305
0, 0.2551, 0.7449
0, 0.2565, 0.7435
0, 0.2593, 0.7407
1, 0.2838, 0.7162
1, 0.4235, 0.5765
0, 0.2653, 0.7347
0, 0.2654, 0.7346
1, 0.1817, 0.8183
1, 0.2888, 0.7112
1, 0.4065, 0.5935
0, 0.2724, 0.7276
1, 0.2914, 0.7086
0, 0.2705, 0.7295
0, 0.263, 0.737
1, 0.2811, 0.7189
1, 0.2757, 0.7243
1, 0.2873, 0.7127
1, 0.3952, 0.6048
1, 0.4098, 0.5902
1, 0.2866, 0.7134
1, 0.3928, 0.6072
1, 0.4056, 0.5944
1, 0.3953, 0.6047
1, 0.395, 0.605
1, 0.4146, 0.5854
1, 0.4245, 0.5755
1, 0.407, 0.593
0, 0.2529, 0.7471
1, 0.4016, 0.5984
1, 0.4025, 0.5975
1, 0.4145, 0.5855
1, 0.2856, 0.7144
1, 0.4039, 0.5961
0, 0.9142, 0.0858
0, 0.921, 0.079
0, 0.9158, 0.0842
1, 0.2952, 0.7048
1, 0.3941, 0.6059
1, 0.2716, 0.7284
1, 0.3981, 0.6019
1, 0.409, 0.591
1, 0.407, 0.593
1, 0.4245, 0.5755
1, 0.4146, 0.5854
1, 0.4056, 0.5944
1, 0.3955, 0.6045
1, 0.395, 0.605
1, 0.2241, 0.7759
1, 0.2305, 0.7695
1, 0.2341, 0.7659
1, 0.2386, 0.7614
1, 0.24, 0.76
1, 0.2345, 0.7655
1, 0.2341, 0.7659
1, 0.2348, 0.7652
1, 0.2341, 0.7659
1, 0.2417, 0.7583
1, 0.2417, 0.7583
1, 0.2279, 0.7721
1, 0.2419, 0.7581
1, 0.2341, 0.7659
1, 0.2341, 0.7659
1, 0.2343, 0.7657
1, 0.2223, 0.7777
1, 0.2342, 0.7658
1, 0.2264, 0.7736
1, 0.2415, 0.7585
1, 0.2328, 0.7672
1, 0.2396, 0.7604
1, 0.2417, 0.7583
1, 0.2261, 0.7739
1, 0.2415, 0.7585
1, 0.2277, 0.7723
1, 0.2303, 0.7697
1, 0.222, 0.778
1, 0.2251, 0.7749
1, 0.2247, 0.7753
1, 0.2275, 0.7725
1, 0.2275, 0.7725
1, 0.2089, 0.7911
1, 0.2274, 0.7726
1, 0.2153, 0.7847
1, 0.2275, 0.7725
1, 0.2155, 0.7845
0, 0.9638, 0.0362
0, 0.9693, 0.0307
0, 0.9031, 0.0969
0, 0.9109, 0.0891
0, 0.8995, 0.1005
0, 0.9777, 0.0223
0, 0.9017, 0.0983
0, 0.9772, 0.0228
1, 0.2103, 0.7897
1, 0.2135, 0.7865
1, 0.2018, 0.7982
1, 0.1883, 0.8117
1, 0.1836, 0.8164
1, 0.1797, 0.8203
1, 0.1822, 0.8178
1, 0.1808, 0.8192
1, 0.1809, 0.8191
1, 0.1878, 0.8122
1, 0.1944, 0.8056
1, 0.184, 0.816
1, 0.1834, 0.8166
1, 0.189, 0.811
1, 0.1873, 0.8127
1, 0.2082, 0.7918
1, 0.21, 0.79
1, 0.1946, 0.8054
1, 0.1797, 0.8203
1, 0.1795, 0.8205
1, 0.1842, 0.8158
1, 0.1816, 0.8184
1, 0.1822, 0.8178
1, 0.1937, 0.8063
1, 0.2023, 0.7977
1, 0.2094, 0.7906
1, 0.2441, 0.7559
1, 0.1797, 0.8203
1, 0.2339, 0.7661
1, 0.205, 0.795
1, 0.1802, 0.8198
1, 0.1963, 0.8037
1, 0.2009, 0.7991
1, 0.2243, 0.7757
1, 0.2245, 0.7755
0, 0.6309, 0.3691
1, 0.1666, 0.8334
1, 0.1673, 0.8327
1, 0.3444, 0.6556
1, 0.3557, 0.6443
1, 0.3609, 0.6391
1, 0.3496, 0.6504
1, 0.2689, 0.7311
0, 0.354, 0.646
0, 0.3483, 0.6517
1, 0.338, 0.662
0, 0.9126, 0.0874
0, 0.9142, 0.0858
1, 0.345, 0.655
0, 0.9121, 0.0879
1, 0.2339, 0.7661
1, 0.2306, 0.7694
1, 0.2294, 0.7706
1, 0.2734, 0.7266
1, 0.2374, 0.7626
1, 0.2298, 0.7702
1, 0.2718, 0.7282
1, 0.3591, 0.6409
1, 0.3076, 0.6924
1, 0.2466, 0.7534
1, 0.2471, 0.7529
1, 0.2723, 0.7277
1, 0.2789, 0.7211
1, 0.2563, 0.7437
1, 0.2389, 0.7611
0, 0.9133, 0.0867
1, 0.2495, 0.7505
0, 0.9134, 0.0866
1, 0.3576, 0.6424
1, 0.3599, 0.6401
1, 0.3843, 0.6157
1, 0.358, 0.642
1, 0.3613, 0.6387
1, 0.3812, 0.6188
1, 0.3836, 0.6164
1, 0.3832, 0.6168
1, 0.3809, 0.6191
1, 0.3832, 0.6168
0, 0.631, 0.369
1, 0.6341, 0.3659
1, 0.6381, 0.3619
1, 0.1617, 0.8383
0, 0.0546, 0.9454
0, 0.0592, 0.9408
0, 0.0684, 0.9316
1, 0.1387, 0.8613
1, 0.1391, 0.8609
1, 0.236, 0.764
0, 0.6585, 0.3415
0, 0.6407, 0.3593
0, 0.6457, 0.3543
0, 0.6346, 0.3654
0, 0.6525, 0.3475
0, 0.6394, 0.3606
0, 0.6513, 0.3487
0, 0.6459, 0.3541
0, 0.6382, 0.3618
1, 0.2145, 0.7855
1, 0.2133, 0.7867
1, 0.2185, 0.7815
1, 0.2154, 0.7846
1, 0.23, 0.77
1, 0.2247, 0.7753
1, 0.2153, 0.7847
1, 0.213, 0.787
1, 0.227, 0.773
1, 0.2185, 0.7815
1, 0.2128, 0.7872
1, 0.2185, 0.7815
1, 0.2185, 0.7815
1, 0.2156, 0.7844
1, 0.2186, 0.7814
1, 0.2188, 0.7812
1, 0.2193, 0.7807
1, 0.237, 0.763
1, 0.2213, 0.7787
1, 0.216, 0.784
1, 0.2186, 0.7814
1, 0.2199, 0.7801
1, 0.218, 0.782
1, 0.2218, 0.7782
1, 0.2187, 0.7813
1, 0.2187, 0.7813
1, 0.2131, 0.7869
1, 0.2186, 0.7814
1, 0.2185, 0.7815
1, 0.2189, 0.7811
1, 0.2193, 0.7807
1, 0.2189, 0.7811
1, 0.2186, 0.7814
1, 0.2145, 0.7855
1, 0.2186, 0.7814
1, 0.2193, 0.7807
1, 0.2188, 0.7812
1, 0.2145, 0.7855
1, 0.2204, 0.7796
1, 0.2133, 0.7867
1, 0.2177, 0.7823
1, 0.2133, 0.7867
1, 0.2445, 0.7555
1, 0.2181, 0.7819
1, 0.2161, 0.7839
1, 0.2142, 0.7858
1, 0.2199, 0.7801
1, 0.2142, 0.7858
1, 0.2128, 0.7872
1, 0.2256, 0.7744
1, 0.2177, 0.7823
1, 0.2154, 0.7846
1, 0.2136, 0.7864
1, 0.2191, 0.7809
1, 0.2144, 0.7856
1, 0.2352, 0.7648
1, 0.2365, 0.7635
1, 0.2127, 0.7873
1, 0.2145, 0.7855
1, 0.2148, 0.7852
1, 0.22, 0.78
1, 0.2197, 0.7803
1, 0.2263, 0.7737
1, 0.2237, 0.7763
1, 0.213, 0.787
1, 0.2186, 0.7814
1, 0.2242, 0.7758
1, 0.2219, 0.7781
1, 0.2251, 0.7749
1, 0.2327, 0.7673
1, 0.2319, 0.7681
1, 0.2181, 0.7819
1, 0.23, 0.77
1, 0.235, 0.765
1, 0.2474, 0.7526
1, 0.2206, 0.7794
1, 0.2135, 0.7865
1, 0.2279, 0.7721
1, 0.2279, 0.7721
1, 0.2228, 0.7772
1, 0.2227, 0.7773
1, 0.2321, 0.7679
1, 0.2297, 0.7703
1, 0.2229, 0.7771
1, 0.2273, 0.7727
1, 0.2232, 0.7768
1, 0.2284, 0.7716
1, 0.2278, 0.7722
1, 0.2232, 0.7768
1, 0.2273, 0.7727
1, 0.2348, 0.7652
1, 0.2216, 0.7784
1, 0.2273, 0.7727
1, 0.246, 0.754
1, 0.2273, 0.7727
1, 0.2497, 0.7503
1, 0.2272, 0.7728
1, 0.236, 0.764
1, 0.2285, 0.7715
1, 0.2271, 0.7729
0, 0.5356, 0.4644
1, 0.2164, 0.7836
1, 0.2266, 0.7734
1, 0.2471, 0.7529
1, 0.2217, 0.7783
1, 0.2395, 0.7605
1, 0.2268, 0.7732
1, 0.2231, 0.7769
1, 0.2173, 0.7827
1, 0.2211, 0.7789
1, 0.2277, 0.7723
1, 0.23, 0.77
1, 0.2394, 0.7606
1, 0.215, 0.785
1, 0.216, 0.784
1, 0.2277, 0.7723
1, 0.2335, 0.7665
1, 0.2373, 0.7627
1, 0.2485, 0.7515
1, 0.2372, 0.7628
1, 0.2497, 0.7503
1, 0.2152, 0.7848
1, 0.2504, 0.7496
1, 0.2137, 0.7863
1, 0.2207, 0.7793
1, 0.2211, 0.7789
1, 0.2207, 0.7793
1, 0.2545, 0.7455
1, 0.2213, 0.7787
1, 0.2208, 0.7792
1, 0.2354, 0.7646
1, 0.2376, 0.7624
1, 0.2202, 0.7798
1, 0.2207, 0.7793
1, 0.2213, 0.7787
1, 0.2275, 0.7725
1, 0.2207, 0.7793
1, 0.2235, 0.7765
1, 0.2203, 0.7797
1, 0.2214, 0.7786
1, 0.2274, 0.7726
1, 0.2214, 0.7786
1, 0.2392, 0.7608
1, 0.2249, 0.7751
1, 0.2165, 0.7835
1, 0.2268, 0.7732
1, 0.222, 0.778
1, 0.2172, 0.7828
1, 0.2162, 0.7838
1, 0.223, 0.777
1, 0.227, 0.773
1, 0.2206, 0.7794
1, 0.2164, 0.7836
1, 0.2208, 0.7792
1, 0.2207, 0.7793
1, 0.227, 0.773
1, 0.2207, 0.7793
1, 0.2269, 0.7731
1, 0.2153, 0.7847
1, 0.2206, 0.7794
1, 0.2153, 0.7847
1, 0.2209, 0.7791
1, 0.2214, 0.7786
1, 0.2246, 0.7754
1, 0.2246, 0.7754
1, 0.2232, 0.7768
1, 0.2232, 0.7768
1, 0.2441, 0.7559
1, 0.2572, 0.7428
1, 0.235, 0.765
1, 0.2492, 0.7508
1, 0.235, 0.765
1, 0.2527, 0.7473
1, 0.22, 0.78
1, 0.2205, 0.7795
1, 0.2198, 0.7802
1, 0.2547, 0.7453
1, 0.2329, 0.7671
1, 0.2327, 0.7673
1, 0.2527, 0.7473
1, 0.2742, 0.7258
1, 0.2374, 0.7626
1, 0.2325, 0.7675
1, 0.2386, 0.7614
1, 0.2352, 0.7648
1, 0.2655, 0.7345
1, 0.2386, 0.7614
1, 0.2382, 0.7618
1, 0.2387, 0.7613
1, 0.2684, 0.7316
1, 0.2473, 0.7527
1, 0.2727, 0.7273
1, 0.2661, 0.7339
1, 0.2564, 0.7436
1, 0.2348, 0.7652
1, 0.2538, 0.7462
1, 0.261, 0.739
1, 0.268, 0.732
1, 0.2676, 0.7324
1, 0.2466, 0.7534
1, 0.2648, 0.7352
1, 0.2676, 0.7324
1, 0.2374, 0.7626
1, 0.2406, 0.7594
1, 0.2642, 0.7358
1, 0.2449, 0.7551
1, 0.2741, 0.7259
1, 0.2453, 0.7547
1, 0.256, 0.744
1, 0.2648, 0.7352
1, 0.28, 0.72
1, 0.2802, 0.7198
1, 0.2781, 0.7219
1, 0.2625, 0.7375
1, 0.267, 0.733
1, 0.2297, 0.7703
1, 0.2793, 0.7207
1, 0.2766, 0.7234
1, 0.2557, 0.7443
1, 0.2545, 0.7455
1, 0.2835, 0.7165
1, 0.2777, 0.7223
1, 0.2584, 0.7416
1, 0.2485, 0.7515
1, 0.2766, 0.7234
1, 0.2594, 0.7406
1, 0.2542, 0.7458
1, 0.257, 0.743
1, 0.259, 0.741
1, 0.2545, 0.7455
1, 0.244, 0.756
1, 0.261, 0.739
1, 0.245, 0.755
1, 0.2762, 0.7238
1, 0.2757, 0.7243
1, 0.2664, 0.7336
1, 0.2828, 0.7172
1, 0.2397, 0.7603
1, 0.2818, 0.7182
1, 0.2569, 0.7431
1, 0.2324, 0.7676
1, 0.2721, 0.7279
1, 0.2785, 0.7215
1, 0.2585, 0.7415
1, 0.2766, 0.7234
1, 0.2396, 0.7604
1, 0.2532, 0.7468
1, 0.2646, 0.7354
1, 0.2466, 0.7534
1, 0.2679, 0.7321
1, 0.2783, 0.7217
1, 0.2728, 0.7272
1, 0.2815, 0.7185
1, 0.2662, 0.7338
0, 0.2127, 0.7873
1, 0.2766, 0.7234
1, 0.2548, 0.7452
1, 0.2766, 0.7234
1, 0.2557, 0.7443
1, 0.2729, 0.7271
1, 0.2545, 0.7455
1, 0.2777, 0.7223
1, 0.2584, 0.7416
1, 0.2485, 0.7515
1, 0.2793, 0.7207
1, 0.2317, 0.7683
1, 0.2727, 0.7273
1, 0.2672, 0.7328
1, 0.2664, 0.7336
1, 0.2358, 0.7642
1, 0.2811, 0.7189
1, 0.2414, 0.7586
1, 0.2766, 0.7234
1, 0.2542, 0.7458
1, 0.2618, 0.7382
1, 0.2316, 0.7684
1, 0.2462, 0.7538
1, 0.2648, 0.7352
1, 0.2424, 0.7576
1, 0.2642, 0.7358
1, 0.2411, 0.7589
1, 0.2656, 0.7344
1, 0.2317, 0.7683
1, 0.235, 0.765
1, 0.2304, 0.7696
1, 0.2872, 0.7128
1, 0.2794, 0.7206
1, 0.2405, 0.7595
1, 0.2602, 0.7398
1, 0.2596, 0.7404
1, 0.2397, 0.7603
1, 0.2527, 0.7473
1, 0.2786, 0.7214
1, 0.2623, 0.7377
1, 0.2765, 0.7235
1, 0.273, 0.727
1, 0.2588, 0.7412
1, 0.2627, 0.7373
1, 0.265, 0.735
1, 0.2796, 0.7204
1, 0.2702, 0.7298
1, 0.2641, 0.7359
1, 0.2696, 0.7304
1, 0.2409, 0.7591
1, 0.269, 0.731
1, 0.2413, 0.7587
1, 0.2685, 0.7315
1, 0.2462, 0.7538
1, 0.2568, 0.7432
1, 0.2811, 0.7189
1, 0.2669, 0.7331
1, 0.2568, 0.7432
1, 0.2599, 0.7401
1, 0.2409, 0.7591
1, 0.2632, 0.7368
1, 0.2725, 0.7275
1, 0.2413, 0.7587
1, 0.2462, 0.7538
1, 0.2599, 0.7401
1, 0.2633, 0.7367
1, 0.2741, 0.7259
1, 0.2409, 0.7591
1, 0.2777, 0.7223
1, 0.2722, 0.7278
1, 0.2599, 0.7401
1, 0.2757, 0.7243
1, 0.2665, 0.7335
1, 0.2782, 0.7218
1, 0.2739, 0.7261
1, 0.2409, 0.7591
1, 0.2568, 0.7432
1, 0.2568, 0.7432
1, 0.2799, 0.7201
1, 0.2812, 0.7188
1, 0.2413, 0.7587
1, 0.2864, 0.7136
1, 0.2409, 0.7591
1, 0.2773, 0.7227
1, 0.2759, 0.7241
1, 0.2762, 0.7238
1, 0.2795, 0.7205
1, 0.2599, 0.7401
1, 0.2455, 0.7545
1, 0.2386, 0.7614
1, 0.2421, 0.7579
1, 0.2454, 0.7546
1, 0.2433, 0.7567
1, 0.239, 0.761
1, 0.2401, 0.7599
1, 0.2933, 0.7067
1, 0.2195, 0.7805
1, 0.2317, 0.7683
1, 0.2235, 0.7765
1, 0.2373, 0.7627
1, 0.2359, 0.7641
1, 0.2229, 0.7771
1, 0.2357, 0.7643
1, 0.2391, 0.7609
1, 0.271, 0.729
1, 0.2518, 0.7482
1, 0.2401, 0.7599
1, 0.2933, 0.7067
1, 0.2225, 0.7775
1, 0.2219, 0.7781
1, 0.2639, 0.7361
1, 0.2373, 0.7627
1, 0.2532, 0.7468
1, 0.2516, 0.7484
1, 0.2518, 0.7482
1, 0.2398, 0.7602
1, 0.2317, 0.7683
1, 0.2221, 0.7779
1, 0.2225, 0.7775
1, 0.2401, 0.7599
1, 0.2317, 0.7683
1, 0.2214, 0.7786
1, 0.2231, 0.7769
1, 0.2852, 0.7148
1, 0.2571, 0.7429
1, 0.2373, 0.7627
1, 0.2516, 0.7484
1, 0.2398, 0.7602
1, 0.226, 0.774
1, 0.2506, 0.7494
1, 0.2447, 0.7553
1, 0.2479, 0.7521
0, 0.5728, 0.4272
1, 0.2359, 0.7641
0, 0.5644, 0.4356
1, 0.2502, 0.7498
1, 0.2465, 0.7535
0, 0.571, 0.429
0, 0.5827, 0.4173
1, 0.23, 0.77
1, 0.2502, 0.7498
1, 0.2395, 0.7605
1, 0.2531, 0.7469
1, 0.2532, 0.7468
1, 0.2711, 0.7289
1, 0.25, 0.75
1, 0.2464, 0.7536
1, 0.2671, 0.7329
1, 0.2603, 0.7397
1, 0.2447, 0.7553
1, 0.2629, 0.7371
1, 0.2533, 0.7467
1, 0.2454, 0.7546
1, 0.2593, 0.7407
1, 0.256, 0.744
1, 0.2656, 0.7344
1, 0.2646, 0.7354
1, 0.2568, 0.7432
1, 0.2435, 0.7565
1, 0.2435, 0.7565
1, 0.2679, 0.7321
1, 0.2401, 0.7599
1, 0.2563, 0.7437
1, 0.2655, 0.7345
1, 0.2576, 0.7424
1, 0.2449, 0.7551
1, 0.2493, 0.7507
1, 0.2763, 0.7237
1, 0.224, 0.776
1, 0.2343, 0.7657
1, 0.2379, 0.7621
1, 0.2448, 0.7552
1, 0.2303, 0.7697
1, 0.2455, 0.7545
1, 0.2308, 0.7692
1, 0.2226, 0.7774
1, 0.2309, 0.7691
1, 0.2294, 0.7706
1, 0.2806, 0.7194
1, 0.2351, 0.7649
1, 0.2806, 0.7194
1, 0.2428, 0.7572
1, 0.2428, 0.7572
1, 0.2356, 0.7644
1, 0.2309, 0.7691
1, 0.278, 0.722
1, 0.2781, 0.7219
1, 0.2414, 0.7586
1, 0.2304, 0.7696
1, 0.2384, 0.7616
1, 0.2424, 0.7576
1, 0.2475, 0.7525
1, 0.2546, 0.7454
1, 0.2384, 0.7616
1, 0.2302, 0.7698
1, 0.2457, 0.7543
1, 0.2694, 0.7306
1, 0.2883, 0.7117
1, 0.2553, 0.7447
1, 0.2883, 0.7117
1, 0.2694, 0.7306
1, 0.2541, 0.7459
1, 0.2205, 0.7795
1, 0.2398, 0.7602
1, 0.2387, 0.7613
1, 0.2426, 0.7574
1, 0.2439, 0.7561
1, 0.2187, 0.7813
1, 0.255, 0.745
1, 0.2561, 0.7439
1, 0.2275, 0.7725
1, 0.2289, 0.7711
1, 0.22, 0.78
1, 0.2502, 0.7498
1, 0.2369, 0.7631
1, 0.242, 0.758
1, 0.2424, 0.7576
1, 0.2227, 0.7773
1, 0.2398, 0.7602
1, 0.2205, 0.7795
1, 0.2428, 0.7572
1, 0.2322, 0.7678
1, 0.2271, 0.7729
1, 0.2537, 0.7463
1, 0.2201, 0.7799
1, 0.2286, 0.7714
1, 0.236, 0.764
1, 0.2561, 0.7439
1, 0.255, 0.745
1, 0.2835, 0.7165
1, 0.2325, 0.7675
1, 0.2492, 0.7508
1, 0.2382, 0.7618
1, 0.2216, 0.7784
1, 0.2388, 0.7612
1, 0.276, 0.724
1, 0.2331, 0.7669
1, 0.2295, 0.7705
1, 0.2547, 0.7453
1, 0.276, 0.724
1, 0.2498, 0.7502
1, 0.2843, 0.7157
1, 0.2571, 0.7429
1, 0.2331, 0.7669
1, 0.2437, 0.7563
1, 0.2434, 0.7566
1, 0.2531, 0.7469
1, 0.2627, 0.7373
1, 0.2543, 0.7457
1, 0.3284, 0.6716
1, 0.2258, 0.7742
1, 0.2283, 0.7717
1, 0.2543, 0.7457
1, 0.2258, 0.7742
1, 0.2283, 0.7717
1, 0.3284, 0.6716
1, 0.2584, 0.7416
1, 0.2366, 0.7634
1, 0.2648, 0.7352
1, 0.2708, 0.7292
1, 0.2686, 0.7314
1, 0.2327, 0.7673
1, 0.2346, 0.7654
1, 0.2242, 0.7758
1, 0.2668, 0.7332
1, 0.2526, 0.7474
1, 0.2641, 0.7359
1, 0.2817, 0.7183
1, 0.2645, 0.7355
1, 0.2532, 0.7468
1, 0.2797, 0.7203
1, 0.2341, 0.7659
1, 0.2339, 0.7661
1, 0.2341, 0.7659
1, 0.2311, 0.7689
1, 0.2412, 0.7588
1, 0.2526, 0.7474
1, 0.2422, 0.7578
1, 0.2466, 0.7534
1, 0.2316, 0.7684
1, 0.2312, 0.7688
1, 0.2466, 0.7534
1, 0.2481, 0.7519
1, 0.2273, 0.7727
1, 0.2312, 0.7688
1, 0.2378, 0.7622
1, 0.2317, 0.7683
1, 0.2483, 0.7517
1, 0.2575, 0.7425
1, 0.2286, 0.7714
1, 0.2597, 0.7403
1, 0.2536, 0.7464
1, 0.2515, 0.7485
1, 0.2664, 0.7336
1, 0.2683, 0.7317
1, 0.267, 0.733
1, 0.2565, 0.7435
1, 0.2273, 0.7727
1, 0.242, 0.758
1, 0.2278, 0.7722
1, 0.233, 0.767
1, 0.2353, 0.7647
1, 0.2245, 0.7755
1, 0.2393, 0.7607
1, 0.2398, 0.7602
1, 0.238, 0.762
1, 0.2318, 0.7682
1, 0.2341, 0.7659
1, 0.2318, 0.7682
1, 0.2396, 0.7604
1, 0.2383, 0.7617
1, 0.2398, 0.7602
1, 0.2367, 0.7633
1, 0.2325, 0.7675
1, 0.2272, 0.7728
1, 0.2318, 0.7682
1, 0.2305, 0.7695
1, 0.2396, 0.7604
1, 0.2318, 0.7682
1, 0.239, 0.761
1, 0.2318, 0.7682
1, 0.2327, 0.7673
1, 0.2357, 0.7643
1, 0.2375, 0.7625
1, 0.2441, 0.7559
1, 0.2287, 0.7713
1, 0.245, 0.755
1, 0.2278, 0.7722
1, 0.2288, 0.7712
1, 0.2317, 0.7683
1, 0.2312, 0.7688
1, 0.2342, 0.7658
1, 0.2342, 0.7658
1, 0.2452, 0.7548
1, 0.2249, 0.7751
1, 0.2606, 0.7394
1, 0.2398, 0.7602
1, 0.2386, 0.7614
1, 0.2244, 0.7756
1, 0.2358, 0.7642
1, 0.2465, 0.7535
1, 0.2464, 0.7536
1, 0.2324, 0.7676
1, 0.2255, 0.7745
1, 0.2179, 0.7821
1, 0.2199, 0.7801
1, 0.2459, 0.7541
1, 0.256, 0.744
1, 0.2494, 0.7506
1, 0.2534, 0.7466
1, 0.255, 0.745
1, 0.2348, 0.7652
1, 0.2399, 0.7601
1, 0.2123, 0.7877
1, 0.2386, 0.7614
1, 0.2357, 0.7643
1, 0.2357, 0.7643
1, 0.2398, 0.7602
1, 0.2143, 0.7857
1, 0.2318, 0.7682
1, 0.2212, 0.7788
1, 0.2304, 0.7696
1, 0.2352, 0.7648
1, 0.2147, 0.7853
1, 0.2318, 0.7682
1, 0.2344, 0.7656
1, 0.2773, 0.7227
1, 0.2352, 0.7648
1, 0.2291, 0.7709
1, 0.2304, 0.7696
1, 0.2773, 0.7227
1, 0.2143, 0.7857
1, 0.2251, 0.7749
1, 0.2304, 0.7696
1, 0.2304, 0.7696
1, 0.2291, 0.7709
1, 0.2321, 0.7679
1, 0.22, 0.78
1, 0.2321, 0.7679
1, 0.2143, 0.7857
1, 0.2304, 0.7696
1, 0.227, 0.773
1, 0.2359, 0.7641
1, 0.2318, 0.7682
1, 0.2352, 0.7648
1, 0.2143, 0.7857
1, 0.2291, 0.7709
1, 0.2323, 0.7677
1, 0.234, 0.766
1, 0.2153, 0.7847
1, 0.2346, 0.7654
1, 0.2154, 0.7846
1, 0.2304, 0.7696
1, 0.2307, 0.7693
1, 0.234, 0.766
1, 0.2334, 0.7666
1, 0.2283, 0.7717
1, 0.2357, 0.7643
1, 0.2321, 0.7679
1, 0.2292, 0.7708
1, 0.2323, 0.7677
1, 0.2326, 0.7674
1, 0.2314, 0.7686
1, 0.242, 0.758
1, 0.2329, 0.7671
1, 0.2307, 0.7693
1, 0.2225, 0.7775
1, 0.2292, 0.7708
1, 0.2325, 0.7675
1, 0.231, 0.769
1, 0.2279, 0.7721
1, 0.2293, 0.7707
1, 0.227, 0.773
1, 0.2274, 0.7726
1, 0.2273, 0.7727
1, 0.2309, 0.7691
0, 0.538, 0.462
0, 0.5373, 0.4627
0, 0.5288, 0.4712
0, 0.5585, 0.4415
0, 0.5543, 0.4457
0, 0.5319, 0.4681
0, 0.533, 0.467
0, 0.5623, 0.4377
0, 0.53, 0.47
0, 0.5476, 0.4524
1, 0.1813, 0.8187
1, 0.2646, 0.7354
1, 0.2234, 0.7766
1, 0.2512, 0.7488
1, 0.2299, 0.7701
1, 0.223, 0.777
1, 0.2646, 0.7354
1, 0.2817, 0.7183
1, 0.2076, 0.7924
1, 0.209, 0.791
1, 0.2053, 0.7947
1, 0.2277, 0.7723
0, 0.3262, 0.6738
0, 0.3362, 0.6638
0, 0.3537, 0.6463
0, 0.3714, 0.6286
0, 0.3343, 0.6657
0, 0.3192, 0.6808
0, 0.3243, 0.6757
0, 0.3435, 0.6565
0, 0.3235, 0.6765
0, 0.3559, 0.6441
1, 0.4051, 0.5949
