0, 0.8661, 0.1339
0, 0.9779, 0.0221
0, 0.9701, 0.0299
0, 0.9649, 0.0351
0, 0.9508, 0.0492
0, 0.7696, 0.2304
0, 0.9495, 0.0505
0, 0.9361, 0.0639
0, 0.937, 0.063
0, 0.9592, 0.0408
0, 0.9554, 0.0446
0, 0.9331, 0.0669
0, 0.9588, 0.0412
0, 0.9476, 0.0524
0, 0.92, 0.08
0, 0.943, 0.057
0, 0.9178, 0.0822
0, 0.9393, 0.0607
0, 0.9593, 0.0407
0, 0.9089, 0.0911
0, 0.9756, 0.0244
0, 0.9608, 0.0392
0, 0.9989, 0.0011
0, 0.9349, 0.0651
0, 0.8912, 0.1088
0, 0.9554, 0.0446
0, 0.952, 0.048
0, 0.9513, 0.0487
0, 0.9439, 0.0561
0, 0.9592, 0.0408
0, 0.978, 0.022
0, 0.9532, 0.0468
0, 0.9587, 0.0413
0, 0.9585, 0.0415
0, 0.9531, 0.0469
0, 0.9786, 0.0214
0, 0.9788, 0.0212
0, 0.9792, 0.0208
0, 0.978, 0.022
0, 0.9761, 0.0239
0, 0.9779, 0.0221
0, 0.9696, 0.0304
0, 0.9778, 0.0222
0, 0.9695, 0.0305
0, 0.9754, 0.0246
0, 0.9788, 0.0212
0, 0.9787, 0.0213
0, 0.9536, 0.0464
0, 0.9814, 0.0186
0, 0.9224, 0.0776
0, 0.9778, 0.0222
0, 0.9701, 0.0299
0, 0.9432, 0.0568
0, 0.8626, 0.1374
0, 0.9414, 0.0586
0, 0.9492, 0.0508
0, 0.9642, 0.0358
0, 0.8516, 0.1484
0, 0.9275, 0.0725
0, 0.9375, 0.0625
0, 0.9696, 0.0304
0, 0.9573, 0.0427
0, 0.963, 0.037
0, 0.962, 0.038
0, 0.9407, 0.0593
0, 0.9614, 0.0386
0, 0.9615, 0.0385
0, 0.9631, 0.0369
0, 0.963, 0.037
0, 0.9702, 0.0298
0, 0.967, 0.033
0, 0.9772, 0.0228
0, 0.9774, 0.0226
0, 0.9622, 0.0378
0, 0.9765, 0.0235
0, 0.9621, 0.0379
0, 0.9783, 0.0217
0, 0.9783, 0.0217
0, 0.9626, 0.0374
0, 0.9508, 0.0492
0, 0.959, 0.041
0, 0.9505, 0.0495
0, 0.9622, 0.0378
0, 0.9629, 0.0371
0, 0.9622, 0.0378
0, 0.9626, 0.0374
0, 0.9624, 0.0376
0, 0.9493, 0.0507
0, 0.962, 0.038
0, 0.9626, 0.0374
0, 0.9692, 0.0308
0, 0.9624, 0.0376
0, 0.9772, 0.0228
0, 0.977, 0.023
0, 0.9626, 0.0374
0, 0.9621, 0.0379
0, 0.9492, 0.0508
0, 0.962, 0.038
0, 0.9783, 0.0217
0, 0.9769, 0.0231
0, 0.9768, 0.0232
0, 0.9622, 0.0378
0, 0.9624, 0.0376
0, 0.9629, 0.0371
0, 0.9712, 0.0288
0, 0.963, 0.037
0, 0.9508, 0.0492
0, 0.9745, 0.0255
0, 0.9774, 0.0226
0, 0.9505, 0.0495
0, 0.962, 0.038
0, 0.977, 0.023
0, 0.9621, 0.0379
0, 0.9492, 0.0508
0, 0.9619, 0.0381
0, 0.9769, 0.0231
0, 0.9492, 0.0508
0, 0.9621, 0.0379
0, 0.9621, 0.0379
0, 0.977, 0.023
0, 0.9619, 0.0381
0, 0.858, 0.142
0, 0.9736, 0.0264
0, 0.9648, 0.0352
0, 0.9706, 0.0294
0, 0.9835, 0.0165
0, 0.9753, 0.0247
0, 0.975, 0.025
0, 0.9832, 0.0168
0, 0.9834, 0.0166
0, 0.991, 0.009
0, 0.9619, 0.0381
0, 0.9747, 0.0253
0, 0.9502, 0.0498
0, 0.9746, 0.0254
0, 0.9854, 0.0146
0, 0.9791, 0.0209
0, 0.9654, 0.0346
0, 0.9755, 0.0245
0, 0.9759, 0.0241
0, 0.9827, 0.0173
0, 0.9775, 0.0225
0, 0.9543, 0.0457
0, 0.9773, 0.0227
0, 0.9762, 0.0238
0, 0.9766, 0.0234
0, 0.9775, 0.0225
0, 0.9782, 0.0218
0, 0.9811, 0.0189
0, 0.9886, 0.0114
0, 0.9761, 0.0239
0, 0.9626, 0.0374
0, 0.9773, 0.0227
0, 0.9303, 0.0697
0, 0.9821, 0.0179
0, 0.917, 0.083
0, 0.9777, 0.0223
0, 0.9527, 0.0473
0, 0.9618, 0.0382
0, 0.9714, 0.0286
0, 0.9591, 0.0409
0, 0.8786, 0.1214
0, 0.9841, 0.0159
0, 0.9329, 0.0671
0, 0.9623, 0.0377
0, 0.9632, 0.0368
0, 0.9535, 0.0465
0, 0.9789, 0.0211
0, 0.9524, 0.0476
0, 0.9876, 0.0124
0, 0.9779, 0.0221
0, 0.9791, 0.0209
0, 0.9802, 0.0198
0, 0.9837, 0.0163
0, 0.9749, 0.0251
0, 0.9837, 0.0163
0, 0.9835, 0.0165
0, 0.983, 0.017
0, 0.9528, 0.0472
0, 0.978, 0.022
0, 0.9504, 0.0496
0, 0.9624, 0.0376
0, 0.9767, 0.0233
0, 0.9544, 0.0456
0, 0.968, 0.032
0, 0.951, 0.049
0, 0.9649, 0.0351
0, 0.9754, 0.0246
0, 0.9809, 0.0191
0, 0.9547, 0.0453
0, 0.9781, 0.0219
0, 0.9648, 0.0352
0, 0.9774, 0.0226
0, 0.9762, 0.0238
0, 0.9773, 0.0227
0, 0.9668, 0.0332
0, 0.9775, 0.0225
0, 0.9785, 0.0215
0, 0.9666, 0.0334
0, 0.9795, 0.0205
0, 0.9706, 0.0294
0, 0.9771, 0.0229
0, 0.9799, 0.0201
0, 0.9776, 0.0224
0, 0.9778, 0.0222
0, 0.9727, 0.0273
0, 0.9699, 0.0301
0, 0.9739, 0.0261
0, 0.9773, 0.0227
0, 0.9758, 0.0242
0, 0.9655, 0.0345
0, 0.9763, 0.0237
0, 0.9775, 0.0225
0, 0.9822, 0.0178
0, 0.9736, 0.0264
0, 0.9696, 0.0304
0, 0.9729, 0.0271
0, 0.9776, 0.0224
0, 0.9751, 0.0249
0, 0.978, 0.022
0, 0.9773, 0.0227
0, 0.9768, 0.0232
0, 0.9735, 0.0265
0, 0.9766, 0.0234
0, 0.9777, 0.0223
0, 0.9768, 0.0232
0, 0.9763, 0.0237
0, 0.9766, 0.0234
0, 0.9767, 0.0233
0, 0.9754, 0.0246
0, 0.9706, 0.0294
0, 0.9737, 0.0263
0, 0.9779, 0.0221
0, 0.9786, 0.0214
0, 0.9777, 0.0223
0, 0.9835, 0.0165
0, 0.9794, 0.0206
0, 0.9717, 0.0283
0, 0.9755, 0.0245
0, 0.9852, 0.0148
0, 0.9795, 0.0205
0, 0.9797, 0.0203
0, 0.9827, 0.0173
0, 0.9845, 0.0155
0, 0.9757, 0.0243
0, 0.9859, 0.0141
0, 0.9757, 0.0243
0, 0.9796, 0.0204
0, 0.982, 0.018
0, 0.9674, 0.0326
0, 0.9715, 0.0285
0, 0.9797, 0.0203
0, 0.9845, 0.0155
0, 0.9826, 0.0174
0, 0.9805, 0.0195
0, 0.9825, 0.0175
0, 0.9863, 0.0137
0, 0.9836, 0.0164
0, 0.9824, 0.0176
0, 0.9804, 0.0196
0, 0.9798, 0.0202
0, 0.976, 0.024
0, 0.9785, 0.0215
0, 0.98, 0.02
0, 0.982, 0.018
0, 0.9788, 0.0212
0, 0.9796, 0.0204
0, 0.9845, 0.0155
0, 0.9834, 0.0166
0, 0.9814, 0.0186
0, 0.9787, 0.0213
0, 0.9844, 0.0156
0, 0.9772, 0.0228
0, 0.9719, 0.0281
0, 0.9796, 0.0204
0, 0.979, 0.021
0, 0.9758, 0.0242
0, 0.9792, 0.0208
0, 0.9824, 0.0176
0, 0.9769, 0.0231
0, 0.9856, 0.0144
0, 0.9788, 0.0212
0, 0.8361, 0.1639
0, 0.9788, 0.0212
0, 0.9753, 0.0247
0, 0.9811, 0.0189
0, 0.9818, 0.0182
0, 0.9822, 0.0178
0, 0.9726, 0.0274
0, 0.9778, 0.0222
0, 0.9792, 0.0208
0, 0.9771, 0.0229
0, 0.9828, 0.0172
0, 0.9863, 0.0137
0, 0.9818, 0.0182
0, 0.9322, 0.0678
0, 0.9752, 0.0248
0, 0.9719, 0.0281
0, 0.9824, 0.0176
0, 0.9825, 0.0175
0, 0.9788, 0.0212
0, 0.9794, 0.0206
0, 0.9862, 0.0138
0, 0.978, 0.022
0, 0.9828, 0.0172
0, 0.9828, 0.0172
0, 0.982, 0.018
0, 0.9827, 0.0173
0, 0.9789, 0.0211
0, 0.982, 0.018
0, 0.9744, 0.0256
0, 0.9788, 0.0212
0, 0.978, 0.022
0, 0.9675, 0.0325
0, 0.9757, 0.0243
0, 0.8353, 0.1647
0, 0.9729, 0.0271
0, 0.846, 0.154
0, 0.921, 0.079
0, 0.904, 0.096
0, 0.9063, 0.0937
0, 0.9685, 0.0315
0, 0.9714, 0.0286
0, 0.944, 0.056
0, 0.9451, 0.0549
0, 0.9099, 0.0901
0, 0.8913, 0.1087
0, 0.927, 0.073
0, 0.8494, 0.1506
0, 0.9603, 0.0397
0, 0.8933, 0.1067
0, 0.9637, 0.0363
0, 0.9664, 0.0336
0, 0.8467, 0.1533
0, 0.9773, 0.0227
0, 0.9482, 0.0518
0, 0.9396, 0.0604
0, 0.9149, 0.0851
0, 0.9705, 0.0295
0, 0.9572, 0.0428
0, 0.9634, 0.0366
0, 0.9054, 0.0946
0, 0.979, 0.021
0, 0.979, 0.021
0, 0.979, 0.021
0, 0.979, 0.021
0, 0.9788, 0.0212
0, 0.9788, 0.0212
0, 0.979, 0.021
0, 0.9788, 0.0212
0, 0.9779, 0.0221
0, 0.9788, 0.0212
0, 0.9788, 0.0212
0, 0.9748, 0.0252
0, 0.9779, 0.0221
0, 0.9748, 0.0252
0, 0.9748, 0.0252
0, 0.9748, 0.0252
0, 0.9748, 0.0252
0, 0.9748, 0.0252
0, 0.9748, 0.0252
0, 0.9748, 0.0252
0, 0.9748, 0.0252
0, 0.9555, 0.0445
0, 0.9772, 0.0228
0, 0.9746, 0.0254
0, 0.9725, 0.0275
0, 0.9633, 0.0367
0, 0.9573, 0.0427
0, 0.9779, 0.0221
0, 0.976, 0.024
0, 0.8397, 0.1603
0, 0.9809, 0.0191
0, 0.9194, 0.0806
0, 0.9767, 0.0233
0, 0.9912, 0.0088
0, 0.9367, 0.0633
0, 0.9525, 0.0475
0, 0.9804, 0.0196
0, 0.9299, 0.0701
0, 0.995, 0.005
0, 0.9563, 0.0437
0, 0.9285, 0.0715
0, 0.9764, 0.0236
0, 0.9392, 0.0608
0, 0.9708, 0.0292
0, 0.9589, 0.0411
0, 0.8866, 0.1134
0, 0.9994, 0.0006
0, 0.9989, 0.0011
0, 0.9982, 0.0018
0, 0.9994, 0.0006
0, 0.9754, 0.0246
0, 0.9482, 0.0518
0, 0.9752, 0.0248
0, 0.9789, 0.0211
0, 0.9785, 0.0215
0, 0.9787, 0.0213
0, 0.9798, 0.0202
0, 0.9824, 0.0176
0, 0.9777, 0.0223
0, 0.979, 0.021
0, 0.9475, 0.0525
0, 0.9495, 0.0505
0, 0.9392, 0.0608
0, 0.959, 0.041
0, 0.9855, 0.0145
0, 0.9791, 0.0209
0, 0.9692, 0.0308
0, 0.8996, 0.1004
0, 0.9781, 0.0219
0, 0.9772, 0.0228
0, 0.9781, 0.0219
0, 0.9778, 0.0222
0, 0.9772, 0.0228
0, 0.9781, 0.0219
0, 0.9772, 0.0228
0, 0.9772, 0.0228
0, 0.9583, 0.0417
0, 0.9781, 0.0219
0, 0.9902, 0.0098
0, 0.9887, 0.0113
0, 0.9911, 0.0089
0, 0.9949, 0.0051
0, 0.9902, 0.0098
0, 0.9916, 0.0084
0, 0.9893, 0.0107
0, 0.8778, 0.1222
0, 0.8863, 0.1137
0, 0.9097, 0.0903
0, 0.9081, 0.0919
0, 0.9089, 0.0911
0, 0.8674, 0.1326
0, 0.9315, 0.0685
0, 0.9461, 0.0539
0, 0.8916, 0.1084
0, 0.9546, 0.0454
0, 0.9018, 0.0982
0, 0.838, 0.162
0, 0.9218, 0.0782
0, 0.8759, 0.1241
0, 0.9249, 0.0751
0, 0.9688, 0.0312
0, 0.9857, 0.0143
0, 0.98, 0.02
0, 0.9443, 0.0557
0, 0.9373, 0.0627
0, 0.956, 0.044
0, 0.9852, 0.0148
0, 0.9865, 0.0135
0, 0.9794, 0.0206
0, 0.9538, 0.0462
0, 0.9804, 0.0196
0, 0.9804, 0.0196
0, 0.9804, 0.0196
0, 0.9752, 0.0248
0, 0.9843, 0.0157
0, 0.9813, 0.0187
0, 0.9842, 0.0158
0, 0.9843, 0.0157
0, 0.9815, 0.0185
0, 0.9752, 0.0248
0, 0.9752, 0.0248
0, 0.9843, 0.0157
0, 0.9815, 0.0185
0, 0.9817, 0.0183
0, 0.9812, 0.0188
0, 0.9872, 0.0128
0, 0.8618, 0.1382
0, 0.929, 0.071
0, 0.9602, 0.0398
0, 0.9014, 0.0986
0, 0.9064, 0.0936
0, 0.9816, 0.0184
0, 0.9826, 0.0174
0, 0.973, 0.027
0, 0.9033, 0.0967
0, 0.8322, 0.1678
0, 0.8923, 0.1077
0, 0.9245, 0.0755
0, 0.935, 0.065
0, 0.9631, 0.0369
0, 0.9669, 0.0331
0, 0.9183, 0.0817
0, 0.9809, 0.0191
0, 0.9329, 0.0671
0, 0.972, 0.028
0, 0.9738, 0.0262
0, 0.9728, 0.0272
0, 0.9719, 0.0281
0, 0.9375, 0.0625
0, 0.8963, 0.1037
0, 0.928, 0.072
0, 0.9649, 0.0351
0, 0.7877, 0.2123
0, 0.9718, 0.0282
0, 0.8852, 0.1148
0, 0.8992, 0.1008
0, 0.9473, 0.0527
0, 0.9847, 0.0153
0, 0.9847, 0.0153
0, 0.9778, 0.0222
0, 0.9528, 0.0472
0, 0.9315, 0.0685
0, 0.9828, 0.0172
0, 0.9586, 0.0414
0, 0.9458, 0.0542
0, 0.9721, 0.0279
0, 0.8776, 0.1224
0, 0.8236, 0.1764
0, 0.9619, 0.0381
0, 0.9621, 0.0379
0, 0.9488, 0.0512
0, 0.9445, 0.0555
0, 0.9331, 0.0669
0, 0.9546, 0.0454
0, 0.9659, 0.0341
0, 0.9691, 0.0309
0, 0.952, 0.048
0, 0.9615, 0.0385
0, 0.9561, 0.0439
0, 0.8959, 0.1041
0, 0.9511, 0.0489
0, 0.9201, 0.0799
0, 0.9674, 0.0326
0, 0.9428, 0.0572
0, 0.9576, 0.0424
0, 0.9584, 0.0416
0, 0.934, 0.066
0, 0.9978, 0.0022
1, 0.9925, 0.0075
1, 0.9909, 0.0091
1, 0.9776, 0.0224
1, 0.9202, 0.0798
1, 0.9659, 0.0341
1, 0.9787, 0.0213
1, 0.926, 0.074
1, 0.9883, 0.0117
1, 0.9778, 0.0222
1, 0.9769, 0.0231
1, 0.9708, 0.0292
1, 0.7763, 0.2237
1, 0.9878, 0.0122
1, 0.9739, 0.0261
1, 0.9782, 0.0218
1, 0.9756, 0.0244
1, 0.9842, 0.0158
1, 0.9754, 0.0246
1, 0.9817, 0.0183
1, 0.9313, 0.0687
1, 0.9835, 0.0165
1, 0.9782, 0.0218
1, 0.9837, 0.0163
1, 0.941, 0.059
1, 0.9881, 0.0119
1, 0.984, 0.016
1, 0.9236, 0.0764
1, 0.9455, 0.0545
1, 0.1937, 0.8063
1, 0.9898, 0.0102
1, 0.9969, 0.0031
1, 0.9903, 0.0097
1, 0.9846, 0.0154
1, 0.9822, 0.0178
1, 0.9895, 0.0105
1, 0.9904, 0.0096
1, 0.9865, 0.0135
1, 0.991, 0.009
1, 0.9839, 0.0161
1, 0.9888, 0.0112
1, 0.9954, 0.0046
1, 0.9967, 0.0033
1, 0.9973, 0.0027
1, 0.9968, 0.0032
1, 0.9957, 0.0043
1, 0.9969, 0.0031
1, 0.997, 0.003
1, 0.991, 0.009
1, 0.9923, 0.0077
1, 0.9849, 0.0151
1, 0.9865, 0.0135
1, 0.9966, 0.0034
1, 0.9902, 0.0098
1, 0.9903, 0.0097
1, 0.9577, 0.0423
1, 0.9938, 0.0062
1, 0.9243, 0.0757
1, 0.9901, 0.0099
1, 0.8609, 0.1391
1, 0.9865, 0.0135
1, 0.9823, 0.0177
1, 0.9845, 0.0155
1, 0.9435, 0.0565
1, 0.9822, 0.0178
1, 0.8673, 0.1327
1, 0.9638, 0.0362
1, 0.9616, 0.0384
1, 0.9877, 0.0123
1, 0.943, 0.057
1, 0.9911, 0.0089
1, 0.9939, 0.0061
1, 0.991, 0.009
1, 0.9909, 0.0091
1, 0.973, 0.027
1, 0.9908, 0.0092
1, 0.9896, 0.0104
1, 0.9898, 0.0102
1, 0.9859, 0.0141
1, 0.9983, 0.0017
1, 0.9914, 0.0086
1, 0.9855, 0.0145
1, 0.9944, 0.0056
1, 0.9891, 0.0109
1, 0.9934, 0.0066
1, 0.9944, 0.0056
1, 0.9987, 0.0013
1, 0.9908, 0.0092
1, 0.9901, 0.0099
1, 0.991, 0.009
1, 0.9955, 0.0045
1, 0.9956, 0.0044
1, 0.9903, 0.0097
1, 0.9894, 0.0106
1, 0.9897, 0.0103
1, 0.9944, 0.0056
1, 0.9869, 0.0131
1, 0.985, 0.015
1, 0.9905, 0.0095
1, 0.985, 0.015
1, 0.9918, 0.0082
1, 0.9891, 0.0109
1, 0.9889, 0.0111
1, 0.9855, 0.0145
1, 0.9902, 0.0098
1, 0.9948, 0.0052
1, 0.998, 0.002
1, 0.9982, 0.0018
1, 0.9894, 0.0106
1, 0.9982, 0.0018
1, 0.9901, 0.0099
1, 0.9904, 0.0096
1, 0.998, 0.002
1, 0.9944, 0.0056
1, 0.9944, 0.0056
1, 0.9983, 0.0017
1, 0.9941, 0.0059
1, 0.9905, 0.0095
1, 0.9891, 0.0109
1, 0.9855, 0.0145
1, 0.9894, 0.0106
1, 0.9869, 0.0131
1, 0.991, 0.009
1, 0.9987, 0.0013
1, 0.9904, 0.0096
1, 0.9912, 0.0088
1, 0.9891, 0.0109
1, 0.9942, 0.0058
1, 0.9956, 0.0044
1, 0.9933, 0.0067
1, 0.9897, 0.0103
1, 0.9903, 0.0097
1, 0.9981, 0.0019
1, 0.9901, 0.0099
1, 0.9892, 0.0108
1, 0.9908, 0.0092
1, 0.9892, 0.0108
1, 0.9846, 0.0154
1, 0.9891, 0.0109
1, 0.9846, 0.0154
1, 0.9901, 0.0099
1, 0.9981, 0.0019
1, 0.9981, 0.0019
1, 0.99, 0.01
1, 0.8898, 0.1102
1, 0.9799, 0.0201
1, 0.9871, 0.0129
1, 0.9885, 0.0115
1, 0.9935, 0.0065
1, 0.6052, 0.3948
1, 0.9916, 0.0084
1, 0.6224, 0.3776
1, 0.9759, 0.0241
1, 0.9848, 0.0152
1, 0.9847, 0.0153
1, 0.9875, 0.0125
1, 0.9847, 0.0153
1, 0.9964, 0.0036
1, 0.617, 0.383
1, 0.9821, 0.0179
1, 0.9886, 0.0114
1, 0.9874, 0.0126
1, 0.984, 0.016
1, 0.9878, 0.0122
1, 0.9703, 0.0297
1, 0.9901, 0.0099
1, 0.9844, 0.0156
1, 0.9853, 0.0147
1, 0.623, 0.377
1, 0.9834, 0.0166
1, 0.9892, 0.0108
1, 0.9904, 0.0096
1, 0.5831, 0.4169
1, 0.5635, 0.4365
1, 0.9379, 0.0621
1, 0.9735, 0.0265
1, 0.9525, 0.0475
1, 0.9008, 0.0992
1, 0.5599, 0.4401
1, 0.9487, 0.0513
1, 0.9377, 0.0623
1, 0.8827, 0.1173
1, 0.9812, 0.0188
1, 0.8975, 0.1025
1, 0.9798, 0.0202
1, 0.9825, 0.0175
1, 0.9395, 0.0605
1, 0.982, 0.018
1, 0.9773, 0.0227
1, 0.9879, 0.0121
1, 0.9912, 0.0088
1, 0.9918, 0.0082
1, 0.9912, 0.0088
1, 0.5968, 0.4032
1, 0.8932, 0.1068
1, 0.9926, 0.0074
1, 0.9667, 0.0333
1, 0.5773, 0.4227
1, 0.9613, 0.0387
1, 0.992, 0.008
1, 0.9803, 0.0197
1, 0.9917, 0.0083
1, 0.9702, 0.0298
1, 0.9701, 0.0299
1, 0.6341, 0.3659
1, 0.9487, 0.0513
1, 0.9438, 0.0562
1, 0.9934, 0.0066
1, 0.6321, 0.3679
1, 0.9873, 0.0127
1, 0.9912, 0.0088
1, 0.9897, 0.0103
1, 0.9879, 0.0121
1, 0.9875, 0.0125
1, 0.599, 0.401
1, 0.63, 0.37
1, 0.9935, 0.0065
1, 0.9878, 0.0122
1, 0.9806, 0.0194
1, 0.5747, 0.4253
1, 0.985, 0.015
1, 0.9916, 0.0084
1, 0.9811, 0.0189
1, 0.9788, 0.0212
1, 0.9699, 0.0301
1, 0.6313, 0.3687
1, 0.9851, 0.0149
1, 0.9799, 0.0201
1, 0.6285, 0.3715
1, 0.8688, 0.1312
1, 0.993, 0.007
1, 0.9974, 0.0026
1, 0.9972, 0.0028
1, 0.987, 0.013
1, 0.9877, 0.0123
1, 0.9577, 0.0423
1, 0.9869, 0.0131
1, 0.9952, 0.0048
1, 0.9986, 0.0014
1, 0.9659, 0.0341
1, 0.9399, 0.0601
1, 0.8689, 0.1311
1, 0.9518, 0.0482
1, 0.9577, 0.0423
1, 0.997, 0.003
1, 0.9559, 0.0441
1, 0.9847, 0.0153
1, 0.8858, 0.1142
1, 0.9583, 0.0417
1, 0.9948, 0.0052
1, 0.987, 0.013
1, 0.9639, 0.0361
1, 0.9969, 0.0031
1, 0.8825, 0.1175
1, 0.9466, 0.0534
1, 0.9707, 0.0293
1, 0.9841, 0.0159
1, 0.9217, 0.0783
1, 0.931, 0.069
1, 0.9908, 0.0092
1, 0.988, 0.012
1, 0.2088, 0.7912
1, 0.9877, 0.0123
1, 0.5871, 0.4129
1, 0.9769, 0.0231
1, 0.9908, 0.0092
1, 0.9956, 0.0044
1, 0.9954, 0.0046
0, 0.9485, 0.0515
0, 0.9345, 0.0655
0, 0.9281, 0.0719
0, 0.97, 0.03
1, 0.9064, 0.0936
1, 0.5574, 0.4426
1, 0.9318, 0.0682
1, 0.9755, 0.0245
1, 0.948, 0.052
1, 0.9879, 0.0121
1, 0.9869, 0.0131
1, 0.9878, 0.0122
1, 0.9873, 0.0127
1, 0.9873, 0.0127
1, 0.9869, 0.0131
1, 0.9869, 0.0131
1, 0.9873, 0.0127
1, 0.9873, 0.0127
1, 0.9869, 0.0131
1, 0.9869, 0.0131
1, 0.9873, 0.0127
1, 0.9854, 0.0146
1, 0.9854, 0.0146
1, 0.9883, 0.0117
1, 0.9854, 0.0146
1, 0.9845, 0.0155
1, 0.9845, 0.0155
1, 0.9845, 0.0155
1, 0.9854, 0.0146
1, 0.9854, 0.0146
1, 0.9845, 0.0155
1, 0.9845, 0.0155
1, 0.9854, 0.0146
1, 0.982, 0.018
1, 0.9855, 0.0145
1, 0.9932, 0.0068
1, 0.9767, 0.0233
1, 0.9933, 0.0067
1, 0.603, 0.397
1, 0.9857, 0.0143
1, 0.982, 0.018
1, 0.9932, 0.0068
1, 0.986, 0.014
1, 0.9932, 0.0068
1, 0.982, 0.018
1, 0.9917, 0.0083
1, 0.9893, 0.0107
1, 0.9983, 0.0017
1, 0.9973, 0.0027
1, 0.9902, 0.0098
1, 0.9863, 0.0137
1, 0.9077, 0.0923
1, 0.9982, 0.0018
1, 0.9975, 0.0025
1, 0.9719, 0.0281
1, 0.9969, 0.0031
1, 0.9956, 0.0044
1, 0.5792, 0.4208
1, 0.2145, 0.7855
1, 0.9747, 0.0253
1, 0.9905, 0.0095
1, 0.1942, 0.8058
0, 0.9755, 0.0245
1, 0.2014, 0.7986
1, 0.9921, 0.0079
1, 0.9627, 0.0373
1, 0.8601, 0.1399
1, 0.9609, 0.0391
1, 0.9789, 0.0211
1, 0.9916, 0.0084
1, 0.9867, 0.0133
1, 0.9905, 0.0095
1, 0.9745, 0.0255
1, 0.9578, 0.0422
1, 0.9274, 0.0726
1, 0.9544, 0.0456
1, 0.9939, 0.0061
1, 0.9335, 0.0665
1, 0.9631, 0.0369
1, 0.9804, 0.0196
1, 0.9424, 0.0576
1, 0.9934, 0.0066
1, 0.9448, 0.0552
1, 0.8449, 0.1551
1, 0.9482, 0.0518
1, 0.9805, 0.0195
1, 0.9854, 0.0146
1, 0.9835, 0.0165
1, 0.9846, 0.0154
1, 0.9873, 0.0127
1, 0.9793, 0.0207
1, 0.9905, 0.0095
1, 0.9764, 0.0236
1, 0.9879, 0.0121
1, 0.9821, 0.0179
1, 0.9916, 0.0084
1, 0.9697, 0.0303
1, 0.9914, 0.0086
1, 0.6126, 0.3874
1, 0.6133, 0.3867
1, 0.6101, 0.3899
1, 0.9569, 0.0431
1, 0.9577, 0.0423
1, 0.9793, 0.0207
1, 0.2011, 0.7989
1, 0.2015, 0.7985
1, 0.952, 0.048
1, 0.9381, 0.0619
1, 0.9762, 0.0238
1, 0.8937, 0.1063
1, 0.8915, 0.1085
0, 0.9609, 0.0391
1, 0.5985, 0.4015
1, 0.8333, 0.1667
1, 0.5981, 0.4019
0, 0.9914, 0.0086
1, 0.8535, 0.1465
1, 0.8552, 0.1448
1, 0.9928, 0.0072
1, 0.9895, 0.0105
1, 0.9827, 0.0173
1, 0.9826, 0.0174
1, 0.993, 0.007
1, 0.9825, 0.0175
1, 0.8604, 0.1396
1, 0.9905, 0.0095
1, 0.9913, 0.0087
1, 0.5544, 0.4456
1, 0.9687, 0.0313
1, 0.9927, 0.0073
1, 0.2172, 0.7828
1, 0.9888, 0.0112
1, 0.9831, 0.0169
1, 0.6195, 0.3805
1, 0.9518, 0.0482
1, 0.9296, 0.0704
1, 0.9769, 0.0231
1, 0.2637, 0.7363
1, 0.9721, 0.0279
1, 0.272, 0.728
1, 0.9452, 0.0548
1, 0.926, 0.074
1, 0.2241, 0.7759
1, 0.196, 0.804
1, 0.9893, 0.0107
1, 0.8612, 0.1388
1, 0.7881, 0.2119
1, 0.8772, 0.1228
1, 0.9088, 0.0912
1, 0.8697, 0.1303
1, 0.9212, 0.0788
1, 0.9529, 0.0471
1, 0.8325, 0.1675
1, 0.9915, 0.0085
1, 0.9629, 0.0371
1, 0.9826, 0.0174
1, 0.9638, 0.0362
1, 0.9504, 0.0496
1, 0.9868, 0.0132
1, 0.9533, 0.0467
1, 0.2287, 0.7713
1, 0.9604, 0.0396
1, 0.9559, 0.0441
1, 0.2011, 0.7989
1, 0.896, 0.104
1, 0.2151, 0.7849
1, 0.9358, 0.0642
1, 0.9343, 0.0657
1, 0.9339, 0.0661
1, 0.9027, 0.0973
1, 0.9394, 0.0606
1, 0.2259, 0.7741
1, 0.228, 0.772
1, 0.9727, 0.0273
1, 0.6759, 0.3241
1, 0.6823, 0.3177
1, 0.252, 0.748
1, 0.2599, 0.7401
1, 0.2586, 0.7414
1, 0.2649, 0.7351
1, 0.2656, 0.7344
1, 0.2613, 0.7387
1, 0.2518, 0.7482
1, 0.2194, 0.7806
1, 0.2276, 0.7724
1, 0.2126, 0.7874
1, 0.2273, 0.7727
1, 0.9891, 0.0109
1, 0.998, 0.002
1, 0.9847, 0.0153
1, 0.9891, 0.0109
1, 0.984, 0.016
1, 0.9719, 0.0281
1, 0.9982, 0.0018
1, 0.2011, 0.7989
1, 0.9424, 0.0576
1, 0.2649, 0.7351
1, 0.9604, 0.0396
1, 0.8858, 0.1142
1, 0.9577, 0.0423
1, 0.9077, 0.0923
1, 0.982, 0.018
1, 0.9873, 0.0127
1, 0.9918, 0.0082
1, 0.9844, 0.0156
1, 0.9892, 0.0108
1, 0.9863, 0.0137
1, 0.8898, 0.1102
1, 0.9969, 0.0031
1, 0.9629, 0.0371
1, 0.7763, 0.2237
1, 0.9871, 0.0129
1, 0.9881, 0.0119
1, 0.9892, 0.0108
1, 0.9944, 0.0056
1, 0.5968, 0.4032
1, 0.982, 0.018
1, 0.9908, 0.0092
1, 0.623, 0.377
1, 0.2599, 0.7401
1, 0.9854, 0.0146
1, 0.9395, 0.0605
1, 0.8898, 0.1102
1, 0.9908, 0.0092
1, 0.8601, 0.1399
1, 0.9806, 0.0194
1, 0.9941, 0.0059
1, 0.9846, 0.0154
1, 0.8325, 0.1675
1, 0.9629, 0.0371
1, 0.9845, 0.0155
1, 0.9877, 0.0123
1, 0.9853, 0.0147
1, 0.9377, 0.0623
1, 0.9941, 0.0059
1, 0.9805, 0.0195
1, 0.8825, 0.1175
1, 0.8689, 0.1311
1, 0.9853, 0.0147
1, 0.9873, 0.0127
1, 0.9569, 0.0431
1, 0.9879, 0.0121
1, 0.9358, 0.0642
1, 0.9904, 0.0096
1, 0.9849, 0.0151
1, 0.8858, 0.1142
1, 0.9944, 0.0056
1, 0.5981, 0.4019
1, 0.9891, 0.0109
1, 0.9957, 0.0043
1, 0.9435, 0.0565
1, 0.9908, 0.0092
1, 0.9839, 0.0161
1, 0.991, 0.009
1, 0.9944, 0.0056
1, 0.9826, 0.0174
1, 0.9904, 0.0096
1, 0.2194, 0.7806
1, 0.9659, 0.0341
1, 0.9957, 0.0043
1, 0.196, 0.804
1, 0.9845, 0.0155
1, 0.9343, 0.0657
1, 0.9318, 0.0682
1, 0.9932, 0.0068
1, 0.926, 0.074
1, 0.9934, 0.0066
1, 0.9966, 0.0034
1, 0.6133, 0.3867
1, 0.9604, 0.0396
1, 0.2518, 0.7482
1, 0.5981, 0.4019
1, 0.252, 0.748
1, 0.9616, 0.0384
1, 0.9967, 0.0033
1, 0.9878, 0.0122
1, 0.9942, 0.0058
