0, 0.615, 0.385
0, 0.9467, 0.0533
0, 0.9682, 0.0318
0, 0.9649, 0.0351
0, 0.922, 0.078
0, 0.9043, 0.0957
0, 0.7705, 0.2295
0, 0.8676, 0.1324
0, 0.9815, 0.0185
0, 0.9909, 0.0091
0, 0.9674, 0.0326
0, 0.9628, 0.0372
0, 0.986, 0.014
0, 0.9492, 0.0508
0, 0.9559, 0.0441
0, 0.8996, 0.1004
0, 0.9949, 0.0051
0, 0.9395, 0.0605
0, 0.9925, 0.0075
0, 0.9811, 0.0189
0, 0.8828, 0.1172
0, 0.9666, 0.0334
0, 0.9639, 0.0361
0, 0.995, 0.005
0, 0.9691, 0.0309
0, 0.949, 0.051
0, 0.9321, 0.0679
0, 0.9663, 0.0337
0, 0.9532, 0.0468
1, 0.0008, 0.9992
0, 0.9676, 0.0324
0, 0.995, 0.005
0, 0.9593, 0.0407
0, 0.954, 0.046
0, 0.96, 0.04
0, 0.9626, 0.0374
0, 0.8915, 0.1085
0, 0.9634, 0.0366
0, 0.9343, 0.0657
0, 0.9639, 0.0361
0, 0.9975, 0.0025
0, 0.9866, 0.0134
0, 0.9941, 0.0059
0, 0.9974, 0.0026
0, 0.9976, 0.0024
0, 0.9918, 0.0082
0, 0.9889, 0.0111
0, 0.9867, 0.0133
0, 0.996, 0.004
0, 0.9639, 0.0361
0, 0.9951, 0.0049
0, 0.9936, 0.0064
0, 0.984, 0.016
0, 0.996, 0.004
0, 0.956, 0.044
0, 0.9003, 0.0997
0, 0.9868, 0.0132
0, 0.6058, 0.3942
1, 0.0339, 0.9661
0, 0.8981, 0.1019
0, 0.978, 0.022
0, 0.95, 0.05
1, 0.0309, 0.9691
0, 0.9432, 0.0568
0, 0.9574, 0.0426
0, 0.9806, 0.0194
0, 0.9685, 0.0315
1, 0.0119, 0.9881
1, 0.1011, 0.8989
1, 0.1007, 0.8993
0, 0.9863, 0.0137
0, 0.9944, 0.0056
0, 0.9966, 0.0034
0, 0.9966, 0.0034
1, 0.0437, 0.9563
1, 0.1024, 0.8976
1, 0.1003, 0.8997
0, 0.9966, 0.0034
0, 0.9966, 0.0034
1, 0.0925, 0.9075
1, 0.0962, 0.9038
0, 0.9715, 0.0285
1, 0.0963, 0.9037
0, 0.9762, 0.0238
0, 0.9689, 0.0311
0, 0.9932, 0.0068
0, 0.9904, 0.0096
0, 0.9917, 0.0083
1, 0.0922, 0.9078
0, 0.9945, 0.0055
0, 0.9719, 0.0281
0, 0.9851, 0.0149
0, 0.9722, 0.0278
0, 0.9916, 0.0084
1, 0.1003, 0.8997
0, 0.997, 0.003
0, 0.9839, 0.0161
1, 0.0232, 0.9768
1, 0.0913, 0.9087
1, 0.1002, 0.8998
1, 0.1113, 0.8887
1, 0.1898, 0.8102
1, 0.2905, 0.7095
1, 0.0341, 0.9659
1, 0.0321, 0.9679
1, 0.0352, 0.9648
1, 0.0193, 0.9807
0, 0.9966, 0.0034
0, 0.9923, 0.0077
1, 0.0258, 0.9742
1, 0.0269, 0.9731
1, 0.0181, 0.9819
1, 0.0181, 0.9819
0, 0.9914, 0.0086
1, 0.0135, 0.9865
1, 0.0968, 0.9032
0, 0.9922, 0.0078
0, 0.986, 0.014
0, 0.9857, 0.0143
0, 0.9902, 0.0098
0, 0.9941, 0.0059
0, 0.9608, 0.0392
0, 0.9802, 0.0198
0, 0.9613, 0.0387
0, 0.994, 0.006
0, 0.9936, 0.0064
0, 0.9939, 0.0061
0, 0.9922, 0.0078
0, 0.9923, 0.0077
0, 0.9835, 0.0165
0, 0.9922, 0.0078
0, 0.7887, 0.2113
0, 0.9574, 0.0426
0, 0.9941, 0.0059
0, 0.994, 0.006
0, 0.9937, 0.0063
0, 0.9941, 0.0059
0, 0.9611, 0.0389
0, 0.9941, 0.0059
0, 0.9605, 0.0395
0, 0.9689, 0.0311
0, 0.9862, 0.0138
0, 0.9868, 0.0132
0, 0.9924, 0.0076
0, 0.9931, 0.0069
0, 0.9941, 0.0059
0, 0.9937, 0.0063
0, 0.957, 0.043
0, 0.9931, 0.0069
0, 0.9853, 0.0147
0, 0.9936, 0.0064
0, 0.9783, 0.0217
0, 0.9903, 0.0097
0, 0.9939, 0.0061
0, 0.9945, 0.0055
0, 0.9941, 0.0059
0, 0.9548, 0.0452
0, 0.9919, 0.0081
0, 0.9232, 0.0768
0, 0.9712, 0.0288
0, 0.9592, 0.0408
0, 0.9548, 0.0452
0, 0.9931, 0.0069
0, 0.9232, 0.0768
0, 0.9941, 0.0059
0, 0.9962, 0.0038
1, 0.3367, 0.6633
1, 0.0165, 0.9835
0, 0.9967, 0.0033
0, 0.9921, 0.0079
0, 0.9976, 0.0024
0, 0.9934, 0.0066
0, 0.9969, 0.0031
0, 0.9876, 0.0124
0, 0.9909, 0.0091
0, 0.9709, 0.0291
0, 0.9956, 0.0044
0, 0.9945, 0.0055
0, 0.9967, 0.0033
0, 0.9916, 0.0084
0, 0.993, 0.007
0, 0.9954, 0.0046
0, 0.9929, 0.0071
0, 0.9972, 0.0028
0, 0.9967, 0.0033
0, 0.9969, 0.0031
0, 0.9952, 0.0048
0, 0.994, 0.006
1, 0.3372, 0.6628
0, 0.996, 0.004
0, 0.9956, 0.0044
0, 0.997, 0.003
0, 0.9934, 0.0066
0, 0.9847, 0.0153
0, 0.9966, 0.0034
0, 0.9925, 0.0075
0, 0.9865, 0.0135
0, 0.9957, 0.0043
0, 0.9888, 0.0112
1, 0.3353, 0.6647
0, 0.9731, 0.0269
0, 0.9917, 0.0083
0, 0.996, 0.004
0, 0.9957, 0.0043
0, 0.9959, 0.0041
0, 0.9951, 0.0049
0, 0.9428, 0.0572
0, 0.9955, 0.0045
1, 0.3542, 0.6458
0, 0.9901, 0.0099
0, 0.9854, 0.0146
0, 0.9956, 0.0044
0, 0.9931, 0.0069
0, 0.9949, 0.0051
1, 0.3367, 0.6633
0, 0.992, 0.008
0, 0.9938, 0.0062
0, 0.9826, 0.0174
0, 0.9967, 0.0033
0, 0.8965, 0.1035
0, 0.9965, 0.0035
0, 0.9905, 0.0095
0, 0.9695, 0.0305
0, 0.995, 0.005
0, 0.9927, 0.0073
0, 0.9969, 0.0031
0, 0.9938, 0.0062
1, 0.1661, 0.8339
0, 0.9965, 0.0035
0, 0.9934, 0.0066
0, 0.9608, 0.0392
0, 0.9878, 0.0122
0, 0.9941, 0.0059
0, 0.9958, 0.0042
0, 0.9963, 0.0037
0, 0.9969, 0.0031
1, 0.3373, 0.6627
0, 0.9938, 0.0062
0, 0.9916, 0.0084
0, 0.9934, 0.0066
0, 0.9976, 0.0024
0, 0.9976, 0.0024
0, 0.9895, 0.0105
0, 0.9883, 0.0117
0, 0.996, 0.004
0, 0.996, 0.004
0, 0.995, 0.005
0, 0.9963, 0.0037
0, 0.9895, 0.0105
0, 0.9913, 0.0087
0, 0.9887, 0.0113
0, 0.996, 0.004
0, 0.9941, 0.0059
0, 0.9891, 0.0109
0, 0.9958, 0.0042
0, 0.9877, 0.0123
0, 0.9899, 0.0101
0, 0.9851, 0.0149
0, 0.995, 0.005
0, 0.996, 0.004
0, 0.9941, 0.0059
0, 0.995, 0.005
0, 0.9941, 0.0059
0, 0.996, 0.004
0, 0.996, 0.004
0, 0.9956, 0.0044
0, 0.9922, 0.0078
0, 0.9922, 0.0078
1, 0.0626, 0.9374
0, 0.9733, 0.0267
0, 0.6721, 0.3279
0, 0.9414, 0.0586
0, 0.851, 0.149
0, 0.9375, 0.0625
0, 0.9862, 0.0138
0, 0.9201, 0.0799
1, 0.2318, 0.7682
0, 0.9328, 0.0672
0, 0.9118, 0.0882
0, 0.9769, 0.0231
0, 0.8974, 0.1026
0, 0.9576, 0.0424
0, 0.9051, 0.0949
0, 0.9758, 0.0242
0, 0.9531, 0.0469
0, 0.9092, 0.0908
0, 0.9612, 0.0388
0, 0.9493, 0.0507
0, 0.9874, 0.0126
0, 0.9877, 0.0123
0, 0.8959, 0.1041
0, 0.9544, 0.0456
0, 0.9181, 0.0819
0, 0.8935, 0.1065
1, 0.988, 0.012
0, 0.9773, 0.0227
0, 0.9881, 0.0119
0, 0.9961, 0.0039
0, 0.9961, 0.0039
0, 0.9533, 0.0467
0, 0.96, 0.04
0, 0.9966, 0.0034
0, 0.9966, 0.0034
0, 0.9966, 0.0034
0, 0.9966, 0.0034
0, 0.9966, 0.0034
0, 0.9966, 0.0034
0, 0.9966, 0.0034
0, 0.9966, 0.0034
0, 0.9966, 0.0034
0, 0.9966, 0.0034
0, 0.9966, 0.0034
0, 0.9966, 0.0034
0, 0.9966, 0.0034
0, 0.9889, 0.0111
0, 0.9889, 0.0111
0, 0.9889, 0.0111
0, 0.9889, 0.0111
0, 0.9889, 0.0111
0, 0.9889, 0.0111
0, 0.9889, 0.0111
0, 0.9889, 0.0111
0, 0.9889, 0.0111
0, 0.9889, 0.0111
0, 0.9889, 0.0111
0, 0.9617, 0.0383
0, 0.9867, 0.0133
0, 0.9825, 0.0175
0, 0.9603, 0.0397
0, 0.9729, 0.0271
0, 0.8227, 0.1773
0, 0.9818, 0.0182
0, 0.9696, 0.0304
0, 0.9874, 0.0126
0, 0.972, 0.028
0, 0.9818, 0.0182
0, 0.9866, 0.0134
0, 0.9353, 0.0647
0, 0.9368, 0.0632
0, 0.9455, 0.0545
0, 0.9823, 0.0177
1, 0.0, 1.0
0, 0.9779, 0.0221
0, 0.8609, 0.1391
0, 0.9436, 0.0564
0, 0.9844, 0.0156
0, 0.9821, 0.0179
0, 0.952, 0.048
0, 0.8695, 0.1305
0, 0.9555, 0.0445
0, 0.9713, 0.0287
0, 0.9729, 0.0271
1, 0.029, 0.971
0, 0.9572, 0.0428
1, 0.1488, 0.8512
1, 0.0089, 0.9911
0, 0.9562, 0.0438
0, 0.9841, 0.0159
0, 0.9779, 0.0221
0, 0.9643, 0.0357
0, 0.9626, 0.0374
0, 0.9984, 0.0016
0, 0.9956, 0.0044
0, 0.9957, 0.0043
0, 0.9946, 0.0054
0, 0.9967, 0.0033
0, 0.9955, 0.0045
0, 0.999, 0.001
0, 0.9963, 0.0037
0, 0.9855, 0.0145
0, 0.9938, 0.0062
0, 0.9963, 0.0037
0, 0.9784, 0.0216
0, 0.839, 0.161
0, 0.978, 0.022
0, 0.9786, 0.0214
0, 0.9785, 0.0215
0, 0.9787, 0.0213
0, 0.9784, 0.0216
0, 0.9853, 0.0147
0, 0.982, 0.018
0, 0.9818, 0.0182
0, 0.9832, 0.0168
0, 0.9412, 0.0588
0, 0.9877, 0.0123
0, 0.9436, 0.0564
0, 0.964, 0.036
0, 0.9952, 0.0048
0, 0.9951, 0.0049
0, 0.9665, 0.0335
0, 0.9639, 0.0361
0, 0.9761, 0.0239
0, 0.9658, 0.0342
0, 0.9696, 0.0304
0, 0.9957, 0.0043
0, 0.967, 0.033
0, 0.9663, 0.0337
0, 0.995, 0.005
0, 0.9654, 0.0346
0, 0.964, 0.036
0, 0.968, 0.032
0, 0.9665, 0.0335
0, 0.9674, 0.0326
0, 0.9664, 0.0336
0, 0.9639, 0.0361
0, 0.964, 0.036
0, 0.9642, 0.0358
0, 0.965, 0.035
0, 0.9487, 0.0513
0, 0.9544, 0.0456
0, 0.9556, 0.0444
0, 0.9541, 0.0459
0, 0.9671, 0.0329
0, 0.9525, 0.0475
0, 0.964, 0.036
0, 0.9547, 0.0453
0, 0.9658, 0.0342
0, 0.9543, 0.0457
0, 0.9553, 0.0447
0, 0.9541, 0.0459
0, 0.9683, 0.0317
0, 0.9526, 0.0474
0, 0.9487, 0.0513
0, 0.9951, 0.0049
0, 0.9683, 0.0317
0, 0.9671, 0.0329
0, 0.968, 0.032
0, 0.965, 0.035
0, 0.95, 0.05
0, 0.9922, 0.0078
0, 0.9952, 0.0048
0, 0.9639, 0.0361
0, 0.9642, 0.0358
0, 0.9921, 0.0079
0, 0.9674, 0.0326
0, 0.9658, 0.0342
0, 0.9639, 0.0361
0, 0.9664, 0.0336
0, 0.9704, 0.0296
0, 0.9936, 0.0064
0, 0.9933, 0.0067
0, 0.9539, 0.0461
0, 0.9696, 0.0304
0, 0.9778, 0.0222
0, 0.9423, 0.0577
0, 0.9865, 0.0135
0, 0.9714, 0.0286
1, 0.1029, 0.8971
1, 0.1027, 0.8973
1, 0.0742, 0.9258
1, 0.1011, 0.8989
1, 0.1037, 0.8963
1, 0.0933, 0.9067
0, 0.9424, 0.0576
0, 0.9529, 0.0471
0, 0.9556, 0.0444
0, 0.9542, 0.0458
0, 0.9542, 0.0458
0, 0.957, 0.043
0, 0.9957, 0.0043
0, 0.9542, 0.0458
0, 0.9529, 0.0471
0, 0.9556, 0.0444
0, 0.9565, 0.0435
0, 0.9543, 0.0457
0, 0.9556, 0.0444
0, 0.9926, 0.0074
0, 0.995, 0.005
0, 0.9931, 0.0069
0, 0.9931, 0.0069
0, 0.9788, 0.0212
0, 0.9931, 0.0069
0, 0.9926, 0.0074
0, 0.9931, 0.0069
0, 0.9926, 0.0074
0, 0.9926, 0.0074
0, 0.9926, 0.0074
0, 0.9931, 0.0069
0, 0.9931, 0.0069
0, 0.9388, 0.0612
0, 0.9613, 0.0387
0, 0.9731, 0.0269
0, 0.9144, 0.0856
0, 0.9719, 0.0281
0, 0.9491, 0.0509
0, 0.9512, 0.0488
0, 0.9666, 0.0334
0, 0.9703, 0.0297
0, 0.9566, 0.0434
0, 0.9492, 0.0508
0, 0.9202, 0.0798
0, 0.9735, 0.0265
0, 0.9367, 0.0633
0, 0.9311, 0.0689
0, 0.9242, 0.0758
0, 0.9317, 0.0683
0, 0.9317, 0.0683
0, 0.9264, 0.0736
0, 0.9401, 0.0599
0, 0.9734, 0.0266
0, 0.9265, 0.0735
0, 0.9746, 0.0254
0, 0.9081, 0.0919
0, 0.9234, 0.0766
0, 0.9718, 0.0282
0, 0.9341, 0.0659
0, 0.9155, 0.0845
0, 0.9277, 0.0723
0, 0.9367, 0.0633
0, 0.888, 0.112
0, 0.9361, 0.0639
0, 0.9367, 0.0633
0, 0.9317, 0.0683
0, 0.8913, 0.1087
0, 0.9002, 0.0998
0, 0.8755, 0.1245
0, 0.9074, 0.0926
0, 0.8989, 0.1011
0, 0.9161, 0.0839
0, 0.9191, 0.0809
0, 0.9163, 0.0837
0, 0.9341, 0.0659
0, 0.9, 0.1
0, 0.9098, 0.0902
0, 0.9244, 0.0756
0, 0.9367, 0.0633
0, 0.9361, 0.0639
0, 0.9111, 0.0889
0, 0.9081, 0.0919
0, 0.9658, 0.0342
0, 0.9341, 0.0659
0, 0.9361, 0.0639
0, 0.9054, 0.0946
0, 0.9202, 0.0798
0, 0.9317, 0.0683
0, 0.9234, 0.0766
0, 0.9373, 0.0627
0, 0.9244, 0.0756
0, 0.9746, 0.0254
0, 0.9317, 0.0683
0, 0.9735, 0.0265
0, 0.9317, 0.0683
0, 0.9259, 0.0741
0, 0.8998, 0.1002
0, 0.9156, 0.0844
0, 0.9094, 0.0906
0, 0.8985, 0.1015
0, 0.9094, 0.0906
0, 0.9156, 0.0844
0, 0.9721, 0.0279
0, 0.912, 0.088
0, 0.8998, 0.1002
0, 0.9156, 0.0844
0, 0.9096, 0.0904
0, 0.9056, 0.0944
0, 0.9475, 0.0525
0, 0.9534, 0.0466
1, 0.2112, 0.7888
0, 0.941, 0.059
0, 0.9541, 0.0459
0, 0.9918, 0.0082
0, 0.9431, 0.0569
0, 0.9466, 0.0534
0, 0.9385, 0.0615
0, 0.9435, 0.0565
0, 0.9821, 0.0179
0, 0.9437, 0.0563
0, 0.9479, 0.0521
1, 0.0307, 0.9693
1, 0.0346, 0.9654
1, 0.0379, 0.9621
1, 0.0301, 0.9699
1, 0.0263, 0.9737
1, 0.0336, 0.9664
1, 0.0366, 0.9634
1, 0.0556, 0.9444
1, 0.1408, 0.8592
0, 0.6557, 0.3443
0, 0.6281, 0.3719
1, 0.1484, 0.8516
1, 0.1447, 0.8553
1, 0.1354, 0.8646
1, 0.1662, 0.8338
0, 0.7814, 0.2186
1, 0.1417, 0.8583
0, 0.5762, 0.4238
1, 0.1638, 0.8362
1, 0.1454, 0.8546
1, 0.1556, 0.8444
1, 0.1549, 0.8451
1, 0.142, 0.858
0, 0.7835, 0.2165
0, 0.7983, 0.2017
0, 0.8318, 0.1682
1, 0.1048, 0.8952
1, 0.1409, 0.8591
1, 0.1283, 0.8717
1, 0.0439, 0.9561
0, 0.7819, 0.2181
1, 0.1489, 0.8511
1, 0.1093, 0.8907
1, 0.1482, 0.8518
1, 0.1489, 0.8511
1, 0.0227, 0.9773
0, 0.7819, 0.2181
1, 0.1198, 0.8802
0, 0.7819, 0.2181
1, 0.1532, 0.8468
1, 0.1194, 0.8806
1, 0.146, 0.854
1, 0.1416, 0.8584
1, 0.1159, 0.8841
1, 0.149, 0.851
1, 0.1125, 0.8875
1, 0.1194, 0.8806
1, 0.1128, 0.8872
1, 0.121, 0.879
1, 0.1419, 0.8581
1, 0.1456, 0.8544
1, 0.1123, 0.8877
1, 0.1416, 0.8584
1, 0.1478, 0.8522
1, 0.1431, 0.8569
0, 0.7819, 0.2181
1, 0.1417, 0.8583
1, 0.1139, 0.8861
0, 0.7781, 0.2219
1, 0.1246, 0.8754
1, 0.1521, 0.8479
1, 0.143, 0.857
1, 0.1392, 0.8608
1, 0.1451, 0.8549
1, 0.0666, 0.9334
1, 0.1382, 0.8618
1, 0.1347, 0.8653
1, 0.1481, 0.8519
1, 0.1481, 0.8519
1, 0.1382, 0.8618
1, 0.1381, 0.8619
1, 0.1408, 0.8592
1, 0.1148, 0.8852
1, 0.0865, 0.9135
1, 0.059, 0.941
