0, 0.9049, 0.0951
0, 0.9354, 0.0646
0, 0.7093, 0.2907
0, 0.857, 0.143
0, 0.8858, 0.1142
0, 0.8573, 0.1427
0, 0.857, 0.143
0, 0.8556, 0.1444
0, 0.8576, 0.1424
0, 0.8555, 0.1445
0, 0.9992, 0.0008
0, 0.8116, 0.1884
0, 0.9, 0.1
0, 1.0, 0.0
0, 0.8845, 0.1155
0, 1.0, 0.0
0, 0.9957, 0.0043
0, 0.8572, 0.1428
0, 1.0, 0.0
0, 0.8543, 0.1457
0, 0.9997, 0.0003
0, 1.0, 0.0
0, 0.8194, 0.1806
0, 0.8128, 0.1872
0, 0.8376, 0.1624
0, 0.9985, 0.0015
0, 0.9962, 0.0038
0, 0.9961, 0.0039
0, 0.7517, 0.2483
0, 1.0, 0.0
0, 1.0, 0.0
0, 0.854, 0.146
0, 1.0, 0.0
0, 0.8555, 0.1445
0, 0.8996, 0.1004
0, 0.9132, 0.0868
0, 0.9913, 0.0087
0, 0.5448, 0.4552
0, 0.9203, 0.0797
0, 0.9999, 0.0001
0, 0.9955, 0.0045
1, 0.3301, 0.6699
0, 0.9999, 0.0001
0, 0.3654, 0.6346
0, 0.9896, 0.0104
0, 0.5331, 0.4669
0, 0.8942, 0.1058
0, 0.9834, 0.0166
0, 0.5272, 0.4728
0, 0.6931, 0.3069
0, 0.9947, 0.0053
0, 0.9296, 0.0704
1, 0.0066, 0.9934
0, 0.9651, 0.0349
0, 0.913, 0.087
0, 0.9974, 0.0026
0, 0.9974, 0.0026
0, 1.0, 0.0
0, 0.9824, 0.0176
0, 0.9988, 0.0012
0, 0.9953, 0.0047
0, 0.9778, 0.0222
0, 0.975, 0.025
0, 0.9725, 0.0275
0, 0.9942, 0.0058
0, 0.9251, 0.0749
0, 0.8936, 0.1064
0, 0.9096, 0.0904
0, 0.9777, 0.0223
0, 0.9673, 0.0327
0, 0.9986, 0.0014
0, 0.9952, 0.0048
0, 0.9998, 0.0002
0, 1.0, 0.0
0, 1.0, 0.0
0, 1.0, 0.0
0, 0.977, 0.023
0, 0.9991, 0.0009
0, 0.9996, 0.0004
0, 0.9997, 0.0003
0, 0.9981, 0.0019
0, 0.9861, 0.0139
0, 0.9998, 0.0002
0, 1.0, 0.0
0, 1.0, 0.0
0, 0.9777, 0.0223
0, 0.8368, 0.1632
1, 0.0192, 0.9808
0, 0.976, 0.024
0, 0.9997, 0.0003
0, 0.9994, 0.0006
0, 0.8703, 0.1297
0, 0.9782, 0.0218
0, 0.9825, 0.0175
0, 0.9588, 0.0412
0, 0.9441, 0.0559
0, 1.0, 0.0
0, 0.7633, 0.2367
0, 0.9998, 0.0002
0, 0.8468, 0.1532
0, 0.8966, 0.1034
0, 0.5887, 0.4113
0, 0.9992, 0.0008
0, 0.9398, 0.0602
0, 0.9986, 0.0014
0, 0.9992, 0.0008
0, 0.9999, 0.0001
0, 1.0, 0.0
0, 1.0, 0.0
0, 0.9999, 0.0001
0, 0.9999, 0.0001
0, 0.9997, 0.0003
0, 0.9995, 0.0005
0, 0.9866, 0.0134
0, 0.9363, 0.0637
0, 0.9394, 0.0606
0, 0.9658, 0.0342
0, 0.8848, 0.1152
0, 0.8139, 0.1861
0, 0.7655, 0.2345
0, 0.6221, 0.3779
0, 0.7784, 0.2216
0, 0.9215, 0.0785
0, 0.9215, 0.0785
0, 0.9117, 0.0883
1, 0.5935, 0.4065
0, 0.9122, 0.0878
0, 0.9074, 0.0926
0, 0.8309, 0.1691
0, 0.9149, 0.0851
1, 0.6366, 0.3634
0, 0.6866, 0.3134
0, 0.9046, 0.0954
0, 0.7312, 0.2688
0, 0.7721, 0.2279
0, 0.8316, 0.1684
0, 0.6027, 0.3973
0, 0.6669, 0.3331
0, 0.8138, 0.1862
0, 0.9074, 0.0926
1, 0.8798, 0.1202
0, 0.8819, 0.1181
0, 0.8433, 0.1567
1, 0.5734, 0.4266
1, 0.615, 0.385
0, 0.9847, 0.0153
0, 0.9826, 0.0174
0, 0.9946, 0.0054
0, 0.9874, 0.0126
0, 0.9963, 0.0037
0, 0.9596, 0.0404
0, 0.9962, 0.0038
0, 0.9872, 0.0128
0, 0.9754, 0.0246
0, 0.9946, 0.0054
0, 0.9813, 0.0187
0, 0.9935, 0.0065
0, 0.9828, 0.0172
0, 0.9875, 0.0125
0, 0.9961, 0.0039
0, 0.9628, 0.0372
0, 0.9874, 0.0126
0, 0.9944, 0.0056
0, 0.9879, 0.0121
0, 0.9984, 0.0016
0, 0.9807, 0.0193
0, 0.9839, 0.0161
0, 0.9854, 0.0146
0, 0.9961, 0.0039
0, 0.9946, 0.0054
0, 0.9964, 0.0036
0, 0.9872, 0.0128
0, 0.9957, 0.0043
0, 0.9856, 0.0144
0, 0.9959, 0.0041
0, 0.9437, 0.0563
0, 0.9059, 0.0941
0, 0.9097, 0.0903
0, 0.9289, 0.0711
0, 0.9726, 0.0274
1, 0.5725, 0.4275
1, 0.7112, 0.2888
0, 0.8169, 0.1831
1, 0.6224, 0.3776
1, 0.6185, 0.3815
0, 0.9977, 0.0023
0, 0.9678, 0.0322
0, 0.9861, 0.0139
1, 0.3811, 0.6189
0, 0.9966, 0.0034
1, 0.7162, 0.2838
1, 0.7122, 0.2878
1, 0.5962, 0.4038
0, 0.9067, 0.0933
0, 0.9857, 0.0143
0, 0.9902, 0.0098
1, 0.0749, 0.9251
0, 0.927, 0.073
0, 0.9985, 0.0015
0, 0.9391, 0.0609
0, 0.9297, 0.0703
1, 0.7121, 0.2879
1, 0.5783, 0.4217
1, 0.7142, 0.2858
1, 0.7412, 0.2588
1, 0.7193, 0.2807
1, 0.6614, 0.3386
1, 0.7166, 0.2834
0, 0.988, 0.012
0, 0.9385, 0.0615
1, 0.6603, 0.3397
1, 0.6499, 0.3501
0, 0.9516, 0.0484
1, 0.5141, 0.4859
0, 0.9407, 0.0593
0, 0.9474, 0.0526
0, 0.9829, 0.0171
0, 0.9927, 0.0073
0, 0.9863, 0.0137
1, 0.9985, 0.0015
1, 0.9985, 0.0015
1, 0.9988, 0.0012
1, 0.9985, 0.0015
1, 0.9986, 0.0014
1, 0.9985, 0.0015
1, 0.9928, 0.0072
1, 0.6801, 0.3199
1, 0.7228, 0.2772
1, 0.7147, 0.2853
1, 0.6801, 0.3199
1, 0.6802, 0.3198
1, 0.6805, 0.3195
1, 0.6805, 0.3195
1, 0.6801, 0.3199
1, 0.6802, 0.3198
1, 0.4815, 0.5185
1, 0.4887, 0.5113
1, 1.0, 0.0
1, 0.9965, 0.0035
1, 0.9992, 0.0008
1, 0.9972, 0.0028
1, 0.9991, 0.0009
1, 0.9959, 0.0041
1, 0.9972, 0.0028
1, 0.9973, 0.0027
1, 0.9756, 0.0244
1, 0.9969, 0.0031
1, 0.9971, 0.0029
0, 0.9998, 0.0002
0, 1.0, 0.0
0, 0.9995, 0.0005
0, 1.0, 0.0
0, 0.9997, 0.0003
0, 1.0, 0.0
1, 0.5897, 0.4103
1, 0.0558, 0.9442
1, 0.252, 0.748
1, 0.7062, 0.2938
0, 0.7785, 0.2215
1, 0.4695, 0.5305
0, 0.9907, 0.0093
0, 0.7749, 0.2251
0, 0.9989, 0.0011
1, 0.7172, 0.2828
1, 0.6046, 0.3954
1, 0.6326, 0.3674
0, 0.9319, 0.0681
1, 0.7063, 0.2937
1, 0.705, 0.295
1, 0.736, 0.264
0, 0.9404, 0.0596
0, 0.9397, 0.0603
1, 0.582, 0.418
1, 0.4827, 0.5173
0, 0.9137, 0.0863
0, 0.9989, 0.0011
1, 0.6155, 0.3845
0, 0.9532, 0.0468
0, 0.9866, 0.0134
0, 0.9322, 0.0678
0, 0.9521, 0.0479
0, 0.9283, 0.0717
0, 0.8602, 0.1398
0, 0.9406, 0.0594
0, 0.9413, 0.0587
0, 0.9872, 0.0128
0, 0.9995, 0.0005
0, 0.9992, 0.0008
0, 0.9932, 0.0068
1, 0.5129, 0.4871
1, 0.528, 0.472
1, 0.5687, 0.4313
1, 0.6349, 0.3651
0, 0.9082, 0.0918
1, 0.5216, 0.4784
1, 0.5238, 0.4762
1, 0.6163, 0.3837
0, 0.9998, 0.0002
1, 0.5334, 0.4666
1, 0.9861, 0.0139
1, 0.9425, 0.0575
1, 0.5538, 0.4462
1, 0.9222, 0.0778
1, 0.4752, 0.5248
0, 0.9871, 0.0129
1, 0.692, 0.308
1, 0.6924, 0.3076
0, 0.9833, 0.0167
1, 0.6816, 0.3184
1, 0.6832, 0.3168
0, 0.9797, 0.0203
0, 0.9811, 0.0189
1, 0.692, 0.308
1, 0.6924, 0.3076
1, 0.6919, 0.3081
1, 0.6922, 0.3078
1, 0.6897, 0.3103
1, 0.6928, 0.3072
1, 0.681, 0.319
1, 0.6675, 0.3325
1, 0.6916, 0.3084
1, 0.6665, 0.3335
1, 0.6917, 0.3083
1, 0.6842, 0.3158
1, 0.6893, 0.3107
1, 0.6648, 0.3352
0, 0.9789, 0.0211
1, 0.6883, 0.3117
1, 0.6927, 0.3073
1, 0.6917, 0.3083
1, 0.6302, 0.3698
1, 0.6892, 0.3108
1, 0.691, 0.309
1, 0.6082, 0.3918
0, 0.9869, 0.0131
1, 0.6331, 0.3669
1, 0.6812, 0.3188
1, 0.6686, 0.3314
1, 0.6931, 0.3069
1, 0.6926, 0.3074
1, 0.6919, 0.3081
1, 0.6916, 0.3084
1, 0.6918, 0.3082
1, 0.6465, 0.3535
1, 0.6154, 0.3846
1, 0.6753, 0.3247
1, 0.6662, 0.3338
1, 0.692, 0.308
1, 0.6794, 0.3206
1, 0.679, 0.321
1, 0.5709, 0.4291
1, 0.6191, 0.3809
1, 0.6296, 0.3704
1, 0.6206, 0.3794
0, 0.9814, 0.0186
1, 0.6112, 0.3888
0, 0.924, 0.076
0, 0.991, 0.009
0, 0.9945, 0.0055
0, 0.9953, 0.0047
0, 0.9429, 0.0571
0, 0.9848, 0.0152
0, 0.9989, 0.0011
0, 0.9987, 0.0013
0, 0.9429, 0.0571
1, 0.6318, 0.3682
0, 0.9986, 0.0014
0, 0.9994, 0.0006
1, 0.6612, 0.3388
1, 0.6611, 0.3389
1, 0.6548, 0.3452
0, 0.9975, 0.0025
1, 0.3714, 0.6286
0, 0.9911, 0.0089
0, 0.9969, 0.0031
1, 0.5512, 0.4488
0, 0.9761, 0.0239
0, 0.9924, 0.0076
1, 0.4136, 0.5864
1, 0.4582, 0.5418
0, 0.9309, 0.0691
0, 0.9978, 0.0022
0, 0.9316, 0.0684
0, 0.9986, 0.0014
1, 0.4927, 0.5073
0, 0.9404, 0.0596
0, 0.9766, 0.0234
0, 0.9198, 0.0802
1, 0.3722, 0.6278
0, 0.9761, 0.0239
1, 0.5221, 0.4779
0, 0.9398, 0.0602
1, 0.4914, 0.5086
0, 0.9573, 0.0427
0, 0.9966, 0.0034
0, 0.9958, 0.0042
1, 0.5727, 0.4273
0, 0.9963, 0.0037
1, 0.4565, 0.5435
1, 0.5416, 0.4584
1, 0.6195, 0.3805
1, 0.4855, 0.5145
1, 0.395, 0.605
1, 0.6456, 0.3544
1, 0.646, 0.354
1, 0.6356, 0.3644
1, 0.6815, 0.3185
1, 0.682, 0.318
1, 0.6751, 0.3249
1, 0.6752, 0.3248
1, 0.6788, 0.3212
1, 0.6817, 0.3183
1, 0.6171, 0.3829
1, 0.6803, 0.3197
1, 0.6817, 0.3183
1, 0.6795, 0.3205
1, 0.6814, 0.3186
1, 0.6749, 0.3251
1, 0.6802, 0.3198
1, 0.6779, 0.3221
1, 0.6697, 0.3303
1, 0.655, 0.345
1, 0.6815, 0.3185
1, 0.6545, 0.3455
1, 0.6772, 0.3228
1, 0.6822, 0.3178
1, 0.6742, 0.3258
1, 0.6818, 0.3182
1, 0.6817, 0.3183
1, 0.6794, 0.3206
1, 0.6668, 0.3332
1, 0.6699, 0.3301
1, 0.6706, 0.3294
1, 0.6737, 0.3263
1, 0.6699, 0.3301
1, 0.6747, 0.3253
1, 0.6175, 0.3825
1, 0.6815, 0.3185
1, 0.6791, 0.3209
1, 0.6779, 0.3221
1, 0.6823, 0.3177
1, 0.5997, 0.4003
1, 0.6823, 0.3177
1, 0.6744, 0.3256
1, 0.6818, 0.3182
1, 0.6803, 0.3197
1, 0.6814, 0.3186
1, 0.6513, 0.3487
1, 0.6814, 0.3186
0, 0.7591, 0.2409
0, 0.9962, 0.0038
0, 0.9945, 0.0055
0, 0.9957, 0.0043
0, 0.9964, 0.0036
0, 0.9966, 0.0034
0, 0.9964, 0.0036
0, 0.9964, 0.0036
1, 0.6219, 0.3781
0, 0.9945, 0.0055
1, 0.5762, 0.4238
0, 0.9965, 0.0035
0, 0.9966, 0.0034
0, 0.9967, 0.0033
0, 0.9953, 0.0047
0, 0.9884, 0.0116
0, 0.9201, 0.0799
0, 0.9297, 0.0703
1, 0.4252, 0.5748
1, 0.3566, 0.6434
0, 0.6839, 0.3161
0, 0.6839, 0.3161
0, 0.6906, 0.3094
0, 0.633, 0.367
0, 0.637, 0.363
1, 0.4006, 0.5994
1, 0.7666, 0.2334
1, 0.7883, 0.2117
1, 0.3964, 0.6036
1, 0.5156, 0.4844
1, 0.5165, 0.4835
1, 0.5448, 0.4552
1, 0.5415, 0.4585
1, 0.5413, 0.4587
1, 0.5725, 0.4275
0, 0.3655, 0.6345
0, 0.9279, 0.0721
0, 0.9693, 0.0307
0, 0.9624, 0.0376
0, 0.9767, 0.0233
0, 0.9567, 0.0433
0, 0.8982, 0.1018
0, 0.9648, 0.0352
0, 0.971, 0.029
1, 0.0287, 0.9713
0, 0.9749, 0.0251
0, 0.9726, 0.0274
0, 0.9753, 0.0247
0, 0.9608, 0.0392
0, 0.96, 0.04
0, 0.9774, 0.0226
0, 0.991, 0.009
0, 0.9906, 0.0094
0, 0.9854, 0.0146
0, 0.9845, 0.0155
0, 0.946, 0.054
1, 0.3248, 0.6752
0, 0.9438, 0.0562
0, 0.9421, 0.0579
0, 0.8566, 0.1434
1, 0.4388, 0.5612
0, 0.9511, 0.0489
0, 0.9808, 0.0192
0, 0.8604, 0.1396
0, 0.9848, 0.0152
0, 0.7607, 0.2393
0, 0.8061, 0.1939
0, 0.9875, 0.0125
0, 0.9632, 0.0368
0, 0.5869, 0.4131
0, 0.456, 0.544
0, 0.7965, 0.2035
0, 0.6002, 0.3998
0, 0.5851, 0.4149
0, 0.5862, 0.4138
0, 0.7618, 0.2382
0, 0.9796, 0.0204
0, 0.9825, 0.0175
0, 0.98, 0.02
0, 0.9722, 0.0278
0, 0.9797, 0.0203
0, 0.9614, 0.0386
0, 0.9826, 0.0174
0, 0.9827, 0.0173
0, 0.9864, 0.0136
0, 0.9867, 0.0133
0, 0.9703, 0.0297
0, 0.9481, 0.0519
0, 0.9883, 0.0117
0, 0.9825, 0.0175
0, 0.9556, 0.0444
0, 0.9802, 0.0198
0, 0.9556, 0.0444
0, 0.3764, 0.6236
0, 0.9901, 0.0099
0, 0.9905, 0.0095
0, 0.9796, 0.0204
0, 0.9898, 0.0102
0, 0.99, 0.01
0, 0.9909, 0.0091
0, 0.9851, 0.0149
0, 0.9867, 0.0133
0, 0.9827, 0.0173
0, 0.982, 0.018
0, 0.9899, 0.0101
0, 0.9828, 0.0172
0, 0.9902, 0.0098
0, 0.9854, 0.0146
0, 0.9795, 0.0205
0, 0.9842, 0.0158
0, 0.9712, 0.0288
0, 0.9647, 0.0353
0, 0.9901, 0.0099
0, 0.9817, 0.0183
0, 0.98, 0.02
0, 0.9657, 0.0343
0, 0.9875, 0.0125
0, 0.98, 0.02
0, 0.9645, 0.0355
0, 0.9842, 0.0158
0, 0.9877, 0.0123
0, 0.9812, 0.0188
0, 0.9868, 0.0132
0, 0.9842, 0.0158
0, 0.982, 0.018
0, 0.9867, 0.0133
0, 0.4688, 0.5312
0, 0.9707, 0.0293
0, 0.9302, 0.0698
0, 0.9569, 0.0431
0, 0.9172, 0.0828
0, 0.9702, 0.0298
0, 0.9586, 0.0414
0, 0.9279, 0.0721
0, 0.78, 0.22
1, 0.975, 0.025
0, 0.9845, 0.0155
0, 0.9458, 0.0542
0, 0.8896, 0.1104
0, 0.9857, 0.0143
0, 0.9858, 0.0142
0, 0.9857, 0.0143
0, 0.9858, 0.0142
0, 0.9858, 0.0142
0, 0.9852, 0.0148
0, 0.9816, 0.0184
0, 0.9799, 0.0201
0, 0.9783, 0.0217
0, 0.9477, 0.0523
0, 0.9774, 0.0226
0, 0.9792, 0.0208
0, 0.9772, 0.0228
0, 0.9412, 0.0588
1, 0.0231, 0.9769
0, 0.9254, 0.0746
0, 0.9343, 0.0657
0, 0.7831, 0.2169
0, 0.9841, 0.0159
0, 0.9756, 0.0244
0, 0.996, 0.004
0, 0.994, 0.006
0, 0.9979, 0.0021
0, 0.9835, 0.0165
0, 0.9659, 0.0341
0, 0.9671, 0.0329
0, 0.975, 0.025
0, 0.9962, 0.0038
0, 0.9915, 0.0085
0, 0.9962, 0.0038
0, 0.9956, 0.0044
0, 0.9938, 0.0062
0, 0.9966, 0.0034
0, 0.9934, 0.0066
0, 0.993, 0.007
0, 0.9945, 0.0055
0, 0.9938, 0.0062
0, 0.9926, 0.0074
0, 0.9949, 0.0051
0, 0.9954, 0.0046
0, 0.9966, 0.0034
0, 0.9922, 0.0078
0, 0.9153, 0.0847
0, 0.9627, 0.0373
0, 0.9006, 0.0994
0, 0.8333, 0.1667
0, 0.8408, 0.1592
0, 0.8239, 0.1761
0, 0.9511, 0.0489
0, 0.9962, 0.0038
0, 0.9946, 0.0054
0, 0.9961, 0.0039
0, 0.9937, 0.0063
0, 0.9962, 0.0038
0, 0.9958, 0.0042
0, 0.9944, 0.0056
0, 0.985, 0.015
0, 0.984, 0.016
0, 0.9847, 0.0153
0, 0.9912, 0.0088
0, 0.98, 0.02
0, 0.9778, 0.0222
0, 0.9816, 0.0184
0, 0.9859, 0.0141
0, 0.9829, 0.0171
0, 0.972, 0.028
0, 0.9792, 0.0208
0, 0.9611, 0.0389
0, 0.9806, 0.0194
0, 0.9808, 0.0192
0, 0.9803, 0.0197
0, 0.98, 0.02
0, 0.9821, 0.0179
0, 0.9709, 0.0291
0, 0.9681, 0.0319
0, 0.9844, 0.0156
0, 0.9802, 0.0198
0, 0.972, 0.028
0, 0.9708, 0.0292
0, 0.9718, 0.0282
0, 0.9821, 0.0179
0, 0.9716, 0.0284
0, 0.9791, 0.0209
0, 0.9761, 0.0239
0, 0.9659, 0.0341
0, 0.9821, 0.0179
0, 0.962, 0.038
0, 0.9611, 0.0389
0, 0.9658, 0.0342
0, 0.9658, 0.0342
0, 0.9727, 0.0273
0, 0.9616, 0.0384
0, 0.9876, 0.0124
0, 0.9827, 0.0173
0, 0.95, 0.05
0, 0.995, 0.005
0, 0.8795, 0.1205
0, 0.8813, 0.1187
1, 0.8702, 0.1298
1, 0.8569, 0.1431
1, 0.9547, 0.0453
0, 0.7054, 0.2946
0, 0.8218, 0.1782
0, 0.4009, 0.5991
0, 0.424, 0.576
0, 0.4166, 0.5834
0, 0.7054, 0.2946
0, 0.4529, 0.5471
0, 0.4529, 0.5471
0, 0.3549, 0.6451
0, 0.3841, 0.6159
0, 0.5633, 0.4367
0, 0.38, 0.62
0, 0.3861, 0.6139
0, 0.4186, 0.5814
0, 0.3784, 0.6216
0, 0.4321, 0.5679
0, 0.5894, 0.4106
0, 0.4348, 0.5652
1, 0.4044, 0.5956
1, 0.2768, 0.7232
0, 0.8750153846153845, 0.12498461538461537
0, 0.8645153846153846, 0.13548461538461537
0, 0.8797153846153846, 0.12028461538461538
0, 0.726, 0.274
0, 0.8504153846153846, 0.14958461538461537
0, 0.8757153846153846, 0.12428461538461538
0, 0.8739153846153845, 0.12608461538461538
0, 0.8737153846153846, 0.12628461538461538
0, 0.8709, 0.1291
0, 0.8718153846153845, 0.12818461538461537
0, 0.8753153846153846, 0.12468461538461538
0, 0.8151153846153846, 0.18488461538461537
0, 0.871, 0.129
0, 0.8619153846153845, 0.1380846153846154
0, 0.8594153846153846, 0.1405846153846154
0, 0.8208153846153846, 0.1791846153846154
0, 0.8232153846153846, 0.17678461538461537
0, 0.8675153846153846, 0.13248461538461537
0, 0.8653153846153846, 0.13468461538461537
0, 0.8748153846153846, 0.1251846153846154
0, 0.8760153846153845, 0.12398461538461539
0, 0.8737153846153846, 0.12628461538461538
0, 0.8762153846153846, 0.12378461538461538
0, 0.8748153846153846, 0.1251846153846154
0, 0.8759153846153845, 0.12408461538461538
0, 0.8762153846153846, 0.12378461538461538
0, 0.8756153846153846, 0.12438461538461539
0, 0.8761153846153845, 0.12388461538461538
0, 0.8756153846153846, 0.12438461538461539
0, 0.8794153846153846, 0.12058461538461539
0, 0.8761153846153845, 0.12388461538461538
0, 0.8716153846153846, 0.12838461538461537
0, 0.8705153846153846, 0.1294846153846154
0, 0.8702153846153846, 0.1297846153846154
0, 0.8724153846153846, 0.12758461538461538
0, 0.8717153846153846, 0.12828461538461539
0, 0.8698153846153845, 0.13018461538461537
0, 0.8727153846153846, 0.12728461538461538
0, 0.8698153846153845, 0.13018461538461537
0, 0.8721153846153846, 0.12788461538461537
0, 0.8727153846153846, 0.12728461538461538
0, 0.8702153846153846, 0.1297846153846154
0, 0.8728153846153845, 0.12718461538461537
0, 0.8730153846153845, 0.1269846153846154
0, 0.8734153846153846, 0.12658461538461538
0, 0.8756153846153846, 0.12438461538461539
0, 0.8728153846153845, 0.12718461538461537
0, 0.8698153846153845, 0.13018461538461537
0, 0.8730153846153845, 0.1269846153846154
0, 0.8724153846153846, 0.12758461538461538
0, 0.8698153846153845, 0.13018461538461537
0, 0.8721153846153846, 0.12788461538461537
0, 0.8730153846153845, 0.1269846153846154
0, 0.8730153846153845, 0.1269846153846154
0, 0.8730153846153845, 0.1269846153846154
0, 0.8734153846153846, 0.12658461538461538
0, 0.8716153846153846, 0.12838461538461537
0, 0.8728153846153845, 0.12718461538461537
0, 0.8713153846153846, 0.12868461538461537
0, 0.8794, 0.1206
0, 0.8673153846153846, 0.13268461538461537
0, 0.8677153846153846, 0.1322846153846154
0, 0.8676153846153846, 0.13238461538461538
0, 0.8663153846153846, 0.13368461538461537
0, 0.8728153846153845, 0.12718461538461537
0, 0.8763153846153846, 0.12368461538461538
0, 0.8738153846153845, 0.12618461538461537
0, 0.8773153846153846, 0.12268461538461538
0, 0.8734153846153846, 0.12658461538461538
0, 0.8690153846153845, 0.1309846153846154
0, 0.8719, 0.1281
0, 0.8756153846153846, 0.12438461538461539
0, 0.8757153846153846, 0.12428461538461538
0, 0.8722153846153846, 0.12778461538461539
0, 0.8688153846153845, 0.13118461538461537
0, 0.8778153846153846, 0.12218461538461538
0, 0.8734153846153846, 0.12658461538461538
0, 0.8719153846153845, 0.12808461538461538
0, 0.8705, 0.1295
0, 0.8751, 0.1249
0, 0.8747153846153846, 0.12528461538461538
0, 0.8723, 0.1277
0, 0.8717153846153846, 0.12828461538461539
0, 0.8725153846153846, 0.1274846153846154
0, 0.8723153846153846, 0.12768461538461537
0, 0.8758, 0.1242
0, 0.8737153846153846, 0.12628461538461538
0, 0.8755, 0.1245
0, 0.8758153846153846, 0.12418461538461538
0, 0.8745, 0.1255
0, 0.8762, 0.1238
0, 0.8731153846153846, 0.12688461538461537
0, 0.8725153846153846, 0.1274846153846154
0, 0.8680153846153845, 0.1319846153846154
0, 0.8728153846153845, 0.12718461538461537
0, 0.7703, 0.2297
0, 0.8681153846153846, 0.13188461538461538
0, 0.8702153846153846, 0.1297846153846154
0, 0.8612, 0.1388
0, 0.8458153846153845, 0.1541846153846154
0, 0.8747, 0.1253
0, 0.8700153846153845, 0.1299846153846154
0, 0.8680153846153845, 0.1319846153846154
0, 0.8706153846153846, 0.12938461538461538
0, 0.8260153846153846, 0.17398461538461538
0, 0.8666153846153846, 0.13338461538461538
0, 0.8840153846153845, 0.11598461538461538
0, 0.8811153846153845, 0.11888461538461538
0, 0.8876153846153846, 0.11238461538461537
0, 0.8783153846153846, 0.12168461538461538
0, 0.8818153846153846, 0.11818461538461539
0, 0.8827153846153846, 0.11728461538461538
0, 0.8866, 0.1134
0, 0.8616153846153846, 0.13838461538461538
0, 0.8542153846153846, 0.14578461538461537
0, 0.8549153846153845, 0.14508461538461537
0, 0.8549153846153845, 0.14508461538461537
0, 0.8549153846153845, 0.14508461538461537
0, 0.8549153846153845, 0.14508461538461537
0, 0.8556153846153846, 0.1443846153846154
0, 0.8556153846153846, 0.1443846153846154
0, 0.8556153846153846, 0.1443846153846154
0, 0.8556153846153846, 0.1443846153846154
0, 0.8589153846153845, 0.1410846153846154
0, 0.8593153846153846, 0.14068461538461538
0, 0.8599153846153845, 0.1400846153846154
0, 0.8593153846153846, 0.14068461538461538
0, 0.8497153846153845, 0.15028461538461538
0, 0.8500153846153846, 0.14998461538461538
0, 0.8493153846153846, 0.1506846153846154
0, 0.8485153846153846, 0.15148461538461538
0, 0.787, 0.213
0, 0.8206153846153845, 0.1793846153846154
0, 0.8497153846153845, 0.15028461538461538
0, 0.8521153846153846, 0.1478846153846154
0, 0.8619, 0.1381
0, 0.7706153846153846, 0.22938461538461538
0, 0.8556153846153846, 0.1443846153846154
0, 0.8479153846153846, 0.15208461538461537
0, 0.8543153846153846, 0.14568461538461538
0, 0.8527, 0.1473
0, 0.861, 0.139
0, 0.8539153846153845, 0.14608461538461537
0, 0.8492153846153846, 0.15078461538461538
0, 0.8496153846153846, 0.1503846153846154
0, 0.8495153846153846, 0.15048461538461538
0, 0.8494153846153846, 0.15058461538461537
0, 0.8538153846153845, 0.14618461538461539
0, 0.8618, 0.1382
0, 0.8543153846153846, 0.14568461538461538
0, 0.8518153846153845, 0.1481846153846154
0, 0.8533153846153846, 0.14668461538461539
0, 0.8551153846153846, 0.1448846153846154
0, 0.8655, 0.1345
0, 0.8928, 0.1072
1, 0.7124, 0.2876
0, 0.8663153846153846, 0.13368461538461537
1, 0.7104, 0.2896
0, 0.8470153846153846, 0.15298461538461539
0, 0.8609153846153845, 0.1390846153846154
0, 0.7992153846153845, 0.2007846153846154
1, 0.7104, 0.2896
1, 0.7035, 0.2965
0, 0.8264153846153846, 0.1735846153846154
0, 0.8374153846153846, 0.16258461538461538
1, 0.7027, 0.2973
0, 0.8515153846153846, 0.14848461538461538
0, 0.2345, 0.7655
0, 0.7417, 0.2583
1, 0.187, 0.813
0, 0.7909, 0.2091
0, 0.8101, 0.1899
0, 0.8005, 0.1995
0, 0.8125, 0.1875
0, 0.7517, 0.2483
0, 0.7434, 0.2566
0, 0.7322, 0.2678
0, 0.7379, 0.2621
0, 0.7354, 0.2646
0, 0.7376, 0.2624
0, 0.729, 0.271
0, 0.7419, 0.2581
0, 0.7357, 0.2643
0, 0.7402, 0.2598
0, 0.7419, 0.2581
0, 0.9250153846153846, 0.07498461538461539
0, 0.7499, 0.2501
0, 0.751, 0.249
0, 0.7465, 0.2535
0, 0.7413, 0.2587
0, 0.7513, 0.2487
0, 0.7116, 0.2884
1, 0.6616, 0.3384
0, 0.8729, 0.1271
0, 0.87, 0.13
0, 0.7232, 0.2768
0, 0.7466, 0.2534
0, 0.8748, 0.1252
0, 0.8687, 0.1313
0, 0.8678, 0.1322
0, 0.8351153846153846, 0.16488461538461538
0, 0.8656, 0.1344
0, 0.8722, 0.1278
0, 0.8763, 0.1237
0, 0.8734, 0.1266
0, 0.8672, 0.1328
0, 0.7326, 0.2674
0, 0.7378, 0.2622
0, 0.7352, 0.2648
0, 0.7276, 0.2724
0, 0.8739, 0.1261
0, 0.826, 0.174
0, 0.8741, 0.1259
0, 0.8782, 0.1218
0, 0.8709, 0.1291
0, 0.7041, 0.2959
0, 0.8711, 0.1289
0, 0.7386, 0.2614
0, 0.20461538461538462, 0.7953846153846155
0, 0.8657, 0.1343
0, 0.8662, 0.1338
0, 0.872, 0.128
0, 0.8686, 0.1314
0, 0.7485, 0.2515
0, 0.8748, 0.1252
0, 0.7412, 0.2588
0, 0.7355, 0.2645
0, 0.7423, 0.2577
0, 0.748, 0.252
0, 0.7367, 0.2633
1, 0.0042, 0.9958
0, 0.7452, 0.2548
0, 0.7509, 0.2491
0, 0.7509, 0.2491
0, 0.7471, 0.2529
0, 0.153, 0.847
0, 0.749, 0.251
0, 0.749, 0.251
0, 0.7485, 0.2515
0, 0.749, 0.251
0, 0.7483, 0.2517
0, 0.7452, 0.2548
0, 0.8721, 0.1279
0, 0.9026153846153846, 0.09738461538461538
0, 0.7335, 0.2665
0, 0.7316, 0.2684
0, 0.7474, 0.2526
1, 0.713, 0.287
0, 0.8115153846153845, 0.1884846153846154
0, 0.7261, 0.2739
0, 0.7383, 0.2617
0, 0.7484, 0.2516
0, 0.7406, 0.2594
0, 0.7368, 0.2632
0, 0.9266153846153846, 0.07338461538461538
1, 0.7343, 0.2657
0, 0.7293, 0.2707
0, 0.7372, 0.2628
1, 0.7541, 0.2459
1, 0.754, 0.246
1, 0.7357, 0.2643
1, 0.7524, 0.2476
0, 0.3873, 0.6127
0, 0.7437, 0.2563
0, 0.7417, 0.2583
0, 0.748, 0.252
0, 0.7366, 0.2634
0, 0.7438, 0.2562
0, 0.7225, 0.2775
0, 0.7241, 0.2759
0, 0.7305, 0.2695
0, 0.7481, 0.2519
0, 0.732, 0.268
0, 0.7501, 0.2499
0, 0.7477, 0.2523
0, 0.7418, 0.2582
0, 0.7503, 0.2497
0, 0.7494, 0.2506
1, 0.0063, 0.9937
0, 0.8151, 0.1849
0, 0.8139, 0.1861
0, 0.8132, 0.1868
0, 0.7512, 0.2488
0, 0.7334, 0.2666
0, 0.746, 0.254
0, 0.7472, 0.2528
0, 0.7414, 0.2586
0, 0.2278, 0.7722
0, 0.7508, 0.2492
0, 0.7405, 0.2595
0, 0.7403, 0.2597
0, 0.7483, 0.2517
0, 0.7403, 0.2597
0, 0.7402, 0.2598
0, 0.7468, 0.2532
0, 0.7487, 0.2513
0, 0.7404, 0.2596
0, 0.7434, 0.2566
0, 0.7483, 0.2517
0, 0.7462, 0.2538
0, 0.7379, 0.2621
0, 0.7447, 0.2553
0, 0.7392, 0.2608
0, 0.7487, 0.2513
0, 0.7366, 0.2634
0, 0.7379, 0.2621
0, 0.7477, 0.2523
0, 0.7405, 0.2595
0, 0.744, 0.256
0, 0.7379, 0.2621
0, 0.7466, 0.2534
0, 0.7379, 0.2621
0, 0.6977, 0.3023
0, 0.8119153846153846, 0.18808461538461538
0, 0.8208, 0.1792
0, 0.7341, 0.2659
0, 0.7402, 0.2598
1, 0.1841, 0.8159
0, 0.7405, 0.2595
1, 0.7263, 0.2737
1, 0.747, 0.253
1, 0.728, 0.272
1, 0.7342, 0.2658
1, 0.726, 0.274
1, 0.739, 0.261
1, 0.7387, 0.2613
1, 0.7391, 0.2609
1, 0.7289, 0.2711
1, 0.7391, 0.2609
1, 0.7433, 0.2567
1, 0.7497, 0.2503
1, 0.7409, 0.2591
1, 0.1158, 0.8842
1, 0.2063, 0.7937
1, 0.7317, 0.2683
1, 0.7356, 0.2644
1, 0.1798, 0.8202
1, 0.7388, 0.2612
1, 0.1639, 0.8361
1, 0.7365, 0.2635
1, 0.7371, 0.2629
1, 0.739, 0.261
1, 0.7388, 0.2612
1, 0.7287, 0.2713
1, 0.7189, 0.2811
1, 0.7225, 0.2775
1, 0.7393, 0.2607
1, 0.7387, 0.2613
1, 0.7326, 0.2674
1, 0.7385, 0.2615
1, 0.7183, 0.2817
1, 0.7469, 0.2531
1, 0.7062, 0.2938
1, 0.7474, 0.2526
0, 0.7946, 0.2054
1, 0.7385, 0.2615
1, 0.7469, 0.2531
1, 0.7465, 0.2535
1, 0.7468, 0.2532
1, 0.7354, 0.2646
1, 0.7436, 0.2564
1, 0.7465, 0.2535
1, 0.1741, 0.8259
1, 0.7367, 0.2633
1, 0.7391, 0.2609
1, 0.7365, 0.2635
1, 0.7391, 0.2609
1, 0.7436, 0.2564
1, 0.6936, 0.3064
1, 0.7354, 0.2646
1, 0.7393, 0.2607
1, 0.7387, 0.2613
1, 0.7462, 0.2538
1, 0.1751, 0.8249
1, 0.7368, 0.2632
1, 0.7391, 0.2609
1, 0.7391, 0.2609
1, 0.7392, 0.2608
0, 0.739, 0.261
1, 0.8048, 0.1952
1, 0.8286, 0.1714
1, 0.7772, 0.2228
1, 0.7626, 0.2374
0, 0.8955153846153846, 0.10448461538461538
0, 0.8980153846153845, 0.10198461538461538
0, 0.8956153846153846, 0.10438461538461538
0, 0.8980153846153845, 0.10198461538461538
0, 0.9269, 0.0731
0, 0.8950153846153845, 0.10498461538461538
0, 0.8979153846153846, 0.10208461538461538
0, 0.829, 0.171
0, 0.7689, 0.2311
0, 0.8306, 0.1694
0, 0.829, 0.171
0, 0.8363, 0.1637
0, 0.8406, 0.1594
0, 0.1814, 0.8186
0, 0.1773, 0.8227
0, 0.8406, 0.1594
0, 0.8417, 0.1583
0, 0.76, 0.24
0, 0.7215, 0.2785
0, 0.9318, 0.0682
0, 0.8473, 0.1527
0, 0.8406, 0.1594
0, 0.6436, 0.3564
0, 0.7783, 0.2217
0, 0.7383, 0.2617
0, 0.7491, 0.2509
0, 0.8408, 0.1592
0, 0.8436, 0.1564
0, 0.9293153846153845, 0.07068461538461539
0, 0.4202, 0.5798
0, 0.8482, 0.1518
1, 0.6787, 0.3213
1, 0.7321, 0.2679
0, 0.8436, 0.1564
0, 0.8448, 0.1552
0, 0.9222153846153845, 0.07778461538461538
0, 0.8993153846153846, 0.10068461538461539
1, 0.8488, 0.1512
0, 0.8409, 0.1591
1, 0.8266, 0.1734
0, 0.8439, 0.1561
0, 0.8413, 0.1587
0, 0.8362, 0.1638
0, 0.8404, 0.1596
0, 0.8365, 0.1635
0, 0.8386, 0.1614
0, 0.8384, 0.1616
0, 0.8404, 0.1596
0, 0.8398, 0.1602
0, 0.8379, 0.1621
0, 0.8394, 0.1606
0, 0.8403, 0.1597
0, 0.7373, 0.2627
0, 0.8347, 0.1653
0, 0.8312, 0.1688
1, 0.8245, 0.1755
1, 0.059, 0.941
0, 0.8349, 0.1651
0, 0.819, 0.181
0, 0.828, 0.172
0, 0.0846, 0.9154
0, 0.0699, 0.9301
0, 0.0506, 0.9494
0, 0.0526, 0.9474
0, 0.0858, 0.9142
0, 0.0706, 0.9294
0, 0.1365, 0.8635
0, 0.1232, 0.8768
0, 0.1182, 0.8818
0, 0.1233, 0.8767
0, 0.1305, 0.8695
0, 0.1239, 0.8761
0, 0.1282, 0.8718
0, 0.0387, 0.9613
0, 0.1197, 0.8803
0, 0.1188, 0.8812
0, 0.1345, 0.8655
0, 0.1218, 0.8782
0, 0.0529, 0.9471
0, 0.1238, 0.8762
1, 0.0435, 0.9565
1, 0.0399, 0.9601
1, 0.0283, 0.9717
1, 0.6191, 0.3809
1, 0.4044, 0.5956
1, 0.7063, 0.2937
1, 0.691, 0.309
1, 0.5935, 0.4065
1, 0.7385, 0.2615
1, 0.5727, 0.4273
1, 0.7342, 0.2658
1, 0.6814, 0.3186
1, 0.1158, 0.8842
1, 0.6817, 0.3183
1, 0.9965, 0.0035
1, 0.4927, 0.5073
1, 0.7391, 0.2609
1, 0.7365, 0.2635
1, 0.7468, 0.2532
1, 0.6924, 0.3076
1, 0.6302, 0.3698
1, 0.3248, 0.6752
1, 0.5448, 0.4552
1, 0.6747, 0.3253
1, 0.7433, 0.2567
1, 0.6817, 0.3183
1, 0.6302, 0.3698
1, 0.691, 0.309
1, 0.7365, 0.2635
1, 0.5727, 0.4273
1, 0.5334, 0.4666
1, 0.6922, 0.3078
1, 0.9985, 0.0015
1, 0.4565, 0.5435
1, 0.4887, 0.5113
1, 0.252, 0.748
1, 0.5709, 0.4291
1, 0.6814, 0.3186
1, 0.6926, 0.3074
1, 0.6163, 0.3837
1, 0.6924, 0.3076
1, 0.6331, 0.3669
1, 0.6349, 0.3651
1, 0.4855, 0.5145
1, 0.6662, 0.3338
1, 0.187, 0.813
1, 0.6817, 0.3183
1, 0.6919, 0.3081
1, 0.6924, 0.3076
1, 0.2768, 0.7232
1, 0.6788, 0.3212
1, 0.5734, 0.4266
1, 0.7368, 0.2632
1, 0.3811, 0.6189
1, 0.7365, 0.2635
1, 0.6749, 0.3251
1, 0.7409, 0.2591
1, 0.6928, 0.3072
1, 0.6918, 0.3082
1, 0.754, 0.246
1, 0.5725, 0.4275
1, 0.7524, 0.2476
1, 0.6331, 0.3669
1, 0.7193, 0.2807
1, 0.7666, 0.2334
1, 0.528, 0.472
1, 0.6924, 0.3076
1, 0.6814, 0.3186
1, 0.4565, 0.5435
1, 0.679, 0.321
1, 0.7104, 0.2896
1, 0.9972, 0.0028
1, 0.9985, 0.0015
1, 0.6801, 0.3199
1, 0.6815, 0.3185
1, 0.7393, 0.2607
1, 0.7412, 0.2588
1, 0.6892, 0.3108
1, 0.7365, 0.2635
1, 0.6788, 0.3212
1, 0.4582, 0.5418
1, 0.5334, 0.4666
1, 0.6812, 0.3188
1, 0.7112, 0.2888
1, 0.9985, 0.0015
1, 0.9756, 0.0244
1, 0.4927, 0.5073
1, 0.6175, 0.3825
1, 0.6737, 0.3263
1, 0.252, 0.748
1, 0.7541, 0.2459
1, 0.6924, 0.3076
1, 0.6926, 0.3074
1, 0.5413, 0.4587
1, 0.7387, 0.2613
1, 0.5727, 0.4273
1, 0.5725, 0.4275
1, 0.1741, 0.8259
1, 0.692, 0.308
1, 0.6924, 0.3076
1, 0.6499, 0.3501
1, 0.6699, 0.3301
1, 0.2768, 0.7232
1, 0.6803, 0.3197
1, 0.6926, 0.3074
1, 0.9985, 0.0015
1, 0.7172, 0.2828
1, 0.6814, 0.3186
1, 0.7289, 0.2711
1, 0.4582, 0.5418
1, 0.4252, 0.5748
1, 0.7367, 0.2633
1, 0.6936, 0.3064
1, 0.7541, 0.2459
1, 0.739, 0.261
1, 0.6154, 0.3846
1, 0.5129, 0.4871
1, 0.7142, 0.2858
1, 0.6817, 0.3183
1, 0.6499, 0.3501
1, 0.8798, 0.1202
1, 0.7121, 0.2879
1, 0.6603, 0.3397
1, 0.252, 0.748
1, 0.7365, 0.2635
1, 0.6842, 0.3158
1, 0.7436, 0.2564
1, 0.0749, 0.9251
1, 0.754, 0.246
1, 0.2768, 0.7232
1, 0.6814, 0.3186
1, 0.5334, 0.4666
1, 0.7436, 0.2564
1, 0.6499, 0.3501
1, 0.5141, 0.4859
1, 0.6331, 0.3669
1, 0.8798, 0.1202
1, 0.4855, 0.5145
1, 0.0558, 0.9442
1, 0.6046, 0.3954
1, 0.6154, 0.3846
1, 0.7356, 0.2644
1, 0.6917, 0.3083
1, 0.7387, 0.2613
1, 0.4695, 0.5305
1, 0.5734, 0.4266
1, 0.7436, 0.2564
1, 0.7367, 0.2633
1, 0.5687, 0.4313
1, 0.252, 0.748
1, 0.6787, 0.3213
1, 0.4815, 0.5185
1, 0.2768, 0.7232
1, 0.7189, 0.2811
1, 0.7367, 0.2633
1, 0.4582, 0.5418
1, 0.6788, 0.3212
1, 0.9985, 0.0015
1, 0.7263, 0.2737
1, 0.6916, 0.3084
1, 0.6046, 0.3954
1, 0.5783, 0.4217
1, 0.6803, 0.3197
1, 0.7289, 0.2711
1, 0.5129, 0.4871
1, 0.4927, 0.5073
1, 0.7666, 0.2334
1, 0.0749, 0.9251
1, 0.9965, 0.0035
1, 0.6924, 0.3076
1, 0.6513, 0.3487
1, 0.7409, 0.2591
1, 0.7387, 0.2613
1, 0.6814, 0.3186
1, 0.4855, 0.5145
1, 0.6744, 0.3256
1, 0.4044, 0.5956
1, 0.252, 0.748
1, 0.3964, 0.6036
1, 0.5129, 0.4871
1, 0.7142, 0.2858
1, 0.3964, 0.6036
1, 0.6814, 0.3186
1, 0.8245, 0.1755
1, 0.6801, 0.3199
1, 0.4582, 0.5418
1, 0.7385, 0.2615
1, 0.7367, 0.2633
1, 0.6112, 0.3888
1, 0.739, 0.261
1, 0.4927, 0.5073
1, 0.6922, 0.3078
1, 0.0287, 0.9713
1, 0.4582, 0.5418
1, 0.6928, 0.3072
1, 0.7433, 0.2567
1, 0.2768, 0.7232
1, 0.7433, 0.2567
1, 0.6744, 0.3256
1, 0.6897, 0.3103
1, 0.5129, 0.4871
1, 0.754, 0.246
1, 0.6814, 0.3186
1, 0.2768, 0.7232
1, 0.6924, 0.3076
1, 0.9985, 0.0015
1, 0.4582, 0.5418
1, 0.7121, 0.2879
1, 0.7112, 0.2888
1, 0.7666, 0.2334
1, 0.7391, 0.2609
1, 0.4887, 0.5113
1, 0.7356, 0.2644
1, 0.7142, 0.2858
1, 0.7035, 0.2965
1, 0.6742, 0.3258
1, 0.9972, 0.0028
1, 0.4827, 0.5173
1, 0.6787, 0.3213
1, 0.4827, 0.5173
1, 0.6772, 0.3228
1, 0.0558, 0.9442
1, 0.691, 0.309
1, 0.6803, 0.3197
1, 0.6893, 0.3107
1, 0.4695, 0.5305
1, 0.6675, 0.3325
1, 0.0558, 0.9442
1, 0.754, 0.246
1, 0.4887, 0.5113
1, 0.6699, 0.3301
1, 0.6772, 0.3228
1, 0.9756, 0.0244
1, 0.6812, 0.3188
1, 0.6801, 0.3199
1, 0.4927, 0.5073
1, 0.0287, 0.9713
1, 0.6922, 0.3078
1, 0.6788, 0.3212
1, 0.7541, 0.2459
1, 0.7391, 0.2609
1, 0.6803, 0.3197
1, 0.6801, 0.3199
1, 0.4252, 0.5748
1, 0.6924, 0.3076
1, 0.5727, 0.4273
1, 0.7357, 0.2643
1, 0.6163, 0.3837
1, 0.5129, 0.4871
1, 0.6191, 0.3809
1, 0.7365, 0.2635
1, 0.5783, 0.4217
1, 0.6616, 0.3384
1, 0.6883, 0.3117
1, 0.9928, 0.0072
1, 0.7387, 0.2613
1, 0.6302, 0.3698
1, 0.754, 0.246
1, 0.7365, 0.2635
1, 0.7666, 0.2334
1, 0.7391, 0.2609
1, 0.6742, 0.3258
1, 0.6922, 0.3078
1, 0.2768, 0.7232
1, 0.3301, 0.6699
1, 0.6818, 0.3182
1, 0.4582, 0.5418
1, 0.6802, 0.3198
1, 0.3301, 0.6699
1, 0.9965, 0.0035
1, 0.6499, 0.3501
1, 0.6817, 0.3183
1, 0.615, 0.385
1, 0.7124, 0.2876
1, 0.6742, 0.3258
1, 0.7391, 0.2609
1, 0.9986, 0.0014
1, 0.6752, 0.3248
1, 0.5935, 0.4065
1, 0.5725, 0.4275
1, 0.6191, 0.3809
1, 0.6331, 0.3669
1, 0.615, 0.385
1, 0.6349, 0.3651
1, 0.7142, 0.2858
1, 0.6814, 0.3186
1, 0.7289, 0.2711
1, 0.7393, 0.2607
1, 0.7541, 0.2459
1, 0.7365, 0.2635
1, 0.6737, 0.3263
1, 0.6931, 0.3069
1, 0.6545, 0.3455
1, 0.6302, 0.3698
1, 0.6331, 0.3669
1, 0.9972, 0.0028
1, 0.7356, 0.2644
1, 0.7365, 0.2635
1, 0.0283, 0.9717
1, 0.4855, 0.5145
1, 0.6154, 0.3846
1, 0.4006, 0.5994
1, 0.7883, 0.2117
1, 0.7356, 0.2644
1, 0.9965, 0.0035
1, 0.6883, 0.3117
1, 0.7385, 0.2615
1, 0.3248, 0.6752
1, 0.6499, 0.3501
1, 0.9972, 0.0028
1, 0.9973, 0.0027
1, 0.739, 0.261
1, 0.4582, 0.5418
1, 0.5762, 0.4238
1, 0.7354, 0.2646
1, 0.7371, 0.2629
1, 0.7112, 0.2888
1, 0.5538, 0.4462
1, 0.7121, 0.2879
1, 0.6842, 0.3158
1, 0.9985, 0.0015
1, 0.7342, 0.2658
1, 0.7142, 0.2858
1, 0.7433, 0.2567
1, 0.3722, 0.6278
1, 0.6823, 0.3177
1, 0.7166, 0.2834
1, 0.6816, 0.3184
1, 0.6924, 0.3076
1, 0.7436, 0.2564
1, 0.7666, 0.2334
1, 0.6513, 0.3487
1, 0.9985, 0.0015
1, 0.528, 0.472
1, 0.692, 0.308
1, 0.6163, 0.3837
1, 0.7365, 0.2635
1, 0.6922, 0.3078
1, 0.6924, 0.3076
1, 0.6611, 0.3389
1, 0.9972, 0.0028
1, 0.4582, 0.5418
1, 0.6924, 0.3076
1, 0.6928, 0.3072
1, 0.0192, 0.9808
1, 0.6302, 0.3698
1, 0.9972, 0.0028
1, 0.615, 0.385
1, 0.4927, 0.5073
1, 0.6817, 0.3183
1, 0.6814, 0.3186
1, 0.5334, 0.4666
1, 0.6814, 0.3186
1, 0.6815, 0.3185
1, 0.2768, 0.7232
1, 0.615, 0.385
1, 0.5416, 0.4584
1, 0.754, 0.246
1, 0.4565, 0.5435
1, 0.9969, 0.0031
1, 0.9965, 0.0035
1, 0.7666, 0.2334
1, 0.6788, 0.3212
1, 0.1158, 0.8842
1, 0.6742, 0.3258
1, 0.6931, 0.3069
1, 0.6513, 0.3487
1, 0.1841, 0.8159
1, 0.5221, 0.4779
1, 0.7121, 0.2879
1, 0.7393, 0.2607
1, 0.6665, 0.3335
1, 0.6794, 0.3206
1, 0.4044, 0.5956
1, 0.4252, 0.5748
1, 0.6046, 0.3954
1, 0.6513, 0.3487
1, 0.7147, 0.2853
1, 0.0231, 0.9769
1, 0.713, 0.287
1, 0.6803, 0.3197
1, 0.6331, 0.3669
1, 0.7124, 0.2876
1, 0.7027, 0.2973
1, 0.6916, 0.3084
1, 0.6817, 0.3183
1, 0.1841, 0.8159
1, 0.6893, 0.3107
1, 0.6513, 0.3487
1, 0.6822, 0.3178
1, 0.9222, 0.0778
1, 0.7365, 0.2635
1, 0.6817, 0.3183
1, 0.7104, 0.2896
1, 0.6924, 0.3076
1, 0.6918, 0.3082
1, 0.6191, 0.3809
1, 0.6154, 0.3846
1, 0.728, 0.272
1, 0.7436, 0.2564
1, 0.0066, 0.9934
1, 0.9985, 0.0015
1, 0.7342, 0.2658
1, 0.7465, 0.2535
1, 0.2768, 0.7232
1, 0.6832, 0.3168
1, 0.4855, 0.5145
1, 0.6893, 0.3107
1, 0.4044, 0.5956
1, 0.5935, 0.4065
1, 0.6814, 0.3186
1, 0.5783, 0.4217
1, 0.9972, 0.0028
1, 0.6801, 0.3199
1, 0.5141, 0.4859
1, 0.252, 0.748
1, 0.7365, 0.2635
1, 0.7409, 0.2591
1, 0.7063, 0.2937
1, 0.6744, 0.3256
1, 0.7104, 0.2896
1, 0.6924, 0.3076
1, 0.5734, 0.4266
1, 0.3964, 0.6036
1, 0.6814, 0.3186
1, 0.7356, 0.2644
1, 0.6112, 0.3888
1, 0.7263, 0.2737
1, 0.7433, 0.2567
1, 0.4582, 0.5418
1, 0.6046, 0.3954
1, 0.6814, 0.3186
1, 0.7289, 0.2711
1, 0.6924, 0.3076
1, 0.7388, 0.2612
1, 0.6897, 0.3103
1, 0.6817, 0.3183
1, 0.4582, 0.5418
1, 0.5762, 0.4238
1, 0.7367, 0.2633
1, 0.2768, 0.7232
1, 0.7142, 0.2858
1, 0.2768, 0.7232
1, 0.9972, 0.0028
1, 0.3722, 0.6278
1, 0.6817, 0.3183
1, 0.7474, 0.2526
1, 0.6812, 0.3188
1, 0.6801, 0.3199
1, 0.7387, 0.2613
1, 0.6814, 0.3186
1, 0.6883, 0.3117
1, 0.6832, 0.3168
1, 0.1841, 0.8159
1, 0.5129, 0.4871
1, 0.4927, 0.5073
1, 0.6815, 0.3185
1, 0.4252, 0.5748
1, 0.252, 0.748
1, 0.7142, 0.2858
1, 0.7392, 0.2608
1, 0.3566, 0.6434
1, 0.615, 0.385
1, 0.4855, 0.5145
1, 0.528, 0.472
1, 0.5334, 0.4666
1, 0.7122, 0.2878
1, 0.2768, 0.7232
1, 0.6817, 0.3183
1, 0.4044, 0.5956
1, 0.6326, 0.3674
1, 0.7357, 0.2643
1, 0.395, 0.605
1, 0.4006, 0.5994
1, 0.2768, 0.7232
1, 0.6897, 0.3103
1, 0.6648, 0.3352
1, 0.6163, 0.3837
1, 0.6817, 0.3183
1, 0.7541, 0.2459
1, 0.6814, 0.3186
1, 0.6801, 0.3199
1, 0.679, 0.321
1, 0.7465, 0.2535
1, 0.7391, 0.2609
1, 0.6802, 0.3198
1, 0.5734, 0.4266
1, 0.6175, 0.3825
1, 0.5416, 0.4584
1, 0.9969, 0.0031
1, 0.6817, 0.3183
1, 0.0066, 0.9934
1, 0.7392, 0.2608
1, 0.6814, 0.3186
1, 0.6817, 0.3183
1, 0.6513, 0.3487
1, 0.7433, 0.2567
1, 0.615, 0.385
1, 0.4827, 0.5173
1, 0.6919, 0.3081
1, 0.7104, 0.2896
1, 0.252, 0.748
1, 0.692, 0.308
1, 0.7147, 0.2853
1, 0.9992, 0.0008
1, 0.739, 0.261
1, 0.1741, 0.8259
1, 0.5221, 0.4779
1, 0.4582, 0.5418
1, 0.6812, 0.3188
1, 0.692, 0.308
1, 0.7354, 0.2646
1, 0.0749, 0.9251
1, 0.6706, 0.3294
1, 0.975, 0.025
1, 0.3714, 0.6286
1, 0.6803, 0.3197
1, 0.6779, 0.3221
1, 0.6814, 0.3186
1, 0.6753, 0.3247
1, 0.7166, 0.2834
1, 0.6791, 0.3209
1, 0.5734, 0.4266
1, 0.6814, 0.3186
1, 0.0749, 0.9251
1, 0.7436, 0.2564
1, 0.7387, 0.2613
1, 0.5165, 0.4835
1, 0.9985, 0.0015
1, 0.252, 0.748
1, 0.9985, 0.0015
1, 0.6456, 0.3544
1, 0.5334, 0.4666
1, 0.6803, 0.3197
1, 0.728, 0.272
1, 0.0287, 0.9713
1, 0.3248, 0.6752
1, 0.0558, 0.9442
1, 0.6302, 0.3698
1, 0.4695, 0.5305
1, 0.4927, 0.5073
1, 0.7368, 0.2632
1, 0.6817, 0.3183
1, 0.6922, 0.3078
1, 0.5687, 0.4313
1, 0.9985, 0.0015
1, 0.9985, 0.0015
1, 0.7409, 0.2591
1, 0.6817, 0.3183
1, 0.9972, 0.0028
1, 0.7287, 0.2713
1, 0.6648, 0.3352
1, 0.6349, 0.3651
1, 0.9985, 0.0015
1, 0.5413, 0.4587
1, 0.7142, 0.2858
1, 0.6366, 0.3634
1, 0.7772, 0.2228
1, 0.9965, 0.0035
1, 0.4827, 0.5173
1, 0.6917, 0.3083
1, 0.0749, 0.9251
1, 0.3301, 0.6699
1, 0.6803, 0.3197
1, 0.7124, 0.2876
1, 0.681, 0.319
1, 0.2063, 0.7937
1, 0.6219, 0.3781
1, 0.747, 0.253
1, 0.5709, 0.4291
1, 0.4695, 0.5305
1, 0.6924, 0.3076
